1.985186040401458740e-01
1.737260371446609497e-01
1.682239770889282227e-01
1.564176827669143677e-01
1.390368491411209106e-01
1.402655094861984253e-01
1.499481648206710815e-01
2.033487409353256226e-01
1.759817451238632202e-01
1.546260863542556763e-01
1.976156383752822876e-01
2.192055583000183105e-01
1.741545051336288452e-01
1.831586807966232300e-01
1.841685920953750610e-01
1.753869503736495972e-01
1.500733047723770142e-01
2.150364071130752563e-01
1.949863284826278687e-01
1.726786196231842041e-01
1.981641352176666260e-01
1.875876188278198242e-01
2.268702536821365356e-01
1.431947648525238037e-01
1.748372763395309448e-01
1.496672332286834717e-01
1.576713472604751587e-01
1.573103815317153931e-01
1.818019747734069824e-01
1.646864563226699829e-01
1.613556891679763794e-01
1.675563901662826538e-01
1.800926327705383301e-01
1.373743116855621338e-01
1.583496779203414917e-01
1.911449134349822998e-01
1.558963507413864136e-01
2.125783860683441162e-01
1.752696186304092407e-01
1.558551639318466187e-01
2.027804404497146606e-01
1.998022049665451050e-01
1.693029999732971191e-01
2.117221504449844360e-01
1.892682611942291260e-01
1.774903535842895508e-01
1.700320839881896973e-01
1.857939511537551880e-01
1.548245102167129517e-01
2.395808100700378418e-01
1.801998168230056763e-01
1.486658304929733276e-01
1.682324558496475220e-01
1.931100040674209595e-01
2.135142683982849121e-01
1.699836105108261108e-01
1.761325001716613770e-01
1.438061743974685669e-01
1.527430564165115356e-01
1.701295077800750732e-01
1.841501444578170776e-01
1.948067843914031982e-01
2.197739183902740479e-01
1.557728648185729980e-01
2.004880607128143311e-01
1.496220827102661133e-01
1.397458016872406006e-01
1.837994605302810669e-01
1.858050674200057983e-01
1.756361424922943115e-01
1.540939360857009888e-01
1.487711817026138306e-01
1.405661255121231079e-01
1.523691862821578979e-01
1.246025636792182922e-01
1.687780469655990601e-01
1.569505035877227783e-01
1.735025197267532349e-01
1.560743004083633423e-01
1.581627279520034790e-01
1.357276588678359985e-01
1.863741129636764526e-01
1.398979872465133667e-01
1.523730903863906860e-01
1.705732643604278564e-01
1.990932077169418335e-01
1.654334813356399536e-01
2.089435905218124390e-01
1.583979427814483643e-01
1.690923720598220825e-01
1.689169257879257202e-01
1.728786528110504150e-01
1.600250005722045898e-01
1.590619683265686035e-01
1.686414331197738647e-01
1.777256131172180176e-01
1.421627700328826904e-01
2.079847157001495361e-01
1.252468824386596680e-01
1.375811994075775146e-01
1.340036988258361816e-01
1.826870441436767578e-01
1.771323978900909424e-01
1.282679736614227295e-01
1.214881241321563721e-01
1.585642248392105103e-01
1.407116055488586426e-01
1.784343123435974121e-01
1.510220766067504883e-01
1.855547875165939331e-01
1.802575290203094482e-01
1.554801166057586670e-01
1.642094105482101440e-01
2.262591123580932617e-01
1.929441094398498535e-01
1.540188044309616089e-01
1.444973945617675781e-01
2.043652832508087158e-01
1.536944359540939331e-01
1.554660201072692871e-01
1.335478276014328003e-01
1.619904190301895142e-01
1.999296694993972778e-01
1.390293240547180176e-01
1.575979292392730713e-01
2.067225873470306396e-01
1.795796006917953491e-01
1.599440425634384155e-01
1.763781011104583740e-01
1.548800021409988403e-01
1.577993482351303101e-01
2.001298964023590088e-01
1.576418876647949219e-01
1.768238842487335205e-01
1.659327447414398193e-01
2.050071209669113159e-01
1.862638443708419800e-01
1.421546339988708496e-01
1.831718087196350098e-01
1.515009850263595581e-01
1.833615899085998535e-01
1.871371567249298096e-01
2.179374545812606812e-01
1.687409728765487671e-01
1.892287582159042358e-01
1.950002759695053101e-01
1.505924463272094727e-01
1.459351927042007446e-01
1.728807538747787476e-01
1.451186537742614746e-01
1.877059340476989746e-01
1.636392474174499512e-01
1.868350207805633545e-01
1.921638846397399902e-01
1.878162324428558350e-01
1.800744980573654175e-01
1.685924082994461060e-01
1.602714061737060547e-01
2.016149163246154785e-01
1.861199289560317993e-01
2.018997371196746826e-01
1.431639790534973145e-01
1.768103241920471191e-01
1.865482330322265625e-01
1.581891477108001709e-01
2.044536918401718140e-01
1.491473019123077393e-01
2.075695395469665527e-01
1.791187971830368042e-01
1.813336610794067383e-01
1.524670273065567017e-01
1.493583172559738159e-01
1.695888638496398926e-01
1.568110287189483643e-01
1.477977037429809570e-01
1.265525221824645996e-01
1.954661458730697632e-01
1.544694304466247559e-01
1.746158003807067871e-01
1.547336876392364502e-01
1.472746878862380981e-01
1.531108170747756958e-01
1.625443398952484131e-01
1.957528442144393921e-01
1.462493687868118286e-01
1.553066968917846680e-01
1.626301109790802002e-01
2.497463971376419067e-01
1.725035160779953003e-01
1.511975675821304321e-01
1.570987105369567871e-01
1.847793906927108765e-01
1.685581058263778687e-01
1.681452542543411255e-01
1.965994387865066528e-01
2.344175279140472412e-01
1.641703844070434570e-01
1.833907067775726318e-01
1.888761520385742188e-01
1.477283984422683716e-01
1.621443629264831543e-01
1.775155365467071533e-01
1.723741441965103149e-01
2.226481735706329346e-01
1.577785611152648926e-01
1.448088884353637695e-01
1.670163720846176147e-01
2.034517079591751099e-01
1.734705418348312378e-01
1.561601907014846802e-01
1.455753743648529053e-01
2.016068249940872192e-01
1.626792997121810913e-01
1.358734667301177979e-01
1.628556400537490845e-01
1.512482017278671265e-01
1.564742475748062134e-01
1.802375167608261108e-01
1.668591201305389404e-01
1.692066043615341187e-01
1.614175736904144287e-01
1.847644746303558350e-01
1.435186415910720825e-01
2.071037143468856812e-01
2.044687569141387939e-01
1.546024978160858154e-01
1.393495947122573853e-01
1.633112877607345581e-01
1.544231623411178589e-01
1.771396100521087646e-01
1.376475244760513306e-01
1.311293989419937134e-01
1.464720517396926880e-01
1.850482523441314697e-01
1.167335808277130127e-01
1.449269801378250122e-01
1.881614625453948975e-01
1.994023174047470093e-01
1.704537719488143921e-01
2.196161746978759766e-01
2.202866226434707642e-01
1.800114810466766357e-01
1.319516748189926147e-01
1.711250841617584229e-01
1.589711308479309082e-01
1.762696951627731323e-01
1.754016727209091187e-01
1.764550954103469849e-01
1.585012823343276978e-01
1.547015458345413208e-01
1.654058843851089478e-01
1.740708351135253906e-01
1.820330470800399780e-01
2.383770942687988281e-01
1.867474764585494995e-01
1.935702711343765259e-01
1.336636096239089966e-01
1.773524731397628784e-01
1.734715104103088379e-01
1.730797290802001953e-01
1.758954972028732300e-01
1.613978296518325806e-01
1.767767518758773804e-01
1.788574904203414917e-01
1.943340301513671875e-01
2.162680029869079590e-01
1.515883058309555054e-01
1.622555851936340332e-01
2.094539254903793335e-01
1.991274803876876831e-01
1.434310972690582275e-01
1.753740161657333374e-01
2.255838513374328613e-01
1.638328433036804199e-01
1.614952534437179565e-01
1.841849684715270996e-01
1.618581414222717285e-01
1.669420897960662842e-01
1.888736784458160400e-01
1.420662105083465576e-01
1.614620536565780640e-01
1.518710404634475708e-01
1.691659390926361084e-01
1.603856831789016724e-01
1.849901080131530762e-01
2.096059620380401611e-01
1.885913014411926270e-01
1.707892566919326782e-01
1.558949649333953857e-01
1.441078782081604004e-01
1.527842134237289429e-01
1.725589334964752197e-01
1.871513277292251587e-01
1.807494610548019409e-01
1.318080723285675049e-01
1.817795932292938232e-01
1.765455156564712524e-01
1.826510280370712280e-01
1.685990989208221436e-01
2.069713175296783447e-01
1.500724405050277710e-01
1.527436673641204834e-01
2.142235934734344482e-01
1.675727814435958862e-01
1.438625603914260864e-01
1.671271324157714844e-01
2.176935076713562012e-01
2.067010849714279175e-01
1.946290135383605957e-01
1.499796807765960693e-01
1.306775361299514771e-01
1.687877923250198364e-01
1.372065842151641846e-01
1.469406485557556152e-01
1.906599402427673340e-01
1.882078349590301514e-01
1.898929625749588013e-01
1.609939336776733398e-01
1.443019211292266846e-01
1.296897530555725098e-01
1.464262008666992188e-01
1.664028018712997437e-01
1.455693989992141724e-01
1.781285703182220459e-01
2.145083695650100708e-01
1.557634621858596802e-01
1.271802335977554321e-01
1.897412240505218506e-01
1.857247650623321533e-01
1.697763800621032715e-01
2.018221765756607056e-01
1.737509369850158691e-01
1.795133054256439209e-01
2.024293094873428345e-01
1.507946401834487915e-01
1.774133741855621338e-01
2.091615647077560425e-01
1.583103090524673462e-01
1.747871786355972290e-01
1.550661325454711914e-01
1.466225832700729370e-01
1.518863886594772339e-01
1.928071528673171997e-01
1.716407537460327148e-01
1.666284352540969849e-01
1.545419692993164062e-01
1.749439239501953125e-01
1.486358940601348877e-01
1.688045263290405273e-01
1.967766731977462769e-01
1.873234212398529053e-01
2.075712978839874268e-01
1.481432616710662842e-01
1.598088592290878296e-01
2.107994109392166138e-01
1.687488704919815063e-01
1.460541635751724243e-01
2.452793866395950317e-01
1.457850486040115356e-01
1.524631381034851074e-01
1.609919369220733643e-01
1.441967636346817017e-01
1.564895957708358765e-01
1.978541165590286255e-01
1.678977161645889282e-01
1.886918395757675171e-01
1.923949420452117920e-01
1.714327633380889893e-01
1.705345213413238525e-01
1.428553164005279541e-01
2.074007987976074219e-01
1.709774136543273926e-01
1.820857673883438110e-01
1.631920635700225830e-01
1.988550126552581787e-01
1.774543225765228271e-01
1.498922258615493774e-01
2.206790894269943237e-01
1.913147568702697754e-01
2.013967037200927734e-01
1.594942212104797363e-01
1.568064540624618530e-01
1.569359153509140015e-01
2.065734565258026123e-01
1.464330404996871948e-01
2.145426571369171143e-01
1.650157421827316284e-01
1.365205943584442139e-01
1.701255589723587036e-01
1.970553100109100342e-01
1.989478915929794312e-01
2.030840665102005005e-01
1.863333582878112793e-01
1.978150308132171631e-01
1.476647853851318359e-01
1.695037037134170532e-01
1.837760359048843384e-01
1.571833938360214233e-01
1.659365594387054443e-01
2.444857358932495117e-01
1.513665318489074707e-01
1.472649127244949341e-01
1.612717509269714355e-01
2.138235569000244141e-01
1.434393972158432007e-01
1.798819303512573242e-01
1.446585059165954590e-01
1.839750111103057861e-01
2.003620415925979614e-01
1.748312264680862427e-01
1.684174835681915283e-01
1.597128361463546753e-01
1.589847952127456665e-01
2.052830159664154053e-01
1.638932228088378906e-01
1.685609072446823120e-01
1.612883061170578003e-01
1.776494681835174561e-01
1.252084076404571533e-01
1.492307335138320923e-01
1.658994108438491821e-01
1.532408595085144043e-01
2.096216827630996704e-01
1.399483233690261841e-01
1.803867816925048828e-01
1.671421229839324951e-01
1.669378578662872314e-01
1.731909960508346558e-01
1.671097725629806519e-01
1.683044433593750000e-01
1.444464474916458130e-01
1.476113647222518921e-01
1.759268045425415039e-01
2.127526253461837769e-01
1.486565768718719482e-01
1.561343222856521606e-01
1.587470471858978271e-01
1.727806925773620605e-01
1.591606736183166504e-01
1.588287651538848877e-01
1.869411468505859375e-01
1.981023252010345459e-01
1.783371120691299438e-01
1.969501525163650513e-01
1.566711068153381348e-01
1.381438076496124268e-01
1.670046895742416382e-01
1.933849602937698364e-01
1.790619194507598877e-01
1.757029443979263306e-01
1.795425415039062500e-01
1.478842943906784058e-01
1.753621250391006470e-01
1.469353139400482178e-01
1.799874454736709595e-01
2.478462159633636475e-01
1.476983428001403809e-01
1.626629829406738281e-01
1.733558028936386108e-01
1.790111809968948364e-01
1.731365025043487549e-01
1.724470257759094238e-01
1.358108371496200562e-01
1.642272174358367920e-01
1.722182631492614746e-01
1.433774083852767944e-01
1.607657074928283691e-01
2.048819810152053833e-01
1.610417664051055908e-01
1.680870056152343750e-01
1.727252453565597534e-01
1.965955048799514771e-01
1.762446165084838867e-01
1.496434062719345093e-01
1.916977763175964355e-01
1.738847792148590088e-01
1.997685283422470093e-01
1.469537019729614258e-01
1.681256145238876343e-01
1.591311395168304443e-01
2.000149488449096680e-01
1.447018086910247803e-01
1.524512022733688354e-01
1.622340083122253418e-01
1.611086279153823853e-01
1.661555469036102295e-01
1.513346135616302490e-01
1.592250913381576538e-01
1.597275137901306152e-01
1.461560726165771484e-01
1.640778183937072754e-01
1.679344475269317627e-01
1.720178425312042236e-01
1.896860450506210327e-01
1.483071148395538330e-01
1.607911288738250732e-01
1.610181182622909546e-01
2.045363038778305054e-01
1.523797214031219482e-01
1.603903323411941528e-01
1.248284280300140381e-01
1.538311988115310669e-01
1.493277549743652344e-01
1.708232015371322632e-01
1.754702031612396240e-01
1.954053193330764771e-01
1.609443128108978271e-01
1.967403888702392578e-01
1.609486490488052368e-01
1.778130382299423218e-01
1.582536995410919189e-01
1.266527622938156128e-01
1.745662242174148560e-01
1.726948767900466919e-01
1.599190086126327515e-01
1.693944185972213745e-01
1.757096946239471436e-01
1.611351668834686279e-01
1.911205351352691650e-01
1.606526523828506470e-01
1.844039559364318848e-01
1.654186695814132690e-01
1.838376969099044800e-01
1.360828131437301636e-01
1.783416271209716797e-01
1.799855083227157593e-01
1.264845579862594604e-01
1.414769291877746582e-01
1.531510055065155029e-01
1.587772816419601440e-01
1.960925012826919556e-01
1.588637232780456543e-01
1.180244758725166321e-01
1.550895422697067261e-01
1.972687691450119019e-01
1.662212759256362915e-01
1.668177694082260132e-01
2.052766829729080200e-01
1.525941789150238037e-01
1.260634958744049072e-01
1.894610524177551270e-01
1.494376808404922485e-01
1.457381248474121094e-01
1.265732795000076294e-01
1.420355588197708130e-01
1.778947860002517700e-01
1.408972442150115967e-01
1.232356354594230652e-01
1.770027428865432739e-01
1.570022851228713989e-01
1.745609045028686523e-01
1.552841812372207642e-01
1.482123285531997681e-01
1.727206408977508545e-01
1.914878785610198975e-01
1.988191902637481689e-01
1.508273482322692871e-01
1.660931259393692017e-01
1.639191359281539917e-01
1.347643733024597168e-01
1.741368770599365234e-01
1.665345579385757446e-01
1.687703579664230347e-01
1.302132457494735718e-01
1.769507974386215210e-01
1.655568927526473999e-01
1.466624736785888672e-01
2.067900300025939941e-01
1.541351675987243652e-01
1.770903915166854858e-01
1.908272504806518555e-01
1.952894628047943115e-01
1.410828530788421631e-01
1.044258698821067810e-01
1.402425915002822876e-01
2.071642726659774780e-01
1.495029330253601074e-01
1.852280348539352417e-01
2.255028337240219116e-01
2.049020230770111084e-01
1.631432026624679565e-01
1.850306987762451172e-01
2.244684994220733643e-01
1.847226768732070923e-01
1.609568744897842407e-01
1.337047219276428223e-01
1.567973494529724121e-01
1.573001742362976074e-01
1.590855419635772705e-01
1.163096725940704346e-01
1.357862800359725952e-01
1.367204189300537109e-01
1.585015952587127686e-01
1.379701793193817139e-01
1.742792874574661255e-01
1.989364624023437500e-01
1.612317860126495361e-01
1.772791594266891479e-01
1.569130569696426392e-01
2.124769836664199829e-01
1.604620516300201416e-01
1.714368909597396851e-01
1.976770907640457153e-01
1.892993748188018799e-01
2.026885300874710083e-01
1.495948731899261475e-01
1.794596612453460693e-01
1.813226044178009033e-01
1.740241348743438721e-01
1.602924466133117676e-01
1.658517569303512573e-01
1.629322618246078491e-01
1.720686405897140503e-01
1.945834606885910034e-01
1.390550881624221802e-01
1.771958172321319580e-01
1.509124934673309326e-01
1.702978014945983887e-01
1.422805041074752808e-01
1.873621493577957153e-01
1.592959910631179810e-01
1.582598239183425903e-01
1.650806665420532227e-01
1.704702228307723999e-01
1.323683559894561768e-01
1.375760138034820557e-01
1.883562207221984863e-01
1.329688280820846558e-01
1.572538018226623535e-01
1.563570052385330200e-01
2.030486762523651123e-01
1.744221746921539307e-01
1.476242542266845703e-01
1.762504130601882935e-01
1.737623214721679688e-01
1.816377788782119751e-01
1.842901855707168579e-01
1.512030512094497681e-01
1.759996414184570312e-01
1.710460036993026733e-01
1.832291632890701294e-01
1.714277863502502441e-01
1.589333564043045044e-01
1.825046837329864502e-01
1.908771842718124390e-01
1.745391786098480225e-01
1.716952323913574219e-01
2.118162363767623901e-01
1.246581301093101501e-01
2.152283340692520142e-01
1.705202907323837280e-01
1.869225949048995972e-01
1.533411145210266113e-01
1.956193447113037109e-01
1.640794426202774048e-01
2.250460535287857056e-01
1.281875073909759521e-01
1.559615284204483032e-01
1.745346039533615112e-01
1.632318943738937378e-01
1.833591312170028687e-01
2.155917882919311523e-01
1.797221004962921143e-01
1.596017330884933472e-01
1.965791136026382446e-01
1.498023420572280884e-01
1.459017693996429443e-01
1.851578056812286377e-01
1.815275549888610840e-01
1.515496224164962769e-01
1.767396479845046997e-01
1.837823092937469482e-01
1.496883928775787354e-01
1.674758493900299072e-01
1.675327569246292114e-01
1.462662667036056519e-01
1.925154328346252441e-01
1.646487414836883545e-01
1.518561989068984985e-01
2.248226404190063477e-01
1.577129364013671875e-01
1.900945007801055908e-01
1.992301493883132935e-01
2.222800999879837036e-01
1.755161881446838379e-01
1.412127166986465454e-01
1.865386962890625000e-01
1.998595148324966431e-01
1.415044069290161133e-01
1.401543468236923218e-01
1.458932757377624512e-01
1.538883149623870850e-01
1.799670159816741943e-01
2.169532179832458496e-01
2.123066484928131104e-01
1.849234104156494141e-01
1.722623854875564575e-01
1.618071645498275757e-01
1.825015842914581299e-01
1.715303808450698853e-01
1.763371080160140991e-01
1.580007970333099365e-01
1.636833101511001587e-01
1.848046928644180298e-01
1.930182874202728271e-01
2.119914293289184570e-01
1.677277535200119019e-01
2.129182517528533936e-01
1.873981058597564697e-01
1.973616182804107666e-01
1.601910293102264404e-01
1.579372584819793701e-01
1.716650873422622681e-01
1.528913825750350952e-01
1.574351936578750610e-01
1.861726939678192139e-01
1.616522371768951416e-01
1.520989835262298584e-01
1.983224302530288696e-01
1.742761284112930298e-01
1.582749634981155396e-01
1.422421038150787354e-01
1.474773883819580078e-01
1.374450325965881348e-01
1.664112955331802368e-01
1.941433697938919067e-01
2.164303809404373169e-01
2.122803181409835815e-01
1.924916356801986694e-01
1.912105828523635864e-01
1.291376799345016479e-01
2.209790945053100586e-01
1.576405912637710571e-01
1.415866464376449585e-01
2.067535221576690674e-01
1.714067906141281128e-01
1.515660881996154785e-01
1.679861396551132202e-01
1.345652788877487183e-01
1.888375133275985718e-01
1.762705594301223755e-01
1.491466015577316284e-01
1.642138212919235229e-01
1.805993020534515381e-01
1.915239542722702026e-01
1.585023701190948486e-01
1.614465117454528809e-01
1.755166053771972656e-01
1.744061708450317383e-01
1.730637848377227783e-01
1.840917915105819702e-01
1.747934520244598389e-01
1.819150745868682861e-01
1.605108082294464111e-01
1.730146259069442749e-01
1.599815338850021362e-01
1.887940317392349243e-01
1.809028089046478271e-01
1.840604692697525024e-01
1.715951859951019287e-01
1.999022364616394043e-01
1.712889969348907471e-01
1.384202539920806885e-01
1.666400730609893799e-01
1.891427934169769287e-01
1.728714257478713989e-01
1.716100871562957764e-01
1.670169830322265625e-01
1.637451052665710449e-01
1.653850078582763672e-01
1.599984318017959595e-01
1.436481922864913940e-01
1.387154012918472290e-01
1.586927473545074463e-01
1.720006763935089111e-01
2.215161919593811035e-01
1.565860956907272339e-01
1.692648828029632568e-01
1.733633279800415039e-01
1.734611988067626953e-01
2.139461785554885864e-01
1.366104930639266968e-01
1.510006785392761230e-01
1.711190044879913330e-01
2.027692198753356934e-01
1.696989238262176514e-01
1.657634675502777100e-01
1.375949382781982422e-01
1.916307955980300903e-01
2.258155792951583862e-01
2.128602415323257446e-01
1.774506121873855591e-01
1.619203984737396240e-01
2.098091542720794678e-01
1.591641306877136230e-01
1.580778509378433228e-01
1.573439240455627441e-01
1.838367581367492676e-01
1.742406934499740601e-01
1.543739736080169678e-01
1.524280756711959839e-01
1.492640972137451172e-01
1.523814797401428223e-01
1.452849954366683960e-01
1.336022168397903442e-01
1.781620085239410400e-01
2.027142792940139771e-01
2.126039564609527588e-01
1.195818111300468445e-01
1.512009203433990479e-01
1.691538691520690918e-01
1.745073199272155762e-01
1.580409556627273560e-01
1.689199060201644897e-01
1.452308446168899536e-01
1.537720113992691040e-01
1.669041812419891357e-01
1.943127363920211792e-01
1.417320966720581055e-01
1.463163197040557861e-01
1.725427657365798950e-01
1.400802582502365112e-01
1.939732283353805542e-01
1.888535022735595703e-01
1.888286024332046509e-01
1.343341022729873657e-01
1.763256192207336426e-01
1.856141835451126099e-01
1.626054495573043823e-01
1.487393230199813843e-01
1.445131450891494751e-01
1.897281110286712646e-01
1.840329766273498535e-01
1.673672497272491455e-01
1.515332013368606567e-01
1.655196547508239746e-01
1.365151107311248779e-01
1.939195990562438965e-01
1.490778028964996338e-01
1.783325225114822388e-01
1.398307830095291138e-01
1.478042155504226685e-01
1.365992873907089233e-01
1.848189532756805420e-01
1.648903340101242065e-01
1.787437647581100464e-01
1.576121598482131958e-01
1.562860757112503052e-01
1.552570909261703491e-01
1.695930808782577515e-01
1.649986505508422852e-01
1.830297857522964478e-01
1.453329473733901978e-01
1.751362085342407227e-01
1.772273778915405273e-01
1.982987374067306519e-01
1.319743543863296509e-01
1.711865812540054321e-01
1.771588772535324097e-01
1.409173607826232910e-01
1.618779748678207397e-01
1.547184884548187256e-01
1.850346922874450684e-01
1.323517858982086182e-01
1.433427780866622925e-01
2.105009555816650391e-01
1.618795394897460938e-01
1.653619855642318726e-01
1.896448433399200439e-01
2.112760692834854126e-01
1.853772997856140137e-01
1.412083208560943604e-01
1.493073254823684692e-01
1.748820245265960693e-01
1.555597484111785889e-01
1.344641596078872681e-01
1.787143945693969727e-01
1.591251641511917114e-01
1.760126501321792603e-01
1.790930777788162231e-01
1.509389281272888184e-01
1.666369289159774780e-01
1.924861669540405273e-01
1.575697958469390869e-01
1.817823499441146851e-01
1.802269965410232544e-01
1.997280418872833252e-01
1.608920693397521973e-01
1.689448505640029907e-01
1.550126969814300537e-01
1.815983057022094727e-01
1.584715545177459717e-01
1.757163703441619873e-01
1.527315080165863037e-01
1.729488074779510498e-01
2.041568309068679810e-01
1.635138690471649170e-01
1.556827127933502197e-01
1.533855348825454712e-01
1.717259734869003296e-01
1.683953851461410522e-01
1.864939182996749878e-01
1.745387166738510132e-01
1.394817382097244263e-01
1.477693617343902588e-01
1.463257372379302979e-01
1.576210111379623413e-01
1.884518414735794067e-01
1.610328257083892822e-01
1.832787245512008667e-01
1.558087468147277832e-01
1.407445818185806274e-01
1.882894486188888550e-01
1.752490550279617310e-01
1.770879477262496948e-01
1.912660449743270874e-01
1.485604643821716309e-01
1.851223409175872803e-01
1.487199217081069946e-01
1.533381789922714233e-01
2.243739664554595947e-01
1.570500433444976807e-01
1.719011068344116211e-01
1.699767410755157471e-01
1.646469533443450928e-01
1.491677612066268921e-01
2.014901190996170044e-01
1.791316419839859009e-01
1.532781273126602173e-01
1.482315063476562500e-01
1.479758173227310181e-01
1.524712145328521729e-01
1.485245376825332642e-01
1.593300849199295044e-01
1.521775275468826294e-01
1.923452615737915039e-01
1.591625213623046875e-01
1.630106568336486816e-01
1.633773893117904663e-01
2.272434830665588379e-01
1.972859650850296021e-01
1.498537957668304443e-01
1.649161130189895630e-01
1.801210939884185791e-01
1.382073163986206055e-01
1.222118213772773743e-01
1.856069266796112061e-01
1.840101033449172974e-01
1.927668750286102295e-01
1.932818591594696045e-01
1.486476510763168335e-01
1.676394194364547729e-01
2.071096748113632202e-01
1.368703842163085938e-01
1.386836618185043335e-01
1.676651537418365479e-01
1.907422542572021484e-01
1.506664603948593140e-01
1.776410639286041260e-01
1.698271632194519043e-01
1.244067028164863586e-01
1.811615377664566040e-01
2.070389837026596069e-01
1.636997312307357788e-01
2.303889095783233643e-01
1.485389918088912964e-01
1.779523491859436035e-01
1.734438389539718628e-01
1.542254835367202759e-01
1.967069059610366821e-01
1.767251342535018921e-01
1.852102577686309814e-01
1.594430655241012573e-01
1.845219284296035767e-01
1.814905256032943726e-01
1.310161501169204712e-01
1.803613454103469849e-01
1.785321682691574097e-01
1.391591876745223999e-01
1.485489457845687866e-01
1.410087347030639648e-01
1.761553436517715454e-01
1.851012408733367920e-01
1.405980437994003296e-01
1.911416202783584595e-01
1.602301597595214844e-01
2.124185562133789062e-01
1.356653869152069092e-01
1.858477294445037842e-01
1.344744265079498291e-01
1.418948918581008911e-01
1.845759004354476929e-01
1.735451668500900269e-01
1.792929470539093018e-01
2.025069743394851685e-01
1.542044878005981445e-01
1.392164677381515503e-01
1.293717622756958008e-01
1.718495786190032959e-01
1.815609931945800781e-01
1.804433465003967285e-01
1.659270226955413818e-01
1.864677071571350098e-01
1.737169176340103149e-01
1.562319993972778320e-01
1.704184561967849731e-01
1.507513374090194702e-01
1.518814712762832642e-01
1.443609297275543213e-01
1.819955110549926758e-01
1.616758257150650024e-01
1.353071779012680054e-01
1.578491628170013428e-01
1.629958301782608032e-01
1.873026788234710693e-01
1.453860849142074585e-01
1.773742735385894775e-01
1.474823206663131714e-01
1.613478213548660278e-01
1.654097288846969604e-01
1.667855530977249146e-01
2.095448076725006104e-01
1.560407131910324097e-01
1.635685563087463379e-01
1.174992173910140991e-01
1.833720207214355469e-01
1.620708703994750977e-01
1.652280539274215698e-01
1.292999684810638428e-01
2.168999463319778442e-01
1.593791544437408447e-01
1.381095051765441895e-01
1.878440380096435547e-01
1.794852167367935181e-01
1.398134827613830566e-01
1.688910722732543945e-01
1.774508953094482422e-01
1.665273010730743408e-01
1.640606671571731567e-01
1.373133808374404907e-01
1.881310939788818359e-01
1.837696582078933716e-01
1.723899543285369873e-01
1.561070233583450317e-01
1.458955556154251099e-01
2.064271420240402222e-01
1.626308858394622803e-01
1.501256078481674194e-01
1.441886723041534424e-01
1.825721412897109985e-01
1.520303040742874146e-01
2.127293944358825684e-01
1.945714205503463745e-01
1.835557967424392700e-01
1.265844106674194336e-01
2.064518630504608154e-01
1.734290271997451782e-01
1.680979430675506592e-01
1.694932132959365845e-01
1.642334312200546265e-01
1.362861543893814087e-01
1.727183908224105835e-01
1.927570402622222900e-01
1.552644371986389160e-01
1.324682384729385376e-01
1.723920702934265137e-01
1.397994607686996460e-01
1.584799140691757202e-01
1.880667358636856079e-01
1.446442306041717529e-01
1.693903803825378418e-01
2.068289369344711304e-01
1.984258890151977539e-01
1.563049852848052979e-01
1.764279305934906006e-01
1.687189787626266479e-01
1.888214051723480225e-01
1.715063154697418213e-01
1.283037215471267700e-01
1.892694532871246338e-01
1.614130586385726929e-01
1.575405448675155640e-01
2.017217278480529785e-01
1.528682857751846313e-01
1.706943064928054810e-01
1.520534753799438477e-01
1.939965486526489258e-01
1.676505655050277710e-01
1.644874662160873413e-01
1.800974607467651367e-01
1.862213760614395142e-01
1.520815640687942505e-01
1.789695173501968384e-01
2.217252254486083984e-01
1.565273702144622803e-01
1.485628783702850342e-01
1.811067163944244385e-01
1.840579658746719360e-01
2.069447934627532959e-01
1.520012319087982178e-01
1.395660191774368286e-01
1.992873400449752808e-01
1.947088688611984253e-01
1.811788678169250488e-01
1.387404054403305054e-01
1.421013325452804565e-01
1.599760204553604126e-01
1.831209361553192139e-01
1.776091158390045166e-01
1.723980158567428589e-01
1.759215593338012695e-01
1.693295091390609741e-01
1.651373058557510376e-01
1.721557527780532837e-01
1.870044767856597900e-01
1.670708209276199341e-01
1.738068908452987671e-01
1.546997427940368652e-01
1.472188532352447510e-01
1.896971166133880615e-01
1.737616211175918579e-01
1.534683108329772949e-01
1.694820523262023926e-01
1.726197153329849243e-01
1.776134669780731201e-01
1.383542418479919434e-01
1.629358977079391479e-01
1.706704199314117432e-01
1.878867000341415405e-01
1.839766055345535278e-01
1.720848381519317627e-01
1.726380586624145508e-01
1.801467686891555786e-01
1.755505800247192383e-01
1.553120017051696777e-01
1.594897061586380005e-01
1.600701063871383667e-01
1.203323304653167725e-01
1.581281274557113647e-01
1.665704697370529175e-01
1.578752100467681885e-01
1.395235955715179443e-01
1.691336631774902344e-01
1.570911407470703125e-01
1.458053141832351685e-01
1.430599391460418701e-01
1.686502397060394287e-01
1.631003022193908691e-01
2.093681693077087402e-01
1.868022829294204712e-01
1.649477481842041016e-01
1.439752131700515747e-01
1.678221076726913452e-01
1.533141881227493286e-01
2.338496595621109009e-01
1.723062843084335327e-01
1.589009612798690796e-01
1.456445455551147461e-01
1.584047377109527588e-01
1.754075586795806885e-01
1.830910742282867432e-01
1.652029007673263550e-01
1.634019762277603149e-01
2.053246498107910156e-01
1.397432237863540649e-01
1.316069364547729492e-01
1.297795176506042480e-01
2.375956922769546509e-01
1.811319738626480103e-01
1.897584348917007446e-01
1.516067236661911011e-01
1.660415530204772949e-01
1.622655540704727173e-01
1.424564421176910400e-01
2.075258642435073853e-01
1.705508232116699219e-01
1.726813763380050659e-01
1.940815150737762451e-01
1.517661213874816895e-01
1.547367870807647705e-01
1.438159644603729248e-01
1.450644135475158691e-01
1.571705788373947144e-01
1.693548560142517090e-01
1.769754588603973389e-01
1.722120791673660278e-01
1.367198824882507324e-01
1.912017613649368286e-01
1.884770542383193970e-01
1.713427901268005371e-01
1.544062346220016479e-01
1.413447558879852295e-01
2.122144401073455811e-01
1.885647624731063843e-01
1.532559543848037720e-01
1.748660206794738770e-01
1.627738773822784424e-01
1.859834194183349609e-01
1.267728209495544434e-01
1.945328116416931152e-01
2.043122798204421997e-01
1.714244037866592407e-01
1.424545049667358398e-01
1.762514561414718628e-01
2.180976569652557373e-01
2.062057852745056152e-01
1.849708557128906250e-01
1.571459025144577026e-01
1.820011585950851440e-01
1.761338561773300171e-01
1.525342762470245361e-01
1.874852031469345093e-01
1.712615340948104858e-01
1.704471856355667114e-01
2.344949543476104736e-01
1.852300614118576050e-01
1.860775947570800781e-01
1.563784629106521606e-01
1.523277014493942261e-01
1.603164672851562500e-01
1.586676836013793945e-01
1.628422588109970093e-01
1.701562404632568359e-01
1.521661579608917236e-01
1.559458673000335693e-01
1.536946594715118408e-01
1.680908799171447754e-01
1.434305161237716675e-01
1.334939002990722656e-01
2.143563479185104370e-01
1.956748217344284058e-01
1.721962839365005493e-01
2.013326138257980347e-01
1.922365278005599976e-01
1.932461112737655640e-01
1.810245811939239502e-01
1.744219511747360229e-01
1.428706198930740356e-01
2.051997035741806030e-01
1.670559644699096680e-01
2.153619527816772461e-01
1.709711849689483643e-01
1.801502406597137451e-01
1.650491803884506226e-01
1.711637079715728760e-01
1.706676930189132690e-01
2.005766034126281738e-01
1.594813615083694458e-01
1.907871216535568237e-01
2.259797900915145874e-01
1.602972596883773804e-01
1.763827502727508545e-01
1.848589479923248291e-01
2.036505788564682007e-01
1.547862738370895386e-01
1.699468791484832764e-01
1.743984073400497437e-01
1.707200855016708374e-01
1.536451131105422974e-01
2.256402224302291870e-01
1.497088670730590820e-01
1.331432312726974487e-01
1.786335259675979614e-01
1.945946365594863892e-01
1.619496047496795654e-01
1.863889247179031372e-01
1.645852476358413696e-01
1.793326586484909058e-01
1.507215052843093872e-01
1.748903840780258179e-01
1.526647210121154785e-01
1.548184007406234741e-01
1.804843395948410034e-01
1.769046336412429810e-01
1.301019042730331421e-01
1.481262594461441040e-01
2.087323516607284546e-01
1.369030922651290894e-01
1.390264779329299927e-01
1.847464591264724731e-01
1.628304868936538696e-01
1.705548465251922607e-01
1.394497305154800415e-01
1.849816441535949707e-01
1.425489336252212524e-01
1.907090097665786743e-01
1.711915284395217896e-01
1.671126633882522583e-01
1.582556664943695068e-01
1.827559173107147217e-01
1.740966737270355225e-01
1.402325034141540527e-01
1.669880002737045288e-01
1.699850559234619141e-01
1.673824787139892578e-01
1.747653931379318237e-01
2.082301229238510132e-01
1.536342352628707886e-01
1.670987159013748169e-01
1.923929899930953979e-01
1.751393675804138184e-01
1.620334684848785400e-01
1.636340916156768799e-01
1.604216545820236206e-01
1.713329106569290161e-01
1.651801317930221558e-01
1.869988143444061279e-01
1.627162843942642212e-01
1.671918034553527832e-01
1.394976675510406494e-01
2.002505362033843994e-01
1.762267947196960449e-01
1.291112899780273438e-01
1.509468853473663330e-01
1.593603044748306274e-01
1.802062839269638062e-01
1.828869730234146118e-01
1.297021806240081787e-01
1.644793599843978882e-01
1.943847388029098511e-01
2.210818529129028320e-01
1.748607307672500610e-01
1.784353405237197876e-01
1.584379225969314575e-01
1.481527984142303467e-01
1.547899842262268066e-01
1.687346994876861572e-01
1.988937556743621826e-01
1.651398539543151855e-01
1.842742860317230225e-01
1.607466936111450195e-01
1.647726446390151978e-01
1.648220270872116089e-01
1.543388664722442627e-01
2.069980204105377197e-01
2.249585688114166260e-01
1.592802703380584717e-01
1.744930893182754517e-01
1.223964244127273560e-01
1.698604375123977661e-01
1.844334453344345093e-01
2.005015164613723755e-01
1.904733330011367798e-01
1.585007160902023315e-01
1.533644348382949829e-01
1.702326536178588867e-01
2.186004072427749634e-01
1.993959695100784302e-01
1.596500575542449951e-01
1.546447724103927612e-01
1.336353421211242676e-01
2.004969567060470581e-01
1.707720458507537842e-01
1.819802224636077881e-01
1.698448657989501953e-01
1.464466750621795654e-01
2.043122798204421997e-01
1.657699644565582275e-01
1.545507758855819702e-01
1.570047140121459961e-01
1.594231277704238892e-01
1.978331953287124634e-01
2.027866542339324951e-01
1.636108607053756714e-01
1.902639716863632202e-01
1.835832148790359497e-01
1.776685565710067749e-01
1.663047969341278076e-01
1.715563684701919556e-01
1.404986232519149780e-01
1.589252799749374390e-01
1.810115724802017212e-01
1.650887131690979004e-01
2.067440599203109741e-01
1.759433299303054810e-01
1.421660780906677246e-01
1.977695226669311523e-01
1.580204367637634277e-01
1.923607438802719116e-01
1.640873849391937256e-01
2.122704237699508667e-01
1.814525872468948364e-01
1.817969083786010742e-01
1.588395982980728149e-01
1.533358097076416016e-01
2.092795968055725098e-01
1.618845462799072266e-01
1.513805091381072998e-01
1.793398857116699219e-01
1.889191418886184692e-01
2.203934341669082642e-01
1.474701464176177979e-01
1.500093489885330200e-01
2.005082815885543823e-01
1.842356026172637939e-01
1.808676570653915405e-01
1.984952986240386963e-01
1.604556739330291748e-01
1.248608678579330444e-01
1.636185199022293091e-01
1.468070298433303833e-01
1.985249817371368408e-01
1.703644543886184692e-01
1.250177919864654541e-01
1.818505078554153442e-01
1.942782998085021973e-01
1.589587032794952393e-01
1.861837059259414673e-01
1.811922490596771240e-01
1.525154560804367065e-01
1.394236683845520020e-01
1.566389203071594238e-01
1.870138645172119141e-01
1.808153688907623291e-01
1.618714183568954468e-01
1.642480492591857910e-01
1.695332676172256470e-01
1.757414340972900391e-01
1.737262606620788574e-01
1.389370411634445190e-01
1.881311982870101929e-01
1.973505616188049316e-01
1.857208460569381714e-01
2.283158600330352783e-01
1.770888119935989380e-01
1.359722465276718140e-01
1.663516461849212646e-01
1.812635064125061035e-01
2.304069101810455322e-01
1.657243967056274414e-01
1.934492588043212891e-01
1.590743362903594971e-01
1.674344390630722046e-01
1.505453884601593018e-01
1.985257267951965332e-01
1.786523759365081787e-01
1.788833886384963989e-01
2.156055718660354614e-01
1.616711169481277466e-01
1.694973111152648926e-01
1.773566007614135742e-01
1.653322726488113403e-01
1.850982904434204102e-01
1.932552754878997803e-01
1.963654011487960815e-01
1.586963385343551636e-01
1.728039383888244629e-01
2.447987496852874756e-01
1.538284122943878174e-01
1.938824206590652466e-01
1.822663247585296631e-01
1.612173914909362793e-01
1.332956552505493164e-01
1.598524749279022217e-01
2.109821438789367676e-01
1.746894866228103638e-01
1.795011609792709351e-01
1.945697963237762451e-01
1.476503312587738037e-01
2.022026181221008301e-01
1.900344938039779663e-01
1.493441462516784668e-01
1.791537702083587646e-01
1.454168707132339478e-01
1.526663750410079956e-01
1.876519024372100830e-01
1.927862018346786499e-01
1.578821986913681030e-01
1.795889884233474731e-01
1.622015386819839478e-01
1.294441074132919312e-01
1.954894959926605225e-01
1.974181383848190308e-01
1.516520231962203979e-01
1.852884739637374878e-01
2.002837508916854858e-01
1.465837955474853516e-01
1.729133278131484985e-01
1.516886055469512939e-01
1.675780564546585083e-01
1.500173211097717285e-01
1.239748820662498474e-01
1.808834075927734375e-01
1.347760707139968872e-01
1.498878896236419678e-01
1.667381227016448975e-01
1.701896339654922485e-01
1.334633529186248779e-01
1.820695996284484863e-01
1.808157265186309814e-01
2.107818722724914551e-01
1.719961613416671753e-01
2.034130692481994629e-01
1.560489237308502197e-01
1.953134089708328247e-01
1.597010046243667603e-01
1.927382349967956543e-01
1.807249337434768677e-01
1.900741755962371826e-01
1.689076423645019531e-01
1.776649355888366699e-01
1.477834582328796387e-01
1.375394314527511597e-01
1.930534392595291138e-01
1.836925745010375977e-01
1.735004931688308716e-01
1.808258593082427979e-01
1.988263726234436035e-01
1.726762056350708008e-01
1.477764546871185303e-01
1.565535068511962891e-01
1.689389050006866455e-01
1.397511214017868042e-01
1.766175776720046997e-01
1.579048633575439453e-01
1.614831686019897461e-01
1.552852690219879150e-01
1.661604940891265869e-01
1.341679394245147705e-01
1.583328396081924438e-01
1.904793977737426758e-01
1.237987577915191650e-01
1.582228839397430420e-01
1.754073649644851685e-01
1.723104864358901978e-01
1.315554380416870117e-01
1.566779762506484985e-01
1.422057002782821655e-01
1.688224524259567261e-01
1.352560222148895264e-01
1.667921543121337891e-01
1.251991838216781616e-01
2.002530246973037720e-01
1.644135713577270508e-01
1.315833777189254761e-01
1.998640894889831543e-01
1.753858476877212524e-01
1.818832457065582275e-01
1.854095906019210815e-01
1.794733107089996338e-01
1.427065879106521606e-01
1.459507346153259277e-01
1.520019918680191040e-01
2.068180590867996216e-01
1.864924728870391846e-01
1.820418089628219604e-01
1.989237517118453979e-01
1.642070114612579346e-01
1.361950933933258057e-01
1.477767825126647949e-01
1.385806202888488770e-01
1.862362474203109741e-01
1.674753129482269287e-01
1.571848690509796143e-01
1.688696444034576416e-01
1.939031779766082764e-01
1.360008269548416138e-01
2.064127922058105469e-01
1.730443090200424194e-01
2.248940318822860718e-01
1.863823235034942627e-01
1.497263908386230469e-01
1.584127992391586304e-01
1.830038875341415405e-01
1.530625969171524048e-01
1.744738370180130005e-01
1.272166669368743896e-01
1.853594481945037842e-01
1.536043882369995117e-01
1.687007993459701538e-01
1.263570040464401245e-01
1.698679476976394653e-01
1.919551044702529907e-01
1.440905779600143433e-01
1.806744486093521118e-01
1.752383410930633545e-01
1.709730327129364014e-01
1.829407960176467896e-01
1.545475423336029053e-01
1.515844613313674927e-01
1.428355872631072998e-01
1.587100028991699219e-01
1.467197388410568237e-01
1.561692357063293457e-01
1.707650125026702881e-01
1.919259577989578247e-01
1.374801546335220337e-01
1.890856921672821045e-01
1.953317373991012573e-01
1.776064187288284302e-01
1.961534619331359863e-01
1.610987186431884766e-01
1.515344679355621338e-01
1.679353564977645874e-01
1.677856296300888062e-01
1.556326448917388916e-01
1.497607082128524780e-01
1.523090004920959473e-01
1.890899538993835449e-01
1.691349893808364868e-01
1.835569143295288086e-01
1.621696650981903076e-01
1.716049760580062866e-01
1.991126686334609985e-01
1.569107323884963989e-01
1.795269399881362915e-01
1.875886917114257812e-01
1.361172497272491455e-01
1.717401444911956787e-01
1.722057759761810303e-01
1.899694949388504028e-01
1.616728007793426514e-01
1.791747212409973145e-01
1.545467674732208252e-01
1.558772474527359009e-01
1.357643157243728638e-01
1.363966017961502075e-01
2.049650400876998901e-01
1.769347041845321655e-01
1.625882536172866821e-01
1.926497966051101685e-01
1.573882699012756348e-01
1.427077949047088623e-01
1.880385577678680420e-01
1.487835496664047241e-01
1.899094432592391968e-01
2.141558676958084106e-01
1.559402197599411011e-01
1.975025534629821777e-01
1.304265111684799194e-01
1.833134889602661133e-01
1.745002567768096924e-01
1.660470515489578247e-01
2.020003944635391235e-01
1.746806800365447998e-01
1.600024849176406860e-01
1.379023492336273193e-01
1.147794052958488464e-01
1.560489684343338013e-01
2.031313478946685791e-01
1.315567195415496826e-01
1.646549701690673828e-01
1.828437000513076782e-01
1.700222194194793701e-01
1.895982623100280762e-01
1.622384488582611084e-01
1.680196821689605713e-01
1.613403111696243286e-01
1.539477705955505371e-01
1.897727102041244507e-01
1.742096245288848877e-01
1.565051376819610596e-01
1.241449266672134399e-01
1.252395361661911011e-01
1.834720075130462646e-01
1.843918710947036743e-01
1.442832946777343750e-01
1.823233366012573242e-01
1.830038875341415405e-01
1.643958389759063721e-01
1.902011930942535400e-01
1.526180654764175415e-01
2.620178163051605225e-01
1.595960706472396851e-01
1.781071573495864868e-01
1.913805752992630005e-01
1.309329569339752197e-01
1.425650417804718018e-01
1.462000012397766113e-01
1.654266715049743652e-01
1.769489496946334839e-01
1.643484979867935181e-01
1.840324699878692627e-01
1.650468409061431885e-01
1.760197132825851440e-01
1.453917175531387329e-01
1.715447902679443359e-01
1.525972932577133179e-01
2.016402035951614380e-01
1.527527421712875366e-01
1.731298714876174927e-01
1.590234637260437012e-01
1.779597103595733643e-01
2.102284133434295654e-01
1.623751968145370483e-01
1.631926298141479492e-01
1.602465659379959106e-01
1.733908802270889282e-01
1.859919875860214233e-01
1.806551665067672729e-01
1.958355903625488281e-01
2.075034528970718384e-01
1.661282181739807129e-01
1.867266297340393066e-01
1.571320593357086182e-01
1.842588633298873901e-01
1.673373132944107056e-01
2.118272781372070312e-01
2.152054458856582642e-01
1.592880338430404663e-01
1.813373118638992310e-01
1.580571979284286499e-01
1.683010756969451904e-01
1.636462807655334473e-01
1.529268026351928711e-01
1.699640601873397827e-01
1.865563243627548218e-01
1.466333419084548950e-01
2.425386309623718262e-01
1.542833447456359863e-01
1.770870238542556763e-01
1.472553163766860962e-01
2.009434700012207031e-01
1.646878421306610107e-01
2.124622762203216553e-01
1.607211828231811523e-01
1.656408160924911499e-01
1.794113665819168091e-01
1.466497480869293213e-01
1.545908004045486450e-01
1.867163777351379395e-01
1.661131531000137329e-01
1.599417924880981445e-01
1.989857256412506104e-01
1.608657985925674438e-01
1.683266609907150269e-01
1.411381661891937256e-01
1.338817626237869263e-01
1.636460125446319580e-01
1.813461929559707642e-01
1.555470675230026245e-01
1.412378549575805664e-01
1.668233573436737061e-01
1.640530973672866821e-01
1.973653584718704224e-01
1.431772261857986450e-01
1.722276359796524048e-01
1.486455500125885010e-01
1.638823896646499634e-01
2.163339555263519287e-01
1.525364518165588379e-01
1.710404157638549805e-01
1.403608322143554688e-01
1.757051944732666016e-01
1.875074505805969238e-01
1.702789217233657837e-01
1.552275717258453369e-01
1.457894146442413330e-01
1.559703052043914795e-01
1.922066807746887207e-01
2.327511906623840332e-01
1.828846335411071777e-01
1.494751572608947754e-01
1.770509928464889526e-01
1.979570686817169189e-01
1.740532666444778442e-01
1.933056265115737915e-01
1.785425841808319092e-01
1.661249846220016479e-01
1.454396247863769531e-01
1.634130477905273438e-01
1.573813408613204956e-01
1.731940507888793945e-01
1.850376874208450317e-01
1.675892472267150879e-01
1.532868891954421997e-01
1.523253917694091797e-01
2.176362425088882446e-01
1.922299414873123169e-01
1.509365290403366089e-01
2.138363867998123169e-01
1.679791957139968872e-01
1.624179482460021973e-01
2.046818286180496216e-01
1.759414076805114746e-01
1.779412627220153809e-01
1.785297840833663940e-01
1.803245097398757935e-01
2.214992940425872803e-01
1.986506581306457520e-01
1.561770290136337280e-01
1.419924497604370117e-01
1.445544362068176270e-01
1.715177446603775024e-01
1.638813167810440063e-01
2.232702225446701050e-01
1.813064366579055786e-01
1.208258271217346191e-01
1.571580618619918823e-01
1.866651922464370728e-01
2.004145383834838867e-01
1.672021597623825073e-01
1.661037504673004150e-01
1.736447513103485107e-01
1.635282188653945923e-01
1.642735600471496582e-01
1.605192720890045166e-01
1.619628667831420898e-01
2.051022946834564209e-01
1.641152799129486084e-01
1.254584789276123047e-01
2.595744132995605469e-01
2.063389122486114502e-01
2.040189057588577271e-01
1.464853733777999878e-01
1.913842260837554932e-01
2.039957940578460693e-01
1.849463135004043579e-01
1.769190430641174316e-01
1.626456528902053833e-01
1.865294426679611206e-01
1.617402285337448120e-01
1.415241211652755737e-01
1.695817708969116211e-01
1.552344858646392822e-01
1.547614336013793945e-01
1.754441261291503906e-01
1.320837140083312988e-01
1.474705934524536133e-01
1.253535598516464233e-01
1.962319910526275635e-01
1.897030323743820190e-01
1.602165848016738892e-01
2.006915062665939331e-01
1.908839046955108643e-01
1.750251650810241699e-01
1.866630166769027710e-01
1.902840882539749146e-01
1.606502532958984375e-01
1.774201989173889160e-01
1.883345693349838257e-01
1.514512598514556885e-01
1.709281802177429199e-01
1.243922635912895203e-01
2.095918953418731689e-01
1.432560831308364868e-01
1.560266017913818359e-01
1.747144758701324463e-01
1.880048662424087524e-01
1.745480746030807495e-01
1.659436225891113281e-01
2.083364129066467285e-01
1.615794152021408081e-01
1.890704929828643799e-01
1.524049043655395508e-01
1.485059112310409546e-01
1.884485930204391479e-01
1.514985412359237671e-01
1.754468679428100586e-01
1.757289618253707886e-01
1.901390850543975830e-01
2.131475210189819336e-01
1.864167004823684692e-01
1.706699281930923462e-01
1.824120581150054932e-01
1.816272139549255371e-01
1.770598292350769043e-01
1.722122281789779663e-01
1.711431592702865601e-01
2.506119608879089355e-01
1.994493305683135986e-01
1.468682736158370972e-01
2.141353935003280640e-01
1.381390243768692017e-01
1.434410363435745239e-01
1.684522628784179688e-01
2.019143700599670410e-01
1.841311603784561157e-01
2.077420055866241455e-01
1.697736233472824097e-01
1.359293013811111450e-01
1.826462596654891968e-01
2.007040828466415405e-01
1.412303298711776733e-01
2.149525135755538940e-01
1.622549593448638916e-01
1.430310308933258057e-01
1.946435868740081787e-01
1.723910570144653320e-01
1.643169820308685303e-01
1.506943106651306152e-01
1.366199254989624023e-01
1.396787315607070923e-01
1.700530350208282471e-01
1.765704452991485596e-01
1.991706341505050659e-01
2.062962055206298828e-01
1.637546867132186890e-01
1.742789149284362793e-01
1.562940031290054321e-01
1.226635873317718506e-01
1.233252808451652527e-01
1.513214409351348877e-01
1.634493470191955566e-01
1.687386780977249146e-01
1.539760679006576538e-01
1.656116545200347900e-01
1.621227562427520752e-01
1.653240472078323364e-01
1.255034208297729492e-01
1.663659662008285522e-01
1.959710568189620972e-01
1.437862515449523926e-01
1.631704866886138916e-01
1.839253008365631104e-01
1.821913570165634155e-01
1.853148341178894043e-01
1.637944877147674561e-01
1.476516127586364746e-01
1.234318837523460388e-01
1.622198820114135742e-01
1.248589679598808289e-01
1.856205165386199951e-01
1.656873971223831177e-01
1.328570246696472168e-01
1.488653272390365601e-01
1.562172472476959229e-01
1.794500052928924561e-01
1.506106704473495483e-01
1.526047289371490479e-01
1.854654699563980103e-01
1.671998798847198486e-01
1.779306679964065552e-01
1.588139533996582031e-01
1.737518608570098877e-01
1.986628025770187378e-01
2.129849940538406372e-01
2.251125276088714600e-01
2.030771076679229736e-01
1.048890575766563416e-01
1.617770344018936157e-01
1.828641593456268311e-01
2.015951871871948242e-01
1.974123418331146240e-01
1.892632097005844116e-01
1.416751742362976074e-01
1.701757013797760010e-01
1.759243756532669067e-01
1.537413001060485840e-01
1.663904637098312378e-01
2.382067888975143433e-01
1.660869270563125610e-01
1.510444581508636475e-01
1.238111555576324463e-01
1.724595129489898682e-01
1.729911267757415771e-01
2.014263421297073364e-01
1.866547316312789917e-01
1.339484304189682007e-01
1.605399101972579956e-01
1.550077050924301147e-01
1.810193210840225220e-01
1.624680757522583008e-01
1.670048832893371582e-01
1.684958785772323608e-01
1.416599899530410767e-01
1.806572377681732178e-01
1.317108720541000366e-01
1.569410413503646851e-01
1.365655511617660522e-01
1.692469716072082520e-01
1.946061700582504272e-01
1.921195983886718750e-01
1.940426081418991089e-01
1.388697177171707153e-01
1.497804969549179077e-01
2.136852443218231201e-01
1.708386540412902832e-01
2.034364044666290283e-01
1.465522944927215576e-01
1.523683518171310425e-01
1.908767819404602051e-01
1.425960361957550049e-01
1.640308052301406860e-01
1.957253515720367432e-01
1.226444318890571594e-01
1.870665699243545532e-01
1.529158949851989746e-01
1.584252268075942993e-01
1.706924289464950562e-01
1.872865706682205200e-01
1.939467042684555054e-01
2.240027785301208496e-01
1.330197453498840332e-01
1.467191576957702637e-01
1.921920627355575562e-01
1.909371465444564819e-01
1.434838175773620605e-01
2.489520907402038574e-01
1.851567029953002930e-01
1.632769554853439331e-01
1.530885100364685059e-01
1.415138393640518188e-01
1.494648307561874390e-01
1.658000648021697998e-01
1.920912414789199829e-01
1.648733764886856079e-01
1.569635868072509766e-01
1.438010185956954956e-01
1.518452763557434082e-01
