1.871607303619384766e+00
3.455041646957397461e-01
3.455041646957397461e-01
3.455041646957397461e-01
3.455041646957397461e-01
3.455041646957397461e-01
3.455041646957397461e-01
3.455041646957397461e-01
3.455041646957397461e-01
3.455041646957397461e-01
3.455041646957397461e-01
3.455041646957397461e-01
3.455041646957397461e-01
3.455041646957397461e-01
3.455041646957397461e-01
1.485140323638916016e+00
1.537693858146667480e+00
1.537693858146667480e+00
1.537693858146667480e+00
2.319672822952270508e+00
2.392648458480834961e+00
2.392648458480834961e+00
2.392648458480834961e+00
2.392648458480834961e+00
2.392648458480834961e+00
2.392648458480834961e+00
1.988493084907531738e+00
1.988493084907531738e+00
6.049361228942871094e+00
4.094538211822509766e+00
1.782733678817749023e+00
1.706662178039550781e+00
1.706662178039550781e+00
1.706662178039550781e+00
1.706662178039550781e+00
8.383159637451171875e-01
8.383159637451171875e-01
8.383159637451171875e-01
8.383159637451171875e-01
8.383159637451171875e-01
8.383159637451171875e-01
8.383159637451171875e-01
8.383159637451171875e-01
8.383159637451171875e-01
8.383159637451171875e-01
8.383159637451171875e-01
3.435555696487426758e-01
3.435555696487426758e-01
1.201410531997680664e+00
1.201410531997680664e+00
1.201410531997680664e+00
1.201410531997680664e+00
1.313462495803833008e+00
1.313462495803833008e+00
2.968640804290771484e+00
2.968640804290771484e+00
9.304897785186767578e-01
9.304897785186767578e-01
9.220893383026123047e-01
9.220893383026123047e-01
9.220893383026123047e-01
9.220893383026123047e-01
6.383762359619140625e-01
6.383762359619140625e-01
6.383762359619140625e-01
6.383762359619140625e-01
6.383762359619140625e-01
6.383762359619140625e-01
6.383762359619140625e-01
6.383762359619140625e-01
6.383762359619140625e-01
7.057725191116333008e-01
7.057725191116333008e-01
7.057725191116333008e-01
7.057725191116333008e-01
7.057725191116333008e-01
7.057725191116333008e-01
7.057725191116333008e-01
7.057725191116333008e-01
7.057725191116333008e-01
7.057725191116333008e-01
7.057725191116333008e-01
7.057725191116333008e-01
7.057725191116333008e-01
7.057725191116333008e-01
7.057725191116333008e-01
7.057725191116333008e-01
7.057725191116333008e-01
7.057725191116333008e-01
7.057725191116333008e-01
7.057725191116333008e-01
7.057725191116333008e-01
7.057725191116333008e-01
7.057725191116333008e-01
7.057725191116333008e-01
3.879860937595367432e-01
3.879860937595367432e-01
3.879860937595367432e-01
3.879860937595367432e-01
3.879860937595367432e-01
3.879860937595367432e-01
3.879860937595367432e-01
3.879860937595367432e-01
3.879860937595367432e-01
3.879860937595367432e-01
3.879860937595367432e-01
4.634591042995452881e-01
6.601840853691101074e-01
6.601840853691101074e-01
6.601840853691101074e-01
7.992472052574157715e-01
7.992472052574157715e-01
9.632897377014160156e-01
9.619090557098388672e-01
9.619090557098388672e-01
9.619090557098388672e-01
9.619090557098388672e-01
9.619090557098388672e-01
9.619090557098388672e-01
4.852381944656372070e-01
4.852381944656372070e-01
1.156625151634216309e+00
1.213266968727111816e+00
1.213266968727111816e+00
1.213266968727111816e+00
1.213266968727111816e+00
1.213266968727111816e+00
1.213266968727111816e+00
1.213266968727111816e+00
1.213266968727111816e+00
1.213266968727111816e+00
1.213266968727111816e+00
1.213266968727111816e+00
1.213266968727111816e+00
1.213266968727111816e+00
1.213266968727111816e+00
1.018768906593322754e+00
1.018768906593322754e+00
1.018768906593322754e+00
1.018768906593322754e+00
1.018768906593322754e+00
1.018768906593322754e+00
1.018768906593322754e+00
5.989540815353393555e-01
5.989540815353393555e-01
5.989540815353393555e-01
5.989540815353393555e-01
5.989540815353393555e-01
5.989540815353393555e-01
5.989540815353393555e-01
5.989540815353393555e-01
6.327041387557983398e-01
6.327041387557983398e-01
6.327041387557983398e-01
6.327041387557983398e-01
6.327041387557983398e-01
6.327041387557983398e-01
6.327041387557983398e-01
6.327041387557983398e-01
6.327041387557983398e-01
6.327041387557983398e-01
1.220485210418701172e+00
1.220485210418701172e+00
1.220485210418701172e+00
1.220485210418701172e+00
1.220485210418701172e+00
1.220485210418701172e+00
1.220485210418701172e+00
1.220485210418701172e+00
1.220485210418701172e+00
6.421389579772949219e-01
6.421389579772949219e-01
6.836823821067810059e-01
6.836823821067810059e-01
9.076076745986938477e-01
9.076076745986938477e-01
9.076076745986938477e-01
9.076076745986938477e-01
9.076076745986938477e-01
9.076076745986938477e-01
1.243140101432800293e+00
1.243140101432800293e+00
1.243140101432800293e+00
1.243140101432800293e+00
1.243140101432800293e+00
1.243140101432800293e+00
1.243140101432800293e+00
1.243140101432800293e+00
1.243140101432800293e+00
1.243140101432800293e+00
1.243140101432800293e+00
1.243140101432800293e+00
1.243140101432800293e+00
1.243140101432800293e+00
1.243140101432800293e+00
1.243140101432800293e+00
3.112652301788330078e+00
7.522945404052734375e-01
7.522945404052734375e-01
7.522945404052734375e-01
7.522945404052734375e-01
7.522945404052734375e-01
7.522945404052734375e-01
7.522945404052734375e-01
7.522945404052734375e-01
7.522945404052734375e-01
7.522945404052734375e-01
7.522945404052734375e-01
7.522945404052734375e-01
7.522945404052734375e-01
7.522945404052734375e-01
7.522945404052734375e-01
1.589526414871215820e+00
1.589526414871215820e+00
1.185014367103576660e+00
1.185014367103576660e+00
4.757274389266967773e-01
1.424585580825805664e+00
1.424585580825805664e+00
1.424585580825805664e+00
1.424585580825805664e+00
1.424585580825805664e+00
1.424585580825805664e+00
1.424585580825805664e+00
1.424585580825805664e+00
1.105928897857666016e+00
1.105928897857666016e+00
1.105928897857666016e+00
1.105928897857666016e+00
1.105928897857666016e+00
1.105928897857666016e+00
1.105928897857666016e+00
1.105928897857666016e+00
1.105928897857666016e+00
1.105928897857666016e+00
1.105928897857666016e+00
1.105928897857666016e+00
1.105928897857666016e+00
1.105928897857666016e+00
1.884046792984008789e+00
1.884046792984008789e+00
1.884046792984008789e+00
1.884046792984008789e+00
1.884046792984008789e+00
3.243703365325927734e+00
3.243703365325927734e+00
3.243703365325927734e+00
2.130688428878784180e+00
2.130688428878784180e+00
2.130688428878784180e+00
2.130688428878784180e+00
2.130688428878784180e+00
1.997535824775695801e+00
1.997535824775695801e+00
1.997535824775695801e+00
1.997535824775695801e+00
1.997535824775695801e+00
1.997535824775695801e+00
2.570830345153808594e+00
2.570830345153808594e+00
2.570830345153808594e+00
4.152668476104736328e+00
4.152668476104736328e+00
4.982144355773925781e+00
4.982144355773925781e+00
4.982144355773925781e+00
4.084763050079345703e+00
4.084763050079345703e+00
4.084763050079345703e+00
4.084763050079345703e+00
1.430492401123046875e+00
1.730829119682312012e+00
1.730829119682312012e+00
1.730829119682312012e+00
1.736733317375183105e+00
7.562479972839355469e-01
1.101019382476806641e+00
3.979970216751098633e-01
3.979970216751098633e-01
3.017716407775878906e+00
3.017716407775878906e+00
3.017716407775878906e+00
9.658703804016113281e-01
9.658703804016113281e-01
9.658703804016113281e-01
9.658703804016113281e-01
9.658703804016113281e-01
9.658703804016113281e-01
9.658703804016113281e-01
1.210809707641601562e+00
1.210809707641601562e+00
1.210809707641601562e+00
1.464969158172607422e+00
1.849565029144287109e+00
1.849565029144287109e+00
1.849565029144287109e+00
1.849565029144287109e+00
2.617302894592285156e+00
2.617302894592285156e+00
2.617302894592285156e+00
2.617302894592285156e+00
2.617302894592285156e+00
2.617302894592285156e+00
1.799297690391540527e+00
1.799297690391540527e+00
1.799297690391540527e+00
1.799297690391540527e+00
1.799297690391540527e+00
9.145668148994445801e-01
4.072495102882385254e-01
4.072495102882385254e-01
4.072495102882385254e-01
1.730431318283081055e+00
1.875348091125488281e+00
1.875348091125488281e+00
1.875348091125488281e+00
1.875348091125488281e+00
3.897726535797119141e-01
3.897726535797119141e-01
3.897726535797119141e-01
1.456897258758544922e+00
1.456897258758544922e+00
1.456897258758544922e+00
1.456897258758544922e+00
1.456897258758544922e+00
7.576689720153808594e-01
7.576689720153808594e-01
7.576689720153808594e-01
8.312214016914367676e-01
8.312214016914367676e-01
8.312214016914367676e-01
8.312214016914367676e-01
8.312214016914367676e-01
8.312214016914367676e-01
8.312214016914367676e-01
8.312214016914367676e-01
8.312214016914367676e-01
8.312214016914367676e-01
1.078232169151306152e+00
1.078232169151306152e+00
1.078232169151306152e+00
1.078232169151306152e+00
1.078232169151306152e+00
1.078232169151306152e+00
1.078232169151306152e+00
1.078232169151306152e+00
1.078232169151306152e+00
1.078232169151306152e+00
1.078232169151306152e+00
1.078232169151306152e+00
1.078232169151306152e+00
1.078232169151306152e+00
1.078232169151306152e+00
1.078232169151306152e+00
1.078232169151306152e+00
1.078232169151306152e+00
1.089316844940185547e+00
1.089316844940185547e+00
1.089316844940185547e+00
1.089316844940185547e+00
1.089316844940185547e+00
1.089316844940185547e+00
1.089316844940185547e+00
1.089316844940185547e+00
1.089316844940185547e+00
1.089316844940185547e+00
1.089316844940185547e+00
1.089316844940185547e+00
1.089316844940185547e+00
1.089316844940185547e+00
1.089316844940185547e+00
1.089316844940185547e+00
1.089316844940185547e+00
1.089316844940185547e+00
1.089316844940185547e+00
1.089316844940185547e+00
1.089316844940185547e+00
1.089316844940185547e+00
1.089316844940185547e+00
1.484836101531982422e+00
1.484836101531982422e+00
5.771253705024719238e-01
5.771253705024719238e-01
7.517492771148681641e-01
7.517492771148681641e-01
7.517492771148681641e-01
7.517492771148681641e-01
7.517492771148681641e-01
7.517492771148681641e-01
7.517492771148681641e-01
7.517492771148681641e-01
4.866596460342407227e-01
4.866596460342407227e-01
6.484155654907226562e-01
2.221755743026733398e+00
2.221755743026733398e+00
2.221755743026733398e+00
2.221755743026733398e+00
3.409649372100830078e+00
3.409649372100830078e+00
3.409649372100830078e+00
3.409649372100830078e+00
3.409649372100830078e+00
4.067170619964599609e+00
1.078500270843505859e+00
1.078500270843505859e+00
1.078500270843505859e+00
1.078500270843505859e+00
1.319639444351196289e+00
1.319639444351196289e+00
1.319639444351196289e+00
9.256542921066284180e-01
9.256542921066284180e-01
9.256542921066284180e-01
9.256542921066284180e-01
9.256542921066284180e-01
6.069085001945495605e-01
6.069085001945495605e-01
6.069085001945495605e-01
6.069085001945495605e-01
6.069085001945495605e-01
6.069085001945495605e-01
6.069085001945495605e-01
6.069085001945495605e-01
6.069085001945495605e-01
6.069085001945495605e-01
6.069085001945495605e-01
6.069085001945495605e-01
6.069085001945495605e-01
6.069085001945495605e-01
6.069085001945495605e-01
6.069085001945495605e-01
6.069085001945495605e-01
6.069085001945495605e-01
6.069085001945495605e-01
6.069085001945495605e-01
6.069085001945495605e-01
6.069085001945495605e-01
6.069085001945495605e-01
6.069085001945495605e-01
6.069085001945495605e-01
6.069085001945495605e-01
6.069085001945495605e-01
6.069085001945495605e-01
6.069085001945495605e-01
8.885284662246704102e-01
2.793642759323120117e+00
2.917119026184082031e+00
2.917119026184082031e+00
3.232346534729003906e+00
6.198272705078125000e-01
6.198272705078125000e-01
6.198272705078125000e-01
8.762382268905639648e-01
8.762382268905639648e-01
8.762382268905639648e-01
8.762382268905639648e-01
8.762382268905639648e-01
8.762382268905639648e-01
8.762382268905639648e-01
8.762382268905639648e-01
8.762382268905639648e-01
8.762382268905639648e-01
8.762382268905639648e-01
8.762382268905639648e-01
8.762382268905639648e-01
8.762382268905639648e-01
7.163440585136413574e-01
8.273283839225769043e-01
8.273283839225769043e-01
8.273283839225769043e-01
8.273283839225769043e-01
8.273283839225769043e-01
8.273283839225769043e-01
8.273283839225769043e-01
8.273283839225769043e-01
8.273283839225769043e-01
8.273283839225769043e-01
8.273283839225769043e-01
8.273283839225769043e-01
8.911711573600769043e-01
7.976964712142944336e-01
7.976964712142944336e-01
7.976964712142944336e-01
7.976964712142944336e-01
7.976964712142944336e-01
6.581178903579711914e-01
6.581178903579711914e-01
6.581178903579711914e-01
6.581178903579711914e-01
6.581178903579711914e-01
6.581178903579711914e-01
6.581178903579711914e-01
6.581178903579711914e-01
6.581178903579711914e-01
6.581178903579711914e-01
6.581178903579711914e-01
6.581178903579711914e-01
6.581178903579711914e-01
6.581178903579711914e-01
6.581178903579711914e-01
2.288345098495483398e+00
2.212933540344238281e+00
2.212933540344238281e+00
2.212933540344238281e+00
2.212933540344238281e+00
2.212933540344238281e+00
2.212933540344238281e+00
2.212933540344238281e+00
2.236953258514404297e+00
2.236953258514404297e+00
1.457303285598754883e+00
1.457303285598754883e+00
1.457303285598754883e+00
1.457303285598754883e+00
1.457303285598754883e+00
1.457303285598754883e+00
1.457303285598754883e+00
1.457303285598754883e+00
1.457303285598754883e+00
2.047739028930664062e+00
2.047739028930664062e+00
2.047739028930664062e+00
2.047739028930664062e+00
2.047739028930664062e+00
2.047739028930664062e+00
2.047739028930664062e+00
2.047739028930664062e+00
2.047739028930664062e+00
1.393051385879516602e+00
1.393051385879516602e+00
1.393051385879516602e+00
1.393051385879516602e+00
1.393051385879516602e+00
1.393051385879516602e+00
1.393051385879516602e+00
1.393051385879516602e+00
1.393051385879516602e+00
1.393051385879516602e+00
1.393051385879516602e+00
7.876811027526855469e-01
7.876811027526855469e-01
7.876811027526855469e-01
7.876811027526855469e-01
7.876811027526855469e-01
7.876811027526855469e-01
7.876811027526855469e-01
7.876811027526855469e-01
7.876811027526855469e-01
7.876811027526855469e-01
1.708900213241577148e+00
1.474356174468994141e+00
1.335628390312194824e+00
1.335628390312194824e+00
1.764040350914001465e+00
1.764040350914001465e+00
1.764040350914001465e+00
1.764040350914001465e+00
1.764040350914001465e+00
1.764040350914001465e+00
1.764040350914001465e+00
1.764040350914001465e+00
1.764040350914001465e+00
1.764040350914001465e+00
1.764040350914001465e+00
1.682176470756530762e+00
1.682176470756530762e+00
1.281789779663085938e+00
1.281789779663085938e+00
1.281789779663085938e+00
1.281789779663085938e+00
1.281789779663085938e+00
1.281789779663085938e+00
1.281789779663085938e+00
2.987098455429077148e+00
1.604882478713989258e+00
1.604882478713989258e+00
9.775914549827575684e-01
9.775914549827575684e-01
9.775914549827575684e-01
9.775914549827575684e-01
9.775914549827575684e-01
9.775914549827575684e-01
9.775914549827575684e-01
9.775914549827575684e-01
9.775914549827575684e-01
9.775914549827575684e-01
1.521867036819458008e+00
1.521867036819458008e+00
8.877462148666381836e-01
8.877462148666381836e-01
8.877462148666381836e-01
5.792183876037597656e-01
5.792183876037597656e-01
5.792183876037597656e-01
5.792183876037597656e-01
5.792183876037597656e-01
5.792183876037597656e-01
5.792183876037597656e-01
5.792183876037597656e-01
5.792183876037597656e-01
5.792183876037597656e-01
5.792183876037597656e-01
7.932323217391967773e-01
7.932323217391967773e-01
7.932323217391967773e-01
7.932323217391967773e-01
7.932323217391967773e-01
7.932323217391967773e-01
7.932323217391967773e-01
7.932323217391967773e-01
7.932323217391967773e-01
7.932323217391967773e-01
7.932323217391967773e-01
7.932323217391967773e-01
7.932323217391967773e-01
8.413026928901672363e-01
8.413026928901672363e-01
4.047984600067138672e+00
2.167541742324829102e+00
1.299509525299072266e+00
1.299509525299072266e+00
4.234102964401245117e-01
4.234102964401245117e-01
4.234102964401245117e-01
4.234102964401245117e-01
4.234102964401245117e-01
4.234102964401245117e-01
4.234102964401245117e-01
4.234102964401245117e-01
4.234102964401245117e-01
4.234102964401245117e-01
4.234102964401245117e-01
4.234102964401245117e-01
4.234102964401245117e-01
1.955174803733825684e+00
3.431364536285400391e+00
1.558411002159118652e+00
1.558411002159118652e+00
1.558411002159118652e+00
1.558411002159118652e+00
8.957244753837585449e-01
8.957244753837585449e-01
4.039664268493652344e-01
4.039664268493652344e-01
4.039664268493652344e-01
4.039664268493652344e-01
4.039664268493652344e-01
6.168757081031799316e-01
6.168757081031799316e-01
6.168757081031799316e-01
6.168757081031799316e-01
6.168757081031799316e-01
6.168757081031799316e-01
6.168757081031799316e-01
6.168757081031799316e-01
6.168757081031799316e-01
6.168757081031799316e-01
6.168757081031799316e-01
6.168757081031799316e-01
1.996462106704711914e+00
1.996462106704711914e+00
1.996462106704711914e+00
1.996462106704711914e+00
1.068089485168457031e+00
1.068089485168457031e+00
1.068089485168457031e+00
1.068089485168457031e+00
1.068089485168457031e+00
1.068089485168457031e+00
1.068089485168457031e+00
1.068089485168457031e+00
1.068089485168457031e+00
1.068089485168457031e+00
1.068089485168457031e+00
1.068089485168457031e+00
1.068089485168457031e+00
1.068089485168457031e+00
1.068089485168457031e+00
1.068089485168457031e+00
1.068089485168457031e+00
1.282606959342956543e+00
1.282606959342956543e+00
1.282606959342956543e+00
2.272413730621337891e+00
2.272413730621337891e+00
2.272413730621337891e+00
2.552853584289550781e+00
2.552853584289550781e+00
2.552853584289550781e+00
2.552853584289550781e+00
2.552853584289550781e+00
2.552853584289550781e+00
2.552853584289550781e+00
2.552853584289550781e+00
2.552853584289550781e+00
1.310026884078979492e+00
1.310026884078979492e+00
1.310026884078979492e+00
1.310026884078979492e+00
1.310026884078979492e+00
1.061260700225830078e+00
8.300176858901977539e-01
5.250576734542846680e-01
5.250576734542846680e-01
5.250576734542846680e-01
5.250576734542846680e-01
5.250576734542846680e-01
5.250576734542846680e-01
1.028832077980041504e+00
1.028832077980041504e+00
1.028832077980041504e+00
1.028832077980041504e+00
3.674444675445556641e+00
3.674444675445556641e+00
3.674444675445556641e+00
3.297584056854248047e+00
3.297584056854248047e+00
3.297584056854248047e+00
3.297584056854248047e+00
2.525206089019775391e+00
2.525206089019775391e+00
4.680385589599609375e-01
4.680385589599609375e-01
1.302233576774597168e+00
1.302233576774597168e+00
1.302233576774597168e+00
1.302233576774597168e+00
1.302233576774597168e+00
1.302233576774597168e+00
1.302233576774597168e+00
1.302233576774597168e+00
1.302233576774597168e+00
1.302233576774597168e+00
1.302233576774597168e+00
1.302233576774597168e+00
1.302233576774597168e+00
1.302233576774597168e+00
1.074822306632995605e+00
4.177098870277404785e-01
4.177098870277404785e-01
4.177098870277404785e-01
4.177098870277404785e-01
4.177098870277404785e-01
4.177098870277404785e-01
4.177098870277404785e-01
4.177098870277404785e-01
1.946171283721923828e+00
1.946171283721923828e+00
1.946171283721923828e+00
1.849772095680236816e+00
1.849772095680236816e+00
1.849772095680236816e+00
1.849772095680236816e+00
1.849772095680236816e+00
1.849772095680236816e+00
1.702570557594299316e+00
1.702570557594299316e+00
1.702570557594299316e+00
1.702570557594299316e+00
1.702570557594299316e+00
1.648340582847595215e+00
1.648340582847595215e+00
1.648340582847595215e+00
1.648340582847595215e+00
3.493694305419921875e+00
3.493694305419921875e+00
3.493694305419921875e+00
3.493694305419921875e+00
3.493694305419921875e+00
3.493694305419921875e+00
3.308057308197021484e+00
3.308057308197021484e+00
2.505376815795898438e+00
2.505376815795898438e+00
2.554910421371459961e+00
2.554910421371459961e+00
2.554910421371459961e+00
2.554910421371459961e+00
1.859126091003417969e+00
1.859126091003417969e+00
1.859126091003417969e+00
1.859126091003417969e+00
1.859126091003417969e+00
1.859126091003417969e+00
1.859126091003417969e+00
6.153397560119628906e-01
6.153397560119628906e-01
6.153397560119628906e-01
6.153397560119628906e-01
6.153397560119628906e-01
6.153397560119628906e-01
6.153397560119628906e-01
6.153397560119628906e-01
6.153397560119628906e-01
6.153397560119628906e-01
6.153397560119628906e-01
6.153397560119628906e-01
6.153397560119628906e-01
6.153397560119628906e-01
6.153397560119628906e-01
6.153397560119628906e-01
8.037078976631164551e-01
8.037078976631164551e-01
8.037078976631164551e-01
1.098195314407348633e+00
1.098195314407348633e+00
1.098195314407348633e+00
1.098195314407348633e+00
1.098195314407348633e+00
1.098195314407348633e+00
1.098195314407348633e+00
1.098195314407348633e+00
1.098195314407348633e+00
1.098195314407348633e+00
4.948418140411376953e-01
4.948418140411376953e-01
4.948418140411376953e-01
4.948418140411376953e-01
4.948418140411376953e-01
4.948418140411376953e-01
4.948418140411376953e-01
4.948418140411376953e-01
8.702905178070068359e-01
1.423003196716308594e+00
1.423003196716308594e+00
1.423003196716308594e+00
1.423003196716308594e+00
1.423003196716308594e+00
1.423003196716308594e+00
1.423003196716308594e+00
1.255660533905029297e+00
1.255660533905029297e+00
1.255660533905029297e+00
1.255660533905029297e+00
1.255660533905029297e+00
1.255660533905029297e+00
9.451625943183898926e-01
9.451625943183898926e-01
9.451625943183898926e-01
9.451625943183898926e-01
9.451625943183898926e-01
9.451625943183898926e-01
9.451625943183898926e-01
9.451625943183898926e-01
2.077314615249633789e+00
2.077314615249633789e+00
2.077314615249633789e+00
1.863544225692749023e+00
1.863544225692749023e+00
1.863544225692749023e+00
1.863544225692749023e+00
1.538865923881530762e+00
1.538865923881530762e+00
1.538865923881530762e+00
1.538865923881530762e+00
1.538865923881530762e+00
1.538865923881530762e+00
1.538865923881530762e+00
1.538865923881530762e+00
1.538865923881530762e+00
2.981587409973144531e+00
3.304693222045898438e+00
3.304693222045898438e+00
3.304693222045898438e+00
2.795475959777832031e+00
1.880488872528076172e+00
6.500046253204345703e-01
6.500046253204345703e-01
1.169842481613159180e+00
1.169842481613159180e+00
1.169842481613159180e+00
1.169842481613159180e+00
1.169842481613159180e+00
1.169842481613159180e+00
1.635191202163696289e+00
1.635191202163696289e+00
1.635191202163696289e+00
1.635191202163696289e+00
1.635191202163696289e+00
8.188117742538452148e-01
8.188117742538452148e-01
8.188117742538452148e-01
8.188117742538452148e-01
8.188117742538452148e-01
4.725886285305023193e-01
9.968028068542480469e-01
9.968028068542480469e-01
9.968028068542480469e-01
9.968028068542480469e-01
9.968028068542480469e-01
9.968028068542480469e-01
1.066493034362792969e+00
1.066493034362792969e+00
1.066493034362792969e+00
1.066493034362792969e+00
3.298874497413635254e-01
3.298874497413635254e-01
3.298874497413635254e-01
3.298874497413635254e-01
3.298874497413635254e-01
3.298874497413635254e-01
3.298874497413635254e-01
3.298874497413635254e-01
3.298874497413635254e-01
3.298874497413635254e-01
3.298874497413635254e-01
3.298874497413635254e-01
7.063598632812500000e-01
7.063598632812500000e-01
7.279510498046875000e-01
7.279510498046875000e-01
7.279510498046875000e-01
7.279510498046875000e-01
7.279510498046875000e-01
7.279510498046875000e-01
7.279510498046875000e-01
7.279510498046875000e-01
7.279510498046875000e-01
7.279510498046875000e-01
7.279510498046875000e-01
7.279510498046875000e-01
7.279510498046875000e-01
7.279510498046875000e-01
7.279510498046875000e-01
7.279510498046875000e-01
7.279510498046875000e-01
7.279510498046875000e-01
5.536847710609436035e-01
5.536847710609436035e-01
5.536847710609436035e-01
5.536847710609436035e-01
1.589701652526855469e+00
1.888003826141357422e+00
3.873453140258789062e-01
3.873453140258789062e-01
3.873453140258789062e-01
3.873453140258789062e-01
2.503624439239501953e+00
2.503624439239501953e+00
2.503624439239501953e+00
2.503624439239501953e+00
9.655618667602539062e-01
9.326525926589965820e-01
1.455274581909179688e+00
1.455274581909179688e+00
1.455274581909179688e+00
1.455274581909179688e+00
4.602648019790649414e-01
4.602648019790649414e-01
4.602648019790649414e-01
4.602648019790649414e-01
4.602648019790649414e-01
4.602648019790649414e-01
1.263435602188110352e+00
1.263435602188110352e+00
6.945389509201049805e-01
6.945389509201049805e-01
6.945389509201049805e-01
6.945389509201049805e-01
6.945389509201049805e-01
6.945389509201049805e-01
6.945389509201049805e-01
6.945389509201049805e-01
6.945389509201049805e-01
6.945389509201049805e-01
6.945389509201049805e-01
6.945389509201049805e-01
6.945389509201049805e-01
6.945389509201049805e-01
6.945389509201049805e-01
6.945389509201049805e-01
6.945389509201049805e-01
6.945389509201049805e-01
6.945389509201049805e-01
2.549225091934204102e+00
2.549225091934204102e+00
3.380964756011962891e+00
3.380964756011962891e+00
2.019780635833740234e+00
2.019780635833740234e+00
2.019780635833740234e+00
2.019780635833740234e+00
2.019780635833740234e+00
2.019780635833740234e+00
2.019780635833740234e+00
2.208828926086425781e+00
2.208828926086425781e+00
2.208828926086425781e+00
8.524010181427001953e-01
8.524010181427001953e-01
8.524010181427001953e-01
8.524010181427001953e-01
8.524010181427001953e-01
8.524010181427001953e-01
8.524010181427001953e-01
8.524010181427001953e-01
8.524010181427001953e-01
8.524010181427001953e-01
3.295167088508605957e-01
3.295167088508605957e-01
3.295167088508605957e-01
3.295167088508605957e-01
3.295167088508605957e-01
1.324624300003051758e+00
1.324624300003051758e+00
9.455851316452026367e-01
7.859800457954406738e-01
7.859800457954406738e-01
7.859800457954406738e-01
7.859800457954406738e-01
7.859800457954406738e-01
7.859800457954406738e-01
7.859800457954406738e-01
1.561967015266418457e+00
5.913741588592529297e-01
5.913741588592529297e-01
5.913741588592529297e-01
6.601822972297668457e-01
6.942530274391174316e-01
6.942530274391174316e-01
6.942530274391174316e-01
6.942530274391174316e-01
6.942530274391174316e-01
6.942530274391174316e-01
6.942530274391174316e-01
4.385510087013244629e-01
4.385510087013244629e-01
4.385510087013244629e-01
4.385510087013244629e-01
5.048950910568237305e-01
5.048950910568237305e-01
5.048950910568237305e-01
5.048950910568237305e-01
5.048950910568237305e-01
5.048950910568237305e-01
5.048950910568237305e-01
5.048950910568237305e-01
5.048950910568237305e-01
5.048950910568237305e-01
6.318387389183044434e-01
6.318387389183044434e-01
6.318387389183044434e-01
1.619669437408447266e+00
1.619669437408447266e+00
3.144890308380126953e+00
2.604583501815795898e+00
2.604583501815795898e+00
3.220520973205566406e+00
3.220520973205566406e+00
9.653131961822509766e-01
9.653131961822509766e-01
9.653131961822509766e-01
9.653131961822509766e-01
9.653131961822509766e-01
9.653131961822509766e-01
9.653131961822509766e-01
9.653131961822509766e-01
9.653131961822509766e-01
9.653131961822509766e-01
9.653131961822509766e-01
9.653131961822509766e-01
9.653131961822509766e-01
9.653131961822509766e-01
9.653131961822509766e-01
9.653131961822509766e-01
9.653131961822509766e-01
9.653131961822509766e-01
9.653131961822509766e-01
9.653131961822509766e-01
9.653131961822509766e-01
9.653131961822509766e-01
9.653131961822509766e-01
9.653131961822509766e-01
9.653131961822509766e-01
8.646922707557678223e-01
8.646922707557678223e-01
8.646922707557678223e-01
8.646922707557678223e-01
2.017588615417480469e+00
2.017588615417480469e+00
2.017588615417480469e+00
2.017588615417480469e+00
2.017588615417480469e+00
2.017588615417480469e+00
2.017588615417480469e+00
2.017588615417480469e+00
2.017588615417480469e+00
2.017588615417480469e+00
1.518936753273010254e+00
1.518936753273010254e+00
1.518936753273010254e+00
1.367495536804199219e+00
2.381075859069824219e+00
3.170497655868530273e+00
3.170497655868530273e+00
5.575623512268066406e-01
5.575623512268066406e-01
6.796349287033081055e-01
6.796349287033081055e-01
6.796349287033081055e-01
6.796349287033081055e-01
6.796349287033081055e-01
1.116886496543884277e+00
5.075467824935913086e-01
5.075467824935913086e-01
5.075467824935913086e-01
5.075467824935913086e-01
5.075467824935913086e-01
5.075467824935913086e-01
7.126713395118713379e-01
7.126713395118713379e-01
7.126713395118713379e-01
7.126713395118713379e-01
7.126713395118713379e-01
7.126713395118713379e-01
7.126713395118713379e-01
7.126713395118713379e-01
7.126713395118713379e-01
7.126713395118713379e-01
7.126713395118713379e-01
7.126713395118713379e-01
7.126713395118713379e-01
7.126713395118713379e-01
3.906261920928955078e-01
1.072478294372558594e+00
1.952581286430358887e+00
1.952581286430358887e+00
1.169855117797851562e+00
1.169855117797851562e+00
1.169855117797851562e+00
1.169855117797851562e+00
1.169855117797851562e+00
1.169855117797851562e+00
1.169855117797851562e+00
1.169855117797851562e+00
1.169855117797851562e+00
1.169855117797851562e+00
1.169855117797851562e+00
1.169855117797851562e+00
1.169855117797851562e+00
7.976309061050415039e-01
7.976309061050415039e-01
7.976309061050415039e-01
7.976309061050415039e-01
2.741798162460327148e+00
4.086416244506835938e+00
4.086416244506835938e+00
4.086416244506835938e+00
4.086416244506835938e+00
3.302089214324951172e+00
2.839100837707519531e+00
5.212309360504150391e-01
5.212309360504150391e-01
5.212309360504150391e-01
5.212309360504150391e-01
5.212309360504150391e-01
5.212309360504150391e-01
5.212309360504150391e-01
5.212309360504150391e-01
5.212309360504150391e-01
5.212309360504150391e-01
5.212309360504150391e-01
5.212309360504150391e-01
5.212309360504150391e-01
5.212309360504150391e-01
5.212309360504150391e-01
5.212309360504150391e-01
9.026632308959960938e-01
9.026632308959960938e-01
9.026632308959960938e-01
9.026632308959960938e-01
9.026632308959960938e-01
9.026632308959960938e-01
9.026632308959960938e-01
9.026632308959960938e-01
1.210009813308715820e+00
2.719655513763427734e+00
6.119835376739501953e-01
6.119835376739501953e-01
6.119835376739501953e-01
6.119835376739501953e-01
6.119835376739501953e-01
6.119835376739501953e-01
6.119835376739501953e-01
6.119835376739501953e-01
6.119835376739501953e-01
6.119835376739501953e-01
6.119835376739501953e-01
6.119835376739501953e-01
7.893269062042236328e-01
7.893269062042236328e-01
7.893269062042236328e-01
7.893269062042236328e-01
6.771985292434692383e-01
6.771985292434692383e-01
6.771985292434692383e-01
6.771985292434692383e-01
6.771985292434692383e-01
6.771985292434692383e-01
6.771985292434692383e-01
6.771985292434692383e-01
6.771985292434692383e-01
6.771985292434692383e-01
6.771985292434692383e-01
6.771985292434692383e-01
6.771985292434692383e-01
6.771985292434692383e-01
6.771985292434692383e-01
6.771985292434692383e-01
6.771985292434692383e-01
5.472738146781921387e-01
5.472738146781921387e-01
5.472738146781921387e-01
5.472738146781921387e-01
5.472738146781921387e-01
5.472738146781921387e-01
5.472738146781921387e-01
5.472738146781921387e-01
5.472738146781921387e-01
5.472738146781921387e-01
5.472738146781921387e-01
5.472738146781921387e-01
5.472738146781921387e-01
5.472738146781921387e-01
5.472738146781921387e-01
5.472738146781921387e-01
5.472738146781921387e-01
1.672985315322875977e+00
1.672985315322875977e+00
1.672985315322875977e+00
1.672985315322875977e+00
9.483381509780883789e-01
9.483381509780883789e-01
9.483381509780883789e-01
9.483381509780883789e-01
9.483381509780883789e-01
9.483381509780883789e-01
9.483381509780883789e-01
1.020594000816345215e+00
5.152224302291870117e-01
5.152224302291870117e-01
5.936466455459594727e-01
5.936466455459594727e-01
5.936466455459594727e-01
5.936466455459594727e-01
5.936466455459594727e-01
5.936466455459594727e-01
5.936466455459594727e-01
5.936466455459594727e-01
5.936466455459594727e-01
5.936466455459594727e-01
5.936466455459594727e-01
5.936466455459594727e-01
4.479627609252929688e-01
4.479627609252929688e-01
4.479627609252929688e-01
4.479627609252929688e-01
4.479627609252929688e-01
4.479627609252929688e-01
4.479627609252929688e-01
5.517296195030212402e-01
5.517296195030212402e-01
5.517296195030212402e-01
5.517296195030212402e-01
5.517296195030212402e-01
5.517296195030212402e-01
5.517296195030212402e-01
5.517296195030212402e-01
5.517296195030212402e-01
5.517296195030212402e-01
5.517296195030212402e-01
5.517296195030212402e-01
5.517296195030212402e-01
5.517296195030212402e-01
5.517296195030212402e-01
5.517296195030212402e-01
5.517296195030212402e-01
5.517296195030212402e-01
5.517296195030212402e-01
5.517296195030212402e-01
5.517296195030212402e-01
5.517296195030212402e-01
5.517296195030212402e-01
1.453320980072021484e+00
1.453320980072021484e+00
1.823961734771728516e+00
1.732791185379028320e+00
1.732791185379028320e+00
1.732791185379028320e+00
1.732791185379028320e+00
1.252002954483032227e+00
7.482491135597229004e-01
5.068548917770385742e-01
5.068548917770385742e-01
5.068548917770385742e-01
5.068548917770385742e-01
5.068548917770385742e-01
3.857728540897369385e-01
3.857728540897369385e-01
3.857728540897369385e-01
3.857728540897369385e-01
3.857728540897369385e-01
1.924970865249633789e+00
1.924970865249633789e+00
3.082091331481933594e+00
2.255701541900634766e+00
2.255701541900634766e+00
1.722113490104675293e+00
1.722113490104675293e+00
1.642918705940246582e+00
1.642918705940246582e+00
1.642918705940246582e+00
1.642918705940246582e+00
1.642918705940246582e+00
6.580924987792968750e-01
6.580924987792968750e-01
6.580924987792968750e-01
2.270987510681152344e+00
2.270987510681152344e+00
9.806045293807983398e-01
9.806045293807983398e-01
9.806045293807983398e-01
9.806045293807983398e-01
9.806045293807983398e-01
9.806045293807983398e-01
9.806045293807983398e-01
9.806045293807983398e-01
9.806045293807983398e-01
9.806045293807983398e-01
9.806045293807983398e-01
9.806045293807983398e-01
9.806045293807983398e-01
9.806045293807983398e-01
9.806045293807983398e-01
9.806045293807983398e-01
9.806045293807983398e-01
9.806045293807983398e-01
9.806045293807983398e-01
9.806045293807983398e-01
9.806045293807983398e-01
9.806045293807983398e-01
4.876918196678161621e-01
4.876918196678161621e-01
4.876918196678161621e-01
4.876918196678161621e-01
4.876918196678161621e-01
4.876918196678161621e-01
4.876918196678161621e-01
4.876918196678161621e-01
4.876918196678161621e-01
4.876918196678161621e-01
6.302827000617980957e-01
6.302827000617980957e-01
6.302827000617980957e-01
6.302827000617980957e-01
6.302827000617980957e-01
6.302827000617980957e-01
6.302827000617980957e-01
6.302827000617980957e-01
6.302827000617980957e-01
6.302827000617980957e-01
6.302827000617980957e-01
6.302827000617980957e-01
6.302827000617980957e-01
6.302827000617980957e-01
6.302827000617980957e-01
6.302827000617980957e-01
6.302827000617980957e-01
6.302827000617980957e-01
6.302827000617980957e-01
6.302827000617980957e-01
6.302827000617980957e-01
6.302827000617980957e-01
6.302827000617980957e-01
6.302827000617980957e-01
7.710388898849487305e-01
7.710388898849487305e-01
7.710388898849487305e-01
7.710388898849487305e-01
7.710388898849487305e-01
4.093786180019378662e-01
4.093786180019378662e-01
4.093786180019378662e-01
4.093786180019378662e-01
4.093786180019378662e-01
4.093786180019378662e-01
4.093786180019378662e-01
4.093786180019378662e-01
4.093786180019378662e-01
4.093786180019378662e-01
4.093786180019378662e-01
4.093786180019378662e-01
4.093786180019378662e-01
4.093786180019378662e-01
4.093786180019378662e-01
4.093786180019378662e-01
4.714722037315368652e-01
4.714722037315368652e-01
5.182660222053527832e-01
7.986141443252563477e-01
7.986141443252563477e-01
7.986141443252563477e-01
7.986141443252563477e-01
7.986141443252563477e-01
7.986141443252563477e-01
7.986141443252563477e-01
7.986141443252563477e-01
7.986141443252563477e-01
7.986141443252563477e-01
7.986141443252563477e-01
7.986141443252563477e-01
7.986141443252563477e-01
7.986141443252563477e-01
7.986141443252563477e-01
7.986141443252563477e-01
5.207982063293457031e-01
5.207982063293457031e-01
5.207982063293457031e-01
5.207982063293457031e-01
5.207982063293457031e-01
1.367274045944213867e+00
1.367274045944213867e+00
8.166146278381347656e-01
8.166146278381347656e-01
8.166146278381347656e-01
8.166146278381347656e-01
8.166146278381347656e-01
8.166146278381347656e-01
8.166146278381347656e-01
8.166146278381347656e-01
8.166146278381347656e-01
8.166146278381347656e-01
8.166146278381347656e-01
7.769613265991210938e-01
7.769613265991210938e-01
3.111127912998199463e-01
1.276299476623535156e+00
1.276299476623535156e+00
1.276299476623535156e+00
1.276299476623535156e+00
1.276299476623535156e+00
1.276299476623535156e+00
1.276299476623535156e+00
1.276299476623535156e+00
1.276299476623535156e+00
3.911173343658447266e-01
3.911173343658447266e-01
3.911173343658447266e-01
3.911173343658447266e-01
3.911173343658447266e-01
3.911173343658447266e-01
3.911173343658447266e-01
3.911173343658447266e-01
3.911173343658447266e-01
3.911173343658447266e-01
3.911173343658447266e-01
3.911173343658447266e-01
3.911173343658447266e-01
3.911173343658447266e-01
1.752025127410888672e+00
1.752025127410888672e+00
1.752025127410888672e+00
1.239836215972900391e+00
1.239836215972900391e+00
1.239836215972900391e+00
1.239836215972900391e+00
1.239836215972900391e+00
1.239836215972900391e+00
1.239836215972900391e+00
1.239836215972900391e+00
1.239836215972900391e+00
1.239836215972900391e+00
1.239836215972900391e+00
1.239836215972900391e+00
3.784728050231933594e-01
3.784728050231933594e-01
9.539303779602050781e-01
9.539303779602050781e-01
9.539303779602050781e-01
9.539303779602050781e-01
9.539303779602050781e-01
5.073090195655822754e-01
5.073090195655822754e-01
8.657757639884948730e-01
8.657757639884948730e-01
8.657757639884948730e-01
6.267883777618408203e-01
6.267883777618408203e-01
6.267883777618408203e-01
6.267883777618408203e-01
6.267883777618408203e-01
6.267883777618408203e-01
6.267883777618408203e-01
6.498459577560424805e-01
6.498459577560424805e-01
6.498459577560424805e-01
6.498459577560424805e-01
6.498459577560424805e-01
6.498459577560424805e-01
6.498459577560424805e-01
6.498459577560424805e-01
6.498459577560424805e-01
6.498459577560424805e-01
7.479892969131469727e-01
7.479892969131469727e-01
7.479892969131469727e-01
7.479892969131469727e-01
7.479892969131469727e-01
7.479892969131469727e-01
7.479892969131469727e-01
6.048725843429565430e-01
6.048725843429565430e-01
6.048725843429565430e-01
6.048725843429565430e-01
6.048725843429565430e-01
6.048725843429565430e-01
6.048725843429565430e-01
6.048725843429565430e-01
6.048725843429565430e-01
6.048725843429565430e-01
1.640347242355346680e+00
3.102188110351562500e+00
2.065060138702392578e+00
2.065060138702392578e+00
2.801066875457763672e+00
2.801066875457763672e+00
2.801066875457763672e+00
2.801066875457763672e+00
2.801066875457763672e+00
2.801066875457763672e+00
3.392069816589355469e+00
1.321098327636718750e+00
1.321098327636718750e+00
1.321098327636718750e+00
1.321098327636718750e+00
1.321098327636718750e+00
6.034227609634399414e-01
6.034227609634399414e-01
6.034227609634399414e-01
6.034227609634399414e-01
6.034227609634399414e-01
6.034227609634399414e-01
6.034227609634399414e-01
6.034227609634399414e-01
6.034227609634399414e-01
6.034227609634399414e-01
6.034227609634399414e-01
6.034227609634399414e-01
1.194498300552368164e+00
2.721944808959960938e+00
2.436064720153808594e+00
1.471107482910156250e+00
1.471107482910156250e+00
1.471107482910156250e+00
1.471107482910156250e+00
1.471107482910156250e+00
1.471107482910156250e+00
1.471107482910156250e+00
1.471107482910156250e+00
1.471107482910156250e+00
1.471107482910156250e+00
1.471107482910156250e+00
1.471107482910156250e+00
1.471107482910156250e+00
1.471107482910156250e+00
1.471107482910156250e+00
1.471107482910156250e+00
9.649505019187927246e-01
9.649505019187927246e-01
9.649505019187927246e-01
1.138502120971679688e+00
1.138502120971679688e+00
8.262619972229003906e-01
8.262619972229003906e-01
3.112026453018188477e-01
3.112026453018188477e-01
3.112026453018188477e-01
1.472771644592285156e+00
1.472771644592285156e+00
1.472771644592285156e+00
1.472771644592285156e+00
1.472771644592285156e+00
1.472771644592285156e+00
1.472771644592285156e+00
1.472771644592285156e+00
1.472771644592285156e+00
1.472771644592285156e+00
1.472771644592285156e+00
1.472771644592285156e+00
1.472771644592285156e+00
1.472771644592285156e+00
1.472771644592285156e+00
1.472771644592285156e+00
1.472771644592285156e+00
8.181283473968505859e-01
8.181283473968505859e-01
8.181283473968505859e-01
8.181283473968505859e-01
8.181283473968505859e-01
8.181283473968505859e-01
8.181283473968505859e-01
8.181283473968505859e-01
8.181283473968505859e-01
8.181283473968505859e-01
8.181283473968505859e-01
8.181283473968505859e-01
8.181283473968505859e-01
8.181283473968505859e-01
8.181283473968505859e-01
8.181283473968505859e-01
5.012809634208679199e-01
5.012809634208679199e-01
5.012809634208679199e-01
4.877848625183105469e-01
4.877848625183105469e-01
4.877848625183105469e-01
4.877848625183105469e-01
4.877848625183105469e-01
4.877848625183105469e-01
4.877848625183105469e-01
4.877848625183105469e-01
4.877848625183105469e-01
4.877848625183105469e-01
4.877848625183105469e-01
4.877848625183105469e-01
4.877848625183105469e-01
4.877848625183105469e-01
4.877848625183105469e-01
4.877848625183105469e-01
4.877848625183105469e-01
4.877848625183105469e-01
4.877848625183105469e-01
4.877848625183105469e-01
4.877848625183105469e-01
4.877848625183105469e-01
4.877848625183105469e-01
4.877848625183105469e-01
4.877848625183105469e-01
4.877848625183105469e-01
4.877848625183105469e-01
1.068978190422058105e+00
1.068978190422058105e+00
1.068978190422058105e+00
1.068978190422058105e+00
1.068978190422058105e+00
1.068978190422058105e+00
1.068978190422058105e+00
1.068978190422058105e+00
1.068978190422058105e+00
1.068978190422058105e+00
1.120548367500305176e+00
1.120548367500305176e+00
1.120548367500305176e+00
8.002484440803527832e-01
8.002484440803527832e-01
8.002484440803527832e-01
8.002484440803527832e-01
8.002484440803527832e-01
8.002484440803527832e-01
8.002484440803527832e-01
8.002484440803527832e-01
8.002484440803527832e-01
8.002484440803527832e-01
8.002484440803527832e-01
8.002484440803527832e-01
6.203969717025756836e-01
6.203969717025756836e-01
6.203969717025756836e-01
6.203969717025756836e-01
6.203969717025756836e-01
6.203969717025756836e-01
6.203969717025756836e-01
6.203969717025756836e-01
6.203969717025756836e-01
8.872575759887695312e-01
8.872575759887695312e-01
8.872575759887695312e-01
1.570110082626342773e+00
2.761674404144287109e+00
2.487850189208984375e+00
9.382650852203369141e-01
9.382650852203369141e-01
9.382650852203369141e-01
9.382650852203369141e-01
9.382650852203369141e-01
8.350849747657775879e-01
8.350849747657775879e-01
8.350849747657775879e-01
8.350849747657775879e-01
8.350849747657775879e-01
8.350849747657775879e-01
8.350849747657775879e-01
8.350849747657775879e-01
8.350849747657775879e-01
8.350849747657775879e-01
8.350849747657775879e-01
8.350849747657775879e-01
8.350849747657775879e-01
8.350849747657775879e-01
8.350849747657775879e-01
8.350849747657775879e-01
4.952580332756042480e-01
1.215528249740600586e+00
1.215528249740600586e+00
1.215528249740600586e+00
1.817288756370544434e+00
1.817288756370544434e+00
1.817288756370544434e+00
1.817288756370544434e+00
1.817288756370544434e+00
5.975574254989624023e-01
5.975574254989624023e-01
5.975574254989624023e-01
5.975574254989624023e-01
5.975574254989624023e-01
2.317453145980834961e+00
2.563195466995239258e+00
2.563195466995239258e+00
2.563195466995239258e+00
2.563195466995239258e+00
2.563195466995239258e+00
1.673288226127624512e+00
1.673288226127624512e+00
1.109590172767639160e+00
1.109590172767639160e+00
1.134377241134643555e+00
1.859362125396728516e+00
1.859362125396728516e+00
1.859362125396728516e+00
1.859362125396728516e+00
1.938629269599914551e+00
1.938629269599914551e+00
1.938629269599914551e+00
1.180052042007446289e+00
1.180052042007446289e+00
1.180052042007446289e+00
1.180052042007446289e+00
1.180052042007446289e+00
1.180052042007446289e+00
1.180052042007446289e+00
1.180052042007446289e+00
1.180052042007446289e+00
1.180052042007446289e+00
1.180052042007446289e+00
1.180052042007446289e+00
1.180052042007446289e+00
1.180052042007446289e+00
1.180052042007446289e+00
1.098462939262390137e+00
1.098462939262390137e+00
1.098462939262390137e+00
1.098462939262390137e+00
1.098462939262390137e+00
1.098462939262390137e+00
5.378854870796203613e-01
5.378854870796203613e-01
5.378854870796203613e-01
5.378854870796203613e-01
5.378854870796203613e-01
5.378854870796203613e-01
5.378854870796203613e-01
2.773555040359497070e+00
2.773555040359497070e+00
1.783137559890747070e+00
1.783137559890747070e+00
1.783137559890747070e+00
1.593466758728027344e+00
1.593466758728027344e+00
1.593466758728027344e+00
1.593466758728027344e+00
1.593466758728027344e+00
1.593466758728027344e+00
1.593466758728027344e+00
1.593466758728027344e+00
1.593466758728027344e+00
1.248108148574829102e+00
1.248108148574829102e+00
1.248108148574829102e+00
1.248108148574829102e+00
1.248108148574829102e+00
1.248108148574829102e+00
1.248108148574829102e+00
1.248108148574829102e+00
1.248108148574829102e+00
1.248108148574829102e+00
1.248108148574829102e+00
1.248108148574829102e+00
1.248108148574829102e+00
1.248108148574829102e+00
1.248108148574829102e+00
1.248108148574829102e+00
1.248108148574829102e+00
1.248108148574829102e+00
1.248108148574829102e+00
1.248108148574829102e+00
1.248108148574829102e+00
1.248108148574829102e+00
4.351325631141662598e-01
4.351325631141662598e-01
4.351325631141662598e-01
4.351325631141662598e-01
4.351325631141662598e-01
4.351325631141662598e-01
4.351325631141662598e-01
4.351325631141662598e-01
4.351325631141662598e-01
4.351325631141662598e-01
4.351325631141662598e-01
4.351325631141662598e-01
4.351325631141662598e-01
4.351325631141662598e-01
4.351325631141662598e-01
4.351325631141662598e-01
4.351325631141662598e-01
4.351325631141662598e-01
4.351325631141662598e-01
4.351325631141662598e-01
1.171009540557861328e+00
1.171009540557861328e+00
1.171009540557861328e+00
1.171009540557861328e+00
1.043513298034667969e+00
1.481208682060241699e+00
1.481208682060241699e+00
1.481208682060241699e+00
1.481208682060241699e+00
1.346634030342102051e+00
1.346634030342102051e+00
1.346634030342102051e+00
1.346634030342102051e+00
1.346634030342102051e+00
1.346634030342102051e+00
1.346634030342102051e+00
1.346634030342102051e+00
1.544859766960144043e+00
1.544859766960144043e+00
1.544859766960144043e+00
1.544859766960144043e+00
5.947115421295166016e-01
5.947115421295166016e-01
5.947115421295166016e-01
5.947115421295166016e-01
5.947115421295166016e-01
8.978989720344543457e-01
8.978989720344543457e-01
8.978989720344543457e-01
8.978989720344543457e-01
8.978989720344543457e-01
8.978989720344543457e-01
8.978989720344543457e-01
7.297789454460144043e-01
7.297789454460144043e-01
7.297789454460144043e-01
8.544120788574218750e-01
8.544120788574218750e-01
8.544120788574218750e-01
1.770370006561279297e+00
1.770370006561279297e+00
1.770370006561279297e+00
1.246337890625000000e+00
9.603141546249389648e-01
5.737565755844116211e-01
5.737565755844116211e-01
5.737565755844116211e-01
5.737565755844116211e-01
5.737565755844116211e-01
5.737565755844116211e-01
5.737565755844116211e-01
5.737565755844116211e-01
5.737565755844116211e-01
5.737565755844116211e-01
8.653066158294677734e-01
8.653066158294677734e-01
8.653066158294677734e-01
8.653066158294677734e-01
8.653066158294677734e-01
8.653066158294677734e-01
8.653066158294677734e-01
8.653066158294677734e-01
8.653066158294677734e-01
8.653066158294677734e-01
1.574653148651123047e+00
1.574653148651123047e+00
1.574653148651123047e+00
1.574653148651123047e+00
3.641419172286987305e+00
3.617411613464355469e+00
3.617411613464355469e+00
3.617411613464355469e+00
1.559468507766723633e+00
1.559468507766723633e+00
1.559468507766723633e+00
1.549078583717346191e+00
1.549078583717346191e+00
1.549078583717346191e+00
1.549078583717346191e+00
1.549078583717346191e+00
1.549078583717346191e+00
1.762415885925292969e+00
1.762415885925292969e+00
1.762415885925292969e+00
1.762415885925292969e+00
1.762415885925292969e+00
1.762415885925292969e+00
1.148752093315124512e+00
1.148752093315124512e+00
1.148752093315124512e+00
1.148752093315124512e+00
7.560694217681884766e-01
9.332867264747619629e-01
9.332867264747619629e-01
9.332867264747619629e-01
9.332867264747619629e-01
9.332867264747619629e-01
9.332867264747619629e-01
9.332867264747619629e-01
1.114876270294189453e+00
1.114876270294189453e+00
1.114876270294189453e+00
1.114876270294189453e+00
1.114876270294189453e+00
1.114876270294189453e+00
1.114876270294189453e+00
1.114876270294189453e+00
1.114876270294189453e+00
1.114876270294189453e+00
1.114876270294189453e+00
1.114876270294189453e+00
1.114876270294189453e+00
1.114876270294189453e+00
1.114876270294189453e+00
5.597061514854431152e-01
5.597061514854431152e-01
5.597061514854431152e-01
5.597061514854431152e-01
5.597061514854431152e-01
5.597061514854431152e-01
5.597061514854431152e-01
5.597061514854431152e-01
5.597061514854431152e-01
5.597061514854431152e-01
5.597061514854431152e-01
5.597061514854431152e-01
5.597061514854431152e-01
5.597061514854431152e-01
9.336507320404052734e-01
9.336507320404052734e-01
9.336507320404052734e-01
9.336507320404052734e-01
9.336507320404052734e-01
9.336507320404052734e-01
9.336507320404052734e-01
9.336507320404052734e-01
9.336507320404052734e-01
9.336507320404052734e-01
9.336507320404052734e-01
9.336507320404052734e-01
9.336507320404052734e-01
9.336507320404052734e-01
9.336507320404052734e-01
7.031728029251098633e-01
7.031728029251098633e-01
7.031728029251098633e-01
7.031728029251098633e-01
7.031728029251098633e-01
6.738570332527160645e-01
6.738570332527160645e-01
6.738570332527160645e-01
6.738570332527160645e-01
6.738570332527160645e-01
4.651559591293334961e-01
4.651559591293334961e-01
4.651559591293334961e-01
4.651559591293334961e-01
4.651559591293334961e-01
4.651559591293334961e-01
4.651559591293334961e-01
4.651559591293334961e-01
4.651559591293334961e-01
4.651559591293334961e-01
4.651559591293334961e-01
4.651559591293334961e-01
4.651559591293334961e-01
4.651559591293334961e-01
4.651559591293334961e-01
6.939051151275634766e-01
2.096091747283935547e+00
1.258791685104370117e+00
1.258791685104370117e+00
1.258791685104370117e+00
1.258791685104370117e+00
1.258791685104370117e+00
1.258791685104370117e+00
1.258791685104370117e+00
1.258791685104370117e+00
1.258791685104370117e+00
1.258791685104370117e+00
1.258791685104370117e+00
1.258791685104370117e+00
1.258791685104370117e+00
1.258791685104370117e+00
1.258791685104370117e+00
1.258791685104370117e+00
1.602354645729064941e+00
1.602354645729064941e+00
1.602354645729064941e+00
1.602354645729064941e+00
1.602354645729064941e+00
1.602354645729064941e+00
1.602354645729064941e+00
1.602354645729064941e+00
1.602354645729064941e+00
1.602354645729064941e+00
1.602354645729064941e+00
1.602354645729064941e+00
1.602354645729064941e+00
2.442155599594116211e+00
1.478590726852416992e+00
1.478590726852416992e+00
1.478590726852416992e+00
1.478590726852416992e+00
1.478590726852416992e+00
1.509773254394531250e+00
1.509773254394531250e+00
1.509773254394531250e+00
1.509773254394531250e+00
1.509773254394531250e+00
1.509773254394531250e+00
1.509773254394531250e+00
1.509773254394531250e+00
1.658275842666625977e+00
1.658275842666625977e+00
6.551854610443115234e-01
6.551854610443115234e-01
7.247614860534667969e-01
1.550817131996154785e+00
1.466296911239624023e+00
1.466296911239624023e+00
1.392695903778076172e+00
1.392695903778076172e+00
1.392695903778076172e+00
1.392695903778076172e+00
1.392695903778076172e+00
1.392695903778076172e+00
1.392695903778076172e+00
1.392695903778076172e+00
1.392695903778076172e+00
1.392695903778076172e+00
1.392695903778076172e+00
4.041699171066284180e-01
1.372761011123657227e+00
1.372761011123657227e+00
1.372761011123657227e+00
1.372761011123657227e+00
1.372761011123657227e+00
7.495031356811523438e-01
7.495031356811523438e-01
7.495031356811523438e-01
7.495031356811523438e-01
7.495031356811523438e-01
7.495031356811523438e-01
7.495031356811523438e-01
7.495031356811523438e-01
7.495031356811523438e-01
7.495031356811523438e-01
7.495031356811523438e-01
7.495031356811523438e-01
7.495031356811523438e-01
6.916600465774536133e-01
6.916600465774536133e-01
2.109099864959716797e+00
2.109099864959716797e+00
2.109099864959716797e+00
2.109099864959716797e+00
2.109099864959716797e+00
2.187263250350952148e+00
2.187263250350952148e+00
2.187263250350952148e+00
2.187263250350952148e+00
1.745329499244689941e+00
1.745329499244689941e+00
1.745329499244689941e+00
9.480056166648864746e-01
9.480056166648864746e-01
9.480056166648864746e-01
9.480056166648864746e-01
9.480056166648864746e-01
9.480056166648864746e-01
9.480056166648864746e-01
9.480056166648864746e-01
9.480056166648864746e-01
1.723186850547790527e+00
3.290014266967773438e-01
3.290014266967773438e-01
1.546692013740539551e+00
1.546692013740539551e+00
1.546692013740539551e+00
3.971124887466430664e-01
3.971124887466430664e-01
3.971124887466430664e-01
3.971124887466430664e-01
3.971124887466430664e-01
3.971124887466430664e-01
3.971124887466430664e-01
3.971124887466430664e-01
3.971124887466430664e-01
3.971124887466430664e-01
3.971124887466430664e-01
3.971124887466430664e-01
3.971124887466430664e-01
3.971124887466430664e-01
3.971124887466430664e-01
3.971124887466430664e-01
3.971124887466430664e-01
3.971124887466430664e-01
1.435088396072387695e+00
5.291367769241333008e-01
5.291367769241333008e-01
5.291367769241333008e-01
5.291367769241333008e-01
5.291367769241333008e-01
5.291367769241333008e-01
5.291367769241333008e-01
5.291367769241333008e-01
5.291367769241333008e-01
5.291367769241333008e-01
5.291367769241333008e-01
5.291367769241333008e-01
5.291367769241333008e-01
5.291367769241333008e-01
5.291367769241333008e-01
5.291367769241333008e-01
5.291367769241333008e-01
7.982695102691650391e-01
7.982695102691650391e-01
7.982695102691650391e-01
7.982695102691650391e-01
7.982695102691650391e-01
7.982695102691650391e-01
7.982695102691650391e-01
7.982695102691650391e-01
7.982695102691650391e-01
7.982695102691650391e-01
7.982695102691650391e-01
7.982695102691650391e-01
5.822135210037231445e-01
5.822135210037231445e-01
5.822135210037231445e-01
5.822135210037231445e-01
5.822135210037231445e-01
5.822135210037231445e-01
5.822135210037231445e-01
5.822135210037231445e-01
5.822135210037231445e-01
5.822135210037231445e-01
6.222947835922241211e-01
6.222947835922241211e-01
6.222947835922241211e-01
6.222947835922241211e-01
6.373668909072875977e-01
6.047132611274719238e-01
6.047132611274719238e-01
6.047132611274719238e-01
6.047132611274719238e-01
6.047132611274719238e-01
6.047132611274719238e-01
6.047132611274719238e-01
6.047132611274719238e-01
6.047132611274719238e-01
6.047132611274719238e-01
6.980956792831420898e-01
6.980956792831420898e-01
6.980956792831420898e-01
6.980956792831420898e-01
6.980956792831420898e-01
6.980956792831420898e-01
6.980956792831420898e-01
6.980956792831420898e-01
6.980956792831420898e-01
6.980956792831420898e-01
6.980956792831420898e-01
6.980956792831420898e-01
6.980956792831420898e-01
6.980956792831420898e-01
6.980956792831420898e-01
6.980956792831420898e-01
6.980956792831420898e-01
6.980956792831420898e-01
6.980956792831420898e-01
6.980956792831420898e-01
7.469577193260192871e-01
7.469577193260192871e-01
7.469577193260192871e-01
7.469577193260192871e-01
7.469577193260192871e-01
7.469577193260192871e-01
7.469577193260192871e-01
2.317421197891235352e+00
3.029835700988769531e+00
5.827972888946533203e-01
5.827972888946533203e-01
5.827972888946533203e-01
5.827972888946533203e-01
5.827972888946533203e-01
5.827972888946533203e-01
5.827972888946533203e-01
5.827972888946533203e-01
5.827972888946533203e-01
2.988104224205017090e-01
2.988104224205017090e-01
2.988104224205017090e-01
2.988104224205017090e-01
2.988104224205017090e-01
3.120184659957885742e+00
3.120184659957885742e+00
1.820176839828491211e+00
1.820176839828491211e+00
1.820176839828491211e+00
1.820176839828491211e+00
1.820176839828491211e+00
1.006612896919250488e+00
1.006612896919250488e+00
6.362731456756591797e-01
6.362731456756591797e-01
6.362731456756591797e-01
6.362731456756591797e-01
6.362731456756591797e-01
6.362731456756591797e-01
6.362731456756591797e-01
6.362731456756591797e-01
6.362731456756591797e-01
6.362731456756591797e-01
6.362731456756591797e-01
7.398313283920288086e-01
7.398313283920288086e-01
7.398313283920288086e-01
5.145184993743896484e-01
5.145184993743896484e-01
5.145184993743896484e-01
5.145184993743896484e-01
5.145184993743896484e-01
5.145184993743896484e-01
5.145184993743896484e-01
5.145184993743896484e-01
5.145184993743896484e-01
5.145184993743896484e-01
5.145184993743896484e-01
5.145184993743896484e-01
5.145184993743896484e-01
5.145184993743896484e-01
1.439645171165466309e+00
1.439645171165466309e+00
1.439645171165466309e+00
1.439645171165466309e+00
1.439645171165466309e+00
1.439645171165466309e+00
1.439645171165466309e+00
1.439645171165466309e+00
1.439645171165466309e+00
2.579142093658447266e+00
2.579142093658447266e+00
2.758656024932861328e+00
2.758656024932861328e+00
2.758656024932861328e+00
2.981916189193725586e+00
1.842499017715454102e+00
1.842499017715454102e+00
1.842499017715454102e+00
1.510077953338623047e+00
1.510077953338623047e+00
2.411505699157714844e+00
2.411505699157714844e+00
1.457294702529907227e+00
1.457294702529907227e+00
1.457294702529907227e+00
1.457294702529907227e+00
1.604904770851135254e+00
1.604904770851135254e+00
1.781620979309082031e+00
6.062901020050048828e-01
6.062901020050048828e-01
6.062901020050048828e-01
1.487210035324096680e+00
2.219264745712280273e+00
1.914829015731811523e+00
1.914829015731811523e+00
1.914829015731811523e+00
8.100795745849609375e-01
8.100795745849609375e-01
8.100795745849609375e-01
8.100795745849609375e-01
3.745674788951873779e-01
3.745674788951873779e-01
3.745674788951873779e-01
3.745674788951873779e-01
3.745674788951873779e-01
3.745674788951873779e-01
3.745674788951873779e-01
3.745674788951873779e-01
3.745674788951873779e-01
3.745674788951873779e-01
1.790019273757934570e+00
3.670816659927368164e+00
2.319855690002441406e+00
8.947635889053344727e-01
8.947635889053344727e-01
8.947635889053344727e-01
8.947635889053344727e-01
8.947635889053344727e-01
1.321773529052734375e+00
1.511448144912719727e+00
1.511448144912719727e+00
1.511448144912719727e+00
1.058996558189392090e+00
1.058996558189392090e+00
3.174750804901123047e-01
3.174750804901123047e-01
1.941583156585693359e+00
1.941583156585693359e+00
1.941583156585693359e+00
1.941583156585693359e+00
1.941583156585693359e+00
6.066049337387084961e-01
6.066049337387084961e-01
6.066049337387084961e-01
6.027040481567382812e-01
6.027040481567382812e-01
6.027040481567382812e-01
6.027040481567382812e-01
6.027040481567382812e-01
1.700051069259643555e+00
1.700051069259643555e+00
1.700051069259643555e+00
1.910241484642028809e+00
1.910241484642028809e+00
2.802378416061401367e+00
2.802378416061401367e+00
2.802378416061401367e+00
3.308015346527099609e+00
3.308015346527099609e+00
2.898702621459960938e-01
2.898702621459960938e-01
2.898702621459960938e-01
2.898702621459960938e-01
2.898702621459960938e-01
3.017807960510253906e+00
7.544832229614257812e-01
7.544832229614257812e-01
7.544832229614257812e-01
7.544832229614257812e-01
7.544832229614257812e-01
8.886739015579223633e-01
8.886739015579223633e-01
8.886739015579223633e-01
8.886739015579223633e-01
8.886739015579223633e-01
8.886739015579223633e-01
8.886739015579223633e-01
8.886739015579223633e-01
8.886739015579223633e-01
8.886739015579223633e-01
8.886739015579223633e-01
8.886739015579223633e-01
8.886739015579223633e-01
8.886739015579223633e-01
8.886739015579223633e-01
8.886739015579223633e-01
8.886739015579223633e-01
8.886739015579223633e-01
8.886739015579223633e-01
8.886739015579223633e-01
8.886739015579223633e-01
4.917760789394378662e-01
1.136642694473266602e+00
1.052661299705505371e+00
1.052661299705505371e+00
1.052661299705505371e+00
8.996747732162475586e-01
8.996747732162475586e-01
8.996747732162475586e-01
8.996747732162475586e-01
8.996747732162475586e-01
8.996747732162475586e-01
8.996747732162475586e-01
8.996747732162475586e-01
1.404357433319091797e+00
1.404357433319091797e+00
1.261395692825317383e+00
1.261395692825317383e+00
4.070458412170410156e-01
4.070458412170410156e-01
8.280527591705322266e-01
8.280527591705322266e-01
8.280527591705322266e-01
8.280527591705322266e-01
8.280527591705322266e-01
4.185642600059509277e-01
4.185642600059509277e-01
4.185642600059509277e-01
4.185642600059509277e-01
7.646653652191162109e-01
7.646653652191162109e-01
7.646653652191162109e-01
7.646653652191162109e-01
7.646653652191162109e-01
7.646653652191162109e-01
7.646653652191162109e-01
3.579036891460418701e-01
3.579036891460418701e-01
3.579036891460418701e-01
1.033968925476074219e+00
2.243301868438720703e+00
2.243301868438720703e+00
1.059224843978881836e+00
1.059224843978881836e+00
1.059224843978881836e+00
1.059224843978881836e+00
1.059224843978881836e+00
1.059224843978881836e+00
2.048864126205444336e+00
2.048864126205444336e+00
1.244919776916503906e+00
1.244919776916503906e+00
1.244919776916503906e+00
1.244919776916503906e+00
2.340783596038818359e+00
2.340783596038818359e+00
2.340783596038818359e+00
2.340783596038818359e+00
2.340783596038818359e+00
2.340783596038818359e+00
2.526382446289062500e+00
2.076274394989013672e+00
2.076274394989013672e+00
2.076274394989013672e+00
1.819967269897460938e+00
1.834338784217834473e+00
1.834338784217834473e+00
2.530199527740478516e+00
2.572468996047973633e+00
2.572468996047973633e+00
2.572468996047973633e+00
2.106237649917602539e+00
2.106237649917602539e+00
2.106237649917602539e+00
2.106237649917602539e+00
1.673398971557617188e+00
8.079954981803894043e-01
1.359194159507751465e+00
1.359194159507751465e+00
5.636395812034606934e-01
5.636395812034606934e-01
5.636395812034606934e-01
5.636395812034606934e-01
5.636395812034606934e-01
5.636395812034606934e-01
3.741019964218139648e-01
3.741019964218139648e-01
3.741019964218139648e-01
3.741019964218139648e-01
3.741019964218139648e-01
3.741019964218139648e-01
3.741019964218139648e-01
3.741019964218139648e-01
3.741019964218139648e-01
3.741019964218139648e-01
3.741019964218139648e-01
3.003818511962890625e+00
3.003818511962890625e+00
3.003818511962890625e+00
3.003818511962890625e+00
2.545744657516479492e+00
1.688009977340698242e+00
1.688009977340698242e+00
1.961865425109863281e+00
1.961865425109863281e+00
4.365681648254394531e+00
4.365681648254394531e+00
1.755868196487426758e+00
8.284055590629577637e-01
7.567687034606933594e-01
7.567687034606933594e-01
7.567687034606933594e-01
7.567687034606933594e-01
7.567687034606933594e-01
7.567687034606933594e-01
7.567687034606933594e-01
7.567687034606933594e-01
7.567687034606933594e-01
7.567687034606933594e-01
7.567687034606933594e-01
7.567687034606933594e-01
7.567687034606933594e-01
7.567687034606933594e-01
7.567687034606933594e-01
7.567687034606933594e-01
7.567687034606933594e-01
7.567687034606933594e-01
7.567687034606933594e-01
7.567687034606933594e-01
7.567687034606933594e-01
7.567687034606933594e-01
7.567687034606933594e-01
7.567687034606933594e-01
6.498150825500488281e-01
6.498150825500488281e-01
6.498150825500488281e-01
1.236179351806640625e+00
1.236179351806640625e+00
1.236179351806640625e+00
1.236179351806640625e+00
1.253852486610412598e+00
1.253852486610412598e+00
1.253852486610412598e+00
1.253852486610412598e+00
1.253852486610412598e+00
1.253852486610412598e+00
1.253852486610412598e+00
1.253852486610412598e+00
1.253852486610412598e+00
1.253852486610412598e+00
1.253852486610412598e+00
1.253852486610412598e+00
2.112463474273681641e+00
1.181624889373779297e+00
1.181624889373779297e+00
7.431529760360717773e-01
7.431529760360717773e-01
7.431529760360717773e-01
7.431529760360717773e-01
7.431529760360717773e-01
7.431529760360717773e-01
7.431529760360717773e-01
7.431529760360717773e-01
7.431529760360717773e-01
7.749991416931152344e-01
7.749991416931152344e-01
7.749991416931152344e-01
7.749991416931152344e-01
7.749991416931152344e-01
7.749991416931152344e-01
7.749991416931152344e-01
7.749991416931152344e-01
8.594027161598205566e-01
8.594027161598205566e-01
8.594027161598205566e-01
8.594027161598205566e-01
8.594027161598205566e-01
8.153712153434753418e-01
1.618681192398071289e+00
3.306131362915039062e+00
3.878676891326904297e+00
1.424556255340576172e+00
2.678015947341918945e+00
2.678015947341918945e+00
2.678015947341918945e+00
1.476434588432312012e+00
1.476434588432312012e+00
1.476434588432312012e+00
1.476434588432312012e+00
1.476434588432312012e+00
1.476434588432312012e+00
1.476434588432312012e+00
1.476434588432312012e+00
4.417926073074340820e-01
4.417926073074340820e-01
4.417926073074340820e-01
4.417926073074340820e-01
4.417926073074340820e-01
4.417926073074340820e-01
4.417926073074340820e-01
4.417926073074340820e-01
1.224331140518188477e+00
1.224331140518188477e+00
1.224331140518188477e+00
1.224331140518188477e+00
1.224331140518188477e+00
3.162222623825073242e+00
3.162222623825073242e+00
4.190240859985351562e+00
4.190240859985351562e+00
4.190240859985351562e+00
4.029889583587646484e+00
2.710673093795776367e+00
2.440234661102294922e+00
2.440234661102294922e+00
2.440234661102294922e+00
1.921653985977172852e+00
1.921653985977172852e+00
3.332685470581054688e+00
2.294287204742431641e+00
2.294287204742431641e+00
2.294287204742431641e+00
2.294287204742431641e+00
2.294287204742431641e+00
5.633037090301513672e-01
5.633037090301513672e-01
5.633037090301513672e-01
5.633037090301513672e-01
1.712221503257751465e+00
1.712221503257751465e+00
4.119255542755126953e+00
4.111790180206298828e+00
4.111790180206298828e+00
4.111790180206298828e+00
3.009173870086669922e+00
3.009173870086669922e+00
2.408782482147216797e+00
2.408782482147216797e+00
2.408782482147216797e+00
2.408782482147216797e+00
2.408782482147216797e+00
2.408782482147216797e+00
2.503125429153442383e+00
2.503125429153442383e+00
2.503125429153442383e+00
2.503125429153442383e+00
2.503125429153442383e+00
2.503125429153442383e+00
3.468305110931396484e+00
3.468305110931396484e+00
3.468305110931396484e+00
3.468305110931396484e+00
3.468305110931396484e+00
3.468305110931396484e+00
3.468305110931396484e+00
3.523710966110229492e+00
3.523710966110229492e+00
3.523710966110229492e+00
2.890794754028320312e+00
2.890794754028320312e+00
2.706593990325927734e+00
2.854014873504638672e+00
1.091724991798400879e+00
1.091724991798400879e+00
1.091724991798400879e+00
1.091724991798400879e+00
1.091724991798400879e+00
1.091724991798400879e+00
6.974064111709594727e-01
6.974064111709594727e-01
6.974064111709594727e-01
6.974064111709594727e-01
6.974064111709594727e-01
6.974064111709594727e-01
6.974064111709594727e-01
7.929953932762145996e-01
7.929953932762145996e-01
7.929953932762145996e-01
7.929953932762145996e-01
7.929953932762145996e-01
7.929953932762145996e-01
7.929953932762145996e-01
7.929953932762145996e-01
7.052529454231262207e-01
7.052529454231262207e-01
7.052529454231262207e-01
7.052529454231262207e-01
7.052529454231262207e-01
7.052529454231262207e-01
7.052529454231262207e-01
7.052529454231262207e-01
7.052529454231262207e-01
7.052529454231262207e-01
7.052529454231262207e-01
7.115324735641479492e-01
7.115324735641479492e-01
7.115324735641479492e-01
7.169696092605590820e-01
7.169696092605590820e-01
7.169696092605590820e-01
7.169696092605590820e-01
7.169696092605590820e-01
7.169696092605590820e-01
7.169696092605590820e-01
7.169696092605590820e-01
7.169696092605590820e-01
7.169696092605590820e-01
7.169696092605590820e-01
7.169696092605590820e-01
7.169696092605590820e-01
7.169696092605590820e-01
7.169696092605590820e-01
7.169696092605590820e-01
6.299749612808227539e-01
1.236121654510498047e+00
1.236121654510498047e+00
1.236121654510498047e+00
1.236121654510498047e+00
1.236121654510498047e+00
1.236121654510498047e+00
1.236121654510498047e+00
1.040363311767578125e+00
1.040363311767578125e+00
5.586026906967163086e-01
5.586026906967163086e-01
5.586026906967163086e-01
5.586026906967163086e-01
5.586026906967163086e-01
5.586026906967163086e-01
5.586026906967163086e-01
5.534707307815551758e-01
5.534707307815551758e-01
5.534707307815551758e-01
5.534707307815551758e-01
5.534707307815551758e-01
8.520393371582031250e-01
7.658095359802246094e-01
7.658095359802246094e-01
7.658095359802246094e-01
7.658095359802246094e-01
7.658095359802246094e-01
7.658095359802246094e-01
7.658095359802246094e-01
7.658095359802246094e-01
7.658095359802246094e-01
7.658095359802246094e-01
7.658095359802246094e-01
7.658095359802246094e-01
7.658095359802246094e-01
7.658095359802246094e-01
7.658095359802246094e-01
7.658095359802246094e-01
7.658095359802246094e-01
7.658095359802246094e-01
7.658095359802246094e-01
7.658095359802246094e-01
7.658095359802246094e-01
1.460604786872863770e+00
1.460604786872863770e+00
1.460604786872863770e+00
1.460604786872863770e+00
1.362546920776367188e+00
9.237917661666870117e-01
9.237917661666870117e-01
9.237917661666870117e-01
9.237917661666870117e-01
9.237917661666870117e-01
1.045602917671203613e+00
1.045602917671203613e+00
1.045602917671203613e+00
2.048354387283325195e+00
1.088476419448852539e+00
1.088476419448852539e+00
1.111241340637207031e+00
1.111241340637207031e+00
1.111241340637207031e+00
1.111241340637207031e+00
1.111241340637207031e+00
1.111241340637207031e+00
1.111241340637207031e+00
1.111241340637207031e+00
1.111241340637207031e+00
1.111241340637207031e+00
1.111241340637207031e+00
1.111241340637207031e+00
1.111241340637207031e+00
1.111241340637207031e+00
1.111241340637207031e+00
8.087168335914611816e-01
1.084345221519470215e+00
1.084345221519470215e+00
1.666280746459960938e+00
1.666280746459960938e+00
1.666280746459960938e+00
1.666280746459960938e+00
1.666280746459960938e+00
4.751349687576293945e-01
4.751349687576293945e-01
4.751349687576293945e-01
4.751349687576293945e-01
4.751349687576293945e-01
4.751349687576293945e-01
4.751349687576293945e-01
4.751349687576293945e-01
4.751349687576293945e-01
4.751349687576293945e-01
4.751349687576293945e-01
4.751349687576293945e-01
4.751349687576293945e-01
4.751349687576293945e-01
4.751349687576293945e-01
4.751349687576293945e-01
4.751349687576293945e-01
4.751349687576293945e-01
4.751349687576293945e-01
4.751349687576293945e-01
4.751349687576293945e-01
4.751349687576293945e-01
9.336177110671997070e-01
9.336177110671997070e-01
7.619087100028991699e-01
7.619087100028991699e-01
6.643427610397338867e-01
9.292374253273010254e-01
9.292374253273010254e-01
9.292374253273010254e-01
9.292374253273010254e-01
9.292374253273010254e-01
6.547085642814636230e-01
6.547085642814636230e-01
6.547085642814636230e-01
6.547085642814636230e-01
6.547085642814636230e-01
6.547085642814636230e-01
6.547085642814636230e-01
6.547085642814636230e-01
6.547085642814636230e-01
6.547085642814636230e-01
6.547085642814636230e-01
6.547085642814636230e-01
6.547085642814636230e-01
6.547085642814636230e-01
1.120279908180236816e+00
1.120279908180236816e+00
1.120279908180236816e+00
1.120279908180236816e+00
1.120279908180236816e+00
1.120279908180236816e+00
1.120279908180236816e+00
1.120279908180236816e+00
1.120279908180236816e+00
1.120279908180236816e+00
1.120279908180236816e+00
1.120279908180236816e+00
1.120279908180236816e+00
1.120279908180236816e+00
1.120279908180236816e+00
1.120279908180236816e+00
1.120279908180236816e+00
1.120279908180236816e+00
1.120279908180236816e+00
1.362259507179260254e+00
1.362259507179260254e+00
1.362259507179260254e+00
1.095513939857482910e+00
1.827202558517456055e+00
1.827202558517456055e+00
1.827202558517456055e+00
1.827202558517456055e+00
1.827202558517456055e+00
2.196188926696777344e+00
2.196188926696777344e+00
1.747439861297607422e+00
1.937681555747985840e+00
1.937681555747985840e+00
2.737034797668457031e+00
1.518366575241088867e+00
1.518366575241088867e+00
1.518366575241088867e+00
1.518366575241088867e+00
1.518366575241088867e+00
1.518366575241088867e+00
1.518366575241088867e+00
1.518366575241088867e+00
1.518366575241088867e+00
1.518366575241088867e+00
1.518366575241088867e+00
1.518366575241088867e+00
1.518366575241088867e+00
1.518366575241088867e+00
1.518366575241088867e+00
1.518366575241088867e+00
1.122846603393554688e+00
1.352339386940002441e+00
1.352339386940002441e+00
1.352339386940002441e+00
1.352339386940002441e+00
1.352339386940002441e+00
1.352339386940002441e+00
3.725984096527099609e-01
3.725984096527099609e-01
3.725984096527099609e-01
3.725984096527099609e-01
3.725984096527099609e-01
3.725984096527099609e-01
3.725984096527099609e-01
6.884070634841918945e-01
6.884070634841918945e-01
6.884070634841918945e-01
6.884070634841918945e-01
6.884070634841918945e-01
6.884070634841918945e-01
6.884070634841918945e-01
6.884070634841918945e-01
6.884070634841918945e-01
6.884070634841918945e-01
6.884070634841918945e-01
6.884070634841918945e-01
6.884070634841918945e-01
6.884070634841918945e-01
6.884070634841918945e-01
6.884070634841918945e-01
6.884070634841918945e-01
6.884070634841918945e-01
2.211815357208251953e+00
2.760515928268432617e+00
5.311033725738525391e-01
5.311033725738525391e-01
5.311033725738525391e-01
1.336021065711975098e+00
6.391065120697021484e-01
6.391065120697021484e-01
6.391065120697021484e-01
6.391065120697021484e-01
6.391065120697021484e-01
6.391065120697021484e-01
6.391065120697021484e-01
6.391065120697021484e-01
6.391065120697021484e-01
6.391065120697021484e-01
6.391065120697021484e-01
6.391065120697021484e-01
6.391065120697021484e-01
6.391065120697021484e-01
6.391065120697021484e-01
6.391065120697021484e-01
6.391065120697021484e-01
6.391065120697021484e-01
6.391065120697021484e-01
6.391065120697021484e-01
6.391065120697021484e-01
6.391065120697021484e-01
6.391065120697021484e-01
6.391065120697021484e-01
1.364453315734863281e+00
1.364453315734863281e+00
1.364453315734863281e+00
1.364453315734863281e+00
1.364453315734863281e+00
1.364453315734863281e+00
1.364453315734863281e+00
1.364453315734863281e+00
1.364453315734863281e+00
1.364453315734863281e+00
1.364453315734863281e+00
1.364453315734863281e+00
1.364453315734863281e+00
1.364453315734863281e+00
1.364453315734863281e+00
3.501225709915161133e-01
3.501225709915161133e-01
3.501225709915161133e-01
1.002904176712036133e+00
1.002904176712036133e+00
1.057840466499328613e+00
1.057840466499328613e+00
1.057840466499328613e+00
1.057840466499328613e+00
1.057840466499328613e+00
1.057840466499328613e+00
1.057840466499328613e+00
1.057840466499328613e+00
1.057840466499328613e+00
5.767428874969482422e-01
5.767428874969482422e-01
5.767428874969482422e-01
5.767428874969482422e-01
5.767428874969482422e-01
5.767428874969482422e-01
5.767428874969482422e-01
5.767428874969482422e-01
5.767428874969482422e-01
5.767428874969482422e-01
1.103317022323608398e+00
1.103317022323608398e+00
1.103317022323608398e+00
1.103317022323608398e+00
1.103317022323608398e+00
1.103317022323608398e+00
1.103317022323608398e+00
4.453160166740417480e-01
4.453160166740417480e-01
4.453160166740417480e-01
4.453160166740417480e-01
4.453160166740417480e-01
4.453160166740417480e-01
4.453160166740417480e-01
4.453160166740417480e-01
4.453160166740417480e-01
4.453160166740417480e-01
4.453160166740417480e-01
4.453160166740417480e-01
4.453160166740417480e-01
4.063275456428527832e-01
4.063275456428527832e-01
4.063275456428527832e-01
4.063275456428527832e-01
2.452443361282348633e+00
2.431626558303833008e+00
2.431626558303833008e+00
2.356812715530395508e+00
8.838642835617065430e-01
8.838642835617065430e-01
8.838642835617065430e-01
8.838642835617065430e-01
8.838642835617065430e-01
8.838642835617065430e-01
8.838642835617065430e-01
