1.871863126754760742e+00
1.871863126754760742e+00
1.871863126754760742e+00
1.871863126754760742e+00
1.871863126754760742e+00
1.871863126754760742e+00
1.871863126754760742e+00
1.871863126754760742e+00
1.871863126754760742e+00
1.871863126754760742e+00
3.457599878311157227e-01
3.457599878311157227e-01
3.457599878311157227e-01
3.457599878311157227e-01
3.457599878311157227e-01
3.457599878311157227e-01
3.457599878311157227e-01
3.457599878311157227e-01
3.457599878311157227e-01
2.037833929061889648e+00
2.037833929061889648e+00
7.433205842971801758e-01
4.502572119235992432e-01
4.502572119235992432e-01
5.028107762336730957e-01
5.028107762336730957e-01
5.028107762336730957e-01
1.284789800643920898e+00
1.357765436172485352e+00
1.357765436172485352e+00
1.357765436172485352e+00
1.357765436172485352e+00
1.357765436172485352e+00
1.357765436172485352e+00
9.536100625991821289e-01
9.536100625991821289e-01
9.536100625991821289e-01
9.536100625991821289e-01
9.536100625991821289e-01
9.536100625991821289e-01
8.775386214256286621e-01
8.775386214256286621e-01
8.775386214256286621e-01
8.775386214256286621e-01
8.775386214256286621e-01
8.775386214256286621e-01
8.775386214256286621e-01
8.775386214256286621e-01
8.775386214256286621e-01
8.775386214256286621e-01
8.775386214256286621e-01
8.775386214256286621e-01
8.775386214256286621e-01
8.775386214256286621e-01
8.775386214256286621e-01
3.827782273292541504e-01
3.827782273292541504e-01
1.240633249282836914e+00
1.240633249282836914e+00
1.240633249282836914e+00
1.240633249282836914e+00
1.352685213088989258e+00
1.352685213088989258e+00
1.352685213088989258e+00
1.352685213088989258e+00
1.352685213088989258e+00
1.518356800079345703e+00
1.518356800079345703e+00
1.518356800079345703e+00
1.518356800079345703e+00
1.518356800079345703e+00
1.234643697738647461e+00
1.234643697738647461e+00
1.234643697738647461e+00
1.529339671134948730e+00
1.529339671134948730e+00
1.529339671134948730e+00
1.529339671134948730e+00
1.529339671134948730e+00
2.206977844238281250e+00
1.675858020782470703e+00
1.675858020782470703e+00
1.675858020782470703e+00
1.675858020782470703e+00
1.675858020782470703e+00
1.675858020782470703e+00
1.675858020782470703e+00
1.675858020782470703e+00
1.641801238059997559e+00
1.641801238059997559e+00
1.641801238059997559e+00
1.641801238059997559e+00
1.641801238059997559e+00
1.641801238059997559e+00
1.641801238059997559e+00
1.641801238059997559e+00
1.641801238059997559e+00
1.641801238059997559e+00
1.218587160110473633e+00
1.218587160110473633e+00
1.218587160110473633e+00
9.008007049560546875e-01
9.008007049560546875e-01
9.008007049560546875e-01
9.008007049560546875e-01
9.008007049560546875e-01
9.008007049560546875e-01
9.008007049560546875e-01
9.008007049560546875e-01
9.008007049560546875e-01
9.008007049560546875e-01
9.008007049560546875e-01
9.762737154960632324e-01
1.172998666763305664e+00
1.172998666763305664e+00
1.172998666763305664e+00
1.312061786651611328e+00
1.312061786651611328e+00
1.476104259490966797e+00
1.474723577499389648e+00
5.301293134689331055e-01
5.301293134689331055e-01
5.301293134689331055e-01
5.301293134689331055e-01
5.301293134689331055e-01
5.301293134689331055e-01
5.301293134689331055e-01
1.201516270637512207e+00
1.258158087730407715e+00
1.258158087730407715e+00
1.258158087730407715e+00
1.258158087730407715e+00
1.258158087730407715e+00
1.258158087730407715e+00
1.258158087730407715e+00
1.258158087730407715e+00
1.258158087730407715e+00
1.258158087730407715e+00
1.258158087730407715e+00
1.258158087730407715e+00
1.258158087730407715e+00
1.258158087730407715e+00
1.063660025596618652e+00
1.063660025596618652e+00
1.063660025596618652e+00
1.063660025596618652e+00
1.063660025596618652e+00
1.063660025596618652e+00
1.063660025596618652e+00
6.438452005386352539e-01
6.438452005386352539e-01
6.438452005386352539e-01
6.438452005386352539e-01
6.438452005386352539e-01
6.438452005386352539e-01
6.438452005386352539e-01
6.438452005386352539e-01
6.775952577590942383e-01
1.596602082252502441e+00
1.596602082252502441e+00
1.596602082252502441e+00
1.016520142555236816e+00
1.016520142555236816e+00
1.016520142555236816e+00
1.016520142555236816e+00
1.016520142555236816e+00
1.016520142555236816e+00
1.604301214218139648e+00
1.604301214218139648e+00
1.604301214218139648e+00
1.604301214218139648e+00
6.868631243705749512e-01
6.868631243705749512e-01
6.868631243705749512e-01
6.868631243705749512e-01
6.868631243705749512e-01
6.868631243705749512e-01
6.868631243705749512e-01
7.284065485000610352e-01
7.284065485000610352e-01
9.523319005966186523e-01
9.523319005966186523e-01
9.523319005966186523e-01
9.523319005966186523e-01
9.523319005966186523e-01
9.523319005966186523e-01
1.287864327430725098e+00
1.287864327430725098e+00
1.287864327430725098e+00
1.287864327430725098e+00
1.287864327430725098e+00
1.287864327430725098e+00
1.287864327430725098e+00
1.287864327430725098e+00
1.287864327430725098e+00
1.287864327430725098e+00
1.287864327430725098e+00
1.287864327430725098e+00
1.287864327430725098e+00
1.287864327430725098e+00
1.287864327430725098e+00
1.287864327430725098e+00
1.287864327430725098e+00
1.287864327430725098e+00
1.287864327430725098e+00
1.287864327430725098e+00
1.287864327430725098e+00
1.287864327430725098e+00
5.315274000167846680e-01
1.495298147201538086e+00
4.649318456649780273e-01
4.649318456649780273e-01
9.870314002037048340e-01
9.870314002037048340e-01
9.870314002037048340e-01
1.233210563659667969e+00
1.233210563659667969e+00
1.233210563659667969e+00
2.070442438125610352e+00
2.070442438125610352e+00
1.665930390357971191e+00
1.665930390357971191e+00
9.566434621810913086e-01
9.566434621810913086e-01
1.552488088607788086e+00
1.552488088607788086e+00
1.552488088607788086e+00
1.552488088607788086e+00
1.552488088607788086e+00
1.552488088607788086e+00
1.552488088607788086e+00
1.233831405639648438e+00
1.233831405639648438e+00
1.233831405639648438e+00
1.233831405639648438e+00
1.233831405639648438e+00
1.233831405639648438e+00
1.233831405639648438e+00
1.233831405639648438e+00
1.233831405639648438e+00
1.233831405639648438e+00
1.233831405639648438e+00
1.233831405639648438e+00
1.233831405639648438e+00
1.233831405639648438e+00
2.011949300765991211e+00
2.011949300765991211e+00
2.011949300765991211e+00
2.011949300765991211e+00
2.011949300765991211e+00
2.011949300765991211e+00
2.011949300765991211e+00
2.011949300765991211e+00
2.011949300765991211e+00
2.011949300765991211e+00
2.011949300765991211e+00
1.174810886383056641e+00
1.174810886383056641e+00
1.174810886383056641e+00
1.174810886383056641e+00
1.064806699752807617e+00
1.064806699752807617e+00
1.064806699752807617e+00
1.017732381820678711e+00
1.017732381820678711e+00
1.017732381820678711e+00
1.017732381820678711e+00
1.017732381820678711e+00
1.017732381820678711e+00
1.017732381820678711e+00
1.017732381820678711e+00
1.017732381820678711e+00
1.017732381820678711e+00
1.017732381820678711e+00
1.017732381820678711e+00
1.017732381820678711e+00
1.017732381820678711e+00
1.017732381820678711e+00
1.023636579513549805e+00
1.023636579513549805e+00
1.023636579513549805e+00
1.023636579513549805e+00
1.023636579513549805e+00
1.023636579513549805e+00
1.023636579513549805e+00
1.023636579513549805e+00
1.023636579513549805e+00
1.023636579513549805e+00
1.023636579513549805e+00
1.023636579513549805e+00
1.023636579513549805e+00
2.075743675231933594e+00
2.075743675231933594e+00
2.384529352188110352e+00
2.384529352188110352e+00
4.635852575302124023e-01
4.635852575302124023e-01
4.635852575302124023e-01
1.736168503761291504e+00
1.736168503761291504e+00
1.990327835083007812e+00
2.374923706054687500e+00
2.374923706054687500e+00
2.374923706054687500e+00
2.374923706054687500e+00
3.142661571502685547e+00
3.142661571502685547e+00
3.142661571502685547e+00
3.142661571502685547e+00
3.142661571502685547e+00
3.142661571502685547e+00
2.324656486511230469e+00
5.582343339920043945e-01
1.445589780807495117e+00
1.445589780807495117e+00
1.445589780807495117e+00
5.608589053153991699e-01
5.608589053153991699e-01
5.608589053153991699e-01
5.608589053153991699e-01
1.884040832519531250e+00
2.028957605361938477e+00
2.028957605361938477e+00
2.028957605361938477e+00
2.028957605361938477e+00
5.433821678161621094e-01
5.433821678161621094e-01
5.433821678161621094e-01
1.610506772994995117e+00
1.610506772994995117e+00
1.610506772994995117e+00
1.610506772994995117e+00
1.610506772994995117e+00
1.610506772994995117e+00
1.610506772994995117e+00
1.610506772994995117e+00
1.684059143066406250e+00
1.684059143066406250e+00
1.684059143066406250e+00
1.684059143066406250e+00
1.684059143066406250e+00
1.684059143066406250e+00
1.684059143066406250e+00
1.684059143066406250e+00
1.684059143066406250e+00
1.684059143066406250e+00
1.931069850921630859e+00
1.931069850921630859e+00
1.931069850921630859e+00
1.931069850921630859e+00
1.931069850921630859e+00
1.931069850921630859e+00
1.931069850921630859e+00
1.931069850921630859e+00
1.931069850921630859e+00
1.931069850921630859e+00
1.931069850921630859e+00
1.931069850921630859e+00
1.931069850921630859e+00
7.482128143310546875e-01
7.482128143310546875e-01
7.482128143310546875e-01
7.482128143310546875e-01
7.482128143310546875e-01
7.482128143310546875e-01
7.482128143310546875e-01
7.482128143310546875e-01
7.482128143310546875e-01
7.482128143310546875e-01
7.482128143310546875e-01
7.482128143310546875e-01
7.482128143310546875e-01
7.482128143310546875e-01
7.482128143310546875e-01
7.482128143310546875e-01
7.482128143310546875e-01
7.482128143310546875e-01
7.482128143310546875e-01
7.482128143310546875e-01
7.482128143310546875e-01
7.482128143310546875e-01
7.482128143310546875e-01
7.482128143310546875e-01
7.482128143310546875e-01
7.482128143310546875e-01
7.482128143310546875e-01
7.482128143310546875e-01
7.482128143310546875e-01
7.482128143310546875e-01
7.482128143310546875e-01
7.482128143310546875e-01
7.482128143310546875e-01
7.482128143310546875e-01
7.482128143310546875e-01
7.482128143310546875e-01
7.482128143310546875e-01
7.482128143310546875e-01
7.482128143310546875e-01
7.482128143310546875e-01
7.482128143310546875e-01
4.831231832504272461e-01
4.831231832504272461e-01
4.831231832504272461e-01
2.056463241577148438e+00
2.056463241577148438e+00
2.056463241577148438e+00
2.056463241577148438e+00
3.244356870651245117e+00
3.244356870651245117e+00
3.244356870651245117e+00
3.244356870651245117e+00
3.244356870651245117e+00
3.244356870651245117e+00
3.244356870651245117e+00
3.244356870651245117e+00
3.244356870651245117e+00
3.244356870651245117e+00
3.485496044158935547e+00
2.475289821624755859e+00
2.475289821624755859e+00
2.081304550170898438e+00
2.081304550170898438e+00
2.081304550170898438e+00
2.081304550170898438e+00
2.081304550170898438e+00
1.762558698654174805e+00
1.762558698654174805e+00
1.762558698654174805e+00
1.762558698654174805e+00
1.762558698654174805e+00
1.062140941619873047e+00
1.132809758186340332e+00
1.132809758186340332e+00
1.132809758186340332e+00
1.132809758186340332e+00
1.132809758186340332e+00
1.132809758186340332e+00
1.132809758186340332e+00
1.132809758186340332e+00
1.132809758186340332e+00
1.132809758186340332e+00
1.132809758186340332e+00
1.132809758186340332e+00
1.132809758186340332e+00
1.067873835563659668e+00
1.067873835563659668e+00
1.067873835563659668e+00
1.067873835563659668e+00
1.067873835563659668e+00
1.067873835563659668e+00
5.630208253860473633e-01
5.630208253860473633e-01
5.630208253860473633e-01
1.204261302947998047e+00
1.485881209373474121e+00
3.390995502471923828e+00
3.514471769332885742e+00
3.514471769332885742e+00
3.829699277877807617e+00
1.217180013656616211e+00
1.217180013656616211e+00
1.217180013656616211e+00
1.473590970039367676e+00
4.867873787879943848e-01
4.867873787879943848e-01
4.867873787879943848e-01
4.867873787879943848e-01
4.867873787879943848e-01
4.867873787879943848e-01
4.867873787879943848e-01
4.867873787879943848e-01
4.867873787879943848e-01
4.867873787879943848e-01
4.867873787879943848e-01
4.867873787879943848e-01
4.867873787879943848e-01
4.867873787879943848e-01
4.867873787879943848e-01
4.867873787879943848e-01
4.867873787879943848e-01
4.867873787879943848e-01
4.867873787879943848e-01
4.867873787879943848e-01
4.867873787879943848e-01
4.867873787879943848e-01
4.867873787879943848e-01
4.867873787879943848e-01
4.867873787879943848e-01
7.589343786239624023e-01
7.589343786239624023e-01
7.589343786239624023e-01
8.227771520614624023e-01
7.293024659156799316e-01
7.293024659156799316e-01
7.293024659156799316e-01
7.293024659156799316e-01
7.293024659156799316e-01
5.897238254547119141e-01
5.897238254547119141e-01
5.897238254547119141e-01
5.897238254547119141e-01
5.897238254547119141e-01
5.897238254547119141e-01
2.011639356613159180e+00
2.011639356613159180e+00
2.011639356613159180e+00
8.534629344940185547e-01
8.534629344940185547e-01
8.534629344940185547e-01
8.534629344940185547e-01
8.534629344940185547e-01
8.534629344940185547e-01
8.534629344940185547e-01
8.534629344940185547e-01
8.534629344940185547e-01
8.534629344940185547e-01
1.576899409294128418e+00
1.576899409294128418e+00
1.576899409294128418e+00
1.576899409294128418e+00
1.576899409294128418e+00
1.600919127464294434e+00
1.600919127464294434e+00
8.212692141532897949e-01
8.212692141532897949e-01
8.212692141532897949e-01
8.212692141532897949e-01
8.212692141532897949e-01
1.229976296424865723e+00
1.229976296424865723e+00
1.229976296424865723e+00
1.229976296424865723e+00
1.229976296424865723e+00
1.229976296424865723e+00
1.229976296424865723e+00
1.178313851356506348e+00
1.429760217666625977e+00
1.429760217666625977e+00
1.429760217666625977e+00
1.429760217666625977e+00
1.429760217666625977e+00
1.429760217666625977e+00
7.750726342201232910e-01
7.750726342201232910e-01
7.750726342201232910e-01
7.750726342201232910e-01
7.750726342201232910e-01
7.750726342201232910e-01
7.750726342201232910e-01
7.750726342201232910e-01
1.053864359855651855e+00
1.053864359855651855e+00
1.053864359855651855e+00
4.484940767288208008e-01
4.484940767288208008e-01
4.484940767288208008e-01
4.484940767288208008e-01
4.484940767288208008e-01
8.340750336647033691e-01
8.340750336647033691e-01
8.340750336647033691e-01
8.340750336647033691e-01
8.340750336647033691e-01
8.340750336647033691e-01
8.340750336647033691e-01
8.340750336647033691e-01
1.262487053871154785e+00
1.262487053871154785e+00
1.262487053871154785e+00
1.262487053871154785e+00
5.681547522544860840e-01
5.681547522544860840e-01
5.681547522544860840e-01
5.681547522544860840e-01
5.681547522544860840e-01
5.681547522544860840e-01
5.681547522544860840e-01
5.681547522544860840e-01
5.681547522544860840e-01
5.681547522544860840e-01
5.681547522544860840e-01
5.681547522544860840e-01
5.681547522544860840e-01
5.681547522544860840e-01
5.681547522544860840e-01
5.681547522544860840e-01
5.681547522544860840e-01
6.095438599586486816e-01
6.095438599586486816e-01
6.095438599586486816e-01
8.923323154449462891e-01
8.923323154449462891e-01
8.923323154449462891e-01
5.927950739860534668e-01
5.927950739860534668e-01
5.927950739860534668e-01
5.927950739860534668e-01
5.927950739860534668e-01
5.927950739860534668e-01
5.927950739860534668e-01
5.927950739860534668e-01
5.927950739860534668e-01
5.927950739860534668e-01
5.927950739860534668e-01
5.927950739860534668e-01
5.927950739860534668e-01
5.927950739860534668e-01
5.927950739860534668e-01
5.927950739860534668e-01
5.927950739860534668e-01
5.927950739860534668e-01
5.927950739860534668e-01
5.927950739860534668e-01
5.927950739860534668e-01
5.927950739860534668e-01
5.927950739860534668e-01
5.927950739860534668e-01
8.068090081214904785e-01
8.068090081214904785e-01
8.068090081214904785e-01
8.068090081214904785e-01
8.068090081214904785e-01
8.068090081214904785e-01
8.068090081214904785e-01
8.068090081214904785e-01
8.068090081214904785e-01
8.068090081214904785e-01
8.068090081214904785e-01
8.068090081214904785e-01
8.068090081214904785e-01
8.548793792724609375e-01
8.548793792724609375e-01
4.061561107635498047e+00
2.181118249893188477e+00
1.313086032867431641e+00
1.313086032867431641e+00
4.369868040084838867e-01
4.369868040084838867e-01
4.369868040084838867e-01
4.369868040084838867e-01
4.369868040084838867e-01
4.369868040084838867e-01
4.369868040084838867e-01
4.369868040084838867e-01
4.369868040084838867e-01
4.369868040084838867e-01
4.369868040084838867e-01
4.369868040084838867e-01
4.369868040084838867e-01
1.931240081787109375e+00
6.018443107604980469e-01
6.018443107604980469e-01
6.018443107604980469e-01
6.018443107604980469e-01
6.018443107604980469e-01
6.018443107604980469e-01
6.018443107604980469e-01
6.018443107604980469e-01
6.018443107604980469e-01
6.018443107604980469e-01
6.018443107604980469e-01
6.018443107604980469e-01
6.018443107604980469e-01
6.018443107604980469e-01
8.147535920143127441e-01
8.147535920143127441e-01
8.147535920143127441e-01
8.147535920143127441e-01
8.147535920143127441e-01
8.147535920143127441e-01
8.147535920143127441e-01
8.147535920143127441e-01
8.147535920143127441e-01
8.147535920143127441e-01
8.147535920143127441e-01
8.147535920143127441e-01
8.147535920143127441e-01
8.147535920143127441e-01
8.147535920143127441e-01
8.147535920143127441e-01
8.147535920143127441e-01
8.147535920143127441e-01
8.147535920143127441e-01
8.147535920143127441e-01
4.908386230468750000e+00
3.897560119628906250e+00
1.681684255599975586e+00
1.681684255599975586e+00
8.544353842735290527e-01
8.544353842735290527e-01
8.544353842735290527e-01
8.544353842735290527e-01
8.544353842735290527e-01
8.544353842735290527e-01
8.544353842735290527e-01
8.544353842735290527e-01
8.544353842735290527e-01
8.544353842735290527e-01
8.544353842735290527e-01
8.544353842735290527e-01
8.544353842735290527e-01
8.544353842735290527e-01
8.544353842735290527e-01
8.544353842735290527e-01
1.291874408721923828e+00
1.647868871688842773e+00
1.441862344741821289e+00
1.441862344741821289e+00
1.441862344741821289e+00
1.441862344741821289e+00
1.441862344741821289e+00
1.441862344741821289e+00
1.441862344741821289e+00
1.441862344741821289e+00
1.441862344741821289e+00
1.441862344741821289e+00
1.441862344741821289e+00
1.441862344741821289e+00
1.441862344741821289e+00
1.193096160888671875e+00
9.618531465530395508e-01
9.618531465530395508e-01
9.618531465530395508e-01
9.618531465530395508e-01
9.618531465530395508e-01
9.618531465530395508e-01
1.465627551078796387e+00
1.465627551078796387e+00
1.465627551078796387e+00
1.465627551078796387e+00
4.111240386962890625e+00
4.111240386962890625e+00
4.111240386962890625e+00
3.734379768371582031e+00
3.734379768371582031e+00
3.734379768371582031e+00
3.734379768371582031e+00
2.962001800537109375e+00
2.962001800537109375e+00
9.048342704772949219e-01
9.048342704772949219e-01
9.048342704772949219e-01
9.048342704772949219e-01
9.048342704772949219e-01
9.048342704772949219e-01
9.048342704772949219e-01
9.048342704772949219e-01
9.048342704772949219e-01
9.048342704772949219e-01
9.048342704772949219e-01
9.048342704772949219e-01
9.048342704772949219e-01
9.048342704772949219e-01
9.048342704772949219e-01
9.048342704772949219e-01
9.048342704772949219e-01
6.774230003356933594e-01
6.774230003356933594e-01
6.774230003356933594e-01
3.009912371635437012e-01
3.009912371635437012e-01
3.009912371635437012e-01
3.009912371635437012e-01
3.009912371635437012e-01
3.009912371635437012e-01
1.090134620666503906e+00
1.090134620666503906e+00
1.090134620666503906e+00
1.090134620666503906e+00
2.011506319046020508e+00
2.011506319046020508e+00
2.011506319046020508e+00
2.011506319046020508e+00
2.011506319046020508e+00
1.864304780960083008e+00
1.864304780960083008e+00
1.864304780960083008e+00
1.864304780960083008e+00
1.864304780960083008e+00
1.810074806213378906e+00
1.810074806213378906e+00
1.810074806213378906e+00
1.810074806213378906e+00
1.810074806213378906e+00
1.810074806213378906e+00
1.810074806213378906e+00
1.810074806213378906e+00
1.810074806213378906e+00
1.810074806213378906e+00
1.624437808990478516e+00
1.624437808990478516e+00
8.217573165893554688e-01
8.217573165893554688e-01
8.217573165893554688e-01
8.217573165893554688e-01
8.217573165893554688e-01
8.217573165893554688e-01
8.217573165893554688e-01
8.217573165893554688e-01
8.217573165893554688e-01
8.217573165893554688e-01
8.217573165893554688e-01
8.217573165893554688e-01
8.217573165893554688e-01
8.217573165893554688e-01
8.217573165893554688e-01
8.217573165893554688e-01
8.217573165893554688e-01
8.217573165893554688e-01
8.217573165893554688e-01
8.217573165893554688e-01
8.217573165893554688e-01
8.217573165893554688e-01
8.217573165893554688e-01
8.217573165893554688e-01
8.217573165893554688e-01
8.217573165893554688e-01
8.217573165893554688e-01
8.217573165893554688e-01
1.010125517845153809e+00
1.010125517845153809e+00
1.010125517845153809e+00
1.304612874984741211e+00
1.304612874984741211e+00
1.304612874984741211e+00
1.304612874984741211e+00
1.304612874984741211e+00
4.294028878211975098e-01
4.294028878211975098e-01
4.294028878211975098e-01
4.294028878211975098e-01
4.294028878211975098e-01
4.294028878211975098e-01
4.294028878211975098e-01
4.294028878211975098e-01
1.128880262374877930e+00
1.128880262374877930e+00
1.128880262374877930e+00
1.128880262374877930e+00
1.674242019653320312e+00
2.049690723419189453e+00
2.602403402328491211e+00
2.602403402328491211e+00
2.602403402328491211e+00
2.602403402328491211e+00
2.602403402328491211e+00
2.602403402328491211e+00
2.602403402328491211e+00
2.435060739517211914e+00
6.594147682189941406e-01
1.043871283531188965e+00
1.043871283531188965e+00
1.043871283531188965e+00
1.043871283531188965e+00
1.043871283531188965e+00
1.043871283531188965e+00
1.043871283531188965e+00
1.043871283531188965e+00
1.043871283531188965e+00
1.043871283531188965e+00
1.043871283531188965e+00
1.043871283531188965e+00
8.301008343696594238e-01
8.301008343696594238e-01
8.301008343696594238e-01
8.301008343696594238e-01
5.054225325584411621e-01
5.054225325584411621e-01
5.054225325584411621e-01
5.054225325584411621e-01
5.054225325584411621e-01
5.054225325584411621e-01
5.054225325584411621e-01
5.054225325584411621e-01
5.054225325584411621e-01
1.948144197463989258e+00
2.271250009536743164e+00
2.271250009536743164e+00
2.271250009536743164e+00
1.762032866477966309e+00
8.470457792282104492e-01
8.470457792282104492e-01
8.470457792282104492e-01
1.366883516311645508e+00
1.366883516311645508e+00
1.366883516311645508e+00
1.366883516311645508e+00
1.366883516311645508e+00
1.366883516311645508e+00
1.832232236862182617e+00
1.832232236862182617e+00
1.832232236862182617e+00
1.832232236862182617e+00
1.832232236862182617e+00
1.015852808952331543e+00
1.015852808952331543e+00
1.015852808952331543e+00
1.015852808952331543e+00
1.015852808952331543e+00
6.696296930313110352e-01
6.696296930313110352e-01
6.696296930313110352e-01
6.696296930313110352e-01
6.696296930313110352e-01
6.696296930313110352e-01
6.696296930313110352e-01
7.393198609352111816e-01
7.393198609352111816e-01
7.393198609352111816e-01
7.393198609352111816e-01
7.393198609352111816e-01
7.393198609352111816e-01
7.393198609352111816e-01
6.184961795806884766e-01
6.184961795806884766e-01
6.184961795806884766e-01
6.184961795806884766e-01
1.029508709907531738e+00
1.029508709907531738e+00
4.400920271873474121e-01
8.165644407272338867e-01
8.165644407272338867e-01
8.381556272506713867e-01
8.381556272506713867e-01
8.381556272506713867e-01
8.381556272506713867e-01
8.381556272506713867e-01
8.381556272506713867e-01
8.381556272506713867e-01
8.381556272506713867e-01
8.381556272506713867e-01
8.381556272506713867e-01
8.381556272506713867e-01
8.381556272506713867e-01
8.381556272506713867e-01
8.381556272506713867e-01
8.381556272506713867e-01
8.381556272506713867e-01
8.381556272506713867e-01
8.381556272506713867e-01
6.638893485069274902e-01
6.638893485069274902e-01
6.638893485069274902e-01
6.638893485069274902e-01
1.699906110763549805e+00
1.998208284378051758e+00
4.975497722625732422e-01
4.975497722625732422e-01
4.975497722625732422e-01
4.975497722625732422e-01
4.975497722625732422e-01
4.975497722625732422e-01
4.975497722625732422e-01
4.975497722625732422e-01
4.975497722625732422e-01
4.975497722625732422e-01
4.975497722625732422e-01
8.356432914733886719e-01
8.356432914733886719e-01
8.356432914733886719e-01
8.356432914733886719e-01
8.356432914733886719e-01
4.297370016574859619e-01
4.297370016574859619e-01
4.297370016574859619e-01
4.297370016574859619e-01
4.297370016574859619e-01
4.297370016574859619e-01
1.153061985969543457e+00
1.153061985969543457e+00
1.153061985969543457e+00
1.153061985969543457e+00
1.153061985969543457e+00
1.153061985969543457e+00
1.153061985969543457e+00
7.323151826858520508e-01
7.323151826858520508e-01
1.352921485900878906e+00
1.352921485900878906e+00
1.352921485900878906e+00
1.352921485900878906e+00
1.350278973579406738e+00
1.350278973579406738e+00
1.120652198791503906e+00
1.120652198791503906e+00
1.120652198791503906e+00
2.975338459014892578e+00
2.975338459014892578e+00
2.975338459014892578e+00
2.975338459014892578e+00
1.614154219627380371e+00
1.614154219627380371e+00
1.614154219627380371e+00
1.614154219627380371e+00
1.614154219627380371e+00
1.614154219627380371e+00
1.614154219627380371e+00
1.614154219627380371e+00
1.614154219627380371e+00
1.614154219627380371e+00
1.614154219627380371e+00
1.614154219627380371e+00
1.614154219627380371e+00
1.614154219627380371e+00
1.614154219627380371e+00
1.614154219627380371e+00
1.614154219627380371e+00
1.385015249252319336e+00
1.385015249252319336e+00
1.385015249252319336e+00
1.385015249252319336e+00
1.385015249252319336e+00
1.385015249252319336e+00
1.385015249252319336e+00
1.385015249252319336e+00
1.385015249252319336e+00
1.005976080894470215e+00
8.463709950447082520e-01
8.463709950447082520e-01
8.463709950447082520e-01
8.463709950447082520e-01
8.463709950447082520e-01
8.463709950447082520e-01
8.463709950447082520e-01
1.622357964515686035e+00
6.517651081085205078e-01
6.517651081085205078e-01
6.517651081085205078e-01
7.205732464790344238e-01
7.205732464790344238e-01
7.205732464790344238e-01
7.205732464790344238e-01
7.205732464790344238e-01
7.205732464790344238e-01
7.205732464790344238e-01
7.205732464790344238e-01
4.648712277412414551e-01
4.648712277412414551e-01
4.648712277412414551e-01
4.648712277412414551e-01
5.312153100967407227e-01
5.312153100967407227e-01
5.312153100967407227e-01
5.312153100967407227e-01
5.312153100967407227e-01
5.312153100967407227e-01
5.312153100967407227e-01
5.312153100967407227e-01
5.312153100967407227e-01
5.312153100967407227e-01
6.581589579582214355e-01
6.581589579582214355e-01
6.581589579582214355e-01
6.581589579582214355e-01
2.183379650115966797e+00
1.643072843551635742e+00
1.643072843551635742e+00
2.259010314941406250e+00
2.259010314941406250e+00
2.259010314941406250e+00
2.259010314941406250e+00
2.259010314941406250e+00
2.259010314941406250e+00
2.259010314941406250e+00
2.259010314941406250e+00
2.259010314941406250e+00
2.259010314941406250e+00
6.705914735794067383e-01
6.705914735794067383e-01
6.705914735794067383e-01
6.705914735794067383e-01
6.705914735794067383e-01
6.705914735794067383e-01
1.046949863433837891e+00
5.856919288635253906e-01
5.856919288635253906e-01
5.856919288635253906e-01
5.856919288635253906e-01
5.856919288635253906e-01
5.856919288635253906e-01
5.856919288635253906e-01
9.464924335479736328e-01
9.464924335479736328e-01
9.464924335479736328e-01
9.464924335479736328e-01
8.458715081214904785e-01
8.458715081214904785e-01
8.458715081214904785e-01
8.458715081214904785e-01
8.458715081214904785e-01
1.905408620834350586e+00
1.905408620834350586e+00
1.905408620834350586e+00
1.905408620834350586e+00
1.905408620834350586e+00
1.905408620834350586e+00
1.905408620834350586e+00
1.905408620834350586e+00
1.905408620834350586e+00
1.406756758689880371e+00
1.406756758689880371e+00
1.406756758689880371e+00
1.255315542221069336e+00
2.268896102905273438e+00
2.268896102905273438e+00
3.213744640350341797e+00
6.008093357086181641e-01
6.008093357086181641e-01
7.228819131851196289e-01
7.228819131851196289e-01
7.228819131851196289e-01
7.228819131851196289e-01
7.228819131851196289e-01
1.160133481025695801e+00
5.507937669754028320e-01
5.507937669754028320e-01
5.507937669754028320e-01
5.507937669754028320e-01
5.507937669754028320e-01
5.507937669754028320e-01
7.559183239936828613e-01
7.559183239936828613e-01
7.559183239936828613e-01
7.559183239936828613e-01
7.559183239936828613e-01
7.559183239936828613e-01
7.559183239936828613e-01
7.559183239936828613e-01
7.559183239936828613e-01
7.559183239936828613e-01
7.559183239936828613e-01
7.559183239936828613e-01
7.559183239936828613e-01
7.559183239936828613e-01
7.559183239936828613e-01
7.559183239936828613e-01
7.559183239936828613e-01
7.559183239936828613e-01
7.559183239936828613e-01
7.559183239936828613e-01
7.559183239936828613e-01
7.559183239936828613e-01
7.559183239936828613e-01
7.559183239936828613e-01
7.559183239936828613e-01
7.559183239936828613e-01
7.559183239936828613e-01
7.559183239936828613e-01
7.559183239936828613e-01
7.559183239936828613e-01
2.700085639953613281e+00
4.044703960418701172e+00
4.044703960418701172e+00
4.044703960418701172e+00
4.044703960418701172e+00
3.260376930236816406e+00
2.797388553619384766e+00
4.795186519622802734e-01
4.795186519622802734e-01
4.795186519622802734e-01
4.795186519622802734e-01
4.795186519622802734e-01
1.072236537933349609e+00
1.072236537933349609e+00
1.072236537933349609e+00
1.072236537933349609e+00
1.072236537933349609e+00
1.072236537933349609e+00
1.072236537933349609e+00
1.072236537933349609e+00
5.868107080459594727e-01
5.868107080459594727e-01
5.868107080459594727e-01
9.682430028915405273e-01
9.682430028915405273e-01
9.682430028915405273e-01
9.682430028915405273e-01
9.682430028915405273e-01
9.682430028915405273e-01
9.682430028915405273e-01
9.682430028915405273e-01
1.275589585304260254e+00
2.785235404968261719e+00
6.775634288787841797e-01
6.775634288787841797e-01
6.775634288787841797e-01
6.775634288787841797e-01
6.775634288787841797e-01
6.775634288787841797e-01
6.775634288787841797e-01
6.775634288787841797e-01
6.775634288787841797e-01
6.775634288787841797e-01
6.775634288787841797e-01
6.775634288787841797e-01
8.549067974090576172e-01
8.549067974090576172e-01
8.549067974090576172e-01
8.549067974090576172e-01
7.427784204483032227e-01
7.427784204483032227e-01
7.427784204483032227e-01
7.427784204483032227e-01
7.427784204483032227e-01
7.427784204483032227e-01
7.427784204483032227e-01
7.427784204483032227e-01
7.427784204483032227e-01
7.427784204483032227e-01
7.427784204483032227e-01
7.427784204483032227e-01
7.427784204483032227e-01
7.427784204483032227e-01
7.427784204483032227e-01
7.427784204483032227e-01
7.427784204483032227e-01
6.128537058830261230e-01
6.128537058830261230e-01
6.128537058830261230e-01
6.128537058830261230e-01
6.128537058830261230e-01
6.128537058830261230e-01
6.128537058830261230e-01
6.128537058830261230e-01
6.128537058830261230e-01
6.128537058830261230e-01
6.128537058830261230e-01
6.128537058830261230e-01
6.128537058830261230e-01
6.128537058830261230e-01
6.128537058830261230e-01
6.128537058830261230e-01
6.128537058830261230e-01
1.738565206527709961e+00
1.738565206527709961e+00
1.738565206527709961e+00
1.738565206527709961e+00
1.571814775466918945e+00
1.571814775466918945e+00
1.571814775466918945e+00
1.571814775466918945e+00
1.571814775466918945e+00
1.571814775466918945e+00
1.571814775466918945e+00
1.644070625305175781e+00
1.138699054718017578e+00
1.138699054718017578e+00
1.217123270034790039e+00
1.217123270034790039e+00
8.249591588973999023e-01
8.249591588973999023e-01
8.249591588973999023e-01
8.249591588973999023e-01
8.249591588973999023e-01
8.249591588973999023e-01
8.249591588973999023e-01
8.249591588973999023e-01
8.249591588973999023e-01
8.249591588973999023e-01
8.249591588973999023e-01
8.249591588973999023e-01
8.249591588973999023e-01
8.249591588973999023e-01
8.249591588973999023e-01
8.249591588973999023e-01
8.249591588973999023e-01
8.249591588973999023e-01
8.249591588973999023e-01
8.249591588973999023e-01
8.249591588973999023e-01
5.613031387329101562e-01
5.613031387329101562e-01
9.783874750137329102e-01
9.783874750137329102e-01
9.783874750137329102e-01
9.783874750137329102e-01
9.783874750137329102e-01
9.783874750137329102e-01
9.783874750137329102e-01
9.783874750137329102e-01
7.413058280944824219e-01
7.413058280944824219e-01
7.413058280944824219e-01
7.413058280944824219e-01
7.413058280944824219e-01
7.413058280944824219e-01
7.413058280944824219e-01
7.413058280944824219e-01
1.642897129058837891e+00
1.642897129058837891e+00
1.642897129058837891e+00
1.551726579666137695e+00
1.551726579666137695e+00
1.551726579666137695e+00
1.551726579666137695e+00
1.070938348770141602e+00
5.671845078468322754e-01
5.671845078468322754e-01
5.671845078468322754e-01
5.671845078468322754e-01
5.671845078468322754e-01
5.671845078468322754e-01
4.461024701595306396e-01
4.461024701595306396e-01
4.461024701595306396e-01
4.461024701595306396e-01
4.461024701595306396e-01
1.985300540924072266e+00
1.985300540924072266e+00
3.142421245574951172e+00
2.316031455993652344e+00
2.316031455993652344e+00
5.773056745529174805e-01
4.981108903884887695e-01
4.981108903884887695e-01
7.571223378181457520e-01
7.571223378181457520e-01
7.571223378181457520e-01
7.571223378181457520e-01
7.571223378181457520e-01
7.571223378181457520e-01
1.401796460151672363e+00
1.401796460151672363e+00
1.401796460151672363e+00
1.401796460151672363e+00
1.401796460151672363e+00
1.401796460151672363e+00
1.401796460151672363e+00
1.401796460151672363e+00
1.401796460151672363e+00
1.401796460151672363e+00
1.401796460151672363e+00
1.401796460151672363e+00
1.401796460151672363e+00
1.401796460151672363e+00
1.401796460151672363e+00
1.401796460151672363e+00
1.401796460151672363e+00
1.401796460151672363e+00
1.401796460151672363e+00
1.401796460151672363e+00
1.401796460151672363e+00
4.807000756263732910e-01
4.807000756263732910e-01
4.807000756263732910e-01
4.807000756263732910e-01
4.807000756263732910e-01
4.807000756263732910e-01
4.807000756263732910e-01
4.807000756263732910e-01
4.807000756263732910e-01
4.807000756263732910e-01
4.807000756263732910e-01
4.807000756263732910e-01
6.232909560203552246e-01
6.232909560203552246e-01
6.232909560203552246e-01
6.232909560203552246e-01
6.232909560203552246e-01
6.232909560203552246e-01
6.232909560203552246e-01
6.232909560203552246e-01
6.232909560203552246e-01
1.619750022888183594e+00
1.619750022888183594e+00
1.619750022888183594e+00
1.619750022888183594e+00
1.619750022888183594e+00
1.619750022888183594e+00
1.619750022888183594e+00
1.619750022888183594e+00
1.619750022888183594e+00
1.619750022888183594e+00
8.716385364532470703e-01
8.716385364532470703e-01
8.716385364532470703e-01
8.716385364532470703e-01
8.716385364532470703e-01
8.716385364532470703e-01
8.716385364532470703e-01
7.670046091079711914e-01
7.670046091079711914e-01
7.670046091079711914e-01
4.053443372249603271e-01
4.053443372249603271e-01
4.053443372249603271e-01
4.053443372249603271e-01
4.053443372249603271e-01
4.053443372249603271e-01
4.053443372249603271e-01
1.637439846992492676e+00
1.637439846992492676e+00
1.637439846992492676e+00
1.637439846992492676e+00
6.926236152648925781e-01
6.926236152648925781e-01
6.926236152648925781e-01
6.926236152648925781e-01
6.926236152648925781e-01
7.547172307968139648e-01
7.547172307968139648e-01
8.015110492706298828e-01
1.081859111785888672e+00
1.081859111785888672e+00
1.081859111785888672e+00
4.102371931076049805e-01
4.102371931076049805e-01
4.102371931076049805e-01
4.102371931076049805e-01
4.102371931076049805e-01
4.102371931076049805e-01
4.102371931076049805e-01
4.102371931076049805e-01
4.102371931076049805e-01
4.102371931076049805e-01
4.102371931076049805e-01
4.102371931076049805e-01
4.102371931076049805e-01
4.102371931076049805e-01
4.102371931076049805e-01
4.102371931076049805e-01
4.102371931076049805e-01
4.102371931076049805e-01
1.256713032722473145e+00
1.256713032722473145e+00
7.060536146163940430e-01
7.060536146163940430e-01
7.060536146163940430e-01
7.060536146163940430e-01
7.060536146163940430e-01
7.060536146163940430e-01
7.060536146163940430e-01
7.060536146163940430e-01
7.060536146163940430e-01
7.060536146163940430e-01
7.060536146163940430e-01
6.664003133773803711e-01
6.664003133773803711e-01
6.664003133773803711e-01
1.631587028503417969e+00
1.631587028503417969e+00
1.631587028503417969e+00
1.631587028503417969e+00
1.631587028503417969e+00
1.631587028503417969e+00
1.631587028503417969e+00
7.712137103080749512e-01
7.712137103080749512e-01
7.712137103080749512e-01
7.712137103080749512e-01
7.712137103080749512e-01
7.712137103080749512e-01
7.712137103080749512e-01
7.712137103080749512e-01
7.712137103080749512e-01
7.712137103080749512e-01
7.712137103080749512e-01
7.712137103080749512e-01
7.712137103080749512e-01
7.712137103080749512e-01
7.712137103080749512e-01
7.712137103080749512e-01
2.132121562957763672e+00
4.173022508621215820e-01
4.173022508621215820e-01
4.173022508621215820e-01
4.173022508621215820e-01
4.173022508621215820e-01
4.173022508621215820e-01
4.173022508621215820e-01
4.173022508621215820e-01
4.173022508621215820e-01
4.173022508621215820e-01
1.449960231781005859e+00
2.534450531005859375e+00
2.534450531005859375e+00
2.534450531005859375e+00
1.673087120056152344e+00
1.498421311378479004e+00
2.073878765106201172e+00
2.073878765106201172e+00
2.073878765106201172e+00
2.073878765106201172e+00
2.073878765106201172e+00
1.627257347106933594e+00
1.627257347106933594e+00
1.985724091529846191e+00
1.985724091529846191e+00
1.985724091529846191e+00
1.985724091529846191e+00
1.985724091529846191e+00
1.985724091529846191e+00
1.985724091529846191e+00
1.985724091529846191e+00
7.503508329391479492e-01
7.503508329391479492e-01
7.503508329391479492e-01
7.503508329391479492e-01
7.503508329391479492e-01
7.503508329391479492e-01
7.503508329391479492e-01
7.503508329391479492e-01
7.503508329391479492e-01
7.503508329391479492e-01
7.503508329391479492e-01
7.503508329391479492e-01
8.484941720962524414e-01
8.484941720962524414e-01
8.484941720962524414e-01
8.484941720962524414e-01
8.484941720962524414e-01
8.484941720962524414e-01
8.484941720962524414e-01
7.053774595260620117e-01
7.053774595260620117e-01
7.053774595260620117e-01
7.053774595260620117e-01
7.053774595260620117e-01
7.053774595260620117e-01
7.053774595260620117e-01
7.053774595260620117e-01
7.053774595260620117e-01
1.740852117538452148e+00
3.202692985534667969e+00
2.165565013885498047e+00
2.165565013885498047e+00
2.165565013885498047e+00
2.165565013885498047e+00
2.165565013885498047e+00
2.165565013885498047e+00
2.165565013885498047e+00
2.165565013885498047e+00
2.165565013885498047e+00
2.165565013885498047e+00
2.165565013885498047e+00
2.165565013885498047e+00
2.165565013885498047e+00
6.660296916961669922e-01
6.660296916961669922e-01
6.660296916961669922e-01
6.660296916961669922e-01
6.660296916961669922e-01
6.660296916961669922e-01
6.660296916961669922e-01
6.660296916961669922e-01
6.660296916961669922e-01
6.660296916961669922e-01
6.660296916961669922e-01
6.660296916961669922e-01
6.660296916961669922e-01
9.932749271392822266e-01
7.457460165023803711e-01
1.477750539779663086e+00
5.127932429313659668e-01
5.127932429313659668e-01
5.127932429313659668e-01
5.127932429313659668e-01
5.127932429313659668e-01
5.441692471504211426e-01
5.441692471504211426e-01
5.441692471504211426e-01
5.441692471504211426e-01
5.441692471504211426e-01
5.441692471504211426e-01
5.441692471504211426e-01
5.441692471504211426e-01
5.441692471504211426e-01
5.441692471504211426e-01
5.441692471504211426e-01
5.441692471504211426e-01
5.441692471504211426e-01
5.441692471504211426e-01
5.441692471504211426e-01
1.114842176437377930e+00
1.114842176437377930e+00
1.114842176437377930e+00
1.114842176437377930e+00
1.114842176437377930e+00
1.114842176437377930e+00
1.114842176437377930e+00
1.114842176437377930e+00
1.114842176437377930e+00
9.621484875679016113e-01
9.621484875679016113e-01
9.621484875679016113e-01
9.621484875679016113e-01
9.621484875679016113e-01
9.621484875679016113e-01
9.621484875679016113e-01
9.621484875679016113e-01
9.621484875679016113e-01
9.621484875679016113e-01
9.621484875679016113e-01
9.621484875679016113e-01
9.621484875679016113e-01
9.621484875679016113e-01
9.621484875679016113e-01
9.621484875679016113e-01
9.621484875679016113e-01
9.621484875679016113e-01
9.621484875679016113e-01
9.621484875679016113e-01
9.621484875679016113e-01
9.621484875679016113e-01
9.621484875679016113e-01
9.621484875679016113e-01
9.621484875679016113e-01
9.621484875679016113e-01
9.621484875679016113e-01
9.621484875679016113e-01
9.621484875679016113e-01
9.621484875679016113e-01
9.621484875679016113e-01
6.453011035919189453e-01
6.453011035919189453e-01
6.453011035919189453e-01
6.318050026893615723e-01
6.318050026893615723e-01
6.318050026893615723e-01
6.318050026893615723e-01
6.318050026893615723e-01
6.318050026893615723e-01
6.318050026893615723e-01
6.318050026893615723e-01
6.318050026893615723e-01
6.318050026893615723e-01
6.318050026893615723e-01
6.318050026893615723e-01
6.318050026893615723e-01
6.318050026893615723e-01
1.435860395431518555e+00
1.435860395431518555e+00
1.435860395431518555e+00
1.137524485588073730e+00
1.137524485588073730e+00
1.137524485588073730e+00
5.510910153388977051e-01
5.510910153388977051e-01
5.510910153388977051e-01
5.510910153388977051e-01
5.510910153388977051e-01
5.510910153388977051e-01
5.510910153388977051e-01
1.132284402847290039e+00
1.132284402847290039e+00
1.132284402847290039e+00
1.132284402847290039e+00
1.132284402847290039e+00
1.132284402847290039e+00
1.132284402847290039e+00
1.132284402847290039e+00
1.132284402847290039e+00
1.132284402847290039e+00
1.183854579925537109e+00
1.183854579925537109e+00
1.183854579925537109e+00
8.635546565055847168e-01
8.635546565055847168e-01
8.635546565055847168e-01
8.635546565055847168e-01
8.635546565055847168e-01
8.635546565055847168e-01
8.635546565055847168e-01
8.635546565055847168e-01
8.635546565055847168e-01
8.635546565055847168e-01
8.635546565055847168e-01
8.635546565055847168e-01
6.837031841278076172e-01
6.837031841278076172e-01
6.837031841278076172e-01
6.837031841278076172e-01
6.837031841278076172e-01
6.837031841278076172e-01
6.837031841278076172e-01
6.837031841278076172e-01
9.505637884140014648e-01
9.505637884140014648e-01
9.505637884140014648e-01
1.633416295051574707e+00
2.824980735778808594e+00
2.551156520843505859e+00
1.001571416854858398e+00
1.001571416854858398e+00
1.001571416854858398e+00
1.001571416854858398e+00
1.001571416854858398e+00
1.001571416854858398e+00
8.983913064002990723e-01
8.983913064002990723e-01
8.983913064002990723e-01
8.983913064002990723e-01
8.983913064002990723e-01
8.983913064002990723e-01
8.983913064002990723e-01
8.983913064002990723e-01
8.983913064002990723e-01
8.983913064002990723e-01
8.983913064002990723e-01
8.983913064002990723e-01
8.983913064002990723e-01
8.983913064002990723e-01
8.983913064002990723e-01
8.983913064002990723e-01
5.585643649101257324e-01
1.278834581375122070e+00
1.278834581375122070e+00
1.278834581375122070e+00
1.278834581375122070e+00
1.278834581375122070e+00
1.278834581375122070e+00
1.278834581375122070e+00
1.278834581375122070e+00
1.278834581375122070e+00
1.278834581375122070e+00
9.581414461135864258e-01
9.581414461135864258e-01
9.581414461135864258e-01
2.678037166595458984e+00
2.923779487609863281e+00
2.923779487609863281e+00
2.923779487609863281e+00
2.923779487609863281e+00
2.923779487609863281e+00
2.033872127532958984e+00
2.033872127532958984e+00
1.470174074172973633e+00
1.470174074172973633e+00
1.470174074172973633e+00
1.470174074172973633e+00
1.470174074172973633e+00
1.470174074172973633e+00
1.470174074172973633e+00
1.470174074172973633e+00
6.994059681892395020e-01
6.994059681892395020e-01
5.660663843154907227e-01
5.660663843154907227e-01
5.660663843154907227e-01
5.660663843154907227e-01
5.660663843154907227e-01
5.660663843154907227e-01
5.660663843154907227e-01
5.660663843154907227e-01
5.660663843154907227e-01
5.660663843154907227e-01
5.660663843154907227e-01
1.620253801345825195e+00
1.620253801345825195e+00
1.620253801345825195e+00
1.538664698600769043e+00
1.538664698600769043e+00
1.538664698600769043e+00
1.538664698600769043e+00
1.538664698600769043e+00
1.538664698600769043e+00
9.780872464179992676e-01
9.780872464179992676e-01
9.780872464179992676e-01
9.780872464179992676e-01
9.780872464179992676e-01
9.780872464179992676e-01
9.780872464179992676e-01
3.213756799697875977e+00
3.036472797393798828e-01
1.577159881591796875e+00
1.577159881591796875e+00
1.387489080429077148e+00
1.387489080429077148e+00
1.387489080429077148e+00
1.387489080429077148e+00
1.387489080429077148e+00
1.387489080429077148e+00
1.387489080429077148e+00
1.387489080429077148e+00
1.387489080429077148e+00
1.042130470275878906e+00
1.042130470275878906e+00
1.042130470275878906e+00
1.042130470275878906e+00
1.042130470275878906e+00
1.042130470275878906e+00
1.042130470275878906e+00
1.042130470275878906e+00
1.042130470275878906e+00
1.042130470275878906e+00
1.042130470275878906e+00
1.042130470275878906e+00
1.042130470275878906e+00
1.042130470275878906e+00
1.042130470275878906e+00
1.042130470275878906e+00
1.042130470275878906e+00
1.042130470275878906e+00
1.042130470275878906e+00
1.042130470275878906e+00
1.306696534156799316e+00
1.654770493507385254e+00
1.654770493507385254e+00
1.654770493507385254e+00
1.654770493507385254e+00
1.654770493507385254e+00
3.708192110061645508e-01
3.708192110061645508e-01
1.429826140403747559e+00
1.744388580322265625e+00
1.744388580322265625e+00
1.744388580322265625e+00
1.744388580322265625e+00
3.812690973281860352e-01
3.812690973281860352e-01
3.812690973281860352e-01
3.812690973281860352e-01
3.812690973281860352e-01
3.812690973281860352e-01
1.318467497825622559e+00
1.318467497825622559e+00
1.318467497825622559e+00
1.318467497825622559e+00
1.318467497825622559e+00
1.190971255302429199e+00
1.190971255302429199e+00
1.190971255302429199e+00
1.190971255302429199e+00
1.190971255302429199e+00
1.056396603584289551e+00
1.056396603584289551e+00
1.056396603584289551e+00
1.056396603584289551e+00
1.056396603584289551e+00
1.056396603584289551e+00
1.056396603584289551e+00
1.254622340202331543e+00
1.254622340202331543e+00
1.254622340202331543e+00
1.254622340202331543e+00
1.254622340202331543e+00
1.254622340202331543e+00
1.254622340202331543e+00
1.254622340202331543e+00
1.254622340202331543e+00
1.557809829711914062e+00
1.557809829711914062e+00
1.557809829711914062e+00
1.557809829711914062e+00
1.557809829711914062e+00
1.557809829711914062e+00
1.557809829711914062e+00
1.389689803123474121e+00
1.389689803123474121e+00
1.389689803123474121e+00
1.514322996139526367e+00
1.514322996139526367e+00
1.514322996139526367e+00
2.430280923843383789e+00
2.430280923843383789e+00
2.430280923843383789e+00
1.906248807907104492e+00
1.620225071907043457e+00
1.233667492866516113e+00
1.233667492866516113e+00
1.233667492866516113e+00
1.233667492866516113e+00
1.233667492866516113e+00
1.233667492866516113e+00
1.312517285346984863e+00
1.312517285346984863e+00
1.312517285346984863e+00
1.604067325592041016e+00
1.604067325592041016e+00
1.604067325592041016e+00
1.604067325592041016e+00
1.604067325592041016e+00
1.604067325592041016e+00
1.604067325592041016e+00
1.604067325592041016e+00
7.645152211189270020e-01
7.645152211189270020e-01
7.645152211189270020e-01
7.645152211189270020e-01
7.645152211189270020e-01
7.645152211189270020e-01
7.645152211189270020e-01
7.645152211189270020e-01
7.405076026916503906e-01
7.405076026916503906e-01
7.405076026916503906e-01
7.405076026916503906e-01
7.405076026916503906e-01
1.198079943656921387e+00
1.198079943656921387e+00
1.198079943656921387e+00
1.198079943656921387e+00
1.198079943656921387e+00
1.198079943656921387e+00
1.198079943656921387e+00
1.198079943656921387e+00
1.411417245864868164e+00
1.411417245864868164e+00
1.411417245864868164e+00
1.411417245864868164e+00
1.411417245864868164e+00
1.411417245864868164e+00
7.977534532546997070e-01
7.977534532546997070e-01
7.977534532546997070e-01
7.977534532546997070e-01
4.050707519054412842e-01
5.822880268096923828e-01
5.822880268096923828e-01
5.822880268096923828e-01
5.822880268096923828e-01
5.827493071556091309e-01
5.827493071556091309e-01
5.827493071556091309e-01
7.643388509750366211e-01
7.643388509750366211e-01
7.643388509750366211e-01
7.643388509750366211e-01
7.643388509750366211e-01
7.643388509750366211e-01
7.643388509750366211e-01
7.643388509750366211e-01
7.643388509750366211e-01
7.643388509750366211e-01
7.643388509750366211e-01
7.643388509750366211e-01
7.643388509750366211e-01
7.643388509750366211e-01
7.643388509750366211e-01
7.643388509750366211e-01
7.643388509750366211e-01
7.643388509750366211e-01
7.643388509750366211e-01
7.643388509750366211e-01
7.643388509750366211e-01
7.643388509750366211e-01
7.643388509750366211e-01
7.643388509750366211e-01
7.132729887962341309e-01
7.132729887962341309e-01
7.132729887962341309e-01
7.132729887962341309e-01
7.132729887962341309e-01
1.087217569351196289e+00
6.641479134559631348e-01
6.641479134559631348e-01
6.792425513267517090e-01
6.792425513267517090e-01
6.792425513267517090e-01
6.792425513267517090e-01
6.792425513267517090e-01
6.792425513267517090e-01
6.792425513267517090e-01
8.441911339759826660e-01
2.156130552291870117e+00
2.156130552291870117e+00
2.156130552291870117e+00
2.156130552291870117e+00
9.404741525650024414e-01
9.404741525650024414e-01
9.404741525650024414e-01
9.404741525650024414e-01
9.404741525650024414e-01
9.111583828926086426e-01
9.111583828926086426e-01
9.111583828926086426e-01
9.111583828926086426e-01
9.111583828926086426e-01
7.024573087692260742e-01
7.024573087692260742e-01
7.024573087692260742e-01
7.024573087692260742e-01
7.024573087692260742e-01
5.745001435279846191e-01
7.308019995689392090e-01
6.392163038253784180e-01
6.392163038253784180e-01
6.392163038253784180e-01
6.392163038253784180e-01
6.392163038253784180e-01
6.392163038253784180e-01
6.392163038253784180e-01
6.392163038253784180e-01
6.392163038253784180e-01
8.679654598236083984e-01
2.270152091979980469e+00
1.432852029800415039e+00
1.432852029800415039e+00
1.432852029800415039e+00
1.432852029800415039e+00
1.432852029800415039e+00
1.432852029800415039e+00
1.432852029800415039e+00
1.432852029800415039e+00
1.432852029800415039e+00
1.432852029800415039e+00
1.432852029800415039e+00
1.432852029800415039e+00
1.432852029800415039e+00
1.432852029800415039e+00
1.432852029800415039e+00
1.432852029800415039e+00
1.776414990425109863e+00
1.776414990425109863e+00
1.776414990425109863e+00
1.776414990425109863e+00
1.776414990425109863e+00
1.776414990425109863e+00
1.776414990425109863e+00
1.776414990425109863e+00
1.776414990425109863e+00
1.776414990425109863e+00
1.776414990425109863e+00
1.776414990425109863e+00
1.776414990425109863e+00
1.776414990425109863e+00
1.776414990425109863e+00
1.776414990425109863e+00
1.776414990425109863e+00
1.776414990425109863e+00
1.776414990425109863e+00
1.776414990425109863e+00
1.776414990425109863e+00
1.756023883819580078e+00
1.756023883819580078e+00
1.756023883819580078e+00
1.756023883819580078e+00
1.756023883819580078e+00
1.756023883819580078e+00
1.756023883819580078e+00
1.904526472091674805e+00
1.904526472091674805e+00
9.014360904693603516e-01
9.014360904693603516e-01
9.710121154785156250e-01
1.797067761421203613e+00
1.712547540664672852e+00
1.712547540664672852e+00
1.712547540664672852e+00
1.712547540664672852e+00
1.712547540664672852e+00
1.712547540664672852e+00
1.712547540664672852e+00
1.712547540664672852e+00
1.712547540664672852e+00
1.712547540664672852e+00
1.712547540664672852e+00
1.712547540664672852e+00
7.240215539932250977e-01
1.692612648010253906e+00
1.692612648010253906e+00
1.547039270401000977e+00
1.547039270401000977e+00
1.547039270401000977e+00
1.547039270401000977e+00
9.237813949584960938e-01
9.237813949584960938e-01
9.237813949584960938e-01
1.331884384155273438e+00
1.331884384155273438e+00
1.331884384155273438e+00
1.331884384155273438e+00
1.331884384155273438e+00
1.331884384155273438e+00
5.798509716987609863e-01
5.798509716987609863e-01
5.798509716987609863e-01
5.798509716987609863e-01
6.878324151039123535e-01
1.653289675712585449e+00
1.653289675712585449e+00
1.653289675712585449e+00
1.653289675712585449e+00
1.653289675712585449e+00
1.731453180313110352e+00
1.731453180313110352e+00
1.731453180313110352e+00
1.731453180313110352e+00
1.289519429206848145e+00
1.289519429206848145e+00
1.289519429206848145e+00
4.921955466270446777e-01
4.921955466270446777e-01
4.921955466270446777e-01
4.921955466270446777e-01
4.921955466270446777e-01
4.921955466270446777e-01
4.921955466270446777e-01
4.921955466270446777e-01
4.921955466270446777e-01
5.640135407447814941e-01
5.640135407447814941e-01
5.640135407447814941e-01
5.640135407447814941e-01
5.640135407447814941e-01
5.640135407447814941e-01
5.640135407447814941e-01
9.357017278671264648e-01
9.357017278671264648e-01
9.357017278671264648e-01
9.357017278671264648e-01
9.357017278671264648e-01
9.357017278671264648e-01
9.357017278671264648e-01
9.357017278671264648e-01
9.357017278671264648e-01
9.357017278671264648e-01
9.357017278671264648e-01
9.357017278671264648e-01
9.357017278671264648e-01
9.357017278671264648e-01
9.357017278671264648e-01
9.357017278671264648e-01
9.357017278671264648e-01
9.357017278671264648e-01
9.357017278671264648e-01
9.357017278671264648e-01
9.357017278671264648e-01
9.357017278671264648e-01
9.357017278671264648e-01
9.357017278671264648e-01
9.357017278671264648e-01
9.357017278671264648e-01
9.357017278671264648e-01
9.357017278671264648e-01
9.357017278671264648e-01
9.357017278671264648e-01
9.357017278671264648e-01
9.357017278671264648e-01
9.357017278671264648e-01
3.949766159057617188e-01
3.949766159057617188e-01
9.905850887298583984e-01
9.905850887298583984e-01
1.259717822074890137e+00
1.259717822074890137e+00
1.259717822074890137e+00
1.259717822074890137e+00
1.259717822074890137e+00
1.259717822074890137e+00
1.259717822074890137e+00
1.259717822074890137e+00
1.259717822074890137e+00
1.259717822074890137e+00
1.259717822074890137e+00
1.259717822074890137e+00
1.043661832809448242e+00
1.043661832809448242e+00
1.043661832809448242e+00
1.043661832809448242e+00
1.043661832809448242e+00
1.043661832809448242e+00
1.043661832809448242e+00
1.043661832809448242e+00
1.043661832809448242e+00
1.083743095397949219e+00
1.979354262351989746e+00
1.979354262351989746e+00
1.979354262351989746e+00
1.994426369667053223e+00
1.961772680282592773e+00
1.961772680282592773e+00
1.961772680282592773e+00
1.961772680282592773e+00
7.560123205184936523e-01
7.560123205184936523e-01
7.560123205184936523e-01
7.560123205184936523e-01
7.560123205184936523e-01
7.560123205184936523e-01
8.493946790695190430e-01
8.493946790695190430e-01
8.493946790695190430e-01
8.493946790695190430e-01
8.493946790695190430e-01
8.493946790695190430e-01
8.493946790695190430e-01
8.493946790695190430e-01
8.493946790695190430e-01
8.493946790695190430e-01
8.493946790695190430e-01
8.493946790695190430e-01
8.493946790695190430e-01
8.493946790695190430e-01
8.493946790695190430e-01
8.493946790695190430e-01
8.493946790695190430e-01
8.493946790695190430e-01
8.493946790695190430e-01
8.493946790695190430e-01
8.493946790695190430e-01
8.493946790695190430e-01
8.493946790695190430e-01
8.493946790695190430e-01
8.493946790695190430e-01
8.493946790695190430e-01
2.419857978820800781e+00
3.132272243499755859e+00
6.852338314056396484e-01
6.852338314056396484e-01
6.852338314056396484e-01
6.852338314056396484e-01
6.852338314056396484e-01
6.852338314056396484e-01
6.852338314056396484e-01
6.852338314056396484e-01
6.852338314056396484e-01
4.012469649314880371e-01
4.012469649314880371e-01
4.012469649314880371e-01
4.012469649314880371e-01
4.012469649314880371e-01
4.012469649314880371e-01
4.012469649314880371e-01
4.012469649314880371e-01
4.012469649314880371e-01
4.012469649314880371e-01
4.012469649314880371e-01
4.012469649314880371e-01
4.012469649314880371e-01
4.012469649314880371e-01
4.012469649314880371e-01
4.012469649314880371e-01
4.012469649314880371e-01
4.012469649314880371e-01
4.012469649314880371e-01
4.012469649314880371e-01
1.250863075256347656e+00
9.063295722007751465e-01
9.063295722007751465e-01
9.063295722007751465e-01
9.063295722007751465e-01
9.063295722007751465e-01
9.063295722007751465e-01
9.063295722007751465e-01
1.009887695312500000e+00
1.009887695312500000e+00
1.009887695312500000e+00
7.845748662948608398e-01
7.845748662948608398e-01
7.845748662948608398e-01
7.845748662948608398e-01
7.845748662948608398e-01
7.845748662948608398e-01
7.845748662948608398e-01
7.845748662948608398e-01
7.845748662948608398e-01
7.845748662948608398e-01
7.845748662948608398e-01
7.845748662948608398e-01
7.845748662948608398e-01
3.544913232326507568e-01
1.279618024826049805e+00
1.279618024826049805e+00
1.279618024826049805e+00
1.279618024826049805e+00
1.279618024826049805e+00
1.279618024826049805e+00
1.279618024826049805e+00
1.279618024826049805e+00
1.279618024826049805e+00
2.419115066528320312e+00
2.419115066528320312e+00
2.419115066528320312e+00
2.419115066528320312e+00
2.419115066528320312e+00
2.419115066528320312e+00
2.419115066528320312e+00
2.419115066528320312e+00
2.086694002151489258e+00
2.086694002151489258e+00
2.086694002151489258e+00
1.798217296600341797e+00
7.253299951553344727e-01
7.253299951553344727e-01
7.253299951553344727e-01
7.253299951553344727e-01
8.729401230812072754e-01
8.729401230812072754e-01
1.049656391143798828e+00
1.049656391143798828e+00
1.049656391143798828e+00
1.049656391143798828e+00
1.049656391143798828e+00
1.049656391143798828e+00
7.452206611633300781e-01
7.452206611633300781e-01
7.452206611633300781e-01
7.452206611633300781e-01
7.452206611633300781e-01
7.452206611633300781e-01
7.452206611633300781e-01
7.452206611633300781e-01
7.452206611633300781e-01
7.452206611633300781e-01
7.452206611633300781e-01
7.452206611633300781e-01
7.452206611633300781e-01
7.452206611633300781e-01
7.452206611633300781e-01
7.452206611633300781e-01
7.452206611633300781e-01
7.452206611633300781e-01
7.452206611633300781e-01
7.452206611633300781e-01
3.895040452480316162e-01
3.895040452480316162e-01
3.895040452480316162e-01
3.895040452480316162e-01
1.198729515075683594e+00
1.625739455223083496e+00
1.625739455223083496e+00
1.625739455223083496e+00
1.625739455223083496e+00
1.173287868499755859e+00
1.173287868499755859e+00
4.317663908004760742e-01
4.317663908004760742e-01
2.055874347686767578e+00
2.055874347686767578e+00
2.055874347686767578e+00
2.055874347686767578e+00
2.055874347686767578e+00
7.208961248397827148e-01
7.208961248397827148e-01
7.208961248397827148e-01
7.169952392578125000e-01
7.169952392578125000e-01
7.169952392578125000e-01
7.169952392578125000e-01
7.169952392578125000e-01
1.814342260360717773e+00
1.814342260360717773e+00
1.814342260360717773e+00
2.024532794952392578e+00
2.024532794952392578e+00
2.916669845581054688e+00
2.916669845581054688e+00
2.916669845581054688e+00
3.422306776046752930e+00
3.422306776046752930e+00
3.846947431564331055e+00
3.967678070068359375e+00
1.556006193161010742e+00
1.232314229011535645e+00
1.232314229011535645e+00
1.232314229011535645e+00
1.232314229011535645e+00
1.232314229011535645e+00
1.232314229011535645e+00
1.025135278701782227e+00
1.025135278701782227e+00
1.025135278701782227e+00
1.025135278701782227e+00
1.025135278701782227e+00
1.025135278701782227e+00
1.025135278701782227e+00
1.025135278701782227e+00
1.025135278701782227e+00
1.025135278701782227e+00
1.025135278701782227e+00
1.025135278701782227e+00
1.025135278701782227e+00
1.025135278701782227e+00
1.025135278701782227e+00
1.025135278701782227e+00
1.025135278701782227e+00
1.025135278701782227e+00
1.025135278701782227e+00
5.072146058082580566e-01
5.072146058082580566e-01
5.072146058082580566e-01
5.072146058082580566e-01
5.072146058082580566e-01
1.152081251144409180e+00
1.068099856376647949e+00
1.068099856376647949e+00
1.068099856376647949e+00
9.151133298873901367e-01
9.151133298873901367e-01
9.151133298873901367e-01
9.151133298873901367e-01
9.151133298873901367e-01
9.151133298873901367e-01
9.151133298873901367e-01
9.151133298873901367e-01
1.419795989990234375e+00
1.419795989990234375e+00
1.276834249496459961e+00
1.276834249496459961e+00
4.224843978881835938e-01
4.224843978881835938e-01
8.434913158416748047e-01
8.434913158416748047e-01
8.434913158416748047e-01
8.434913158416748047e-01
8.434913158416748047e-01
8.434913158416748047e-01
8.434913158416748047e-01
8.434913158416748047e-01
8.434913158416748047e-01
1.189592361450195312e+00
1.189592361450195312e+00
1.189592361450195312e+00
1.189592361450195312e+00
1.189592361450195312e+00
1.189592361450195312e+00
1.189592361450195312e+00
7.828307151794433594e-01
7.828307151794433594e-01
7.828307151794433594e-01
7.828307151794433594e-01
1.992163538932800293e+00
1.992163538932800293e+00
8.080865144729614258e-01
8.080865144729614258e-01
8.080865144729614258e-01
8.080865144729614258e-01
8.080865144729614258e-01
8.080865144729614258e-01
8.080865144729614258e-01
1.797725915908813477e+00
1.797725915908813477e+00
6.477444171905517578e-01
6.477444171905517578e-01
6.477444171905517578e-01
6.477444171905517578e-01
1.743608117103576660e+00
1.743608117103576660e+00
1.743608117103576660e+00
1.743608117103576660e+00
1.743608117103576660e+00
1.743608117103576660e+00
1.929207086563110352e+00
1.929207086563110352e+00
1.929207086563110352e+00
1.929207086563110352e+00
1.672899961471557617e+00
1.687271475791931152e+00
1.687271475791931152e+00
2.383132457733154297e+00
2.425401926040649414e+00
2.425401926040649414e+00
2.425401926040649414e+00
1.959170579910278320e+00
1.959170579910278320e+00
1.959170579910278320e+00
1.959170579910278320e+00
1.526331901550292969e+00
6.609284281730651855e-01
1.212127089500427246e+00
1.212127089500427246e+00
4.165725111961364746e-01
4.165725111961364746e-01
4.165725111961364746e-01
4.165725111961364746e-01
4.165725111961364746e-01
4.165725111961364746e-01
4.165725111961364746e-01
4.165725111961364746e-01
4.165725111961364746e-01
4.165725111961364746e-01
4.165725111961364746e-01
4.165725111961364746e-01
4.165725111961364746e-01
4.165725111961364746e-01
4.165725111961364746e-01
4.165725111961364746e-01
4.165725111961364746e-01
3.046289205551147461e+00
3.046289205551147461e+00
3.046289205551147461e+00
3.046289205551147461e+00
2.588215351104736328e+00
1.730480670928955078e+00
1.730480670928955078e+00
2.004336118698120117e+00
2.004336118698120117e+00
2.004336118698120117e+00
2.004336118698120117e+00
2.004336118698120117e+00
2.004336118698120117e+00
1.932699322700500488e+00
1.932699322700500488e+00
2.601289272308349609e+00
2.601289272308349609e+00
2.601289272308349609e+00
2.601289272308349609e+00
2.601289272308349609e+00
5.508055686950683594e-01
5.508055686950683594e-01
5.508055686950683594e-01
5.508055686950683594e-01
5.508055686950683594e-01
5.508055686950683594e-01
5.508055686950683594e-01
5.508055686950683594e-01
5.508055686950683594e-01
5.508055686950683594e-01
5.508055686950683594e-01
5.508055686950683594e-01
6.991385817527770996e-01
6.991385817527770996e-01
6.991385817527770996e-01
6.991385817527770996e-01
6.991385817527770996e-01
6.991385817527770996e-01
5.921849608421325684e-01
5.921849608421325684e-01
5.921849608421325684e-01
1.178549289703369141e+00
1.178549289703369141e+00
1.178549289703369141e+00
1.178549289703369141e+00
1.178549289703369141e+00
1.178549289703369141e+00
1.178549289703369141e+00
1.178549289703369141e+00
1.178549289703369141e+00
1.178549289703369141e+00
1.178549289703369141e+00
1.178549289703369141e+00
1.017596006393432617e+00
1.017596006393432617e+00
1.017596006393432617e+00
1.017596006393432617e+00
2.567455291748046875e+00
1.636616706848144531e+00
1.636616706848144531e+00
1.198144793510437012e+00
1.198144793510437012e+00
7.143363952636718750e-01
6.275549530982971191e-01
6.275549530982971191e-01
6.275549530982971191e-01
6.275549530982971191e-01
6.275549530982971191e-01
6.594011187553405762e-01
6.594011187553405762e-01
6.594011187553405762e-01
6.594011187553405762e-01
6.594011187553405762e-01
6.594011187553405762e-01
6.594011187553405762e-01
6.594011187553405762e-01
6.594011187553405762e-01
6.594011187553405762e-01
6.594011187553405762e-01
6.594011187553405762e-01
6.153696179389953613e-01
1.418679594993591309e+00
1.418679594993591309e+00
1.053376674652099609e+00
1.053376674652099609e+00
1.053376674652099609e+00
4.000085592269897461e-01
4.000085592269897461e-01
4.000085592269897461e-01
4.000085592269897461e-01
4.000085592269897461e-01
4.000085592269897461e-01
4.000085592269897461e-01
4.000085592269897461e-01
4.000085592269897461e-01
4.000085592269897461e-01
4.000085592269897461e-01
4.000085592269897461e-01
4.000085592269897461e-01
4.000085592269897461e-01
9.481429457664489746e-01
9.481429457664489746e-01
9.481429457664489746e-01
9.481429457664489746e-01
9.481429457664489746e-01
9.481429457664489746e-01
9.481429457664489746e-01
9.481429457664489746e-01
2.886034488677978516e+00
2.886034488677978516e+00
3.914052486419677734e+00
3.914052486419677734e+00
3.914052486419677734e+00
3.753701210021972656e+00
2.434484720230102539e+00
2.164046287536621094e+00
2.164046287536621094e+00
2.164046287536621094e+00
1.645465612411499023e+00
1.645465612411499023e+00
3.056497097015380859e+00
2.018098831176757812e+00
2.018098831176757812e+00
2.018098831176757812e+00
2.018098831176757812e+00
2.018098831176757812e+00
2.018098831176757812e+00
2.018098831176757812e+00
1.695180416107177734e+00
1.695180416107177734e+00
2.844098091125488281e+00
4.631869792938232422e-01
4.557216167449951172e-01
1.011099100112915039e+00
1.011099100112915039e+00
1.011099100112915039e+00
1.011099100112915039e+00
1.011099100112915039e+00
4.107078313827514648e-01
4.107078313827514648e-01
4.107078313827514648e-01
4.107078313827514648e-01
4.107078313827514648e-01
4.107078313827514648e-01
5.050507783889770508e-01
5.050507783889770508e-01
5.050507783889770508e-01
5.050507783889770508e-01
5.050507783889770508e-01
5.050507783889770508e-01
1.470230340957641602e+00
1.470230340957641602e+00
1.470230340957641602e+00
1.470230340957641602e+00
1.470230340957641602e+00
1.470230340957641602e+00
1.470230340957641602e+00
1.470230340957641602e+00
1.470230340957641602e+00
1.470230340957641602e+00
8.373141288757324219e-01
8.373141288757324219e-01
6.531134843826293945e-01
8.005343675613403320e-01
8.005343675613403320e-01
8.005343675613403320e-01
8.005343675613403320e-01
8.005343675613403320e-01
8.005343675613403320e-01
8.005343675613403320e-01
8.005343675613403320e-01
8.005343675613403320e-01
8.005343675613403320e-01
8.005343675613403320e-01
8.005343675613403320e-01
8.005343675613403320e-01
8.005343675613403320e-01
8.961233496665954590e-01
8.961233496665954590e-01
8.961233496665954590e-01
8.961233496665954590e-01
8.961233496665954590e-01
8.961233496665954590e-01
8.961233496665954590e-01
8.961233496665954590e-01
8.083809018135070801e-01
8.083809018135070801e-01
8.083809018135070801e-01
8.083809018135070801e-01
8.083809018135070801e-01
8.083809018135070801e-01
8.083809018135070801e-01
8.083809018135070801e-01
2.177981376647949219e+00
2.177981376647949219e+00
2.177981376647949219e+00
2.184260845184326172e+00
2.184260845184326172e+00
2.184260845184326172e+00
2.189697980880737305e+00
2.189697980880737305e+00
2.189697980880737305e+00
1.648510217666625977e+00
1.648510217666625977e+00
1.165334343910217285e+00
1.165334343910217285e+00
1.165334343910217285e+00
1.165334343910217285e+00
1.165334343910217285e+00
1.165334343910217285e+00
1.165334343910217285e+00
1.165334343910217285e+00
1.165334343910217285e+00
1.078339695930480957e+00
1.684486389160156250e+00
1.684486389160156250e+00
1.684486389160156250e+00
1.684486389160156250e+00
1.684486389160156250e+00
1.684486389160156250e+00
1.684486389160156250e+00
1.488728046417236328e+00
1.488728046417236328e+00
1.006967425346374512e+00
1.006967425346374512e+00
7.822978496551513672e-01
7.822978496551513672e-01
7.822978496551513672e-01
7.822978496551513672e-01
7.822978496551513672e-01
7.771658897399902344e-01
7.771658897399902344e-01
7.771658897399902344e-01
7.771658897399902344e-01
7.771658897399902344e-01
7.771658897399902344e-01
6.909360885620117188e-01
6.909360885620117188e-01
6.909360885620117188e-01
6.909360885620117188e-01
6.909360885620117188e-01
6.909360885620117188e-01
6.909360885620117188e-01
6.909360885620117188e-01
6.909360885620117188e-01
6.909360885620117188e-01
6.909360885620117188e-01
6.909360885620117188e-01
6.909360885620117188e-01
6.909360885620117188e-01
6.909360885620117188e-01
6.909360885620117188e-01
6.909360885620117188e-01
6.909360885620117188e-01
6.909360885620117188e-01
6.909360885620117188e-01
1.385731339454650879e+00
1.385731339454650879e+00
1.385731339454650879e+00
1.385731339454650879e+00
1.287673473358154297e+00
8.489183187484741211e-01
8.489183187484741211e-01
8.489183187484741211e-01
8.489183187484741211e-01
8.489183187484741211e-01
9.707294702529907227e-01
9.707294702529907227e-01
9.707294702529907227e-01
1.973480939865112305e+00
1.013602972030639648e+00
1.013602972030639648e+00
1.036367893218994141e+00
1.036367893218994141e+00
1.036367893218994141e+00
1.036367893218994141e+00
1.036367893218994141e+00
1.036367893218994141e+00
1.036367893218994141e+00
5.018754005432128906e-01
5.018754005432128906e-01
5.018754005432128906e-01
5.018754005432128906e-01
5.018754005432128906e-01
1.261061191558837891e+00
1.261061191558837891e+00
1.261061191558837891e+00
1.261061191558837891e+00
9.585366845130920410e-01
9.585366845130920410e-01
1.540472269058227539e+00
1.540472269058227539e+00
1.540472269058227539e+00
1.540472269058227539e+00
1.540472269058227539e+00
3.493264913558959961e-01
3.493264913558959961e-01
3.493264913558959961e-01
3.493264913558959961e-01
3.493264913558959961e-01
3.493264913558959961e-01
3.493264913558959961e-01
3.493264913558959961e-01
1.676939487457275391e+00
8.355181217193603516e-01
8.355181217193603516e-01
8.355181217193603516e-01
8.355181217193603516e-01
8.355181217193603516e-01
8.355181217193603516e-01
8.355181217193603516e-01
8.355181217193603516e-01
8.355181217193603516e-01
8.355181217193603516e-01
8.355181217193603516e-01
8.355181217193603516e-01
8.355181217193603516e-01
6.638091206550598145e-01
6.638091206550598145e-01
5.662431716918945312e-01
8.311378359794616699e-01
8.311378359794616699e-01
7.832682728767395020e-01
7.832682728767395020e-01
7.832682728767395020e-01
5.087394118309020996e-01
5.087394118309020996e-01
5.087394118309020996e-01
5.087394118309020996e-01
5.087394118309020996e-01
5.087394118309020996e-01
5.087394118309020996e-01
5.087394118309020996e-01
5.087394118309020996e-01
5.087394118309020996e-01
5.087394118309020996e-01
5.087394118309020996e-01
5.087394118309020996e-01
5.087394118309020996e-01
9.743107557296752930e-01
9.743107557296752930e-01
9.743107557296752930e-01
9.743107557296752930e-01
9.743107557296752930e-01
9.743107557296752930e-01
9.743107557296752930e-01
9.743107557296752930e-01
9.743107557296752930e-01
9.743107557296752930e-01
9.743107557296752930e-01
9.743107557296752930e-01
9.743107557296752930e-01
9.743107557296752930e-01
9.743107557296752930e-01
9.743107557296752930e-01
9.743107557296752930e-01
9.743107557296752930e-01
9.743107557296752930e-01
1.216290354728698730e+00
1.216290354728698730e+00
1.216290354728698730e+00
9.495447874069213867e-01
1.681233406066894531e+00
1.681233406066894531e+00
1.681233406066894531e+00
1.681233406066894531e+00
1.681233406066894531e+00
2.050219774246215820e+00
2.050219774246215820e+00
1.601470708847045898e+00
1.791712403297424316e+00
1.791712403297424316e+00
1.791712403297424316e+00
5.730441808700561523e-01
5.730441808700561523e-01
5.730441808700561523e-01
5.730441808700561523e-01
5.730441808700561523e-01
5.730441808700561523e-01
5.730441808700561523e-01
5.730441808700561523e-01
5.730441808700561523e-01
5.730441808700561523e-01
6.016923785209655762e-01
6.016923785209655762e-01
6.016923785209655762e-01
7.662487626075744629e-01
7.706524133682250977e-01
7.706524133682250977e-01
7.706524133682250977e-01
7.706524133682250977e-01
7.706524133682250977e-01
7.706524133682250977e-01
7.706524133682250977e-01
7.706524133682250977e-01
7.706524133682250977e-01
7.706524133682250977e-01
7.706524133682250977e-01
7.706524133682250977e-01
7.706524133682250977e-01
7.706524133682250977e-01
7.706524133682250977e-01
7.706524133682250977e-01
7.706524133682250977e-01
7.706524133682250977e-01
7.706524133682250977e-01
7.706524133682250977e-01
7.706524133682250977e-01
7.706524133682250977e-01
7.706524133682250977e-01
7.706524133682250977e-01
7.706524133682250977e-01
7.706524133682250977e-01
7.706524133682250977e-01
7.706524133682250977e-01
7.706524133682250977e-01
7.706524133682250977e-01
7.706524133682250977e-01
7.706524133682250977e-01
7.706524133682250977e-01
2.294060707092285156e+00
2.842761278152465820e+00
6.133487224578857422e-01
6.133487224578857422e-01
6.133487224578857422e-01
1.418266415596008301e+00
7.213518619537353516e-01
7.213518619537353516e-01
7.213518619537353516e-01
7.213518619537353516e-01
7.213518619537353516e-01
7.213518619537353516e-01
7.213518619537353516e-01
7.213518619537353516e-01
7.213518619537353516e-01
7.213518619537353516e-01
7.213518619537353516e-01
7.213518619537353516e-01
7.213518619537353516e-01
7.213518619537353516e-01
7.213518619537353516e-01
1.186633110046386719e+00
1.186633110046386719e+00
1.186633110046386719e+00
1.186633110046386719e+00
1.186633110046386719e+00
1.186633110046386719e+00
1.186633110046386719e+00
1.186633110046386719e+00
1.186633110046386719e+00
1.186633110046386719e+00
1.186633110046386719e+00
1.186633110046386719e+00
1.186633110046386719e+00
1.186633110046386719e+00
1.186633110046386719e+00
1.186633110046386719e+00
1.186633110046386719e+00
1.186633110046386719e+00
1.186633110046386719e+00
1.186633110046386719e+00
1.186633110046386719e+00
1.186633110046386719e+00
1.186633110046386719e+00
1.186633110046386719e+00
1.186633110046386719e+00
6.155973076820373535e-01
2.105236530303955078e+00
1.192154169082641602e+00
1.192154169082641602e+00
1.192154169082641602e+00
1.192154169082641602e+00
1.192154169082641602e+00
1.192154169082641602e+00
1.192154169082641602e+00
1.192154169082641602e+00
1.192154169082641602e+00
7.110565900802612305e-01
7.110565900802612305e-01
5.444375276565551758e-01
5.444375276565551758e-01
5.444375276565551758e-01
5.444375276565551758e-01
5.444375276565551758e-01
5.444375276565551758e-01
5.444375276565551758e-01
1.429043650627136230e+00
1.429043650627136230e+00
1.429043650627136230e+00
1.429043650627136230e+00
1.365164995193481445e+00
9.698482751846313477e-01
9.698482751846313477e-01
9.698482751846313477e-01
3.118472695350646973e-01
3.118472695350646973e-01
3.118472695350646973e-01
3.118472695350646973e-01
3.118472695350646973e-01
3.118472695350646973e-01
3.118472695350646973e-01
3.118472695350646973e-01
3.118472695350646973e-01
3.107877016067504883e+00
3.107877016067504883e+00
3.107877016067504883e+00
3.107877016067504883e+00
3.068888664245605469e+00
3.068888664245605469e+00
3.068888664245605469e+00
1.064669847488403320e+00
1.064669847488403320e+00
1.064669847488403320e+00
1.043853044509887695e+00
1.043853044509887695e+00
9.690392613410949707e-01
9.690392613410949707e-01
9.690392613410949707e-01
9.690392613410949707e-01
9.690392613410949707e-01
9.690392613410949707e-01
9.690392613410949707e-01
9.690392613410949707e-01
9.690392613410949707e-01
5.049961805343627930e-01
5.049961805343627930e-01
5.049961805343627930e-01
5.049961805343627930e-01
5.021752715110778809e-01
5.021752715110778809e-01
