6.370003223419189453e-01
6.370003223419189453e-01
7.730777263641357422e-01
1.480068445205688477e+00
1.480068445205688477e+00
1.480068445205688477e+00
1.480068445205688477e+00
1.480068445205688477e+00
1.670407652854919434e+00
1.059713959693908691e+00
1.059713959693908691e+00
1.059713959693908691e+00
1.059713959693908691e+00
1.059713959693908691e+00
1.059713959693908691e+00
1.059713959693908691e+00
6.052666306495666504e-01
6.052666306495666504e-01
6.052666306495666504e-01
6.052666306495666504e-01
1.284961462020874023e+00
8.502634167671203613e-01
9.173244833946228027e-01
1.670533895492553711e+00
1.647033095359802246e+00
1.647033095359802246e+00
1.344367980957031250e+00
1.479245543479919434e+00
1.479245543479919434e+00
1.676410198211669922e+00
1.676410198211669922e+00
1.676410198211669922e+00
2.269257068634033203e+00
2.269257068634033203e+00
2.269257068634033203e+00
2.473551511764526367e+00
9.331281185150146484e-01
9.331281185150146484e-01
9.331281185150146484e-01
9.331281185150146484e-01
9.739905595779418945e-01
9.739905595779418945e-01
9.739905595779418945e-01
9.739905595779418945e-01
9.739905595779418945e-01
9.739905595779418945e-01
9.739905595779418945e-01
9.739905595779418945e-01
9.739905595779418945e-01
9.739905595779418945e-01
1.111218690872192383e+00
1.111218690872192383e+00
7.945225834846496582e-01
7.945225834846496582e-01
7.945225834846496582e-01
7.945225834846496582e-01
7.945225834846496582e-01
7.945225834846496582e-01
7.945225834846496582e-01
1.069386720657348633e+00
1.069386720657348633e+00
1.069386720657348633e+00
1.069386720657348633e+00
1.069386720657348633e+00
1.069386720657348633e+00
1.075544834136962891e+00
1.075544834136962891e+00
1.075544834136962891e+00
1.075544834136962891e+00
1.324879050254821777e+00
1.324879050254821777e+00
1.324879050254821777e+00
1.324879050254821777e+00
1.324879050254821777e+00
1.324879050254821777e+00
1.324879050254821777e+00
1.324879050254821777e+00
1.885056495666503906e+00
1.885056495666503906e+00
1.885056495666503906e+00
1.402005195617675781e+00
1.402005195617675781e+00
1.402005195617675781e+00
1.402005195617675781e+00
1.402005195617675781e+00
1.402005195617675781e+00
1.402005195617675781e+00
3.950829505920410156e-01
1.093422055244445801e+00
1.093422055244445801e+00
1.093422055244445801e+00
1.093422055244445801e+00
1.093422055244445801e+00
1.093422055244445801e+00
1.093422055244445801e+00
1.093422055244445801e+00
1.093422055244445801e+00
8.927164077758789062e-01
8.927164077758789062e-01
8.927164077758789062e-01
8.927164077758789062e-01
1.766794204711914062e+00
1.766794204711914062e+00
5.281956195831298828e-01
5.281956195831298828e-01
1.188136577606201172e+00
1.188136577606201172e+00
1.188136577606201172e+00
1.188136577606201172e+00
1.188136577606201172e+00
1.188136577606201172e+00
1.188136577606201172e+00
2.225383996963500977e+00
2.225383996963500977e+00
3.489361763000488281e+00
1.333173751831054688e+00
1.333173751831054688e+00
1.333173751831054688e+00
1.333173751831054688e+00
1.333173751831054688e+00
1.333173751831054688e+00
1.333173751831054688e+00
1.333173751831054688e+00
1.333173751831054688e+00
8.362174034118652344e-01
8.362174034118652344e-01
8.362174034118652344e-01
8.362174034118652344e-01
8.362174034118652344e-01
8.362174034118652344e-01
8.362174034118652344e-01
8.362174034118652344e-01
8.362174034118652344e-01
8.362174034118652344e-01
8.362174034118652344e-01
8.362174034118652344e-01
8.362174034118652344e-01
8.362174034118652344e-01
8.362174034118652344e-01
8.362174034118652344e-01
8.362174034118652344e-01
8.362174034118652344e-01
8.001418709754943848e-01
8.001418709754943848e-01
8.001418709754943848e-01
8.001418709754943848e-01
8.001418709754943848e-01
8.001418709754943848e-01
8.001418709754943848e-01
8.001418709754943848e-01
8.001418709754943848e-01
8.001418709754943848e-01
8.001418709754943848e-01
8.001418709754943848e-01
9.752682447433471680e-01
9.752682447433471680e-01
9.752682447433471680e-01
9.752682447433471680e-01
9.752682447433471680e-01
1.117718815803527832e+00
5.694946050643920898e-01
3.731743097305297852e-01
1.563448071479797363e+00
1.563448071479797363e+00
1.563448071479797363e+00
1.563448071479797363e+00
1.876507282257080078e+00
1.876507282257080078e+00
1.096400022506713867e+00
1.096400022506713867e+00
1.096400022506713867e+00
1.096400022506713867e+00
1.096400022506713867e+00
1.096400022506713867e+00
5.857092142105102539e-01
5.857092142105102539e-01
1.410824179649353027e+00
1.410824179649353027e+00
1.410824179649353027e+00
5.049468278884887695e-01
5.049468278884887695e-01
5.049468278884887695e-01
8.052629232406616211e-01
8.052629232406616211e-01
8.407311439514160156e-01
7.888007760047912598e-01
7.888007760047912598e-01
7.888007760047912598e-01
3.889215290546417236e-01
1.777199268341064453e+00
2.098892688751220703e+00
2.098892688751220703e+00
2.098892688751220703e+00
2.098892688751220703e+00
1.538040876388549805e+00
1.538040876388549805e+00
1.538040876388549805e+00
8.946095108985900879e-01
8.946095108985900879e-01
8.946095108985900879e-01
8.946095108985900879e-01
6.756703853607177734e-01
1.581352114677429199e+00
1.581352114677429199e+00
1.110877633094787598e+00
1.336479306221008301e+00
7.558872699737548828e-01
7.558872699737548828e-01
7.558872699737548828e-01
7.558872699737548828e-01
7.692315578460693359e-01
7.692315578460693359e-01
7.692315578460693359e-01
7.692315578460693359e-01
7.692315578460693359e-01
7.692315578460693359e-01
7.692315578460693359e-01
9.962910413742065430e-01
9.962910413742065430e-01
9.962910413742065430e-01
9.962910413742065430e-01
9.962910413742065430e-01
9.962910413742065430e-01
9.962910413742065430e-01
9.675896763801574707e-01
1.107282042503356934e+00
1.107282042503356934e+00
1.107282042503356934e+00
1.107282042503356934e+00
1.107282042503356934e+00
7.435667514801025391e-01
7.435667514801025391e-01
7.435667514801025391e-01
7.435667514801025391e-01
7.435667514801025391e-01
1.326654195785522461e+00
1.326654195785522461e+00
1.330814123153686523e+00
1.330814123153686523e+00
1.330814123153686523e+00
1.330814123153686523e+00
9.944972991943359375e-01
9.944972991943359375e-01
6.635910272598266602e-01
6.635910272598266602e-01
6.635910272598266602e-01
6.635910272598266602e-01
6.635910272598266602e-01
6.635910272598266602e-01
6.635910272598266602e-01
8.303325176239013672e-01
1.342120885848999023e+00
1.211818695068359375e+00
1.134747743606567383e+00
1.134747743606567383e+00
1.372754335403442383e+00
1.372754335403442383e+00
1.372754335403442383e+00
1.372754335403442383e+00
1.372754335403442383e+00
7.048096060752868652e-01
7.048096060752868652e-01
7.048096060752868652e-01
7.048096060752868652e-01
7.048096060752868652e-01
7.048096060752868652e-01
7.048096060752868652e-01
7.048096060752868652e-01
7.048096060752868652e-01
7.048096060752868652e-01
7.048096060752868652e-01
7.048096060752868652e-01
7.048096060752868652e-01
7.048096060752868652e-01
7.048096060752868652e-01
1.652203321456909180e+00
1.652203321456909180e+00
1.809308052062988281e+00
1.809308052062988281e+00
1.809308052062988281e+00
1.474493265151977539e+00
1.474493265151977539e+00
1.474493265151977539e+00
1.474493265151977539e+00
1.474493265151977539e+00
1.474493265151977539e+00
1.776868581771850586e+00
1.776868581771850586e+00
1.776868581771850586e+00
1.871792316436767578e+00
1.700387954711914062e+00
1.050248265266418457e+00
1.050248265266418457e+00
1.050248265266418457e+00
1.050248265266418457e+00
1.050248265266418457e+00
1.050248265266418457e+00
1.050248265266418457e+00
1.050248265266418457e+00
1.050248265266418457e+00
1.050248265266418457e+00
1.169144868850708008e+00
6.933379769325256348e-01
6.933379769325256348e-01
6.933379769325256348e-01
6.933379769325256348e-01
6.933379769325256348e-01
6.933379769325256348e-01
1.317254781723022461e+00
1.317254781723022461e+00
1.317254781723022461e+00
1.317254781723022461e+00
1.317254781723022461e+00
1.343960523605346680e+00
1.343960523605346680e+00
3.125450372695922852e+00
2.080760002136230469e+00
1.598519921302795410e+00
1.598519921302795410e+00
1.111798167228698730e+00
1.111798167228698730e+00
1.111798167228698730e+00
1.111798167228698730e+00
1.111798167228698730e+00
1.111798167228698730e+00
1.111798167228698730e+00
6.045820713043212891e-01
1.895997643470764160e+00
1.895997643470764160e+00
1.895997643470764160e+00
1.895997643470764160e+00
2.746977806091308594e+00
3.567083120346069336e+00
2.526553392410278320e+00
2.526553392410278320e+00
2.526553392410278320e+00
1.184325218200683594e+00
1.184325218200683594e+00
1.184325218200683594e+00
1.184325218200683594e+00
1.164168000221252441e+00
1.164168000221252441e+00
1.164168000221252441e+00
1.282450914382934570e+00
1.282450914382934570e+00
8.455480933189392090e-01
8.455480933189392090e-01
8.455480933189392090e-01
7.205803990364074707e-01
7.205803990364074707e-01
7.205803990364074707e-01
7.205803990364074707e-01
7.205803990364074707e-01
7.205803990364074707e-01
7.205803990364074707e-01
7.205803990364074707e-01
7.205803990364074707e-01
7.205803990364074707e-01
7.205803990364074707e-01
7.205803990364074707e-01
7.205803990364074707e-01
7.205803990364074707e-01
7.205803990364074707e-01
2.994820594787597656e+00
2.433250427246093750e+00
1.202208280563354492e+00
1.202208280563354492e+00
7.426255941390991211e-01
7.426255941390991211e-01
7.426255941390991211e-01
7.426255941390991211e-01
7.426255941390991211e-01
7.426255941390991211e-01
7.426255941390991211e-01
7.426255941390991211e-01
7.426255941390991211e-01
8.618019819259643555e-01
8.618019819259643555e-01
8.618019819259643555e-01
1.411694765090942383e+00
1.411694765090942383e+00
1.411694765090942383e+00
1.654716491699218750e+00
1.852491259574890137e+00
1.738043189048767090e+00
1.738043189048767090e+00
1.738043189048767090e+00
1.738043189048767090e+00
1.738043189048767090e+00
1.738043189048767090e+00
1.738043189048767090e+00
1.738043189048767090e+00
1.047583818435668945e+00
1.047583818435668945e+00
1.047583818435668945e+00
1.047583818435668945e+00
1.047583818435668945e+00
1.047583818435668945e+00
8.781616091728210449e-01
8.781616091728210449e-01
8.781616091728210449e-01
5.118732452392578125e-01
7.917479276657104492e-01
7.917479276657104492e-01
7.917479276657104492e-01
7.917479276657104492e-01
7.917479276657104492e-01
7.917479276657104492e-01
7.917479276657104492e-01
7.917479276657104492e-01
1.239187002182006836e+00
1.239187002182006836e+00
1.239187002182006836e+00
8.100882172584533691e-01
8.100882172584533691e-01
8.100882172584533691e-01
8.100882172584533691e-01
1.273529887199401855e+00
6.661961674690246582e-01
6.661961674690246582e-01
6.661961674690246582e-01
6.661961674690246582e-01
6.661961674690246582e-01
6.661961674690246582e-01
6.289097666740417480e-01
6.289097666740417480e-01
6.289097666740417480e-01
6.289097666740417480e-01
5.715370774269104004e-01
5.715370774269104004e-01
5.715370774269104004e-01
5.715370774269104004e-01
5.715370774269104004e-01
5.715370774269104004e-01
5.715370774269104004e-01
1.357375502586364746e+00
1.357375502586364746e+00
1.357375502586364746e+00
1.795788526535034180e+00
1.081002354621887207e+00
1.081002354621887207e+00
1.027447223663330078e+00
1.027447223663330078e+00
1.027447223663330078e+00
1.027447223663330078e+00
1.027447223663330078e+00
1.027447223663330078e+00
9.456686377525329590e-01
9.456686377525329590e-01
9.456686377525329590e-01
9.456686377525329590e-01
9.456686377525329590e-01
9.155408740043640137e-01
9.155408740043640137e-01
9.155408740043640137e-01
9.155408740043640137e-01
9.155408740043640137e-01
9.155408740043640137e-01
9.155408740043640137e-01
9.155408740043640137e-01
7.948184013366699219e-01
7.948184013366699219e-01
6.916867494583129883e-01
6.916867494583129883e-01
6.916867494583129883e-01
6.916867494583129883e-01
7.192054390907287598e-01
7.192054390907287598e-01
7.192054390907287598e-01
7.192054390907287598e-01
1.641022443771362305e+00
1.254475593566894531e+00
1.254475593566894531e+00
9.107328653335571289e-01
9.107328653335571289e-01
9.107328653335571289e-01
9.107328653335571289e-01
9.107328653335571289e-01
9.107328653335571289e-01
9.107328653335571289e-01
9.107328653335571289e-01
9.107328653335571289e-01
9.107328653335571289e-01
9.107328653335571289e-01
9.107328653335571289e-01
6.726737618446350098e-01
6.726737618446350098e-01
6.726737618446350098e-01
6.726737618446350098e-01
6.726737618446350098e-01
6.726737618446350098e-01
6.726737618446350098e-01
1.194181799888610840e+00
1.194181799888610840e+00
1.194181799888610840e+00
1.194181799888610840e+00
1.194181799888610840e+00
1.194181799888610840e+00
1.194181799888610840e+00
7.079540491104125977e-01
7.079540491104125977e-01
7.079540491104125977e-01
1.282541036605834961e+00
9.473446607589721680e-01
9.473446607589721680e-01
9.473446607589721680e-01
1.768469691276550293e+00
1.768469691276550293e+00
1.768469691276550293e+00
1.292702794075012207e+00
1.292702794075012207e+00
1.292702794075012207e+00
1.292702794075012207e+00
1.292702794075012207e+00
1.292702794075012207e+00
1.292702794075012207e+00
1.292702794075012207e+00
1.292702794075012207e+00
1.292702794075012207e+00
1.292702794075012207e+00
1.292702794075012207e+00
1.292702794075012207e+00
1.292702794075012207e+00
1.292702794075012207e+00
5.876492261886596680e-01
5.876492261886596680e-01
5.876492261886596680e-01
1.012176513671875000e+00
1.012176513671875000e+00
1.012176513671875000e+00
6.103729009628295898e-01
6.103729009628295898e-01
6.103729009628295898e-01
6.103729009628295898e-01
6.103729009628295898e-01
6.103729009628295898e-01
6.103729009628295898e-01
6.103729009628295898e-01
4.299960732460021973e-01
4.299960732460021973e-01
4.299960732460021973e-01
4.299960732460021973e-01
4.299960732460021973e-01
4.299960732460021973e-01
4.299960732460021973e-01
2.125127553939819336e+00
2.125127553939819336e+00
2.125127553939819336e+00
2.304630756378173828e+00
2.304630756378173828e+00
2.304630756378173828e+00
1.418093919754028320e+00
7.344915866851806641e-01
7.344915866851806641e-01
1.023290395736694336e+00
1.023290395736694336e+00
1.023290395736694336e+00
1.023290395736694336e+00
1.023290395736694336e+00
1.023290395736694336e+00
1.281817436218261719e+00
1.281817436218261719e+00
1.281817436218261719e+00
1.281817436218261719e+00
1.281817436218261719e+00
8.282732963562011719e-01
8.282732963562011719e-01
8.282732963562011719e-01
8.282732963562011719e-01
8.282732963562011719e-01
6.359270811080932617e-01
9.271571636199951172e-01
9.271571636199951172e-01
9.271571636199951172e-01
9.271571636199951172e-01
1.439520716667175293e+00
1.478237509727478027e+00
1.478237509727478027e+00
1.478237509727478027e+00
1.478237509727478027e+00
1.069012165069580078e+00
1.069012165069580078e+00
7.579538822174072266e-01
7.579538822174072266e-01
6.198836565017700195e-01
8.572380542755126953e-01
8.572380542755126953e-01
1.085578322410583496e+00
1.085578322410583496e+00
7.581245899200439453e-01
9.672759175300598145e-01
9.672759175300598145e-01
9.792709946632385254e-01
9.792709946632385254e-01
9.792709946632385254e-01
9.792709946632385254e-01
9.792709946632385254e-01
9.792709946632385254e-01
9.792709946632385254e-01
9.792709946632385254e-01
9.792709946632385254e-01
9.792709946632385254e-01
9.792709946632385254e-01
9.792709946632385254e-01
9.792709946632385254e-01
9.792709946632385254e-01
9.792709946632385254e-01
9.792709946632385254e-01
9.792709946632385254e-01
9.792709946632385254e-01
9.792709946632385254e-01
9.792709946632385254e-01
9.792709946632385254e-01
9.792709946632385254e-01
1.554835915565490723e+00
1.720559358596801758e+00
8.868601918220520020e-01
8.868601918220520020e-01
8.868601918220520020e-01
8.868601918220520020e-01
8.868601918220520020e-01
8.868601918220520020e-01
8.868601918220520020e-01
8.868601918220520020e-01
8.868601918220520020e-01
8.685772418975830078e-01
1.158922791481018066e+00
1.158922791481018066e+00
1.158922791481018066e+00
1.158922791481018066e+00
6.061396002769470215e-01
6.061396002769470215e-01
6.061396002769470215e-01
5.658697485923767090e-01
5.658697485923767090e-01
5.658697485923767090e-01
5.658697485923767090e-01
5.658697485923767090e-01
5.658697485923767090e-01
5.658697485923767090e-01
5.658697485923767090e-01
5.658697485923767090e-01
1.216299295425415039e+00
1.216299295425415039e+00
1.216299295425415039e+00
1.216299295425415039e+00
1.216299295425415039e+00
1.216299295425415039e+00
1.214831233024597168e+00
1.214831233024597168e+00
1.087260842323303223e+00
1.087260842323303223e+00
1.087260842323303223e+00
2.117641925811767578e+00
2.117641925811767578e+00
7.068393230438232422e-01
7.068393230438232422e-01
7.068393230438232422e-01
7.068393230438232422e-01
7.068393230438232422e-01
6.179980039596557617e-01
6.179980039596557617e-01
6.179980039596557617e-01
7.230247855186462402e-01
7.230247855186462402e-01
7.230247855186462402e-01
7.230247855186462402e-01
7.230247855186462402e-01
7.230247855186462402e-01
7.230247855186462402e-01
7.230247855186462402e-01
7.230247855186462402e-01
7.230247855186462402e-01
7.230247855186462402e-01
1.121673107147216797e+00
1.121673107147216797e+00
1.121673107147216797e+00
1.121673107147216797e+00
1.121673107147216797e+00
1.121673107147216797e+00
1.121673107147216797e+00
8.587989807128906250e-01
8.587989807128906250e-01
8.587989807128906250e-01
7.701295018196105957e-01
7.701295018196105957e-01
7.701295018196105957e-01
7.701295018196105957e-01
7.701295018196105957e-01
7.701295018196105957e-01
1.037151575088500977e+00
1.037151575088500977e+00
1.037151575088500977e+00
1.037151575088500977e+00
1.075378298759460449e+00
1.075378298759460449e+00
1.075378298759460449e+00
1.075378298759460449e+00
1.075378298759460449e+00
1.075378298759460449e+00
1.075378298759460449e+00
1.075378298759460449e+00
9.333215951919555664e-01
9.333215951919555664e-01
9.333215951919555664e-01
9.333215951919555664e-01
9.333215951919555664e-01
9.333215951919555664e-01
9.333215951919555664e-01
9.333215951919555664e-01
9.333215951919555664e-01
9.333215951919555664e-01
8.394870162010192871e-01
8.394870162010192871e-01
8.394870162010192871e-01
8.394870162010192871e-01
8.394870162010192871e-01
8.394870162010192871e-01
8.394870162010192871e-01
8.394870162010192871e-01
1.686831951141357422e+00
1.386661529541015625e+00
1.386661529541015625e+00
1.386661529541015625e+00
1.386661529541015625e+00
1.386661529541015625e+00
1.386661529541015625e+00
1.386661529541015625e+00
1.386661529541015625e+00
1.210781574249267578e+00
1.210781574249267578e+00
1.210781574249267578e+00
1.210781574249267578e+00
1.210781574249267578e+00
1.210781574249267578e+00
8.249486684799194336e-01
8.249486684799194336e-01
8.249486684799194336e-01
8.249486684799194336e-01
8.249486684799194336e-01
8.249486684799194336e-01
8.249486684799194336e-01
8.249486684799194336e-01
8.249486684799194336e-01
8.249486684799194336e-01
8.249486684799194336e-01
8.249486684799194336e-01
8.249486684799194336e-01
1.029291510581970215e+00
9.733909964561462402e-01
9.733909964561462402e-01
9.733909964561462402e-01
9.733909964561462402e-01
9.733909964561462402e-01
1.562022686004638672e+00
1.562022686004638672e+00
1.562022686004638672e+00
1.562022686004638672e+00
3.751273155212402344e-01
5.376174449920654297e-01
5.376174449920654297e-01
5.376174449920654297e-01
5.376174449920654297e-01
5.376174449920654297e-01
5.376174449920654297e-01
1.534613132476806641e+00
1.450479149818420410e+00
2.013579368591308594e+00
2.013579368591308594e+00
2.538495063781738281e+00
1.086864352226257324e+00
8.711981773376464844e-01
8.711981773376464844e-01
8.711981773376464844e-01
5.903577804565429688e-01
5.903577804565429688e-01
8.332753181457519531e-01
8.332753181457519531e-01
8.332753181457519531e-01
1.563052177429199219e+00
1.563052177429199219e+00
1.563052177429199219e+00
1.563052177429199219e+00
7.563872933387756348e-01
7.563872933387756348e-01
7.563872933387756348e-01
7.563872933387756348e-01
7.563872933387756348e-01
7.563872933387756348e-01
7.563872933387756348e-01
7.563872933387756348e-01
7.563872933387756348e-01
7.563872933387756348e-01
7.563872933387756348e-01
7.563872933387756348e-01
1.210847139358520508e+00
1.210847139358520508e+00
1.210847139358520508e+00
1.210847139358520508e+00
1.210847139358520508e+00
1.210847139358520508e+00
1.210847139358520508e+00
1.210847139358520508e+00
1.210847139358520508e+00
1.210847139358520508e+00
1.210847139358520508e+00
1.210847139358520508e+00
1.210847139358520508e+00
1.004055857658386230e+00
1.004055857658386230e+00
5.770030021667480469e-01
5.770030021667480469e-01
5.770030021667480469e-01
5.770030021667480469e-01
5.770030021667480469e-01
5.770030021667480469e-01
5.770030021667480469e-01
5.770030021667480469e-01
5.770030021667480469e-01
5.770030021667480469e-01
5.770030021667480469e-01
6.152752637863159180e-01
6.152752637863159180e-01
9.445630311965942383e-01
9.445630311965942383e-01
9.445630311965942383e-01
9.445630311965942383e-01
9.445630311965942383e-01
9.445630311965942383e-01
9.445630311965942383e-01
6.748819947242736816e-01
6.748819947242736816e-01
6.748819947242736816e-01
8.867888450622558594e-01
8.867888450622558594e-01
8.867888450622558594e-01
8.867888450622558594e-01
8.867888450622558594e-01
8.867888450622558594e-01
8.867888450622558594e-01
8.867888450622558594e-01
1.057536959648132324e+00
1.896229028701782227e+00
7.253000736236572266e-01
7.253000736236572266e-01
7.253000736236572266e-01
7.253000736236572266e-01
1.114187240600585938e+00
1.114187240600585938e+00
9.057864546775817871e-01
9.057864546775817871e-01
9.057864546775817871e-01
9.057864546775817871e-01
9.057864546775817871e-01
9.057864546775817871e-01
1.004310607910156250e+00
1.004310607910156250e+00
1.004310607910156250e+00
5.292389392852783203e-01
1.261901021003723145e+00
1.261901021003723145e+00
1.261901021003723145e+00
1.261901021003723145e+00
9.304376244544982910e-01
7.057208418846130371e-01
6.905221343040466309e-01
6.905221343040466309e-01
6.905221343040466309e-01
6.905221343040466309e-01
6.905221343040466309e-01
6.905221343040466309e-01
6.905221343040466309e-01
6.905221343040466309e-01
7.614083290100097656e-01
9.338619112968444824e-01
9.338619112968444824e-01
9.338619112968444824e-01
9.338619112968444824e-01
9.338619112968444824e-01
9.338619112968444824e-01
7.533580064773559570e-01
7.533580064773559570e-01
7.533580064773559570e-01
7.533580064773559570e-01
7.533580064773559570e-01
7.533580064773559570e-01
7.533580064773559570e-01
7.533580064773559570e-01
9.485090374946594238e-01
9.485090374946594238e-01
9.485090374946594238e-01
9.485090374946594238e-01
1.573904275894165039e+00
1.573904275894165039e+00
1.573904275894165039e+00
7.053552865982055664e-01
7.053552865982055664e-01
7.053552865982055664e-01
7.053552865982055664e-01
7.053552865982055664e-01
7.053552865982055664e-01
7.053552865982055664e-01
7.053552865982055664e-01
7.053552865982055664e-01
8.026964664459228516e-01
8.462654948234558105e-01
8.462654948234558105e-01
6.283965706825256348e-01
6.283965706825256348e-01
1.711018323898315430e+00
1.711018323898315430e+00
1.711018323898315430e+00
1.711018323898315430e+00
1.079675912857055664e+00
1.079675912857055664e+00
1.079675912857055664e+00
1.079675912857055664e+00
1.079675912857055664e+00
1.079675912857055664e+00
1.079675912857055664e+00
1.079675912857055664e+00
1.079675912857055664e+00
1.079675912857055664e+00
1.079675912857055664e+00
1.079675912857055664e+00
1.079675912857055664e+00
9.332003593444824219e-01
9.332003593444824219e-01
9.332003593444824219e-01
9.332003593444824219e-01
9.332003593444824219e-01
9.332003593444824219e-01
9.332003593444824219e-01
9.332003593444824219e-01
9.332003593444824219e-01
5.752242803573608398e-01
5.752242803573608398e-01
5.752242803573608398e-01
5.752242803573608398e-01
5.752242803573608398e-01
5.752242803573608398e-01
5.752242803573608398e-01
5.752242803573608398e-01
1.076108336448669434e+00
1.076108336448669434e+00
1.076108336448669434e+00
1.025458097457885742e+00
1.025458097457885742e+00
1.025458097457885742e+00
1.025458097457885742e+00
7.583534717559814453e-01
7.583534717559814453e-01
6.242455840110778809e-01
6.242455840110778809e-01
6.242455840110778809e-01
6.242455840110778809e-01
6.242455840110778809e-01
5.569778084754943848e-01
5.569778084754943848e-01
5.569778084754943848e-01
5.569778084754943848e-01
5.569778084754943848e-01
1.412087917327880859e+00
1.412087917327880859e+00
1.412087917327880859e+00
5.340215563774108887e-01
5.340215563774108887e-01
5.340215563774108887e-01
5.340215563774108887e-01
1.191895246505737305e+00
1.191895246505737305e+00
1.191895246505737305e+00
1.191895246505737305e+00
1.191895246505737305e+00
2.087948083877563477e+00
2.087948083877563477e+00
1.371068716049194336e+00
1.371068716049194336e+00
1.371068716049194336e+00
1.371068716049194336e+00
1.371068716049194336e+00
1.371068716049194336e+00
1.371068716049194336e+00
1.371068716049194336e+00
1.371068716049194336e+00
1.371068716049194336e+00
1.371068716049194336e+00
1.371068716049194336e+00
1.371068716049194336e+00
1.371068716049194336e+00
1.371068716049194336e+00
1.371068716049194336e+00
1.371068716049194336e+00
1.371068716049194336e+00
1.371068716049194336e+00
5.270041823387145996e-01
1.998108625411987305e+00
1.863173723220825195e+00
1.863173723220825195e+00
1.863173723220825195e+00
1.863173723220825195e+00
1.863173723220825195e+00
1.648215293884277344e+00
1.648215293884277344e+00
1.648215293884277344e+00
1.648215293884277344e+00
1.648215293884277344e+00
1.191985726356506348e+00
1.283970713615417480e+00
1.283970713615417480e+00
1.283970713615417480e+00
8.922232389450073242e-01
8.922232389450073242e-01
8.922232389450073242e-01
1.008717656135559082e+00
1.008717656135559082e+00
1.008717656135559082e+00
1.008717656135559082e+00
1.722298622131347656e+00
1.722298622131347656e+00
1.722298622131347656e+00
1.722298622131347656e+00
1.722298622131347656e+00
8.465455174446105957e-01
8.465455174446105957e-01
8.465455174446105957e-01
9.247434139251708984e-01
9.247434139251708984e-01
1.243703603744506836e+00
1.243703603744506836e+00
1.410658359527587891e+00
1.209735989570617676e+00
1.209735989570617676e+00
1.209735989570617676e+00
1.209735989570617676e+00
1.209735989570617676e+00
1.209735989570617676e+00
1.209735989570617676e+00
1.209735989570617676e+00
1.209735989570617676e+00
1.209735989570617676e+00
6.848381161689758301e-01
6.848381161689758301e-01
6.848381161689758301e-01
6.848381161689758301e-01
6.848381161689758301e-01
7.193345427513122559e-01
7.193345427513122559e-01
7.453311085700988770e-01
9.010800123214721680e-01
9.010800123214721680e-01
9.010800123214721680e-01
9.010800123214721680e-01
9.010800123214721680e-01
9.010800123214721680e-01
9.010800123214721680e-01
9.010800123214721680e-01
9.010800123214721680e-01
5.530126094818115234e-01
5.530126094818115234e-01
5.530126094818115234e-01
5.530126094818115234e-01
5.530126094818115234e-01
5.530126094818115234e-01
5.530126094818115234e-01
5.530126094818115234e-01
5.530126094818115234e-01
5.530126094818115234e-01
5.530126094818115234e-01
1.190967559814453125e+00
1.190967559814453125e+00
8.850456476211547852e-01
8.850456476211547852e-01
8.850456476211547852e-01
8.850456476211547852e-01
8.850456476211547852e-01
8.850456476211547852e-01
8.850456476211547852e-01
8.850456476211547852e-01
8.850456476211547852e-01
8.850456476211547852e-01
8.850456476211547852e-01
8.850456476211547852e-01
8.850456476211547852e-01
8.850456476211547852e-01
8.850456476211547852e-01
8.850456476211547852e-01
8.850456476211547852e-01
8.850456476211547852e-01
8.850456476211547852e-01
8.850456476211547852e-01
8.850456476211547852e-01
8.850456476211547852e-01
8.850456476211547852e-01
8.850456476211547852e-01
8.850456476211547852e-01
8.850456476211547852e-01
8.850456476211547852e-01
8.850456476211547852e-01
8.850456476211547852e-01
8.850456476211547852e-01
5.591824054718017578e-01
5.591824054718017578e-01
5.591824054718017578e-01
5.591824054718017578e-01
5.591824054718017578e-01
5.591824054718017578e-01
5.591824054718017578e-01
5.591824054718017578e-01
5.591824054718017578e-01
5.591824054718017578e-01
5.591824054718017578e-01
5.591824054718017578e-01
5.591824054718017578e-01
5.591824054718017578e-01
5.591824054718017578e-01
5.591824054718017578e-01
5.591824054718017578e-01
5.591824054718017578e-01
1.132881402969360352e+00
1.735375881195068359e+00
1.735375881195068359e+00
1.735375881195068359e+00
1.256840705871582031e+00
1.159804105758666992e+00
1.479502797126770020e+00
1.479502797126770020e+00
1.479502797126770020e+00
1.442385673522949219e+00
1.442385673522949219e+00
1.194262742996215820e+00
1.194262742996215820e+00
1.194262742996215820e+00
1.194262742996215820e+00
1.194262742996215820e+00
1.194262742996215820e+00
1.194262742996215820e+00
1.194262742996215820e+00
1.194262742996215820e+00
1.194262742996215820e+00
1.194262742996215820e+00
1.207072496414184570e+00
1.207072496414184570e+00
8.162144422531127930e-01
8.162144422531127930e-01
8.162144422531127930e-01
8.162144422531127930e-01
8.162144422531127930e-01
8.162144422531127930e-01
8.162144422531127930e-01
8.162144422531127930e-01
8.162144422531127930e-01
8.162144422531127930e-01
8.162144422531127930e-01
8.162144422531127930e-01
8.162144422531127930e-01
8.162144422531127930e-01
8.162144422531127930e-01
7.367051839828491211e-01
7.367051839828491211e-01
7.367051839828491211e-01
7.367051839828491211e-01
7.367051839828491211e-01
7.367051839828491211e-01
7.367051839828491211e-01
7.367051839828491211e-01
7.367051839828491211e-01
7.367051839828491211e-01
7.367051839828491211e-01
7.367051839828491211e-01
9.410619735717773438e-01
9.410619735717773438e-01
9.410619735717773438e-01
9.410619735717773438e-01
9.410619735717773438e-01
9.410619735717773438e-01
9.410619735717773438e-01
9.410619735717773438e-01
9.410619735717773438e-01
9.410619735717773438e-01
7.738941907882690430e-01
7.738941907882690430e-01
7.738941907882690430e-01
3.751855492591857910e-01
8.083930015563964844e-01
8.083930015563964844e-01
8.083930015563964844e-01
8.083930015563964844e-01
8.083930015563964844e-01
8.083930015563964844e-01
8.083930015563964844e-01
8.083930015563964844e-01
8.083930015563964844e-01
9.901959300041198730e-01
8.526798486709594727e-01
1.259348988533020020e+00
7.232615947723388672e-01
7.232615947723388672e-01
7.232615947723388672e-01
7.232615947723388672e-01
7.232615947723388672e-01
7.406927347183227539e-01
1.418390989303588867e+00
7.706328630447387695e-01
7.706328630447387695e-01
7.706328630447387695e-01
7.706328630447387695e-01
7.706328630447387695e-01
7.706328630447387695e-01
7.706328630447387695e-01
7.706328630447387695e-01
7.706328630447387695e-01
7.706328630447387695e-01
7.706328630447387695e-01
8.670504093170166016e-01
8.670504093170166016e-01
8.670504093170166016e-01
5.809062719345092773e-01
5.809062719345092773e-01
5.809062719345092773e-01
9.669687151908874512e-01
9.669687151908874512e-01
9.669687151908874512e-01
9.669687151908874512e-01
5.468900203704833984e-01
5.468900203704833984e-01
5.468900203704833984e-01
8.714551925659179688e-01
8.714551925659179688e-01
8.714551925659179688e-01
8.714551925659179688e-01
8.714551925659179688e-01
8.714551925659179688e-01
8.714551925659179688e-01
8.714551925659179688e-01
8.714551925659179688e-01
8.714551925659179688e-01
1.014589309692382812e+00
1.014589309692382812e+00
1.014589309692382812e+00
1.014589309692382812e+00
1.014589309692382812e+00
1.014589309692382812e+00
1.014589309692382812e+00
1.014589309692382812e+00
6.736173033714294434e-01
6.736173033714294434e-01
6.736173033714294434e-01
1.037339448928833008e+00
1.037339448928833008e+00
1.037339448928833008e+00
1.037339448928833008e+00
8.613131046295166016e-01
8.613131046295166016e-01
8.613131046295166016e-01
8.538152575492858887e-01
8.538152575492858887e-01
1.287195682525634766e+00
1.287195682525634766e+00
6.756522655487060547e-01
6.756522655487060547e-01
6.756522655487060547e-01
6.756522655487060547e-01
6.756522655487060547e-01
6.756522655487060547e-01
6.756522655487060547e-01
6.756522655487060547e-01
6.756522655487060547e-01
6.756522655487060547e-01
6.756522655487060547e-01
6.756522655487060547e-01
6.756522655487060547e-01
6.756522655487060547e-01
6.756522655487060547e-01
6.756522655487060547e-01
6.756522655487060547e-01
6.756522655487060547e-01
6.756522655487060547e-01
6.756522655487060547e-01
6.756522655487060547e-01
9.985374212265014648e-01
9.985374212265014648e-01
9.985374212265014648e-01
9.985374212265014648e-01
9.985374212265014648e-01
9.985374212265014648e-01
9.985374212265014648e-01
9.985374212265014648e-01
9.985374212265014648e-01
9.985374212265014648e-01
9.985374212265014648e-01
9.985374212265014648e-01
8.205929994583129883e-01
8.205929994583129883e-01
8.205929994583129883e-01
8.205929994583129883e-01
1.581762790679931641e+00
1.313030719757080078e+00
1.313030719757080078e+00
1.313030719757080078e+00
4.846590757369995117e-01
4.846590757369995117e-01
4.846590757369995117e-01
4.846590757369995117e-01
4.846590757369995117e-01
4.846590757369995117e-01
4.846590757369995117e-01
4.846590757369995117e-01
4.846590757369995117e-01
4.846590757369995117e-01
6.329150199890136719e-01
6.329150199890136719e-01
6.329150199890136719e-01
1.012277483940124512e+00
1.674257755279541016e+00
1.522133111953735352e+00
6.612524986267089844e-01
6.612524986267089844e-01
6.612524986267089844e-01
6.612524986267089844e-01
6.612524986267089844e-01
6.612524986267089844e-01
6.612524986267089844e-01
6.612524986267089844e-01
6.612524986267089844e-01
6.612524986267089844e-01
7.791219353675842285e-01
7.791219353675842285e-01
7.791219353675842285e-01
7.791219353675842285e-01
7.791219353675842285e-01
7.791219353675842285e-01
7.791219353675842285e-01
7.791219353675842285e-01
7.791219353675842285e-01
7.791219353675842285e-01
7.791219353675842285e-01
7.791219353675842285e-01
1.179272055625915527e+00
1.179272055625915527e+00
1.179272055625915527e+00
1.179272055625915527e+00
1.179272055625915527e+00
1.179272055625915527e+00
1.179272055625915527e+00
1.179272055625915527e+00
1.179272055625915527e+00
1.179272055625915527e+00
1.001109123229980469e+00
1.001109123229980469e+00
1.001109123229980469e+00
8.887833356857299805e-01
1.025306820869445801e+00
1.025306820869445801e+00
1.025306820869445801e+00
1.025306820869445801e+00
1.025306820869445801e+00
1.025306820869445801e+00
1.025306820869445801e+00
7.121412754058837891e-01
7.121412754058837891e-01
7.121412754058837891e-01
7.121412754058837891e-01
7.121412754058837891e-01
7.121412754058837891e-01
7.121412754058837891e-01
9.074449539184570312e-01
9.074449539184570312e-01
9.074449539184570312e-01
4.860131442546844482e-01
4.860131442546844482e-01
4.860131442546844482e-01
4.860131442546844482e-01
4.860131442546844482e-01
4.860131442546844482e-01
4.860131442546844482e-01
7.021350264549255371e-01
7.021350264549255371e-01
7.021350264549255371e-01
7.021350264549255371e-01
1.047423720359802246e+00
1.047423720359802246e+00
1.047423720359802246e+00
1.047423720359802246e+00
1.002096414566040039e+00
1.002096414566040039e+00
1.002096414566040039e+00
1.002096414566040039e+00
1.002096414566040039e+00
6.906645298004150391e-01
6.906645298004150391e-01
6.906645298004150391e-01
6.906645298004150391e-01
6.906645298004150391e-01
6.906645298004150391e-01
6.906645298004150391e-01
1.932703256607055664e+00
3.159757852554321289e-01
1.023482799530029297e+00
1.023482799530029297e+00
9.181101322174072266e-01
9.181101322174072266e-01
9.181101322174072266e-01
9.181101322174072266e-01
9.181101322174072266e-01
9.181101322174072266e-01
9.181101322174072266e-01
9.181101322174072266e-01
1.520445108413696289e+00
1.520445108413696289e+00
1.520445108413696289e+00
1.068684935569763184e+00
1.068684935569763184e+00
1.068684935569763184e+00
1.068684935569763184e+00
1.068684935569763184e+00
1.068684935569763184e+00
1.068684935569763184e+00
1.068684935569763184e+00
1.068684935569763184e+00
1.068684935569763184e+00
1.068684935569763184e+00
1.068684935569763184e+00
1.068684935569763184e+00
1.068684935569763184e+00
1.215666055679321289e+00
1.409040451049804688e+00
1.409040451049804688e+00
4.943486452102661133e-01
4.943486452102661133e-01
4.943486452102661133e-01
4.943486452102661133e-01
1.096760272979736328e+00
1.096760272979736328e+00
1.271517157554626465e+00
1.271517157554626465e+00
1.271517157554626465e+00
1.271517157554626465e+00
5.142285227775573730e-01
5.142285227775573730e-01
8.287320137023925781e-01
8.287320137023925781e-01
8.287320137023925781e-01
8.287320137023925781e-01
8.287320137023925781e-01
8.287320137023925781e-01
8.287320137023925781e-01
7.579007744789123535e-01
7.579007744789123535e-01
7.579007744789123535e-01
7.579007744789123535e-01
7.579007744789123535e-01
7.579007744789123535e-01
7.579007744789123535e-01
7.579007744789123535e-01
7.579007744789123535e-01
7.579007744789123535e-01
7.579007744789123535e-01
7.579007744789123535e-01
8.680261969566345215e-01
8.680261969566345215e-01
8.680261969566345215e-01
8.680261969566345215e-01
8.680261969566345215e-01
8.680261969566345215e-01
8.680261969566345215e-01
8.680261969566345215e-01
8.680261969566345215e-01
7.641462683677673340e-01
7.641462683677673340e-01
7.641462683677673340e-01
7.641462683677673340e-01
9.413188695907592773e-01
9.413188695907592773e-01
8.479188680648803711e-01
8.479188680648803711e-01
8.479188680648803711e-01
8.479188680648803711e-01
8.479188680648803711e-01
8.479188680648803711e-01
8.479188680648803711e-01
8.479188680648803711e-01
6.890168190002441406e-01
6.890168190002441406e-01
6.890168190002441406e-01
6.890168190002441406e-01
6.890168190002441406e-01
6.890168190002441406e-01
6.890168190002441406e-01
7.328222393989562988e-01
7.328222393989562988e-01
7.328222393989562988e-01
7.328222393989562988e-01
7.328222393989562988e-01
7.328222393989562988e-01
7.328222393989562988e-01
7.328222393989562988e-01
7.328222393989562988e-01
7.328222393989562988e-01
7.328222393989562988e-01
7.328222393989562988e-01
7.328222393989562988e-01
1.126903653144836426e+00
1.126903653144836426e+00
1.126903653144836426e+00
1.126903653144836426e+00
1.126903653144836426e+00
1.113566040992736816e+00
1.113566040992736816e+00
1.113566040992736816e+00
1.113566040992736816e+00
1.113566040992736816e+00
1.367772817611694336e+00
1.367772817611694336e+00
1.367772817611694336e+00
1.367772817611694336e+00
1.367772817611694336e+00
1.367772817611694336e+00
1.102432012557983398e+00
1.102432012557983398e+00
1.102432012557983398e+00
1.102432012557983398e+00
1.116491079330444336e+00
1.116491079330444336e+00
1.116491079330444336e+00
1.116491079330444336e+00
1.116491079330444336e+00
1.116491079330444336e+00
1.116491079330444336e+00
1.116491079330444336e+00
1.116491079330444336e+00
1.116491079330444336e+00
1.116491079330444336e+00
1.116491079330444336e+00
1.116491079330444336e+00
1.116491079330444336e+00
1.217374205589294434e+00
1.217374205589294434e+00
1.217374205589294434e+00
1.217374205589294434e+00
1.217374205589294434e+00
1.695096731185913086e+00
1.695096731185913086e+00
1.695096731185913086e+00
1.695096731185913086e+00
1.695096731185913086e+00
1.695096731185913086e+00
1.695096731185913086e+00
1.473217487335205078e+00
1.473217487335205078e+00
1.473217487335205078e+00
1.473217487335205078e+00
1.473217487335205078e+00
1.400527715682983398e+00
1.400527715682983398e+00
1.499123692512512207e+00
4.790912866592407227e-01
4.790912866592407227e-01
4.790912866592407227e-01
4.790912866592407227e-01
1.398335218429565430e+00
1.398335218429565430e+00
1.606082201004028320e+00
1.606082201004028320e+00
1.606082201004028320e+00
1.606082201004028320e+00
1.606082201004028320e+00
1.606082201004028320e+00
1.606082201004028320e+00
1.606082201004028320e+00
1.606082201004028320e+00
1.697720289230346680e+00
2.426575660705566406e+00
2.426575660705566406e+00
5.680853128433227539e-01
5.680853128433227539e-01
5.680853128433227539e-01
5.680853128433227539e-01
5.680853128433227539e-01
5.680853128433227539e-01
5.680853128433227539e-01
5.680853128433227539e-01
6.674174070358276367e-01
8.047115802764892578e-01
8.047115802764892578e-01
6.887665390968322754e-01
6.887665390968322754e-01
6.887665390968322754e-01
6.887665390968322754e-01
6.887665390968322754e-01
6.887665390968322754e-01
6.887665390968322754e-01
6.887665390968322754e-01
6.887665390968322754e-01
6.887665390968322754e-01
6.887665390968322754e-01
6.887665390968322754e-01
6.887665390968322754e-01
6.887665390968322754e-01
6.887665390968322754e-01
1.467759013175964355e+00
1.002592325210571289e+00
1.002592325210571289e+00
1.002592325210571289e+00
1.002592325210571289e+00
1.002592325210571289e+00
1.002592325210571289e+00
1.002592325210571289e+00
9.184451699256896973e-01
9.184451699256896973e-01
9.184451699256896973e-01
9.184451699256896973e-01
9.184451699256896973e-01
9.184451699256896973e-01
9.184451699256896973e-01
1.109313488006591797e+00
1.109313488006591797e+00
1.109313488006591797e+00
1.109313488006591797e+00
1.109313488006591797e+00
1.109313488006591797e+00
1.109313488006591797e+00
1.109313488006591797e+00
1.109313488006591797e+00
1.109313488006591797e+00
1.109313488006591797e+00
1.109313488006591797e+00
1.575869560241699219e+00
1.040555715560913086e+00
1.040555715560913086e+00
1.570205211639404297e+00
1.570205211639404297e+00
1.570205211639404297e+00
1.570205211639404297e+00
1.558876872062683105e+00
1.558876872062683105e+00
1.558876872062683105e+00
1.558876872062683105e+00
1.558876872062683105e+00
4.637962579727172852e-01
4.637962579727172852e-01
4.637962579727172852e-01
4.637962579727172852e-01
4.637962579727172852e-01
5.024496316909790039e-01
9.613694548606872559e-01
9.144138097763061523e-01
9.144138097763061523e-01
8.735243082046508789e-01
8.735243082046508789e-01
8.735243082046508789e-01
8.735243082046508789e-01
8.735243082046508789e-01
8.735243082046508789e-01
8.735243082046508789e-01
8.735243082046508789e-01
8.735243082046508789e-01
8.735243082046508789e-01
8.735243082046508789e-01
8.735243082046508789e-01
8.735243082046508789e-01
8.735243082046508789e-01
8.735243082046508789e-01
8.735243082046508789e-01
5.272699594497680664e-01
5.272699594497680664e-01
1.367610216140747070e+00
1.367610216140747070e+00
1.367610216140747070e+00
1.272989392280578613e+00
1.137782573699951172e+00
1.137782573699951172e+00
1.137782573699951172e+00
1.137782573699951172e+00
1.137782573699951172e+00
1.137782573699951172e+00
1.105647563934326172e+00
1.105647563934326172e+00
1.105647563934326172e+00
1.105647563934326172e+00
1.202553987503051758e+00
1.202553987503051758e+00
1.202553987503051758e+00
1.202553987503051758e+00
1.202553987503051758e+00
1.202553987503051758e+00
9.570352435111999512e-01
9.570352435111999512e-01
9.570352435111999512e-01
9.570352435111999512e-01
9.570352435111999512e-01
9.570352435111999512e-01
9.570352435111999512e-01
1.475845694541931152e+00
1.475845694541931152e+00
1.475845694541931152e+00
1.475845694541931152e+00
1.906502008438110352e+00
1.131954550743103027e+00
1.181704401969909668e+00
1.181704401969909668e+00
8.563103675842285156e-01
8.563103675842285156e-01
8.563103675842285156e-01
8.563103675842285156e-01
8.563103675842285156e-01
5.675140619277954102e-01
5.675140619277954102e-01
5.675140619277954102e-01
5.675140619277954102e-01
5.675140619277954102e-01
5.675140619277954102e-01
5.675140619277954102e-01
5.675140619277954102e-01
8.678717613220214844e-01
8.678717613220214844e-01
8.678717613220214844e-01
8.678717613220214844e-01
8.678717613220214844e-01
8.678717613220214844e-01
8.678717613220214844e-01
8.678717613220214844e-01
8.678717613220214844e-01
8.678717613220214844e-01
8.678717613220214844e-01
8.678717613220214844e-01
8.678717613220214844e-01
1.106494665145874023e+00
1.106494665145874023e+00
1.106494665145874023e+00
1.106494665145874023e+00
1.106494665145874023e+00
1.106494665145874023e+00
1.106494665145874023e+00
8.060918450355529785e-01
8.060918450355529785e-01
8.060918450355529785e-01
9.176926612854003906e-01
1.067210793495178223e+00
1.067210793495178223e+00
1.067210793495178223e+00
1.067210793495178223e+00
5.052874684333801270e-01
1.390297412872314453e+00
1.390297412872314453e+00
1.390297412872314453e+00
1.390297412872314453e+00
1.390297412872314453e+00
1.390297412872314453e+00
1.270266294479370117e+00
7.007614970207214355e-01
7.007614970207214355e-01
7.007614970207214355e-01
7.007614970207214355e-01
7.007614970207214355e-01
7.007614970207214355e-01
7.007614970207214355e-01
7.007614970207214355e-01
7.230288982391357422e-01
7.230288982391357422e-01
7.230288982391357422e-01
7.230288982391357422e-01
7.314022779464721680e-01
7.132613658905029297e-01
7.132613658905029297e-01
7.132613658905029297e-01
7.132613658905029297e-01
7.132613658905029297e-01
7.132613658905029297e-01
7.132613658905029297e-01
9.871832132339477539e-01
9.871832132339477539e-01
1.039062261581420898e+00
1.039062261581420898e+00
1.039062261581420898e+00
1.089350700378417969e+00
1.089350700378417969e+00
5.455990433692932129e-01
1.263457775115966797e+00
1.263457775115966797e+00
1.263457775115966797e+00
7.416068315505981445e-01
7.416068315505981445e-01
7.416068315505981445e-01
7.416068315505981445e-01
7.416068315505981445e-01
7.416068315505981445e-01
7.416068315505981445e-01
7.416068315505981445e-01
7.416068315505981445e-01
7.416068315505981445e-01
7.687523961067199707e-01
7.687523961067199707e-01
7.687523961067199707e-01
7.687523961067199707e-01
7.687523961067199707e-01
7.687523961067199707e-01
7.687523961067199707e-01
7.687523961067199707e-01
7.687523961067199707e-01
7.687523961067199707e-01
7.687523961067199707e-01
7.687523961067199707e-01
7.687523961067199707e-01
7.687523961067199707e-01
7.687523961067199707e-01
7.687523961067199707e-01
7.687523961067199707e-01
7.687523961067199707e-01
6.109819412231445312e-01
6.109819412231445312e-01
6.109819412231445312e-01
6.109819412231445312e-01
6.109819412231445312e-01
6.109819412231445312e-01
6.109819412231445312e-01
6.109819412231445312e-01
6.109819412231445312e-01
6.109819412231445312e-01
6.109819412231445312e-01
9.766060709953308105e-01
9.766060709953308105e-01
9.766060709953308105e-01
7.708617448806762695e-01
7.708617448806762695e-01
7.708617448806762695e-01
7.708617448806762695e-01
1.242870688438415527e+00
1.242870688438415527e+00
1.242870688438415527e+00
1.242870688438415527e+00
1.242870688438415527e+00
1.242870688438415527e+00
1.242870688438415527e+00
1.300402998924255371e+00
1.300402998924255371e+00
1.300402998924255371e+00
1.300402998924255371e+00
8.547217845916748047e-01
1.099590301513671875e+00
9.257759451866149902e-01
9.257759451866149902e-01
9.257759451866149902e-01
9.257759451866149902e-01
9.257759451866149902e-01
9.257759451866149902e-01
9.257759451866149902e-01
9.257759451866149902e-01
9.257759451866149902e-01
9.257759451866149902e-01
9.257759451866149902e-01
9.257759451866149902e-01
9.257759451866149902e-01
9.257759451866149902e-01
9.257759451866149902e-01
9.257759451866149902e-01
9.257759451866149902e-01
9.257759451866149902e-01
9.257759451866149902e-01
9.257759451866149902e-01
9.257759451866149902e-01
9.257759451866149902e-01
9.257759451866149902e-01
9.257759451866149902e-01
9.257759451866149902e-01
9.257759451866149902e-01
9.257759451866149902e-01
9.257759451866149902e-01
9.257759451866149902e-01
7.655111551284790039e-01
7.655111551284790039e-01
7.655111551284790039e-01
7.655111551284790039e-01
7.655111551284790039e-01
8.475167751312255859e-01
8.475167751312255859e-01
9.456924796104431152e-01
9.456924796104431152e-01
9.456924796104431152e-01
9.456924796104431152e-01
9.456924796104431152e-01
9.456924796104431152e-01
9.456924796104431152e-01
9.456924796104431152e-01
9.456924796104431152e-01
9.456924796104431152e-01
9.456924796104431152e-01
9.456924796104431152e-01
7.037413120269775391e-01
7.037413120269775391e-01
7.037413120269775391e-01
7.037413120269775391e-01
7.037413120269775391e-01
7.037413120269775391e-01
7.037413120269775391e-01
7.037413120269775391e-01
7.037413120269775391e-01
7.037413120269775391e-01
1.748628735542297363e+00
9.980949163436889648e-01
9.980949163436889648e-01
9.980949163436889648e-01
9.980949163436889648e-01
9.980949163436889648e-01
1.447664618492126465e+00
1.684892416000366211e+00
1.790267229080200195e+00
1.790267229080200195e+00
1.790267229080200195e+00
1.538905262947082520e+00
4.737381935119628906e-01
4.737381935119628906e-01
1.376020431518554688e+00
1.376020431518554688e+00
1.376020431518554688e+00
1.376020431518554688e+00
1.376020431518554688e+00
1.376020431518554688e+00
6.869693398475646973e-01
6.869693398475646973e-01
6.869693398475646973e-01
6.869693398475646973e-01
6.869693398475646973e-01
6.869693398475646973e-01
6.869693398475646973e-01
1.296606540679931641e+00
1.296606540679931641e+00
1.413378953933715820e+00
1.413378953933715820e+00
1.909010648727416992e+00
1.909010648727416992e+00
1.160098791122436523e+00
1.160098791122436523e+00
1.160098791122436523e+00
1.160098791122436523e+00
1.160098791122436523e+00
7.586985826492309570e-01
7.586985826492309570e-01
7.172582149505615234e-01
7.172582149505615234e-01
7.172582149505615234e-01
7.172582149505615234e-01
7.172582149505615234e-01
7.172582149505615234e-01
7.918086051940917969e-01
7.918086051940917969e-01
7.918086051940917969e-01
7.918086051940917969e-01
1.855261445045471191e+00
1.855261445045471191e+00
1.855261445045471191e+00
6.689732074737548828e-01
6.689732074737548828e-01
6.689732074737548828e-01
6.689732074737548828e-01
6.689732074737548828e-01
6.689732074737548828e-01
6.689732074737548828e-01
6.689732074737548828e-01
6.689732074737548828e-01
6.689732074737548828e-01
6.689732074737548828e-01
6.689732074737548828e-01
6.689732074737548828e-01
6.689732074737548828e-01
1.027232408523559570e+00
9.805760383605957031e-01
5.099798440933227539e-01
5.099798440933227539e-01
5.099798440933227539e-01
5.099798440933227539e-01
5.099798440933227539e-01
5.099798440933227539e-01
5.099798440933227539e-01
5.099798440933227539e-01
5.099798440933227539e-01
5.099798440933227539e-01
7.903591394424438477e-01
7.903591394424438477e-01
7.109359502792358398e-01
7.109359502792358398e-01
7.109359502792358398e-01
7.109359502792358398e-01
9.448286890983581543e-01
9.448286890983581543e-01
9.448286890983581543e-01
9.448286890983581543e-01
9.448286890983581543e-01
7.173351049423217773e-01
7.173351049423217773e-01
7.173351049423217773e-01
7.173351049423217773e-01
9.096134901046752930e-01
9.096134901046752930e-01
9.096134901046752930e-01
9.096134901046752930e-01
9.096134901046752930e-01
9.096134901046752930e-01
9.096134901046752930e-01
9.096134901046752930e-01
9.096134901046752930e-01
9.096134901046752930e-01
9.096134901046752930e-01
9.096134901046752930e-01
9.096134901046752930e-01
9.096134901046752930e-01
5.903891324996948242e-01
5.903891324996948242e-01
1.081676006317138672e+00
1.081676006317138672e+00
1.631475687026977539e+00
4.254958629608154297e-01
4.254958629608154297e-01
8.115031123161315918e-01
8.115031123161315918e-01
8.115031123161315918e-01
1.420316219329833984e+00
1.420316219329833984e+00
5.836640596389770508e-01
5.836640596389770508e-01
5.836640596389770508e-01
5.836640596389770508e-01
6.867746114730834961e-01
6.867746114730834961e-01
6.867746114730834961e-01
6.867746114730834961e-01
6.867746114730834961e-01
6.947587728500366211e-01
6.947587728500366211e-01
1.081348180770874023e+00
1.104831218719482422e+00
1.104831218719482422e+00
1.104831218719482422e+00
8.458137512207031250e-01
8.458137512207031250e-01
8.458137512207031250e-01
8.458137512207031250e-01
4.834853112697601318e-01
4.834853112697601318e-01
4.834853112697601318e-01
1.457107782363891602e+00
1.695581197738647461e+00
1.695581197738647461e+00
1.695581197738647461e+00
1.695581197738647461e+00
1.695581197738647461e+00
1.590282559394836426e+00
1.465005993843078613e+00
1.465005993843078613e+00
1.465005993843078613e+00
1.465005993843078613e+00
1.465005993843078613e+00
1.465005993843078613e+00
1.465005993843078613e+00
1.465005993843078613e+00
1.465005993843078613e+00
1.497090935707092285e+00
1.497090935707092285e+00
1.533535957336425781e+00
1.533535957336425781e+00
1.057016730308532715e+00
1.057016730308532715e+00
1.209158658981323242e+00
1.209158658981323242e+00
1.209158658981323242e+00
1.209158658981323242e+00
1.209158658981323242e+00
1.209158658981323242e+00
1.169360399246215820e+00
1.169360399246215820e+00
1.169360399246215820e+00
1.169360399246215820e+00
1.169360399246215820e+00
1.169360399246215820e+00
2.104572772979736328e+00
9.654151201248168945e-01
9.654151201248168945e-01
6.838526725769042969e-01
6.838526725769042969e-01
9.943383932113647461e-01
9.943383932113647461e-01
9.943383932113647461e-01
5.758544206619262695e-01
5.758544206619262695e-01
5.758544206619262695e-01
5.758544206619262695e-01
6.582616567611694336e-01
1.073429107666015625e+00
1.073429107666015625e+00
1.073429107666015625e+00
1.073429107666015625e+00
6.350679397583007812e-01
6.350679397583007812e-01
6.350679397583007812e-01
1.462282896041870117e+00
1.788040876388549805e+00
1.788040876388549805e+00
1.788040876388549805e+00
1.788040876388549805e+00
1.797859311103820801e+00
1.797859311103820801e+00
1.797859311103820801e+00
1.164810895919799805e+00
1.164810895919799805e+00
1.164810895919799805e+00
1.164810895919799805e+00
1.164810895919799805e+00
1.075392365455627441e+00
1.075392365455627441e+00
1.075392365455627441e+00
1.075392365455627441e+00
1.552398562431335449e+00
1.035266041755676270e+00
1.035266041755676270e+00
1.035266041755676270e+00
1.035266041755676270e+00
1.035266041755676270e+00
1.035266041755676270e+00
1.035266041755676270e+00
7.624665498733520508e-01
7.624665498733520508e-01
7.801588773727416992e-01
7.801588773727416992e-01
7.801588773727416992e-01
7.801588773727416992e-01
7.801588773727416992e-01
7.801588773727416992e-01
7.801588773727416992e-01
8.270497322082519531e-01
8.270497322082519531e-01
8.270497322082519531e-01
8.270497322082519531e-01
8.270497322082519531e-01
8.025878071784973145e-01
1.248871088027954102e+00
1.248871088027954102e+00
1.045925021171569824e+00
1.045925021171569824e+00
5.780651569366455078e-01
5.780651569366455078e-01
5.780651569366455078e-01
5.780651569366455078e-01
5.780651569366455078e-01
5.780651569366455078e-01
5.780651569366455078e-01
5.780651569366455078e-01
5.780651569366455078e-01
5.780651569366455078e-01
5.780651569366455078e-01
1.296455740928649902e+00
1.296455740928649902e+00
1.600875496864318848e+00
1.600875496864318848e+00
7.268254756927490234e-01
7.268254756927490234e-01
7.268254756927490234e-01
7.268254756927490234e-01
7.268254756927490234e-01
7.268254756927490234e-01
7.268254756927490234e-01
7.268254756927490234e-01
7.268254756927490234e-01
3.109063804149627686e-01
3.109063804149627686e-01
1.990497350692749023e+00
1.901413321495056152e+00
1.168515205383300781e+00
1.018271684646606445e+00
1.018271684646606445e+00
1.018271684646606445e+00
7.301712632179260254e-01
7.301712632179260254e-01
1.514077663421630859e+00
9.371896982192993164e-01
9.371896982192993164e-01
9.371896982192993164e-01
9.371896982192993164e-01
1.088254809379577637e+00
1.088254809379577637e+00
1.088254809379577637e+00
9.088556766510009766e-01
9.088556766510009766e-01
1.547143459320068359e+00
1.547143459320068359e+00
1.542996048927307129e+00
1.542996048927307129e+00
1.542996048927307129e+00
9.304314851760864258e-01
9.304314851760864258e-01
5.968807935714721680e-01
5.968807935714721680e-01
5.968807935714721680e-01
5.968807935714721680e-01
5.968807935714721680e-01
5.968807935714721680e-01
5.968807935714721680e-01
5.968807935714721680e-01
5.968807935714721680e-01
5.968807935714721680e-01
5.968807935714721680e-01
5.968807935714721680e-01
1.133091688156127930e+00
1.133091688156127930e+00
1.133091688156127930e+00
1.133091688156127930e+00
1.133091688156127930e+00
1.133091688156127930e+00
1.133091688156127930e+00
1.163872718811035156e+00
1.163872718811035156e+00
1.163872718811035156e+00
8.122526407241821289e-01
8.122526407241821289e-01
7.099189162254333496e-01
7.918193936347961426e-01
7.918193936347961426e-01
7.918193936347961426e-01
7.918193936347961426e-01
7.918193936347961426e-01
5.242989063262939453e-01
5.242989063262939453e-01
5.242989063262939453e-01
5.242989063262939453e-01
5.242989063262939453e-01
1.307077407836914062e+00
1.307077407836914062e+00
1.307077407836914062e+00
1.307077407836914062e+00
1.307077407836914062e+00
1.307077407836914062e+00
1.307077407836914062e+00
1.307077407836914062e+00
1.307077407836914062e+00
1.307077407836914062e+00
1.307077407836914062e+00
1.307077407836914062e+00
1.307077407836914062e+00
1.307077407836914062e+00
1.307077407836914062e+00
1.307077407836914062e+00
1.307077407836914062e+00
2.067966461181640625e+00
2.067966461181640625e+00
2.067966461181640625e+00
2.071455001831054688e+00
2.071455001831054688e+00
2.071455001831054688e+00
2.074475526809692383e+00
4.236078262329101562e-01
4.236078262329101562e-01
4.236078262329101562e-01
4.236078262329101562e-01
1.096424341201782227e+00
1.096424341201782227e+00
1.096424341201782227e+00
1.096424341201782227e+00
1.096424341201782227e+00
1.096424341201782227e+00
7.711416482925415039e-01
7.711416482925415039e-01
7.711416482925415039e-01
7.711416482925415039e-01
7.228112816810607910e-01
1.059559464454650879e+00
1.059559464454650879e+00
1.059559464454650879e+00
1.059559464454650879e+00
1.059559464454650879e+00
1.059559464454650879e+00
9.508048295974731445e-01
9.508048295974731445e-01
6.831600666046142578e-01
6.831600666046142578e-01
6.831600666046142578e-01
6.831600666046142578e-01
6.831600666046142578e-01
6.831600666046142578e-01
6.831600666046142578e-01
6.803089976310729980e-01
6.803089976310729980e-01
6.803089976310729980e-01
6.803089976310729980e-01
6.803089976310729980e-01
8.461804389953613281e-01
8.461804389953613281e-01
8.461804389953613281e-01
8.461804389953613281e-01
8.461804389953613281e-01
8.461804389953613281e-01
8.461804389953613281e-01
8.461804389953613281e-01
8.461804389953613281e-01
8.461804389953613281e-01
8.461804389953613281e-01
8.461804389953613281e-01
8.461804389953613281e-01
8.461804389953613281e-01
8.461804389953613281e-01
8.461804389953613281e-01
8.461804389953613281e-01
8.461804389953613281e-01
8.461804389953613281e-01
8.461804389953613281e-01
1.232177734375000000e+00
1.232177734375000000e+00
1.232177734375000000e+00
1.177701115608215332e+00
9.339482784271240234e-01
9.339482784271240234e-01
9.339482784271240234e-01
9.339482784271240234e-01
9.339482784271240234e-01
9.339482784271240234e-01
7.111899852752685547e-01
1.218452453613281250e+00
1.231099605560302734e+00
1.231099605560302734e+00
1.231099605560302734e+00
1.231099605560302734e+00
1.231099605560302734e+00
1.231099605560302734e+00
1.231099605560302734e+00
1.231099605560302734e+00
1.231099605560302734e+00
1.231099605560302734e+00
1.231099605560302734e+00
1.231099605560302734e+00
1.231099605560302734e+00
1.231099605560302734e+00
6.067502498626708984e-01
6.067502498626708984e-01
7.598770856857299805e-01
7.598770856857299805e-01
1.083174705505371094e+00
1.083174705505371094e+00
1.083174705505371094e+00
1.083174705505371094e+00
1.083174705505371094e+00
1.083174705505371094e+00
1.083174705505371094e+00
1.083174705505371094e+00
1.083174705505371094e+00
1.083174705505371094e+00
1.083174705505371094e+00
1.083174705505371094e+00
1.083174705505371094e+00
1.083174705505371094e+00
6.157183647155761719e-01
6.157183647155761719e-01
6.157183647155761719e-01
6.157183647155761719e-01
6.157183647155761719e-01
6.157183647155761719e-01
6.157183647155761719e-01
6.157183647155761719e-01
6.157183647155761719e-01
6.157183647155761719e-01
6.157183647155761719e-01
8.704309463500976562e-01
8.704309463500976562e-01
7.750370502471923828e-01
7.750370502471923828e-01
7.750370502471923828e-01
7.750370502471923828e-01
7.750370502471923828e-01
7.750370502471923828e-01
7.750370502471923828e-01
7.750370502471923828e-01
6.225210428237915039e-01
6.225210428237915039e-01
1.090278267860412598e+00
8.647572994232177734e-01
8.647572994232177734e-01
5.644592046737670898e-01
5.644592046737670898e-01
5.644592046737670898e-01
5.644592046737670898e-01
5.644592046737670898e-01
5.644592046737670898e-01
5.644592046737670898e-01
5.644592046737670898e-01
8.766329288482666016e-01
1.135283708572387695e+00
1.135283708572387695e+00
1.135283708572387695e+00
1.135283708572387695e+00
1.135283708572387695e+00
1.135283708572387695e+00
1.135283708572387695e+00
1.135283708572387695e+00
1.135283708572387695e+00
5.700969696044921875e-01
1.146279573440551758e+00
1.146279573440551758e+00
1.146279573440551758e+00
1.146279573440551758e+00
1.146279573440551758e+00
1.146279573440551758e+00
1.146279573440551758e+00
1.146279573440551758e+00
1.280712604522705078e+00
1.280712604522705078e+00
1.280712604522705078e+00
1.132520675659179688e+00
1.132520675659179688e+00
7.624690532684326172e-01
7.624690532684326172e-01
7.624690532684326172e-01
9.674614667892456055e-01
9.674614667892456055e-01
7.181564569473266602e-01
8.238463401794433594e-01
8.238463401794433594e-01
8.238463401794433594e-01
8.238463401794433594e-01
8.238463401794433594e-01
8.238463401794433594e-01
8.238463401794433594e-01
8.238463401794433594e-01
8.238463401794433594e-01
8.238463401794433594e-01
8.238463401794433594e-01
8.238463401794433594e-01
8.238463401794433594e-01
8.238463401794433594e-01
8.238463401794433594e-01
9.152665734291076660e-01
9.177130460739135742e-01
9.177130460739135742e-01
9.177130460739135742e-01
9.177130460739135742e-01
9.177130460739135742e-01
9.177130460739135742e-01
9.177130460739135742e-01
9.177130460739135742e-01
9.177130460739135742e-01
7.640419006347656250e-01
7.640419006347656250e-01
7.640419006347656250e-01
7.640419006347656250e-01
7.640419006347656250e-01
8.646643161773681641e-01
8.646643161773681641e-01
8.646643161773681641e-01
8.646643161773681641e-01
8.646643161773681641e-01
8.646643161773681641e-01
8.646643161773681641e-01
8.646643161773681641e-01
8.646643161773681641e-01
8.646643161773681641e-01
8.646643161773681641e-01
8.646643161773681641e-01
8.646643161773681641e-01
8.646643161773681641e-01
8.646643161773681641e-01
8.646643161773681641e-01
8.646643161773681641e-01
1.711002349853515625e+00
2.015836000442504883e+00
7.772734165191650391e-01
7.772734165191650391e-01
9.450281858444213867e-01
9.450281858444213867e-01
9.450281858444213867e-01
9.450281858444213867e-01
9.450281858444213867e-01
9.450281858444213867e-01
5.435585379600524902e-01
3.053473234176635742e-01
3.053473234176635742e-01
9.353438615798950195e-01
8.213347196578979492e-01
8.213347196578979492e-01
7.768915891647338867e-01
7.768915891647338867e-01
9.390596151351928711e-01
9.390596151351928711e-01
9.390596151351928711e-01
1.197549104690551758e+00
1.197549104690551758e+00
1.197549104690551758e+00
1.197549104690551758e+00
1.197549104690551758e+00
1.645005345344543457e+00
9.134101867675781250e-01
9.134101867675781250e-01
9.134101867675781250e-01
1.316380620002746582e+00
1.316380620002746582e+00
1.316380620002746582e+00
1.354297757148742676e+00
9.707989692687988281e-01
9.707989692687988281e-01
1.259409904479980469e+00
1.259409904479980469e+00
1.879849791526794434e+00
7.533353567123413086e-01
7.533353567123413086e-01
1.128890514373779297e+00
1.128890514373779297e+00
1.128890514373779297e+00
1.128890514373779297e+00
5.653734207153320312e-01
5.653734207153320312e-01
1.392950773239135742e+00
8.856827616691589355e-01
8.856827616691589355e-01
8.856827616691589355e-01
8.856827616691589355e-01
8.856827616691589355e-01
8.856827616691589355e-01
8.856827616691589355e-01
8.856827616691589355e-01
8.856827616691589355e-01
8.856827616691589355e-01
8.856827616691589355e-01
7.931165695190429688e-01
7.931165695190429688e-01
7.931165695190429688e-01
7.931165695190429688e-01
7.931165695190429688e-01
7.931165695190429688e-01
7.931165695190429688e-01
1.284564495086669922e+00
1.284564495086669922e+00
1.284564495086669922e+00
5.942591428756713867e-01
7.685821056365966797e-01
7.685821056365966797e-01
7.685821056365966797e-01
9.992953538894653320e-01
6.337392330169677734e-01
6.337392330169677734e-01
6.337392330169677734e-01
6.337392330169677734e-01
7.713779807090759277e-01
7.713779807090759277e-01
7.713779807090759277e-01
7.135590910911560059e-01
7.135590910911560059e-01
7.135590910911560059e-01
7.135590910911560059e-01
7.135590910911560059e-01
7.135590910911560059e-01
7.135590910911560059e-01
5.100160241127014160e-01
5.100160241127014160e-01
5.100160241127014160e-01
1.858971595764160156e+00
1.858971595764160156e+00
1.858971595764160156e+00
1.817408442497253418e+00
9.991037845611572266e-01
9.991037845611572266e-01
9.991037845611572266e-01
9.991037845611572266e-01
9.991037845611572266e-01
9.991037845611572266e-01
9.991037845611572266e-01
9.991037845611572266e-01
9.991037845611572266e-01
9.991037845611572266e-01
9.991037845611572266e-01
8.796311616897583008e-01
8.796311616897583008e-01
8.839148879051208496e-01
9.439970254898071289e-01
9.439970254898071289e-01
9.439970254898071289e-01
9.439970254898071289e-01
9.439970254898071289e-01
9.439970254898071289e-01
9.439970254898071289e-01
9.439970254898071289e-01
9.439970254898071289e-01
9.439970254898071289e-01
9.382317662239074707e-01
9.382317662239074707e-01
9.382317662239074707e-01
9.382317662239074707e-01
1.182864308357238770e+00
1.725888013839721680e+00
1.945561051368713379e+00
1.945561051368713379e+00
1.945561051368713379e+00
1.107996106147766113e+00
1.107996106147766113e+00
1.358291625976562500e+00
1.358291625976562500e+00
8.146438002586364746e-01
8.146438002586364746e-01
1.881488323211669922e+00
1.881488323211669922e+00
1.744157791137695312e+00
1.333381891250610352e+00
1.333381891250610352e+00
1.333381891250610352e+00
5.900255441665649414e-01
5.900255441665649414e-01
5.900255441665649414e-01
5.900255441665649414e-01
5.900255441665649414e-01
5.900255441665649414e-01
1.224411249160766602e+00
4.679042696952819824e-01
7.981604933738708496e-01
7.981604933738708496e-01
7.981604933738708496e-01
7.981604933738708496e-01
7.981604933738708496e-01
1.025600433349609375e+00
1.025600433349609375e+00
1.025600433349609375e+00
1.025600433349609375e+00
1.025600433349609375e+00
1.025600433349609375e+00
8.644586205482482910e-01
8.644586205482482910e-01
8.644586205482482910e-01
8.644586205482482910e-01
1.874088764190673828e+00
1.874088764190673828e+00
1.874088764190673828e+00
1.874088764190673828e+00
1.874088764190673828e+00
1.874088764190673828e+00
1.874088764190673828e+00
1.874088764190673828e+00
9.108521342277526855e-01
9.108521342277526855e-01
9.108521342277526855e-01
9.108521342277526855e-01
9.108521342277526855e-01
9.108521342277526855e-01
9.108521342277526855e-01
9.108521342277526855e-01
9.108521342277526855e-01
9.108521342277526855e-01
9.108521342277526855e-01
9.108521342277526855e-01
9.108521342277526855e-01
9.108521342277526855e-01
9.108521342277526855e-01
9.108521342277526855e-01
1.054066419601440430e+00
1.054066419601440430e+00
1.054066419601440430e+00
1.054066419601440430e+00
1.054066419601440430e+00
1.054066419601440430e+00
1.054066419601440430e+00
1.054066419601440430e+00
1.054066419601440430e+00
1.054066419601440430e+00
1.054066419601440430e+00
7.186471223831176758e-01
7.186471223831176758e-01
7.186471223831176758e-01
7.186471223831176758e-01
7.186471223831176758e-01
7.186471223831176758e-01
7.186471223831176758e-01
9.917250275611877441e-01
1.151073217391967773e+00
1.151073217391967773e+00
1.151073217391967773e+00
1.261659145355224609e+00
1.261659145355224609e+00
1.261659145355224609e+00
1.261659145355224609e+00
1.261659145355224609e+00
1.261659145355224609e+00
1.261659145355224609e+00
1.261659145355224609e+00
1.501997232437133789e+00
1.289299726486206055e+00
1.289299726486206055e+00
1.289299726486206055e+00
1.289299726486206055e+00
1.012062907218933105e+00
1.012062907218933105e+00
1.012062907218933105e+00
1.107666969299316406e+00
1.107666969299316406e+00
1.107666969299316406e+00
1.107666969299316406e+00
1.107666969299316406e+00
1.107666969299316406e+00
1.107666969299316406e+00
1.107666969299316406e+00
1.308524847030639648e+00
1.308524847030639648e+00
7.222693562507629395e-01
7.441503405570983887e-01
1.720367789268493652e+00
9.700754284858703613e-01
9.700754284858703613e-01
9.700754284858703613e-01
9.700754284858703613e-01
9.700754284858703613e-01
9.700754284858703613e-01
9.700754284858703613e-01
9.700754284858703613e-01
9.700754284858703613e-01
9.006772041320800781e-01
9.006772041320800781e-01
9.006772041320800781e-01
9.858253598213195801e-01
9.858253598213195801e-01
9.858253598213195801e-01
9.858253598213195801e-01
1.457924127578735352e+00
1.457924127578735352e+00
1.457924127578735352e+00
1.457924127578735352e+00
1.457924127578735352e+00
1.457924127578735352e+00
1.457924127578735352e+00
1.457924127578735352e+00
1.457924127578735352e+00
1.457924127578735352e+00
5.330891609191894531e-01
5.330891609191894531e-01
9.955736398696899414e-01
9.955736398696899414e-01
1.801330685615539551e+00
1.801330685615539551e+00
1.801330685615539551e+00
1.801330685615539551e+00
1.801330685615539551e+00
1.801330685615539551e+00
4.259084463119506836e-01
1.773975968360900879e+00
1.821460247039794922e+00
1.821460247039794922e+00
1.022473573684692383e+00
8.864242434501647949e-01
9.442620277404785156e-01
9.442620277404785156e-01
9.442620277404785156e-01
9.442620277404785156e-01
9.442620277404785156e-01
9.442620277404785156e-01
9.442620277404785156e-01
8.223378062248229980e-01
1.176735997200012207e+00
1.176735997200012207e+00
1.168690919876098633e+00
1.798341751098632812e+00
1.798341751098632812e+00
1.060228943824768066e+00
1.060228943824768066e+00
1.060228943824768066e+00
1.060228943824768066e+00
1.060228943824768066e+00
1.060228943824768066e+00
1.593142747879028320e+00
1.476354956626892090e+00
1.476354956626892090e+00
1.476354956626892090e+00
1.102227807044982910e+00
1.102227807044982910e+00
1.102227807044982910e+00
1.102227807044982910e+00
1.102227807044982910e+00
1.102227807044982910e+00
1.102227807044982910e+00
1.102227807044982910e+00
1.102227807044982910e+00
1.052915692329406738e+00
1.052915692329406738e+00
1.052915692329406738e+00
1.052915692329406738e+00
1.390891313552856445e+00
1.390891313552856445e+00
6.532407999038696289e-01
6.532407999038696289e-01
6.532407999038696289e-01
6.532407999038696289e-01
6.532407999038696289e-01
6.532407999038696289e-01
6.532407999038696289e-01
6.532407999038696289e-01
6.532407999038696289e-01
6.532407999038696289e-01
6.532407999038696289e-01
6.532407999038696289e-01
9.712301492691040039e-01
9.712301492691040039e-01
9.712301492691040039e-01
9.712301492691040039e-01
9.712301492691040039e-01
9.712301492691040039e-01
9.712301492691040039e-01
9.712301492691040039e-01
9.712301492691040039e-01
9.712301492691040039e-01
9.712301492691040039e-01
1.819665431976318359e+00
1.819665431976318359e+00
1.819665431976318359e+00
1.819665431976318359e+00
1.803912758827209473e+00
1.803912758827209473e+00
1.411183238029479980e+00
1.327472090721130371e+00
1.327472090721130371e+00
1.327472090721130371e+00
1.095368623733520508e+00
1.095368623733520508e+00
1.095368623733520508e+00
1.095368623733520508e+00
1.095368623733520508e+00
1.095368623733520508e+00
1.095368623733520508e+00
1.095368623733520508e+00
1.095368623733520508e+00
1.095368623733520508e+00
1.095368623733520508e+00
1.095368623733520508e+00
1.095368623733520508e+00
1.075340270996093750e+00
1.075340270996093750e+00
1.075340270996093750e+00
1.075340270996093750e+00
1.075340270996093750e+00
1.075340270996093750e+00
9.758859872817993164e-01
9.758859872817993164e-01
9.758859872817993164e-01
9.758859872817993164e-01
9.758859872817993164e-01
9.758859872817993164e-01
9.758859872817993164e-01
9.758859872817993164e-01
9.758859872817993164e-01
9.758859872817993164e-01
9.758859872817993164e-01
5.842142105102539062e-01
5.842142105102539062e-01
5.842142105102539062e-01
5.842142105102539062e-01
5.842142105102539062e-01
1.121970176696777344e+00
9.266228079795837402e-01
9.266228079795837402e-01
9.266228079795837402e-01
7.568749189376831055e-01
7.568749189376831055e-01
7.568749189376831055e-01
7.568749189376831055e-01
2.385994195938110352e+00
2.385994195938110352e+00
2.385994195938110352e+00
2.385994195938110352e+00
2.385994195938110352e+00
2.385994195938110352e+00
2.102245092391967773e+00
2.102245092391967773e+00
1.642829179763793945e+00
1.642829179763793945e+00
1.642829179763793945e+00
1.088410139083862305e+00
1.088410139083862305e+00
1.088410139083862305e+00
1.088410139083862305e+00
1.088410139083862305e+00
1.088410139083862305e+00
1.088410139083862305e+00
1.088410139083862305e+00
1.088410139083862305e+00
1.088410139083862305e+00
1.088410139083862305e+00
1.088410139083862305e+00
1.088410139083862305e+00
1.088410139083862305e+00
1.088410139083862305e+00
1.088410139083862305e+00
1.088410139083862305e+00
1.088410139083862305e+00
1.088410139083862305e+00
1.088410139083862305e+00
1.088410139083862305e+00
1.088410139083862305e+00
1.088410139083862305e+00
1.088410139083862305e+00
1.088410139083862305e+00
1.088410139083862305e+00
1.088410139083862305e+00
1.088410139083862305e+00
1.088410139083862305e+00
1.088410139083862305e+00
1.041693210601806641e+00
1.041693210601806641e+00
1.041693210601806641e+00
8.719159364700317383e-01
8.719159364700317383e-01
8.719159364700317383e-01
8.719159364700317383e-01
8.719159364700317383e-01
8.719159364700317383e-01
6.913031935691833496e-01
6.913031935691833496e-01
6.913031935691833496e-01
6.913031935691833496e-01
1.364390254020690918e+00
6.145967841148376465e-01
6.145967841148376465e-01
6.145967841148376465e-01
6.145967841148376465e-01
6.145967841148376465e-01
6.145967841148376465e-01
6.145967841148376465e-01
6.145967841148376465e-01
1.042509794235229492e+00
1.042509794235229492e+00
1.042509794235229492e+00
1.718222498893737793e+00
1.718222498893737793e+00
1.718222498893737793e+00
1.511879324913024902e+00
1.511879324913024902e+00
1.511879324913024902e+00
1.511879324913024902e+00
5.847902297973632812e-01
5.847902297973632812e-01
5.847902297973632812e-01
5.847902297973632812e-01
5.847902297973632812e-01
5.847902297973632812e-01
5.847902297973632812e-01
5.847902297973632812e-01
5.847902297973632812e-01
7.052584290504455566e-01
7.052584290504455566e-01
8.005836606025695801e-01
1.020315885543823242e+00
1.020315885543823242e+00
1.641132354736328125e+00
1.600212216377258301e+00
1.600212216377258301e+00
1.600212216377258301e+00
1.600212216377258301e+00
1.812191963195800781e+00
1.812191963195800781e+00
1.812191963195800781e+00
8.363165855407714844e-01
8.363165855407714844e-01
8.363165855407714844e-01
8.363165855407714844e-01
8.363165855407714844e-01
8.363165855407714844e-01
8.363165855407714844e-01
8.363165855407714844e-01
8.363165855407714844e-01
8.363165855407714844e-01
8.363165855407714844e-01
8.363165855407714844e-01
8.363165855407714844e-01
8.363165855407714844e-01
8.363165855407714844e-01
8.363165855407714844e-01
8.363165855407714844e-01
8.363165855407714844e-01
8.363165855407714844e-01
8.363165855407714844e-01
8.363165855407714844e-01
8.363165855407714844e-01
9.040637016296386719e-01
9.040637016296386719e-01
8.230498433113098145e-01
8.230498433113098145e-01
8.230498433113098145e-01
8.230498433113098145e-01
8.230498433113098145e-01
8.230498433113098145e-01
8.230498433113098145e-01
8.230498433113098145e-01
8.230498433113098145e-01
8.230498433113098145e-01
6.496618390083312988e-01
6.496618390083312988e-01
6.496618390083312988e-01
7.508665919303894043e-01
7.508665919303894043e-01
7.433726787567138672e-01
7.433726787567138672e-01
7.433726787567138672e-01
7.433726787567138672e-01
7.433726787567138672e-01
7.433726787567138672e-01
7.433726787567138672e-01
9.557539224624633789e-01
9.557539224624633789e-01
9.557539224624633789e-01
1.086192846298217773e+00
9.367277026176452637e-01
1.135764956474304199e+00
1.135764956474304199e+00
