1.864829063415527344e+00
1.864829063415527344e+00
1.864829063415527344e+00
1.864829063415527344e+00
1.864829063415527344e+00
1.864829063415527344e+00
1.864829063415527344e+00
1.864829063415527344e+00
3.917489051818847656e-01
3.917489051818847656e-01
3.917489051818847656e-01
3.917489051818847656e-01
3.917489051818847656e-01
3.917489051818847656e-01
3.917489051818847656e-01
3.917489051818847656e-01
3.917489051818847656e-01
3.917489051818847656e-01
3.917489051818847656e-01
3.917489051818847656e-01
3.917489051818847656e-01
3.917489051818847656e-01
3.917489051818847656e-01
3.917489051818847656e-01
3.917489051818847656e-01
3.917489051818847656e-01
4.404096305370330811e-01
4.404096305370330811e-01
4.404096305370330811e-01
1.164464235305786133e+00
1.232034325599670410e+00
1.232034325599670410e+00
1.232034325599670410e+00
1.232034325599670410e+00
1.232034325599670410e+00
1.232034325599670410e+00
8.578163981437683105e-01
8.578163981437683105e-01
4.617879390716552734e+00
2.807858228683471680e+00
6.672985553741455078e-01
5.968620181083679199e-01
5.968620181083679199e-01
5.968620181083679199e-01
5.968620181083679199e-01
5.968620181083679199e-01
6.514667272567749023e-01
6.514667272567749023e-01
6.514667272567749023e-01
6.514667272567749023e-01
6.514667272567749023e-01
6.514667272567749023e-01
6.514667272567749023e-01
6.514667272567749023e-01
6.514667272567749023e-01
6.514667272567749023e-01
6.514667272567749023e-01
6.514667272567749023e-01
6.514667272567749023e-01
6.514667272567749023e-01
6.514667272567749023e-01
6.514667272567749023e-01
7.552185058593750000e-01
7.552185058593750000e-01
2.287790775299072266e+00
2.287790775299072266e+00
4.006137847900390625e-01
4.006137847900390625e-01
4.006137847900390625e-01
4.006137847900390625e-01
4.006137847900390625e-01
4.006137847900390625e-01
4.006137847900390625e-01
4.006137847900390625e-01
2.375020980834960938e+00
2.375020980834960938e+00
2.647887706756591797e+00
2.647887706756591797e+00
2.647887706756591797e+00
2.647887706756591797e+00
2.647887706756591797e+00
3.275330543518066406e+00
2.783552885055541992e+00
2.783552885055541992e+00
2.783552885055541992e+00
2.783552885055541992e+00
5.247864723205566406e-01
7.996707558631896973e-01
7.996707558631896973e-01
7.996707558631896973e-01
7.996707558631896973e-01
2.356968641281127930e+00
1.439667940139770508e+00
1.439667940139770508e+00
1.439667940139770508e+00
1.439667940139770508e+00
1.439667940139770508e+00
1.439667940139770508e+00
1.439667940139770508e+00
3.243632793426513672e+00
3.243632793426513672e+00
2.851767778396606445e+00
2.851767778396606445e+00
3.968711853027343750e+00
3.674465179443359375e+00
2.863480329513549805e+00
2.090834617614746094e+00
2.843384742736816406e-01
2.843384742736816406e-01
7.944045066833496094e-01
7.944045066833496094e-01
7.944045066833496094e-01
7.944045066833496094e-01
7.944045066833496094e-01
8.642868995666503906e-01
1.046439647674560547e+00
1.046439647674560547e+00
1.046439647674560547e+00
1.175201773643493652e+00
1.175201773643493652e+00
1.327093005180358887e+00
1.325814604759216309e+00
4.511902928352355957e-01
4.511902928352355957e-01
4.511902928352355957e-01
4.511902928352355957e-01
4.511902928352355957e-01
4.511902928352355957e-01
4.511902928352355957e-01
1.072844862937927246e+00
1.125290989875793457e+00
1.125290989875793457e+00
1.125290989875793457e+00
1.125290989875793457e+00
1.125290989875793457e+00
1.125290989875793457e+00
1.125290989875793457e+00
1.125290989875793457e+00
1.125290989875793457e+00
1.125290989875793457e+00
1.125290989875793457e+00
1.125290989875793457e+00
1.125290989875793457e+00
1.125290989875793457e+00
9.452001452445983887e-01
9.452001452445983887e-01
9.452001452445983887e-01
9.452001452445983887e-01
9.452001452445983887e-01
9.452001452445983887e-01
9.452001452445983887e-01
5.564826726913452148e-01
5.564826726913452148e-01
5.564826726913452148e-01
5.564826726913452148e-01
5.564826726913452148e-01
5.564826726913452148e-01
5.564826726913452148e-01
5.564826726913452148e-01
5.877327322959899902e-01
1.438664913177490234e+00
1.438664913177490234e+00
2.092324495315551758e+00
2.092324495315551758e+00
2.092324495315551758e+00
8.942393064498901367e-01
8.942393064498901367e-01
8.942393064498901367e-01
8.942393064498901367e-01
6.463723778724670410e-01
6.463723778724670410e-01
6.463723778724670410e-01
6.463723778724670410e-01
8.752924203872680664e-01
8.752924203872680664e-01
8.752924203872680664e-01
8.752924203872680664e-01
8.752924203872680664e-01
3.397866487503051758e-01
3.397866487503051758e-01
3.782527744770050049e-01
3.782527744770050049e-01
5.855910181999206543e-01
5.855910181999206543e-01
5.855910181999206543e-01
5.855910181999206543e-01
5.855910181999206543e-01
5.855910181999206543e-01
8.962692022323608398e-01
8.962692022323608398e-01
8.962692022323608398e-01
8.962692022323608398e-01
8.962692022323608398e-01
8.962692022323608398e-01
8.962692022323608398e-01
8.962692022323608398e-01
8.962692022323608398e-01
8.962692022323608398e-01
8.962692022323608398e-01
8.962692022323608398e-01
8.962692022323608398e-01
8.962692022323608398e-01
8.962692022323608398e-01
2.627299070358276367e+00
4.417827129364013672e-01
4.417827129364013672e-01
4.417827129364013672e-01
4.417827129364013672e-01
4.417827129364013672e-01
4.417827129364013672e-01
4.417827129364013672e-01
4.417827129364013672e-01
4.417827129364013672e-01
1.328668355941772461e+00
1.328668355941772461e+00
1.328668355941772461e+00
1.328668355941772461e+00
1.328668355941772461e+00
1.328668355941772461e+00
1.328668355941772461e+00
2.103883028030395508e+00
2.103883028030395508e+00
1.729334831237792969e+00
1.729334831237792969e+00
1.072587728500366211e+00
1.951160192489624023e+00
1.951160192489624023e+00
1.951160192489624023e+00
1.951160192489624023e+00
1.951160192489624023e+00
1.951160192489624023e+00
1.951160192489624023e+00
1.951160192489624023e+00
1.656107783317565918e+00
1.656107783317565918e+00
1.656107783317565918e+00
1.656107783317565918e+00
1.656107783317565918e+00
1.656107783317565918e+00
1.656107783317565918e+00
1.656107783317565918e+00
1.656107783317565918e+00
1.656107783317565918e+00
1.656107783317565918e+00
1.656107783317565918e+00
1.656107783317565918e+00
1.656107783317565918e+00
2.376587390899658203e+00
2.376587390899658203e+00
5.011975765228271484e-01
5.011975765228271484e-01
1.760138750076293945e+00
1.760138750076293945e+00
1.760138750076293945e+00
7.295693159103393555e-01
7.295693159103393555e-01
1.218762397766113281e+00
1.708455681800842285e+00
2.040228605270385742e+00
2.040228605270385742e+00
2.040228605270385742e+00
2.040228605270385742e+00
2.040228605270385742e+00
2.040228605270385742e+00
2.040228605270385742e+00
2.571056842803955078e+00
2.571056842803955078e+00
2.571056842803955078e+00
4.035721778869628906e+00
4.771243572235107422e+00
5.539277076721191406e+00
5.539277076721191406e+00
5.539277076721191406e+00
4.708368301391601562e+00
4.708368301391601562e+00
4.708368301391601562e+00
4.742240905761718750e-01
4.742240905761718750e-01
7.523136138916015625e-01
7.523136138916015625e-01
7.523136138916015625e-01
7.577804923057556152e-01
7.577804923057556152e-01
7.577804923057556152e-01
7.577804923057556152e-01
7.577804923057556152e-01
7.577804923057556152e-01
3.183446645736694336e+00
3.183446645736694336e+00
3.183446645736694336e+00
1.283589243888854980e+00
1.283589243888854980e+00
1.283589243888854980e+00
1.283589243888854980e+00
1.283589243888854980e+00
1.283589243888854980e+00
1.283589243888854980e+00
1.510384917259216309e+00
2.688702583312988281e+00
3.586063861846923828e+00
3.821396589279174805e+00
4.177504062652587891e+00
4.177504062652587891e+00
1.529193878173828125e+00
1.529193878173828125e+00
1.529193878173828125e+00
1.529193878173828125e+00
1.529193878173828125e+00
2.425607681274414062e+00
2.425607681274414062e+00
2.425607681274414062e+00
2.425607681274414062e+00
1.668195486068725586e+00
1.668195486068725586e+00
2.489820957183837891e+00
2.489820957183837891e+00
2.489820957183837891e+00
1.670625686645507812e+00
1.200887441635131836e+00
1.200887441635131836e+00
1.200887441635131836e+00
2.426055908203125000e+00
2.560238122940063477e+00
2.560238122940063477e+00
2.560238122940063477e+00
2.560238122940063477e+00
1.184705257415771484e+00
1.184705257415771484e+00
1.184705257415771484e+00
3.916787505149841309e-01
3.916787505149841309e-01
4.359582662582397461e-01
4.359582662582397461e-01
4.359582662582397461e-01
4.359582662582397461e-01
4.359582662582397461e-01
4.359582662582397461e-01
5.040623545646667480e-01
5.040623545646667480e-01
5.040623545646667480e-01
5.040623545646667480e-01
5.040623545646667480e-01
5.040623545646667480e-01
5.040623545646667480e-01
5.040623545646667480e-01
5.040623545646667480e-01
5.040623545646667480e-01
7.327759861946105957e-01
7.327759861946105957e-01
7.327759861946105957e-01
7.327759861946105957e-01
7.327759861946105957e-01
7.327759861946105957e-01
7.327759861946105957e-01
7.327759861946105957e-01
7.327759861946105957e-01
7.327759861946105957e-01
7.327759861946105957e-01
7.327759861946105957e-01
7.327759861946105957e-01
7.327759861946105957e-01
7.327759861946105957e-01
7.327759861946105957e-01
7.327759861946105957e-01
7.327759861946105957e-01
7.327759861946105957e-01
7.327759861946105957e-01
7.327759861946105957e-01
7.327759861946105957e-01
7.327759861946105957e-01
7.327759861946105957e-01
7.327759861946105957e-01
7.327759861946105957e-01
7.327759861946105957e-01
7.327759861946105957e-01
7.327759861946105957e-01
7.327759861946105957e-01
7.327759861946105957e-01
7.327759861946105957e-01
7.327759861946105957e-01
7.327759861946105957e-01
7.327759861946105957e-01
7.327759861946105957e-01
7.327759861946105957e-01
7.327759861946105957e-01
7.327759861946105957e-01
7.327759861946105957e-01
7.327759861946105957e-01
1.098997592926025391e+00
1.098997592926025391e+00
1.098997592926025391e+00
1.098997592926025391e+00
1.260686397552490234e+00
1.260686397552490234e+00
1.260686397552490234e+00
8.404281139373779297e-01
8.404281139373779297e-01
8.404281139373779297e-01
8.404281139373779297e-01
8.404281139373779297e-01
5.949747562408447266e-01
5.949747562408447266e-01
7.447487115859985352e-01
2.201545238494873047e+00
2.201545238494873047e+00
2.201545238494873047e+00
7.098207473754882812e-01
7.098207473754882812e-01
7.098207473754882812e-01
7.098207473754882812e-01
7.098207473754882812e-01
7.098207473754882812e-01
7.098207473754882812e-01
7.098207473754882812e-01
7.098207473754882812e-01
5.588335990905761719e-01
5.588335990905761719e-01
5.588335990905761719e-01
5.588335990905761719e-01
5.588335990905761719e-01
5.588335990905761719e-01
5.588335990905761719e-01
5.588335990905761719e-01
5.588335990905761719e-01
5.588335990905761719e-01
5.588335990905761719e-01
5.588335990905761719e-01
5.588335990905761719e-01
5.588335990905761719e-01
5.588335990905761719e-01
5.588335990905761719e-01
5.588335990905761719e-01
5.588335990905761719e-01
5.588335990905761719e-01
5.588335990905761719e-01
5.588335990905761719e-01
5.588335990905761719e-01
5.588335990905761719e-01
5.588335990905761719e-01
5.588335990905761719e-01
5.588335990905761719e-01
5.588335990905761719e-01
5.588335990905761719e-01
5.588335990905761719e-01
5.588335990905761719e-01
5.588335990905761719e-01
5.588335990905761719e-01
5.588335990905761719e-01
5.588335990905761719e-01
5.588335990905761719e-01
5.588335990905761719e-01
5.588335990905761719e-01
5.588335990905761719e-01
8.195928335189819336e-01
2.583587646484375000e+00
2.697917699813842773e+00
2.697917699813842773e+00
2.989794969558715820e+00
5.707955360412597656e-01
5.707955360412597656e-01
5.707955360412597656e-01
8.082131147384643555e-01
8.082131147384643555e-01
8.082131147384643555e-01
8.082131147384643555e-01
8.082131147384643555e-01
8.082131147384643555e-01
8.082131147384643555e-01
8.082131147384643555e-01
8.082131147384643555e-01
8.082131147384643555e-01
8.082131147384643555e-01
8.082131147384643555e-01
8.082131147384643555e-01
8.082131147384643555e-01
6.601629257202148438e-01
7.629262208938598633e-01
7.629262208938598633e-01
7.629262208938598633e-01
7.629262208938598633e-01
7.629262208938598633e-01
7.629262208938598633e-01
7.629262208938598633e-01
7.629262208938598633e-01
7.629262208938598633e-01
7.629262208938598633e-01
7.629262208938598633e-01
7.629262208938598633e-01
8.220399022102355957e-01
7.354892492294311523e-01
7.354892492294311523e-01
7.354892492294311523e-01
7.354892492294311523e-01
7.354892492294311523e-01
6.062498092651367188e-01
6.062498092651367188e-01
6.062498092651367188e-01
6.062498092651367188e-01
6.062498092651367188e-01
6.062498092651367188e-01
6.062498092651367188e-01
6.062498092651367188e-01
6.062498092651367188e-01
6.062498092651367188e-01
6.062498092651367188e-01
6.062498092651367188e-01
6.062498092651367188e-01
6.062498092651367188e-01
6.062498092651367188e-01
6.062498092651367188e-01
6.062498092651367188e-01
6.062498092651367188e-01
6.062498092651367188e-01
1.276098370552062988e+00
1.276098370552062988e+00
1.276098370552062988e+00
1.276098370552062988e+00
1.276098370552062988e+00
1.298338770866394043e+00
5.743175506591796875e+00
5.021277427673339844e+00
5.021277427673339844e+00
3.548891067504882812e+00
3.548891067504882812e+00
3.548891067504882812e+00
3.927323579788208008e+00
3.927323579788208008e+00
7.228709220886230469e+00
5.252561092376708984e+00
4.047015190124511719e+00
1.687452793121337891e+00
1.687452793121337891e+00
1.687452793121337891e+00
1.687452793121337891e+00
1.687452793121337891e+00
1.687452793121337891e+00
1.687452793121337891e+00
1.687452793121337891e+00
1.081260681152343750e+00
1.081260681152343750e+00
1.081260681152343750e+00
1.081260681152343750e+00
1.081260681152343750e+00
1.081260681152343750e+00
1.081260681152343750e+00
6.029599666595458984e+00
6.287740230560302734e+00
6.287740230560302734e+00
6.287740230560302734e+00
5.727211952209472656e+00
5.727211952209472656e+00
5.175701618194580078e+00
5.175701618194580078e+00
5.175701618194580078e+00
5.175701618194580078e+00
4.181540489196777344e+00
4.181540489196777344e+00
4.181540489196777344e+00
4.459443092346191406e+00
5.312423706054687500e+00
5.095253467559814453e+00
4.966801643371582031e+00
4.966801643371582031e+00
5.363479614257812500e+00
5.363479614257812500e+00
5.363479614257812500e+00
1.640815496444702148e+00
1.640815496444702148e+00
1.640815496444702148e+00
1.640815496444702148e+00
1.098897933959960938e+00
1.098897933959960938e+00
1.098897933959960938e+00
1.098897933959960938e+00
1.098897933959960938e+00
1.098897933959960938e+00
1.098897933959960938e+00
1.098897933959960938e+00
1.098897933959960938e+00
1.098897933959960938e+00
1.098897933959960938e+00
1.098897933959960938e+00
1.098897933959960938e+00
2.677887439727783203e+00
2.677887439727783203e+00
2.677887439727783203e+00
2.097062349319458008e+00
1.610669612884521484e+00
1.610669612884521484e+00
1.610669612884521484e+00
9.962704777717590332e-01
9.962704777717590332e-01
9.962704777717590332e-01
9.962704777717590332e-01
9.962704777717590332e-01
9.962704777717590332e-01
1.500229358673095703e+00
1.500229358673095703e+00
9.130804538726806641e-01
9.130804538726806641e-01
9.130804538726806641e-01
6.274064779281616211e-01
6.274064779281616211e-01
6.274064779281616211e-01
6.274064779281616211e-01
6.274064779281616211e-01
6.274064779281616211e-01
6.274064779281616211e-01
6.274064779281616211e-01
6.274064779281616211e-01
6.274064779281616211e-01
6.274064779281616211e-01
8.255675435066223145e-01
8.255675435066223145e-01
8.255675435066223145e-01
8.255675435066223145e-01
8.255675435066223145e-01
8.255675435066223145e-01
8.255675435066223145e-01
8.255675435066223145e-01
8.255675435066223145e-01
8.255675435066223145e-01
8.255675435066223145e-01
8.255675435066223145e-01
8.700771331787109375e-01
8.700771331787109375e-01
3.839226961135864258e+00
2.098076105117797852e+00
1.294342637062072754e+00
1.294342637062072754e+00
4.831396341323852539e-01
4.831396341323852539e-01
4.831396341323852539e-01
4.831396341323852539e-01
4.831396341323852539e-01
4.831396341323852539e-01
4.831396341323852539e-01
4.831396341323852539e-01
4.831396341323852539e-01
4.831396341323852539e-01
4.831396341323852539e-01
4.831396341323852539e-01
4.831396341323852539e-01
1.866707444190979004e+00
6.357854604721069336e-01
6.357854604721069336e-01
6.357854604721069336e-01
6.357854604721069336e-01
6.357854604721069336e-01
6.357854604721069336e-01
6.357854604721069336e-01
6.357854604721069336e-01
6.357854604721069336e-01
6.357854604721069336e-01
6.357854604721069336e-01
6.357854604721069336e-01
6.357854604721069336e-01
6.357854604721069336e-01
8.329237103462219238e-01
8.329237103462219238e-01
8.329237103462219238e-01
8.329237103462219238e-01
8.329237103462219238e-01
8.329237103462219238e-01
8.329237103462219238e-01
8.329237103462219238e-01
8.329237103462219238e-01
8.329237103462219238e-01
8.329237103462219238e-01
8.329237103462219238e-01
8.329237103462219238e-01
8.329237103462219238e-01
8.329237103462219238e-01
8.329237103462219238e-01
8.329237103462219238e-01
8.329237103462219238e-01
8.329237103462219238e-01
8.329237103462219238e-01
4.623324394226074219e+00
3.687374353408813477e+00
1.635637521743774414e+00
1.635637521743774414e+00
8.696663379669189453e-01
8.696663379669189453e-01
8.696663379669189453e-01
8.696663379669189453e-01
8.696663379669189453e-01
8.696663379669189453e-01
8.696663379669189453e-01
8.696663379669189453e-01
8.696663379669189453e-01
8.696663379669189453e-01
8.696663379669189453e-01
8.696663379669189453e-01
8.696663379669189453e-01
8.696663379669189453e-01
8.696663379669189453e-01
8.696663379669189453e-01
1.274702429771423340e+00
1.604326963424682617e+00
1.413580179214477539e+00
1.588161945343017578e+00
1.588161945343017578e+00
1.588161945343017578e+00
1.588161945343017578e+00
1.588161945343017578e+00
1.588161945343017578e+00
1.588161945343017578e+00
4.373964071273803711e-01
4.373964071273803711e-01
7.849956750869750977e-01
7.849956750869750977e-01
7.849956750869750977e-01
7.849956750869750977e-01
7.849956750869750977e-01
7.849956750869750977e-01
7.849956750869750977e-01
7.849956750869750977e-01
7.849956750869750977e-01
7.849956750869750977e-01
7.849956750869750977e-01
7.849956750869750977e-01
1.251453518867492676e+00
1.251453518867492676e+00
1.251453518867492676e+00
1.251453518867492676e+00
3.701095104217529297e+00
3.701095104217529297e+00
3.701095104217529297e+00
3.352150201797485352e+00
4.097882270812988281e+00
4.097882270812988281e+00
5.151518344879150391e+00
4.436353683471679688e+00
4.436353683471679688e+00
2.531569004058837891e+00
2.531569004058837891e+00
3.303971767425537109e+00
1.852656006813049316e+00
5.838950872421264648e-01
5.838950872421264648e-01
5.838950872421264648e-01
5.838950872421264648e-01
8.217906951904296875e-01
8.217906951904296875e-01
8.217906951904296875e-01
8.217906951904296875e-01
8.217906951904296875e-01
8.217906951904296875e-01
8.217906951904296875e-01
8.217906951904296875e-01
8.217906951904296875e-01
6.112247109413146973e-01
6.112247109413146973e-01
6.112247109413146973e-01
2.626767754554748535e-01
2.626767754554748535e-01
2.626767754554748535e-01
2.626767754554748535e-01
3.764322042465209961e+00
3.431786537170410156e+00
4.847028732299804688e+00
4.847028732299804688e+00
2.881856203079223633e+00
2.881856203079223633e+00
3.734978199005126953e+00
3.734978199005126953e+00
3.734978199005126953e+00
3.734978199005126953e+00
3.734978199005126953e+00
3.598680496215820312e+00
1.641901373863220215e+00
1.760210037231445312e+00
1.760210037231445312e+00
2.843810796737670898e+00
2.793597936630249023e+00
2.793597936630249023e+00
3.752578973770141602e+00
3.752578973770141602e+00
5.461239814758300781e+00
5.461239814758300781e+00
5.461239814758300781e+00
4.972867965698242188e-01
4.972867965698242188e-01
4.972867965698242188e-01
4.972867965698242188e-01
4.972867965698242188e-01
4.972867965698242188e-01
4.972867965698242188e-01
4.972867965698242188e-01
4.972867965698242188e-01
4.972867965698242188e-01
4.972867965698242188e-01
4.972867965698242188e-01
4.972867965698242188e-01
4.972867965698242188e-01
4.972867965698242188e-01
4.972867965698242188e-01
4.972867965698242188e-01
4.972867965698242188e-01
4.972867965698242188e-01
4.972867965698242188e-01
4.972867965698242188e-01
4.972867965698242188e-01
4.972867965698242188e-01
4.972867965698242188e-01
4.972867965698242188e-01
4.972867965698242188e-01
4.972867965698242188e-01
4.972867965698242188e-01
4.972867965698242188e-01
4.972867965698242188e-01
4.972867965698242188e-01
4.972867965698242188e-01
4.972867965698242188e-01
4.972867965698242188e-01
6.717017889022827148e-01
6.717017889022827148e-01
6.717017889022827148e-01
9.443752765655517578e-01
9.443752765655517578e-01
9.443752765655517578e-01
9.443752765655517578e-01
9.443752765655517578e-01
9.443752765655517578e-01
9.443752765655517578e-01
9.443752765655517578e-01
9.443752765655517578e-01
9.443752765655517578e-01
3.857146501541137695e-01
3.857146501541137695e-01
3.857146501541137695e-01
1.033378839492797852e+00
1.033378839492797852e+00
1.033378839492797852e+00
1.033378839492797852e+00
1.538343429565429688e+00
2.050114393234252930e+00
2.050114393234252930e+00
2.050114393234252930e+00
1.646358609199523926e+00
1.541017413139343262e+00
1.541017413139343262e+00
1.541017413139343262e+00
1.541017413139343262e+00
5.372370481491088867e-01
5.372370481491088867e-01
5.372370481491088867e-01
5.372370481491088867e-01
5.372370481491088867e-01
5.372370481491088867e-01
5.372370481491088867e-01
5.372370481491088867e-01
5.372370481491088867e-01
5.372370481491088867e-01
5.372370481491088867e-01
5.372370481491088867e-01
5.372370481491088867e-01
5.372370481491088867e-01
5.372370481491088867e-01
5.372370481491088867e-01
5.372370481491088867e-01
5.372370481491088867e-01
5.372370481491088867e-01
5.372370481491088867e-01
5.372370481491088867e-01
5.372370481491088867e-01
5.372370481491088867e-01
5.372370481491088867e-01
5.372370481491088867e-01
5.372370481491088867e-01
5.372370481491088867e-01
5.372370481491088867e-01
8.364090919494628906e-01
8.364090919494628906e-01
8.364090919494628906e-01
8.364090919494628906e-01
8.364090919494628906e-01
8.364090919494628906e-01
8.364090919494628906e-01
1.317740440368652344e+00
1.317740440368652344e+00
1.317740440368652344e+00
1.317740440368652344e+00
1.317740440368652344e+00
1.317740440368652344e+00
1.317740440368652344e+00
9.017237424850463867e-01
9.017237424850463867e-01
9.017237424850463867e-01
9.017237424850463867e-01
9.017237424850463867e-01
9.017237424850463867e-01
9.017237424850463867e-01
9.017237424850463867e-01
9.017237424850463867e-01
5.811467170715332031e-01
5.811467170715332031e-01
5.811467170715332031e-01
5.811467170715332031e-01
5.811467170715332031e-01
5.811467170715332031e-01
5.811467170715332031e-01
6.456746459007263184e-01
6.456746459007263184e-01
6.456746459007263184e-01
6.456746459007263184e-01
6.456746459007263184e-01
6.456746459007263184e-01
6.456746459007263184e-01
5.338008403778076172e-01
5.338008403778076172e-01
5.338008403778076172e-01
5.338008403778076172e-01
9.143679738044738770e-01
9.143679738044738770e-01
3.686117529869079590e-01
7.171972990036010742e-01
7.171972990036010742e-01
7.371891140937805176e-01
7.371891140937805176e-01
7.371891140937805176e-01
7.371891140937805176e-01
7.371891140937805176e-01
7.371891140937805176e-01
7.371891140937805176e-01
7.371891140937805176e-01
7.371891140937805176e-01
7.371891140937805176e-01
7.371891140937805176e-01
7.371891140937805176e-01
7.371891140937805176e-01
7.371891140937805176e-01
7.371891140937805176e-01
7.371891140937805176e-01
7.371891140937805176e-01
7.371891140937805176e-01
5.758314132690429688e-01
5.758314132690429688e-01
5.758314132690429688e-01
5.758314132690429688e-01
1.535106182098388672e+00
1.811311841011047363e+00
4.218132495880126953e-01
4.218132495880126953e-01
4.218132495880126953e-01
4.218132495880126953e-01
2.381330966949462891e+00
2.381330966949462891e+00
2.381330966949462891e+00
2.381330966949462891e+00
9.571989774703979492e-01
9.267274141311645508e-01
1.410636663436889648e+00
1.410636663436889648e+00
6.634060859680175781e+00
6.634060859680175781e+00
5.712755680084228516e+00
9.550752639770507812e-01
9.550752639770507812e-01
9.550752639770507812e-01
9.550752639770507812e-01
9.550752639770507812e-01
1.698751926422119141e+00
1.698751926422119141e+00
1.171995759010314941e+00
1.171995759010314941e+00
1.171995759010314941e+00
1.171995759010314941e+00
3.686528205871582031e-01
3.686528205871582031e-01
3.686528205871582031e-01
3.686528205871582031e-01
3.686528205871582031e-01
1.284425020217895508e+00
1.284425020217895508e+00
1.284425020217895508e+00
1.284425020217895508e+00
1.281978249549865723e+00
1.281978249549865723e+00
1.069360971450805664e+00
1.069360971450805664e+00
1.069360971450805664e+00
2.786663055419921875e+00
2.786663055419921875e+00
3.556792259216308594e+00
3.556792259216308594e+00
2.296436548233032227e+00
2.296436548233032227e+00
2.296436548233032227e+00
2.296436548233032227e+00
2.296436548233032227e+00
2.296436548233032227e+00
2.296436548233032227e+00
2.296436548233032227e+00
2.296436548233032227e+00
2.296436548233032227e+00
1.040484786033630371e+00
1.040484786033630371e+00
1.040484786033630371e+00
1.040484786033630371e+00
1.040484786033630371e+00
1.040484786033630371e+00
1.040484786033630371e+00
1.040484786033630371e+00
1.614219188690185547e+00
1.130067110061645508e+00
1.130067110061645508e+00
1.130067110061645508e+00
1.130067110061645508e+00
1.130067110061645508e+00
1.130067110061645508e+00
1.130067110061645508e+00
7.791049480438232422e-01
6.313224434852600098e-01
6.313224434852600098e-01
6.313224434852600098e-01
6.313224434852600098e-01
6.313224434852600098e-01
6.313224434852600098e-01
6.313224434852600098e-01
1.349828958511352539e+00
4.511318802833557129e-01
4.511318802833557129e-01
4.511318802833557129e-01
5.148431062698364258e-01
5.148431062698364258e-01
5.148431062698364258e-01
5.148431062698364258e-01
5.148431062698364258e-01
5.148431062698364258e-01
5.148431062698364258e-01
5.148431062698364258e-01
2.780819833278656006e-01
2.780819833278656006e-01
2.780819833278656006e-01
2.780819833278656006e-01
3.395116925239562988e-01
3.328407764434814453e+00
2.719809293746948242e+00
1.037075161933898926e+00
1.037075161933898926e+00
1.037075161933898926e+00
1.037075161933898926e+00
8.806841969490051270e-01
8.806841969490051270e-01
5.315544605255126953e-01
6.490948796272277832e-01
6.490948796272277832e-01
6.490948796272277832e-01
1.563752889633178711e+00
1.563752889633178711e+00
2.975994348526000977e+00
2.475710391998291016e+00
2.475710391998291016e+00
3.046022891998291016e+00
3.046022891998291016e+00
9.578673839569091797e-01
9.578673839569091797e-01
9.578673839569091797e-01
9.578673839569091797e-01
9.578673839569091797e-01
9.578673839569091797e-01
9.578673839569091797e-01
9.578673839569091797e-01
9.578673839569091797e-01
9.578673839569091797e-01
9.578673839569091797e-01
9.578673839569091797e-01
9.578673839569091797e-01
9.578673839569091797e-01
9.578673839569091797e-01
2.721782922744750977e-01
2.721782922744750977e-01
2.881189346313476562e+00
2.881189346313476562e+00
1.812935233116149902e+00
1.807511687278747559e+00
2.728404045104980469e+00
2.728404045104980469e+00
2.728404045104980469e+00
3.068975448608398438e+00
2.975807905197143555e+00
2.975807905197143555e+00
2.975807905197143555e+00
2.975807905197143555e+00
4.043304443359375000e+00
5.024357318878173828e+00
5.024357318878173828e+00
5.024357318878173828e+00
5.930356979370117188e-01
5.930356979370117188e-01
5.930356979370117188e-01
5.930356979370117188e-01
5.930356979370117188e-01
5.930356979370117188e-01
5.930356979370117188e-01
5.930356979370117188e-01
5.930356979370117188e-01
4.528123736381530762e-01
1.391312837600708008e+00
1.391312837600708008e+00
2.266172409057617188e+00
2.266172409057617188e+00
2.266172409057617188e+00
2.266172409057617188e+00
9.498097896575927734e-01
4.817424118518829346e-01
4.817424118518829346e-01
2.262243509292602539e+00
2.262243509292602539e+00
1.698040008544921875e+00
8.331217169761657715e-01
2.049416542053222656e+00
2.049416542053222656e+00
2.049416542053222656e+00
2.049416542053222656e+00
2.049416542053222656e+00
1.051612854003906250e+00
1.051612854003906250e+00
1.051612854003906250e+00
1.051612854003906250e+00
1.051612854003906250e+00
1.051612854003906250e+00
1.051612854003906250e+00
1.051612854003906250e+00
1.051612854003906250e+00
1.051612854003906250e+00
1.051612854003906250e+00
2.479144334793090820e+00
2.479144334793090820e+00
2.180954456329345703e+00
2.812299013137817383e+00
3.627209186553955078e+00
3.627209186553955078e+00
2.902462720870971680e+00
2.902462720870971680e+00
2.902462720870971680e+00
2.902462720870971680e+00
3.939597129821777344e+00
7.497465133666992188e+00
5.475032806396484375e+00
5.069933891296386719e+00
3.175867557525634766e+00
3.175867557525634766e+00
3.175867557525634766e+00
3.175867557525634766e+00
2.831215381622314453e+00
2.156086921691894531e+00
4.922761917114257812e-01
1.737293124198913574e+00
1.737293124198913574e+00
1.737293124198913574e+00
1.737293124198913574e+00
1.011064291000366211e+00
5.823713541030883789e-01
5.823713541030883789e-01
5.823713541030883789e-01
5.823713541030883789e-01
6.461584568023681641e-01
6.461584568023681641e-01
6.276983022689819336e-01
6.276983022689819336e-01
6.276983022689819336e-01
6.276983022689819336e-01
6.276983022689819336e-01
6.276983022689819336e-01
6.276983022689819336e-01
6.276983022689819336e-01
6.276983022689819336e-01
6.276983022689819336e-01
6.276983022689819336e-01
9.808763265609741211e-01
9.808763265609741211e-01
9.808763265609741211e-01
9.808763265609741211e-01
9.808763265609741211e-01
9.808763265609741211e-01
9.808763265609741211e-01
9.808763265609741211e-01
1.265456557273864746e+00
2.663276672363281250e+00
7.117284536361694336e-01
7.117284536361694336e-01
7.117284536361694336e-01
7.117284536361694336e-01
7.117284536361694336e-01
7.117284536361694336e-01
3.643938004970550537e-01
3.643938004970550537e-01
3.643938004970550537e-01
3.643938004970550537e-01
3.643938004970550537e-01
3.643938004970550537e-01
5.286006331443786621e-01
5.286006331443786621e-01
5.286006331443786621e-01
5.286006331443786621e-01
4.247780442237854004e-01
4.247780442237854004e-01
4.247780442237854004e-01
4.247780442237854004e-01
4.247780442237854004e-01
4.247780442237854004e-01
1.830854177474975586e+00
1.830854177474975586e+00
1.830854177474975586e+00
1.830854177474975586e+00
1.830854177474975586e+00
1.830854177474975586e+00
1.830854177474975586e+00
5.191935300827026367e-01
6.373372077941894531e-01
6.373372077941894531e-01
6.373372077941894531e-01
5.170365571975708008e-01
5.170365571975708008e-01
5.170365571975708008e-01
5.170365571975708008e-01
5.170365571975708008e-01
5.170365571975708008e-01
5.170365571975708008e-01
5.170365571975708008e-01
5.170365571975708008e-01
5.170365571975708008e-01
5.170365571975708008e-01
5.170365571975708008e-01
5.170365571975708008e-01
5.170365571975708008e-01
5.170365571975708008e-01
5.170365571975708008e-01
5.170365571975708008e-01
1.559361934661865234e+00
1.559361934661865234e+00
1.559361934661865234e+00
1.559361934661865234e+00
8.883923292160034180e-01
8.883923292160034180e-01
8.883923292160034180e-01
8.883923292160034180e-01
8.883923292160034180e-01
8.883923292160034180e-01
8.883923292160034180e-01
9.552959203720092773e-01
4.873592853546142578e-01
4.873592853546142578e-01
5.599743127822875977e-01
5.599743127822875977e-01
5.599743127822875977e-01
5.599743127822875977e-01
5.599743127822875977e-01
5.599743127822875977e-01
5.599743127822875977e-01
5.599743127822875977e-01
5.599743127822875977e-01
5.599743127822875977e-01
5.599743127822875977e-01
5.599743127822875977e-01
4.250818490982055664e-01
4.250818490982055664e-01
4.250818490982055664e-01
4.250818490982055664e-01
4.250818490982055664e-01
4.250818490982055664e-01
4.250818490982055664e-01
5.211622714996337891e-01
5.211622714996337891e-01
5.211622714996337891e-01
5.211622714996337891e-01
5.211622714996337891e-01
5.211622714996337891e-01
5.211622714996337891e-01
5.211622714996337891e-01
5.211622714996337891e-01
5.211622714996337891e-01
5.211622714996337891e-01
5.211622714996337891e-01
5.211622714996337891e-01
5.211622714996337891e-01
5.211622714996337891e-01
5.211622714996337891e-01
5.211622714996337891e-01
5.211622714996337891e-01
5.211622714996337891e-01
5.211622714996337891e-01
5.211622714996337891e-01
5.211622714996337891e-01
5.211622714996337891e-01
8.643481135368347168e-01
7.799310088157653809e-01
7.799310088157653809e-01
7.799310088157653809e-01
7.799310088157653809e-01
3.347566723823547363e-01
3.347566723823547363e-01
3.347566723823547363e-01
3.347566723823547363e-01
3.347566723823547363e-01
3.347566723823547363e-01
3.347566723823547363e-01
3.347566723823547363e-01
3.347566723823547363e-01
3.347566723823547363e-01
2.583059072494506836e+00
4.064583778381347656e-01
4.064583778381347656e-01
4.064583778381347656e-01
4.064583778381347656e-01
4.064583778381347656e-01
4.064583778381347656e-01
4.064583778381347656e-01
4.064583778381347656e-01
4.064583778381347656e-01
4.064583778381347656e-01
4.064583778381347656e-01
4.064583778381347656e-01
4.064583778381347656e-01
4.064583778381347656e-01
1.899879813194274902e+00
1.899879813194274902e+00
7.050807476043701172e-01
7.050807476043701172e-01
7.050807476043701172e-01
7.050807476043701172e-01
7.050807476043701172e-01
7.050807476043701172e-01
7.050807476043701172e-01
7.050807476043701172e-01
7.050807476043701172e-01
7.050807476043701172e-01
7.050807476043701172e-01
7.050807476043701172e-01
7.050807476043701172e-01
7.050807476043701172e-01
7.050807476043701172e-01
7.050807476043701172e-01
7.050807476043701172e-01
7.050807476043701172e-01
7.050807476043701172e-01
7.050807476043701172e-01
7.050807476043701172e-01
7.050807476043701172e-01
7.050807476043701172e-01
7.050807476043701172e-01
7.050807476043701172e-01
7.050807476043701172e-01
7.050807476043701172e-01
7.050807476043701172e-01
7.050807476043701172e-01
7.050807476043701172e-01
7.050807476043701172e-01
8.371093273162841797e-01
8.371093273162841797e-01
8.371093273162841797e-01
8.371093273162841797e-01
8.371093273162841797e-01
9.904175996780395508e-01
9.904175996780395508e-01
9.904175996780395508e-01
9.904175996780395508e-01
9.904175996780395508e-01
9.904175996780395508e-01
1.184575080871582031e+00
1.184575080871582031e+00
1.184575080871582031e+00
2.412921428680419922e+00
3.602223157882690430e+00
3.602223157882690430e+00
5.463482379913330078e+00
5.463482379913330078e+00
5.463482379913330078e+00
4.003893852233886719e+00
4.003893852233886719e+00
4.003893852233886719e+00
4.134223461151123047e+00
4.134223461151123047e+00
4.665823936462402344e+00
4.665823936462402344e+00
4.665823936462402344e+00
4.330953121185302734e+00
4.330953121185302734e+00
4.330953121185302734e+00
4.330953121185302734e+00
1.291517734527587891e+00
1.291517734527587891e+00
1.291517734527587891e+00
1.291517734527587891e+00
1.291517734527587891e+00
1.291517734527587891e+00
1.291517734527587891e+00
1.118205070495605469e+00
1.118205070495605469e+00
1.118205070495605469e+00
1.118205070495605469e+00
1.118205070495605469e+00
1.175699114799499512e+00
1.175699114799499512e+00
1.219026684761047363e+00
1.478608250617980957e+00
1.478608250617980957e+00
1.478608250617980957e+00
8.567361235618591309e-01
8.567361235618591309e-01
8.567361235618591309e-01
8.567361235618591309e-01
8.567361235618591309e-01
8.567361235618591309e-01
8.567361235618591309e-01
8.567361235618591309e-01
8.567361235618591309e-01
8.567361235618591309e-01
8.567361235618591309e-01
8.567361235618591309e-01
8.567361235618591309e-01
5.994991064071655273e-01
5.994991064071655273e-01
5.994991064071655273e-01
5.994991064071655273e-01
5.994991064071655273e-01
1.383273005485534668e+00
1.383273005485534668e+00
8.734031915664672852e-01
8.734031915664672852e-01
8.734031915664672852e-01
8.734031915664672852e-01
8.734031915664672852e-01
8.734031915664672852e-01
8.734031915664672852e-01
8.734031915664672852e-01
8.734031915664672852e-01
8.734031915664672852e-01
8.734031915664672852e-01
8.366871476173400879e-01
8.366871476173400879e-01
4.053459167480468750e-01
1.299037337303161621e+00
1.299037337303161621e+00
1.299037337303161621e+00
1.299037337303161621e+00
1.299037337303161621e+00
1.299037337303161621e+00
1.299037337303161621e+00
1.299037337303161621e+00
1.299037337303161621e+00
4.794242382049560547e-01
4.794242382049560547e-01
4.794242382049560547e-01
4.794242382049560547e-01
4.794242382049560547e-01
4.794242382049560547e-01
4.794242382049560547e-01
4.794242382049560547e-01
4.794242382049560547e-01
4.794242382049560547e-01
4.794242382049560547e-01
7.330008745193481445e-01
7.330008745193481445e-01
7.330008745193481445e-01
7.330008745193481445e-01
7.330008745193481445e-01
7.330008745193481445e-01
7.330008745193481445e-01
7.330008745193481445e-01
7.330008745193481445e-01
7.330008745193481445e-01
7.330008745193481445e-01
7.330008745193481445e-01
7.330008745193481445e-01
7.330008745193481445e-01
7.330008745193481445e-01
1.737158417701721191e+00
1.737158417701721191e+00
1.737158417701721191e+00
9.395997524261474609e-01
7.778720855712890625e-01
1.310703158378601074e+00
1.310703158378601074e+00
1.310703158378601074e+00
3.312618255615234375e+00
3.250756263732910156e+00
3.250756263732910156e+00
2.837218046188354492e+00
9.964151382446289062e-01
9.964151382446289062e-01
9.964151382446289062e-01
9.964151382446289062e-01
9.964151382446289062e-01
9.964151382446289062e-01
9.964151382446289062e-01
9.964151382446289062e-01
9.964151382446289062e-01
9.964151382446289062e-01
1.017764687538146973e+00
1.017764687538146973e+00
1.017764687538146973e+00
1.017764687538146973e+00
1.017764687538146973e+00
1.017764687538146973e+00
1.017764687538146973e+00
1.017764687538146973e+00
1.017764687538146973e+00
1.017764687538146973e+00
1.017764687538146973e+00
1.017764687538146973e+00
1.017764687538146973e+00
1.017764687538146973e+00
1.017764687538146973e+00
1.017764687538146973e+00
1.017764687538146973e+00
1.017764687538146973e+00
8.852492570877075195e-01
8.852492570877075195e-01
8.852492570877075195e-01
8.852492570877075195e-01
8.852492570877075195e-01
8.852492570877075195e-01
8.852492570877075195e-01
8.852492570877075195e-01
8.852492570877075195e-01
1.844022154808044434e+00
3.197578430175781250e+00
2.237274646759033203e+00
2.237274646759033203e+00
2.237274646759033203e+00
2.237274646759033203e+00
2.237274646759033203e+00
2.237274646759033203e+00
2.237274646759033203e+00
2.237274646759033203e+00
2.237274646759033203e+00
3.197084665298461914e-01
3.197084665298461914e-01
9.659197926521301270e-01
9.659197926521301270e-01
9.659197926521301270e-01
3.014053702354431152e-01
1.023417830467224121e+00
1.023417830467224121e+00
1.023417830467224121e+00
1.023417830467224121e+00
1.023417830467224121e+00
1.023417830467224121e+00
1.023417830467224121e+00
1.023417830467224121e+00
1.023417830467224121e+00
1.023417830467224121e+00
1.023417830467224121e+00
7.942243814468383789e-01
1.472006320953369141e+00
5.785273313522338867e-01
5.785273313522338867e-01
5.785273313522338867e-01
5.785273313522338867e-01
5.785273313522338867e-01
6.075791716575622559e-01
6.075791716575622559e-01
6.075791716575622559e-01
6.075791716575622559e-01
6.075791716575622559e-01
6.075791716575622559e-01
6.075791716575622559e-01
6.075791716575622559e-01
6.075791716575622559e-01
6.075791716575622559e-01
6.075791716575622559e-01
6.075791716575622559e-01
6.075791716575622559e-01
6.075791716575622559e-01
6.075791716575622559e-01
6.075791716575622559e-01
6.075791716575622559e-01
6.075791716575622559e-01
6.075791716575622559e-01
6.075791716575622559e-01
1.251016616821289062e+00
1.251016616821289062e+00
1.251016616821289062e+00
1.109633564949035645e+00
1.109633564949035645e+00
1.109633564949035645e+00
1.109633564949035645e+00
1.109633564949035645e+00
1.109633564949035645e+00
1.109633564949035645e+00
1.109633564949035645e+00
1.109633564949035645e+00
1.109633564949035645e+00
1.109633564949035645e+00
1.109633564949035645e+00
1.109633564949035645e+00
1.109633564949035645e+00
1.109633564949035645e+00
5.034823417663574219e-01
5.034823417663574219e-01
5.034823417663574219e-01
5.034823417663574219e-01
5.034823417663574219e-01
5.034823417663574219e-01
5.034823417663574219e-01
5.034823417663574219e-01
5.034823417663574219e-01
5.034823417663574219e-01
5.034823417663574219e-01
5.605057477951049805e-01
5.605057477951049805e-01
5.605057477951049805e-01
5.605057477951049805e-01
5.605057477951049805e-01
5.605057477951049805e-01
5.605057477951049805e-01
5.605057477951049805e-01
5.480093359947204590e-01
5.480093359947204590e-01
5.480093359947204590e-01
5.480093359947204590e-01
5.480093359947204590e-01
5.480093359947204590e-01
5.480093359947204590e-01
5.480093359947204590e-01
5.480093359947204590e-01
5.480093359947204590e-01
5.480093359947204590e-01
5.480093359947204590e-01
5.480093359947204590e-01
5.480093359947204590e-01
5.480093359947204590e-01
5.480093359947204590e-01
5.480093359947204590e-01
5.480093359947204590e-01
5.480093359947204590e-01
5.480093359947204590e-01
5.480093359947204590e-01
5.480093359947204590e-01
5.480093359947204590e-01
5.480093359947204590e-01
5.480093359947204590e-01
5.480093359947204590e-01
5.480093359947204590e-01
1.086151361465454102e+00
1.086151361465454102e+00
1.086151361465454102e+00
1.086151361465454102e+00
1.086151361465454102e+00
1.086151361465454102e+00
1.086151361465454102e+00
1.086151361465454102e+00
1.086151361465454102e+00
1.086151361465454102e+00
1.086151361465454102e+00
1.086151361465454102e+00
7.895773649215698242e-01
7.895773649215698242e-01
7.895773649215698242e-01
7.895773649215698242e-01
7.895773649215698242e-01
7.895773649215698242e-01
3.970098972320556641e+00
3.077077865600585938e-01
3.077077865600585938e-01
3.077077865600585938e-01
3.077077865600585938e-01
3.077077865600585938e-01
3.077077865600585938e-01
3.077077865600585938e-01
3.077077865600585938e-01
3.077077865600585938e-01
3.077077865600585938e-01
3.077077865600585938e-01
1.390225887298583984e+00
1.390225887298583984e+00
5.406092405319213867e-01
5.406092405319213867e-01
5.406092405319213867e-01
5.406092405319213867e-01
5.406092405319213867e-01
5.406092405319213867e-01
5.406092405319213867e-01
5.406092405319213867e-01
5.406092405319213867e-01
5.406092405319213867e-01
5.406092405319213867e-01
5.406092405319213867e-01
5.406092405319213867e-01
5.406092405319213867e-01
5.406092405319213867e-01
5.406092405319213867e-01
5.406092405319213867e-01
7.370583415031433105e-01
7.370583415031433105e-01
7.370583415031433105e-01
7.370583415031433105e-01
7.370583415031433105e-01
7.370583415031433105e-01
7.370583415031433105e-01
7.370583415031433105e-01
7.370583415031433105e-01
7.370583415031433105e-01
7.370583415031433105e-01
7.370583415031433105e-01
1.403975248336791992e+00
1.403975248336791992e+00
1.403975248336791992e+00
1.961160898208618164e+00
2.877360820770263672e+00
2.877360820770263672e+00
5.180025577545166016e+00
5.180025577545166016e+00
4.050644874572753906e+00
4.050644874572753906e+00
3.753706693649291992e+00
3.753706693649291992e+00
2.723502159118652344e+00
2.536292552947998047e+00
2.763831615447998047e+00
2.763831615447998047e+00
2.763831615447998047e+00
2.763831615447998047e+00
2.763831615447998047e+00
1.939843416213989258e+00
1.939843416213989258e+00
1.417900800704956055e+00
1.417900800704956055e+00
1.417900800704956055e+00
1.417900800704956055e+00
1.417900800704956055e+00
1.417900800704956055e+00
1.417900800704956055e+00
1.417900800704956055e+00
1.417900800704956055e+00
7.042266726493835449e-01
7.042266726493835449e-01
7.042266726493835449e-01
7.042266726493835449e-01
1.936074256896972656e+00
1.936074256896972656e+00
1.936074256896972656e+00
1.936074256896972656e+00
1.936074256896972656e+00
1.936074256896972656e+00
1.936074256896972656e+00
1.936074256896972656e+00
1.936074256896972656e+00
2.912173748016357422e+00
7.057518959045410156e-01
7.057518959045410156e-01
7.057518959045410156e-01
7.057518959045410156e-01
7.057518959045410156e-01
7.057518959045410156e-01
7.057518959045410156e-01
7.057518959045410156e-01
7.057518959045410156e-01
7.057518959045410156e-01
7.057518959045410156e-01
7.057518959045410156e-01
7.057518959045410156e-01
7.057518959045410156e-01
7.057518959045410156e-01
7.057518959045410156e-01
7.057518959045410156e-01
7.057518959045410156e-01
5.301308035850524902e-01
5.301308035850524902e-01
5.301308035850524902e-01
5.301308035850524902e-01
5.301308035850524902e-01
5.301308035850524902e-01
5.301308035850524902e-01
5.301308035850524902e-01
5.301308035850524902e-01
5.301308035850524902e-01
5.301308035850524902e-01
5.301308035850524902e-01
5.301308035850524902e-01
5.301308035850524902e-01
5.301308035850524902e-01
5.301308035850524902e-01
5.301308035850524902e-01
5.301308035850524902e-01
5.301308035850524902e-01
5.301308035850524902e-01
5.301308035850524902e-01
5.301308035850524902e-01
5.301308035850524902e-01
5.301308035850524902e-01
5.301308035850524902e-01
5.301308035850524902e-01
5.301308035850524902e-01
5.301308035850524902e-01
6.301231384277343750e-01
6.301231384277343750e-01
6.301231384277343750e-01
1.529415607452392578e+00
7.155839204788208008e-01
7.155839204788208008e-01
1.353860616683959961e+00
1.353860616683959961e+00
1.353860616683959961e+00
1.645122051239013672e+00
1.645122051239013672e+00
1.645122051239013672e+00
1.645122051239013672e+00
3.829743862152099609e-01
3.829743862152099609e-01
3.829743862152099609e-01
3.829743862152099609e-01
3.829743862152099609e-01
3.829743862152099609e-01
3.829743862152099609e-01
1.064342021942138672e+00
1.064342021942138672e+00
1.064342021942138672e+00
1.064342021942138672e+00
9.462899565696716309e-01
9.462899565696716309e-01
9.462899565696716309e-01
9.462899565696716309e-01
9.462899565696716309e-01
8.216838240623474121e-01
8.216838240623474121e-01
8.216838240623474121e-01
3.220234632492065430e+00
3.220234632492065430e+00
3.220234632492065430e+00
1.506738305091857910e+00
1.506738305091857910e+00
1.506738305091857910e+00
1.506738305091857910e+00
2.272185325622558594e+00
2.272185325622558594e+00
3.563162803649902344e+00
6.879990577697753906e+00
7.160719871520996094e+00
1.039239120483398438e+01
1.039239120483398438e+01
6.277180671691894531e+00
2.432468891143798828e+00
2.432468891143798828e+00
3.200931549072265625e-01
3.200931549072265625e-01
5.920429229736328125e-01
7.074439525604248047e-01
7.074439525604248047e-01
7.074439525604248047e-01
1.555553078651428223e+00
1.555553078651428223e+00
1.555553078651428223e+00
1.070338129997253418e+00
8.055013418197631836e-01
8.055013418197631836e-01
8.055013418197631836e-01
8.055013418197631836e-01
8.055013418197631836e-01
8.055013418197631836e-01
8.055013418197631836e-01
8.055013418197631836e-01
8.055013418197631836e-01
8.055013418197631836e-01
4.975258111953735352e-01
7.674795389175415039e-01
7.674795389175415039e-01
7.674795389175415039e-01
7.674795389175415039e-01
7.674795389175415039e-01
1.966984748840332031e+00
1.966984748840332031e+00
1.966984748840332031e+00
1.189621686935424805e+00
1.189621686935424805e+00
1.189621686935424805e+00
1.189621686935424805e+00
1.189621686935424805e+00
1.189621686935424805e+00
1.189621686935424805e+00
3.103293895721435547e+00
3.081064701080322266e+00
4.887450218200683594e+00
4.887450218200683594e+00
4.887450218200683594e+00
4.887450218200683594e+00
5.311128139495849609e+00
8.120870590209960938e+00
8.120870590209960938e+00
8.120870590209960938e+00
6.473653793334960938e+00
2.602591037750244141e+00
3.694293975830078125e+00
3.891828536987304688e+00
3.891828536987304688e+00
3.891828536987304688e+00
1.469169378280639648e+00
1.469169378280639648e+00
1.469169378280639648e+00
1.469169378280639648e+00
1.469169378280639648e+00
1.469169378280639648e+00
1.105574250221252441e+00
1.269664287567138672e+00
1.269664287567138672e+00
1.269664287567138672e+00
1.269664287567138672e+00
1.270091414451599121e+00
8.352380394935607910e-01
8.352380394935607910e-01
1.003376483917236328e+00
1.003376483917236328e+00
1.003376483917236328e+00
1.003376483917236328e+00
1.003376483917236328e+00
1.003376483917236328e+00
1.003376483917236328e+00
1.003376483917236328e+00
1.003376483917236328e+00
1.003376483917236328e+00
1.003376483917236328e+00
1.003376483917236328e+00
1.003376483917236328e+00
1.003376483917236328e+00
1.003376483917236328e+00
1.003376483917236328e+00
1.003376483917236328e+00
1.003376483917236328e+00
1.003376483917236328e+00
1.003376483917236328e+00
8.822269439697265625e-01
8.822269439697265625e-01
8.822269439697265625e-01
8.822269439697265625e-01
8.822269439697265625e-01
8.822269439697265625e-01
8.822269439697265625e-01
8.822269439697265625e-01
8.822269439697265625e-01
8.822269439697265625e-01
1.228471875190734863e+00
1.228471875190734863e+00
1.228471875190734863e+00
1.228471875190734863e+00
1.228471875190734863e+00
1.228471875190734863e+00
1.228471875190734863e+00
1.228471875190734863e+00
1.228471875190734863e+00
1.381201982498168945e+00
2.595960617065429688e+00
2.595960617065429688e+00
2.595960617065429688e+00
2.595960617065429688e+00
7.382286787033081055e-01
4.114374220371246338e-01
4.114374220371246338e-01
4.114374220371246338e-01
4.114374220371246338e-01
3.842931687831878662e-01
3.842931687831878662e-01
3.842931687831878662e-01
3.842931687831878662e-01
3.842931687831878662e-01
3.842931687831878662e-01
3.842931687831878662e-01
3.842931687831878662e-01
3.842931687831878662e-01
3.842931687831878662e-01
3.842931687831878662e-01
3.842931687831878662e-01
3.842931687831878662e-01
3.842931687831878662e-01
3.842931687831878662e-01
3.842931687831878662e-01
3.842931687831878662e-01
3.842931687831878662e-01
3.842931687831878662e-01
3.842931687831878662e-01
5.960979461669921875e-01
1.894418716430664062e+00
1.119140863418579102e+00
1.119140863418579102e+00
1.119140863418579102e+00
1.119140863418579102e+00
1.119140863418579102e+00
1.119140863418579102e+00
1.119140863418579102e+00
9.788956642150878906e-01
9.788956642150878906e-01
9.788956642150878906e-01
9.788956642150878906e-01
9.788956642150878906e-01
9.788956642150878906e-01
9.788956642150878906e-01
9.788956642150878906e-01
9.788956642150878906e-01
1.297009468078613281e+00
1.297009468078613281e+00
1.297009468078613281e+00
1.297009468078613281e+00
1.505147576332092285e+00
1.505147576332092285e+00
1.505147576332092285e+00
1.505147576332092285e+00
1.505147576332092285e+00
1.505147576332092285e+00
1.505147576332092285e+00
1.505147576332092285e+00
1.505147576332092285e+00
1.505147576332092285e+00
1.505147576332092285e+00
1.505147576332092285e+00
1.505147576332092285e+00
1.505147576332092285e+00
1.505147576332092285e+00
1.505147576332092285e+00
1.505147576332092285e+00
1.486266970634460449e+00
1.486266970634460449e+00
1.486266970634460449e+00
1.486266970634460449e+00
1.486266970634460449e+00
1.486266970634460449e+00
1.486266970634460449e+00
1.623769283294677734e+00
1.623769283294677734e+00
6.949819326400756836e-01
6.949819326400756836e-01
7.594041824340820312e-01
1.524270534515380859e+00
1.446011066436767578e+00
1.446011066436767578e+00
1.377861976623535156e+00
1.377861976623535156e+00
1.377861976623535156e+00
1.377861976623535156e+00
1.377861976623535156e+00
2.577773094177246094e+00
2.577773094177246094e+00
2.577773094177246094e+00
2.577773094177246094e+00
2.577773094177246094e+00
1.662471294403076172e+00
2.559314966201782227e+00
2.559314966201782227e+00
2.424524784088134766e+00
2.424524784088134766e+00
2.424524784088134766e+00
2.424524784088134766e+00
1.847434163093566895e+00
1.847434163093566895e+00
1.847434163093566895e+00
2.225307226181030273e+00
2.225307226181030273e+00
2.225307226181030273e+00
3.931973457336425781e+00
3.931973457336425781e+00
5.752048492431640625e+00
5.055721282958984375e+00
5.055721282958984375e+00
7.106888294219970703e+00
3.007203102111816406e+00
2.084031820297241211e+00
3.396476030349731445e+00
3.396476030349731445e+00
1.015143632888793945e+00
1.015143632888793945e+00
1.015143632888793945e+00
1.087517261505126953e+00
1.087517261505126953e+00
1.087517261505126953e+00
1.087517261505126953e+00
6.783193349838256836e-01
6.783193349838256836e-01
6.783193349838256836e-01
1.592242002487182617e+00
4.300395250320434570e-01
1.648707985877990723e+00
1.648707985877990723e+00
1.648707985877990723e+00
2.513391971588134766e+00
2.513391971588134766e+00
2.513391971588134766e+00
2.513391971588134766e+00
3.231152296066284180e+00
1.940239906311035156e+00
1.940239906311035156e+00
1.940239906311035156e+00
1.940239906311035156e+00
1.940239906311035156e+00
8.758144378662109375e-01
8.758144378662109375e-01
9.102586507797241211e-01
9.102586507797241211e-01
9.102586507797241211e-01
9.102586507797241211e-01
9.102586507797241211e-01
9.102586507797241211e-01
4.648537933826446533e-01
4.648537933826446533e-01
4.648537933826446533e-01
4.648537933826446533e-01
4.648537933826446533e-01
4.648537933826446533e-01
4.648537933826446533e-01
4.648537933826446533e-01
4.648537933826446533e-01
4.648537933826446533e-01
4.648537933826446533e-01
4.648537933826446533e-01
4.648537933826446533e-01
4.648537933826446533e-01
4.648537933826446533e-01
4.648537933826446533e-01
4.648537933826446533e-01
4.648537933826446533e-01
8.625586628913879395e-01
8.625586628913879395e-01
8.625586628913879395e-01
8.625586628913879395e-01
8.625586628913879395e-01
8.625586628913879395e-01
8.625586628913879395e-01
8.625586628913879395e-01
8.625586628913879395e-01
8.625586628913879395e-01
8.625586628913879395e-01
8.625586628913879395e-01
8.625586628913879395e-01
8.625586628913879395e-01
8.625586628913879395e-01
8.625586628913879395e-01
8.625586628913879395e-01
1.200806498527526855e+00
1.200806498527526855e+00
1.200806498527526855e+00
2.715678930282592773e+00
1.053089499473571777e+00
1.053089499473571777e+00
1.053089499473571777e+00
1.053089499473571777e+00
1.053089499473571777e+00
1.053089499473571777e+00
1.053089499473571777e+00
1.053089499473571777e+00
1.053089499473571777e+00
1.053089499473571777e+00
1.053089499473571777e+00
1.053089499473571777e+00
1.053089499473571777e+00
1.053089499473571777e+00
1.067045211791992188e+00
1.036810398101806641e+00
1.036810398101806641e+00
1.036810398101806641e+00
1.036810398101806641e+00
1.036810398101806641e+00
1.036810398101806641e+00
1.036810398101806641e+00
1.036810398101806641e+00
1.036810398101806641e+00
1.036810398101806641e+00
1.036810398101806641e+00
1.036810398101806641e+00
1.036810398101806641e+00
1.036810398101806641e+00
1.036810398101806641e+00
1.036810398101806641e+00
1.036810398101806641e+00
1.744474411010742188e+00
1.744474411010742188e+00
8.747227787971496582e-01
8.747227787971496582e-01
8.747227787971496582e-01
1.594025373458862305e+00
1.180899143218994141e+00
1.180899143218994141e+00
1.180899143218994141e+00
1.180899143218994141e+00
1.099929213523864746e+00
1.099929213523864746e+00
1.099929213523864746e+00
1.145171880722045898e+00
1.145171880722045898e+00
1.145171880722045898e+00
1.145171880722045898e+00
1.145171880722045898e+00
1.145171880722045898e+00
1.145171880722045898e+00
2.599304676055908203e+00
3.258947610855102539e+00
9.931712150573730469e-01
9.931712150573730469e-01
9.931712150573730469e-01
9.931712150573730469e-01
9.931712150573730469e-01
9.931712150573730469e-01
7.265865802764892578e-01
7.265865802764892578e-01
7.265865802764892578e-01
4.636357724666595459e-01
4.636357724666595459e-01
4.636357724666595459e-01
4.636357724666595459e-01
4.636357724666595459e-01
4.636357724666595459e-01
4.636357724666595459e-01
4.636357724666595459e-01
4.636357724666595459e-01
4.636357724666595459e-01
4.636357724666595459e-01
1.073009371757507324e+00
1.073009371757507324e+00
1.073009371757507324e+00
7.301021814346313477e-01
7.301021814346313477e-01
7.301021814346313477e-01
7.301021814346313477e-01
7.301021814346313477e-01
7.301021814346313477e-01
7.301021814346313477e-01
7.301021814346313477e-01
7.301021814346313477e-01
7.301021814346313477e-01
7.301021814346313477e-01
8.259893655776977539e-01
8.259893655776977539e-01
8.259893655776977539e-01
6.173664331436157227e-01
6.173664331436157227e-01
6.173664331436157227e-01
6.173664331436157227e-01
6.173664331436157227e-01
6.173664331436157227e-01
6.173664331436157227e-01
6.173664331436157227e-01
6.173664331436157227e-01
6.173664331436157227e-01
6.173664331436157227e-01
6.173664331436157227e-01
6.173664331436157227e-01
6.173664331436157227e-01
1.473965167999267578e+00
1.473965167999267578e+00
1.473965167999267578e+00
1.473965167999267578e+00
1.473965167999267578e+00
1.473965167999267578e+00
1.473965167999267578e+00
2.177359104156494141e+00
2.177359104156494141e+00
1.029504656791687012e+00
1.029504656791687012e+00
1.029504656791687012e+00
1.029504656791687012e+00
1.029504656791687012e+00
1.029504656791687012e+00
1.029504656791687012e+00
1.029504656791687012e+00
7.217074036598205566e-01
7.217074036598205566e-01
7.217074036598205566e-01
4.545993506908416748e-01
4.545993506908416748e-01
4.545993506908416748e-01
4.545993506908416748e-01
4.545993506908416748e-01
5.912753939628601074e-01
5.912753939628601074e-01
5.912753939628601074e-01
5.912753939628601074e-01
5.912753939628601074e-01
5.912753939628601074e-01
5.912753939628601074e-01
5.912753939628601074e-01
5.912753939628601074e-01
5.912753939628601074e-01
5.912753939628601074e-01
5.912753939628601074e-01
5.912753939628601074e-01
5.912753939628601074e-01
5.912753939628601074e-01
5.912753939628601074e-01
5.912753939628601074e-01
5.912753939628601074e-01
5.912753939628601074e-01
5.912753939628601074e-01
5.912753939628601074e-01
5.912753939628601074e-01
5.912753939628601074e-01
5.912753939628601074e-01
5.912753939628601074e-01
5.912753939628601074e-01
2.332754373550415039e+00
1.081864714622497559e+00
1.081864714622497559e+00
1.081864714622497559e+00
1.081864714622497559e+00
1.081864714622497559e+00
1.456806659698486328e+00
1.852186203002929688e+00
3.385851383209228516e+00
3.867587327957153320e+00
3.867587327957153320e+00
3.448650598526000977e+00
1.673372030258178711e+00
1.673372030258178711e+00
3.177175760269165039e+00
3.514897823333740234e-01
3.514897823333740234e-01
3.514897823333740234e-01
3.514897823333740234e-01
3.514897823333740234e-01
4.286273002624511719e+00
4.286273002624511719e+00
4.286273002624511719e+00
4.286273002624511719e+00
2.968251705169677734e+00
3.830197334289550781e+00
3.830197334289550781e+00
3.830197334289550781e+00
2.328170537948608398e+00
2.328170537948608398e+00
2.522791385650634766e+00
2.522791385650634766e+00
3.348844051361083984e+00
4.582099914550781250e-01
4.582099914550781250e-01
4.582099914550781250e-01
4.582099914550781250e-01
8.513957262039184570e-01
9.631832838058471680e-01
9.631832838058471680e-01
9.631832838058471680e-01
9.631832838058471680e-01
9.631832838058471680e-01
9.631832838058471680e-01
9.631832838058471680e-01
9.631832838058471680e-01
9.631832838058471680e-01
9.631832838058471680e-01
1.087433934211730957e+00
1.087433934211730957e+00
1.087433934211730957e+00
1.087433934211730957e+00
1.087433934211730957e+00
1.087433934211730957e+00
1.087433934211730957e+00
1.087433934211730957e+00
1.087433934211730957e+00
1.087433934211730957e+00
1.087433934211730957e+00
1.087433934211730957e+00
1.087433934211730957e+00
1.087433934211730957e+00
1.087433934211730957e+00
1.087433934211730957e+00
1.087433934211730957e+00
1.087433934211730957e+00
1.087433934211730957e+00
1.087433934211730957e+00
1.087433934211730957e+00
7.199359536170959473e-01
7.199359536170959473e-01
6.421753764152526855e-01
6.421753764152526855e-01
6.421753764152526855e-01
6.421753764152526855e-01
6.421753764152526855e-01
6.421753764152526855e-01
6.421753764152526855e-01
6.421753764152526855e-01
6.421753764152526855e-01
6.421753764152526855e-01
6.421753764152526855e-01
1.109474182128906250e+00
1.109474182128906250e+00
9.771021604537963867e-01
9.771021604537963867e-01
9.771021604537963867e-01
9.771021604537963867e-01
1.366923332214355469e+00
1.366923332214355469e+00
1.366923332214355469e+00
1.366923332214355469e+00
1.366923332214355469e+00
9.877673387527465820e-01
9.877673387527465820e-01
9.877673387527465820e-01
9.877673387527465820e-01
1.308231353759765625e+00
1.308231353759765625e+00
1.308231353759765625e+00
1.308231353759765625e+00
1.308231353759765625e+00
1.308231353759765625e+00
1.308231353759765625e+00
9.316002130508422852e-01
9.316002130508422852e-01
9.316002130508422852e-01
9.316002130508422852e-01
2.051352977752685547e+00
2.051352977752685547e+00
4.915398359298706055e-01
2.547081947326660156e+00
8.916498422622680664e-01
8.916498422622680664e-01
8.916498422622680664e-01
2.089098930358886719e+00
1.311152696609497070e+00
1.311152696609497070e+00
1.311152696609497070e+00
1.311152696609497070e+00
1.311152696609497070e+00
2.325841426849365234e+00
3.168143510818481445e+00
1.773723244667053223e+00
1.773723244667053223e+00
1.773723244667053223e+00
1.773723244667053223e+00
1.945574164390563965e+00
1.528807520866394043e+00
1.528807520866394043e+00
1.528807520866394043e+00
1.291486024856567383e+00
1.304793000221252441e+00
1.304793000221252441e+00
1.949108600616455078e+00
1.988246917724609375e+00
1.988246917724609375e+00
1.988246917724609375e+00
1.556551218032836914e+00
1.556551218032836914e+00
1.556551218032836914e+00
1.556551218032836914e+00
1.155774593353271484e+00
3.544750809669494629e-01
8.648442029953002930e-01
8.648442029953002930e-01
8.648442029953002930e-01
8.648442029953002930e-01
8.648442029953002930e-01
8.648442029953002930e-01
8.648442029953002930e-01
8.648442029953002930e-01
6.893464326858520508e-01
4.805521368980407715e-01
4.805521368980407715e-01
4.805521368980407715e-01
4.805521368980407715e-01
4.805521368980407715e-01
4.805521368980407715e-01
4.805521368980407715e-01
4.805521368980407715e-01
4.805521368980407715e-01
4.805521368980407715e-01
2.915475130081176758e+00
2.915475130081176758e+00
2.915475130081176758e+00
2.915475130081176758e+00
2.491332530975341797e+00
1.697133779525756836e+00
1.697133779525756836e+00
1.950703620910644531e+00
1.950703620910644531e+00
4.176459312438964844e+00
4.176459312438964844e+00
1.759965419769287109e+00
9.012036919593811035e-01
8.348733186721801758e-01
8.348733186721801758e-01
1.453938007354736328e+00
1.453938007354736328e+00
1.453938007354736328e+00
1.453938007354736328e+00
1.453938007354736328e+00
1.453938007354736328e+00
1.453938007354736328e+00
9.846671819686889648e-01
9.846671819686889648e-01
9.846671819686889648e-01
9.846671819686889648e-01
9.846671819686889648e-01
9.846671819686889648e-01
9.846671819686889648e-01
9.846671819686889648e-01
9.846671819686889648e-01
9.846671819686889648e-01
9.846671819686889648e-01
9.846671819686889648e-01
9.846671819686889648e-01
9.846671819686889648e-01
9.846671819686889648e-01
9.846671819686889648e-01
9.846671819686889648e-01
9.846671819686889648e-01
1.527597188949584961e+00
1.527597188949584961e+00
1.527597188949584961e+00
1.527597188949584961e+00
1.527597188949584961e+00
1.527597188949584961e+00
1.527597188949584961e+00
1.527597188949584961e+00
1.527597188949584961e+00
1.527597188949584961e+00
1.527597188949584961e+00
1.527597188949584961e+00
1.378566384315490723e+00
1.378566384315490723e+00
1.378566384315490723e+00
1.378566384315490723e+00
2.813621282577514648e+00
1.951733827590942383e+00
1.951733827590942383e+00
1.545741319656372070e+00
8.350762128829956055e-01
8.350762128829956055e-01
7.547230124473571777e-01
7.547230124473571777e-01
7.547230124473571777e-01
7.547230124473571777e-01
7.547230124473571777e-01
7.842102050781250000e-01
7.842102050781250000e-01
7.842102050781250000e-01
7.842102050781250000e-01
7.842102050781250000e-01
7.842102050781250000e-01
7.842102050781250000e-01
7.842102050781250000e-01
7.842102050781250000e-01
7.842102050781250000e-01
7.842102050781250000e-01
7.842102050781250000e-01
7.434402704238891602e-01
1.487245798110961914e+00
1.487245798110961914e+00
1.149002313613891602e+00
1.149002313613891602e+00
3.692359328269958496e-01
3.692359328269958496e-01
3.692359328269958496e-01
3.692359328269958496e-01
3.692359328269958496e-01
3.692359328269958496e-01
3.692359328269958496e-01
3.692359328269958496e-01
3.692359328269958496e-01
3.692359328269958496e-01
3.692359328269958496e-01
3.692359328269958496e-01
3.692359328269958496e-01
3.692359328269958496e-01
3.692359328269958496e-01
3.692359328269958496e-01
8.767678141593933105e-01
8.767678141593933105e-01
8.767678141593933105e-01
8.767678141593933105e-01
8.767678141593933105e-01
8.767678141593933105e-01
8.767678141593933105e-01
8.767678141593933105e-01
2.671111822128295898e+00
2.671111822128295898e+00
3.622980356216430664e+00
3.622980356216430664e+00
3.622980356216430664e+00
3.474506855010986328e+00
2.253010034561157227e+00
2.002604007720947266e+00
2.002604007720947266e+00
2.002604007720947266e+00
1.522436618804931641e+00
1.522436618804931641e+00
2.828947305679321289e+00
1.867467403411865234e+00
1.867467403411865234e+00
1.867467403411865234e+00
1.867467403411865234e+00
1.867467403411865234e+00
1.867467403411865234e+00
1.867467403411865234e+00
1.568468809127807617e+00
1.568468809127807617e+00
2.632281780242919922e+00
4.277346134185791016e-01
4.208222627639770508e-01
9.350606799125671387e-01
9.350606799125671387e-01
9.350606799125671387e-01
9.350606799125671387e-01
9.350606799125671387e-01
3.791428208351135254e-01
3.791428208351135254e-01
3.791428208351135254e-01
3.791428208351135254e-01
3.791428208351135254e-01
3.791428208351135254e-01
4.664974212646484375e-01
4.664974212646484375e-01
4.664974212646484375e-01
4.664974212646484375e-01
4.664974212646484375e-01
4.664974212646484375e-01
4.664974212646484375e-01
4.664974212646484375e-01
4.664974212646484375e-01
4.664974212646484375e-01
4.664974212646484375e-01
4.664974212646484375e-01
4.664974212646484375e-01
5.177991986274719238e-01
5.177991986274719238e-01
5.177991986274719238e-01
5.177991986274719238e-01
5.177991986274719238e-01
5.177991986274719238e-01
5.177991986274719238e-01
6.543000340461730957e-01
6.543000340461730957e-01
6.543000340461730957e-01
6.543000340461730957e-01
6.543000340461730957e-01
6.543000340461730957e-01
6.543000340461730957e-01
6.543000340461730957e-01
6.543000340461730957e-01
6.543000340461730957e-01
6.543000340461730957e-01
6.543000340461730957e-01
6.543000340461730957e-01
6.543000340461730957e-01
7.428083419799804688e-01
5.509330272674560547e+00
7.940511703491210938e-01
7.940511703491210938e-01
7.940511703491210938e-01
7.940511703491210938e-01
7.940511703491210938e-01
7.128081917762756348e-01
7.128081917762756348e-01
7.128081917762756348e-01
7.128081917762756348e-01
7.128081917762756348e-01
7.128081917762756348e-01
7.128081917762756348e-01
7.128081917762756348e-01
7.128081917762756348e-01
7.128081917762756348e-01
7.128081917762756348e-01
7.186225652694702148e-01
7.186225652694702148e-01
7.186225652694702148e-01
7.236569523811340332e-01
7.236569523811340332e-01
7.236569523811340332e-01
7.236569523811340332e-01
7.236569523811340332e-01
7.236569523811340332e-01
7.236569523811340332e-01
7.236569523811340332e-01
7.236569523811340332e-01
7.236569523811340332e-01
7.236569523811340332e-01
7.236569523811340332e-01
7.236569523811340332e-01
7.236569523811340332e-01
1.399333477020263672e+00
3.475773334503173828e+00
3.395222663879394531e+00
3.956469535827636719e+00
2.455653190612792969e+00
2.455653190612792969e+00
8.908071517944335938e-01
1.233188748359680176e+00
1.233188748359680176e+00
1.051931023597717285e+00
1.051931023597717285e+00
6.058564186096191406e-01
6.058564186096191406e-01
6.058564186096191406e-01
6.058564186096191406e-01
6.058564186096191406e-01
6.058564186096191406e-01
6.058564186096191406e-01
6.011046171188354492e-01
6.011046171188354492e-01
6.011046171188354492e-01
6.011046171188354492e-01
6.011046171188354492e-01
6.011046171188354492e-01
5.212622284889221191e-01
5.212622284889221191e-01
2.583724975585937500e+00
2.082564115524291992e+00
2.082564115524291992e+00
1.614298582077026367e+00
1.614298582077026367e+00
1.614298582077026367e+00
3.100071907043457031e+00
3.100071907043457031e+00
3.100071907043457031e+00
3.100071907043457031e+00
3.100071907043457031e+00
3.100071907043457031e+00
2.189795970916748047e+00
2.189795970916748047e+00
2.248636960983276367e+00
2.248636960983276367e+00
2.248636960983276367e+00
2.248636960983276367e+00
2.891965866088867188e+00
2.891965866088867188e+00
2.891965866088867188e+00
2.891965866088867188e+00
2.891965866088867188e+00
1.412607073783874512e+00
1.412607073783874512e+00
6.084023714065551758e-01
6.084023714065551758e-01
6.084023714065551758e-01
6.084023714065551758e-01
6.084023714065551758e-01
1.536875963211059570e+00
6.481000781059265137e-01
6.481000781059265137e-01
6.481000781059265137e-01
6.481000781059265137e-01
6.481000781059265137e-01
6.481000781059265137e-01
6.481000781059265137e-01
6.481000781059265137e-01
6.481000781059265137e-01
6.481000781059265137e-01
6.481000781059265137e-01
6.481000781059265137e-01
6.481000781059265137e-01
6.481000781059265137e-01
6.481000781059265137e-01
1.351049900054931641e+00
1.351049900054931641e+00
1.351049900054931641e+00
1.351049900054931641e+00
1.070934534072875977e+00
1.326146006584167480e+00
1.326146006584167480e+00
1.864975214004516602e+00
1.864975214004516602e+00
1.864975214004516602e+00
1.864975214004516602e+00
1.864975214004516602e+00
7.620624303817749023e-01
7.620624303817749023e-01
7.620624303817749023e-01
7.620624303817749023e-01
7.620624303817749023e-01
7.620624303817749023e-01
7.620624303817749023e-01
7.620624303817749023e-01
7.620624303817749023e-01
7.620624303817749023e-01
7.620624303817749023e-01
7.620624303817749023e-01
7.620624303817749023e-01
7.620624303817749023e-01
7.620624303817749023e-01
7.620624303817749023e-01
7.620624303817749023e-01
7.620624303817749023e-01
7.620624303817749023e-01
7.620624303817749023e-01
7.620624303817749023e-01
1.186583518981933594e+00
1.186583518981933594e+00
1.186583518981933594e+00
1.027593731880187988e+00
5.702351927757263184e-01
5.702351927757263184e-01
5.702351927757263184e-01
5.702351927757263184e-01
5.702351927757263184e-01
5.702351927757263184e-01
5.702351927757263184e-01
5.702351927757263184e-01
5.702351927757263184e-01
5.702351927757263184e-01
5.702351927757263184e-01
5.702351927757263184e-01
5.702351927757263184e-01
5.702351927757263184e-01
5.702351927757263184e-01
5.702351927757263184e-01
5.702351927757263184e-01
5.702351927757263184e-01
5.702351927757263184e-01
5.702351927757263184e-01
5.702351927757263184e-01
1.001319766044616699e+00
1.001319766044616699e+00
1.001319766044616699e+00
1.001319766044616699e+00
1.001319766044616699e+00
1.001319766044616699e+00
1.001319766044616699e+00
1.001319766044616699e+00
1.001319766044616699e+00
1.001319766044616699e+00
1.001319766044616699e+00
1.001319766044616699e+00
1.001319766044616699e+00
1.001319766044616699e+00
1.001319766044616699e+00
1.001319766044616699e+00
1.001319766044616699e+00
1.001319766044616699e+00
1.001319766044616699e+00
1.225374937057495117e+00
1.225374937057495117e+00
1.225374937057495117e+00
9.783883094787597656e-01
1.655877828598022461e+00
1.655877828598022461e+00
1.655877828598022461e+00
1.655877828598022461e+00
1.655877828598022461e+00
1.997531890869140625e+00
1.997531890869140625e+00
1.582023501396179199e+00
1.758173227310180664e+00
1.758173227310180664e+00
1.758173227310180664e+00
6.297767162322998047e-01
6.297767162322998047e-01
6.297767162322998047e-01
6.297767162322998047e-01
6.297767162322998047e-01
6.297767162322998047e-01
6.297767162322998047e-01
6.297767162322998047e-01
6.297767162322998047e-01
6.297767162322998047e-01
6.563028097152709961e-01
6.563028097152709961e-01
6.563028097152709961e-01
8.086698055267333984e-01
8.127472996711730957e-01
8.127472996711730957e-01
4.465250372886657715e-01
4.465250372886657715e-01
4.465250372886657715e-01
4.465250372886657715e-01
4.465250372886657715e-01
4.465250372886657715e-01
4.465250372886657715e-01
4.465250372886657715e-01
4.465250372886657715e-01
4.465250372886657715e-01
4.465250372886657715e-01
4.465250372886657715e-01
4.465250372886657715e-01
7.389404773712158203e-01
7.389404773712158203e-01
7.389404773712158203e-01
7.389404773712158203e-01
7.389404773712158203e-01
7.389404773712158203e-01
7.389404773712158203e-01
7.389404773712158203e-01
7.389404773712158203e-01
7.389404773712158203e-01
7.389404773712158203e-01
7.389404773712158203e-01
7.389404773712158203e-01
7.389404773712158203e-01
7.389404773712158203e-01
7.389404773712158203e-01
7.389404773712158203e-01
7.389404773712158203e-01
2.149503707885742188e+00
2.657559871673583984e+00
5.932888984680175781e-01
5.932888984680175781e-01
5.932888984680175781e-01
1.338582992553710938e+00
6.932917237281799316e-01
6.932917237281799316e-01
6.932917237281799316e-01
6.932917237281799316e-01
6.932917237281799316e-01
6.932917237281799316e-01
2.962730526924133301e-01
2.962730526924133301e-01
1.346267223358154297e+00
1.156251907348632812e+00
1.156251907348632812e+00
1.082180023193359375e+00
1.082180023193359375e+00
1.082180023193359375e+00
1.082180023193359375e+00
1.082180023193359375e+00
1.082180023193359375e+00
1.082180023193359375e+00
1.082180023193359375e+00
1.082180023193359375e+00
1.082180023193359375e+00
1.082180023193359375e+00
1.082180023193359375e+00
1.082180023193359375e+00
1.082180023193359375e+00
1.753797411918640137e+00
1.753797411918640137e+00
1.753797411918640137e+00
1.753797411918640137e+00
1.753797411918640137e+00
1.753797411918640137e+00
1.753797411918640137e+00
1.753797411918640137e+00
2.524943828582763672e+00
2.524943828582763672e+00
2.524943828582763672e+00
2.524943828582763672e+00
3.316211700439453125e-01
9.764418005943298340e-01
6.091562509536743164e-01
6.091562509536743164e-01
6.091562509536743164e-01
6.091562509536743164e-01
6.091562509536743164e-01
6.091562509536743164e-01
6.091562509536743164e-01
6.091562509536743164e-01
6.091562509536743164e-01
6.091562509536743164e-01
1.922659754753112793e+00
1.922659754753112793e+00
1.922659754753112793e+00
1.477199077606201172e+00
1.477199077606201172e+00
1.322922110557556152e+00
1.322922110557556152e+00
1.322922110557556152e+00
1.322922110557556152e+00
1.322922110557556152e+00
1.322922110557556152e+00
1.322922110557556152e+00
2.142001867294311523e+00
2.629570484161376953e+00
2.629570484161376953e+00
6.567165851593017578e-01
6.567165851593017578e-01
6.567165851593017578e-01
6.567165851593017578e-01
6.567165851593017578e-01
6.567165851593017578e-01
6.567165851593017578e-01
6.567165851593017578e-01
6.567165851593017578e-01
6.567165851593017578e-01
6.567165851593017578e-01
6.567165851593017578e-01
6.567165851593017578e-01
6.567165851593017578e-01
6.567165851593017578e-01
6.567165851593017578e-01
6.567165851593017578e-01
6.567165851593017578e-01
6.567165851593017578e-01
6.206161379814147949e-01
6.206161379814147949e-01
6.206161379814147949e-01
6.206161379814147949e-01
2.515167951583862305e+00
2.495893239974975586e+00
2.495893239974975586e+00
2.426621198654174805e+00
1.062780022621154785e+00
1.062780022621154785e+00
1.062780022621154785e+00
1.062780022621154785e+00
1.062780022621154785e+00
1.062780022621154785e+00
1.062780022621154785e+00
6.331105232238769531e-01
6.331105232238769531e-01
6.331105232238769531e-01
6.331105232238769531e-01
6.331105232238769531e-01
6.402500271797180176e-01
7.403868436813354492e-01
7.403868436813354492e-01
7.403868436813354492e-01
7.403868436813354492e-01
7.403868436813354492e-01
7.403868436813354492e-01
7.403868436813354492e-01
3.746771812438964844e-01
3.746771812438964844e-01
3.746771812438964844e-01
3.746771812438964844e-01
3.746771812438964844e-01
3.650684058666229248e-01
3.650684058666229248e-01
3.650684058666229248e-01
