2.653606176376342773e+00
2.653606176376342773e+00
3.427031517028808594e+00
3.427031517028808594e+00
3.427031517028808594e+00
3.306301832199096680e+00
4.575456619262695312e+00
6.806354999542236328e+00
8.251034736633300781e+00
8.597457885742187500e+00
5.330212593078613281e+00
5.592187881469726562e+00
5.592187881469726562e+00
6.161636352539062500e+00
5.130444526672363281e+00
5.130444526672363281e+00
5.059946537017822266e+00
5.680607318878173828e+00
4.500673770904541016e+00
3.976701736450195312e+00
4.323542594909667969e+00
4.323542594909667969e+00
2.058105945587158203e+00
2.492737531661987305e+00
4.525489807128906250e+00
4.527574062347412109e+00
4.527574062347412109e+00
4.707603454589843750e+00
4.707603454589843750e+00
4.707603454589843750e+00
7.572636604309082031e+00
9.359456062316894531e+00
1.138999366760253906e+01
1.006394290924072266e+01
1.312254905700683594e+01
1.427296638488769531e+01
1.427532577514648438e+01
1.365264129638671875e+01
1.551543045043945312e+01
1.374932861328125000e+01
1.183032035827636719e+01
1.007413578033447266e+01
7.126467704772949219e+00
4.132691383361816406e+00
3.728894948959350586e+00
3.728894948959350586e+00
2.686010122299194336e+00
8.746789693832397461e-01
8.746789693832397461e-01
8.746789693832397461e-01
8.746789693832397461e-01
7.019236087799072266e-01
7.019236087799072266e-01
7.019236087799072266e-01
7.019236087799072266e-01
7.019236087799072266e-01
7.019236087799072266e-01
7.019236087799072266e-01
7.019236087799072266e-01
7.019236087799072266e-01
7.019236087799072266e-01
7.019236087799072266e-01
7.019236087799072266e-01
7.019236087799072266e-01
7.019236087799072266e-01
7.019236087799072266e-01
7.019236087799072266e-01
7.109265923500061035e-01
7.328205108642578125e-01
7.328205108642578125e-01
7.328205108642578125e-01
7.328205108642578125e-01
2.002224445343017578e+00
1.310847520828247070e+00
1.310847520828247070e+00
1.310847520828247070e+00
1.310847520828247070e+00
1.310847520828247070e+00
1.310847520828247070e+00
1.310847520828247070e+00
4.891790151596069336e-01
8.322426080703735352e-01
8.322426080703735352e-01
8.322426080703735352e-01
8.322426080703735352e-01
8.322426080703735352e-01
8.322426080703735352e-01
8.322426080703735352e-01
8.322426080703735352e-01
7.256354689598083496e-01
7.256354689598083496e-01
9.812314510345458984e-01
9.812314510345458984e-01
9.812314510345458984e-01
9.812314510345458984e-01
9.812314510345458984e-01
9.812314510345458984e-01
1.157167673110961914e+00
1.157167673110961914e+00
1.157167673110961914e+00
9.940660595893859863e-01
1.593130588531494141e+00
1.490395903587341309e+00
7.676760554313659668e-01
1.330487251281738281e+00
1.330487251281738281e+00
1.330487251281738281e+00
7.116116285324096680e-01
1.764260530471801758e+00
3.243389129638671875e+00
3.963890790939331055e+00
3.610681295394897461e+00
3.466683149337768555e+00
2.384455204010009766e+00
2.659444332122802734e+00
2.659444332122802734e+00
4.760390758514404297e+00
4.760390758514404297e+00
4.760390758514404297e+00
4.489070415496826172e+00
4.489070415496826172e+00
4.489070415496826172e+00
4.896034240722656250e+00
5.104277610778808594e+00
4.950726509094238281e+00
4.950726509094238281e+00
4.950726509094238281e+00
4.016693115234375000e+00
4.016693115234375000e+00
2.698112010955810547e+00
2.698112010955810547e+00
3.131029605865478516e+00
3.131029605865478516e+00
3.131029605865478516e+00
6.494796276092529297e-01
6.494796276092529297e-01
6.494796276092529297e-01
6.494796276092529297e-01
6.494796276092529297e-01
6.494796276092529297e-01
6.494796276092529297e-01
6.494796276092529297e-01
1.737622737884521484e+00
8.897876739501953125e-01
7.999342083930969238e-01
7.999342083930969238e-01
7.999342083930969238e-01
6.800770163536071777e-01
6.800770163536071777e-01
6.800770163536071777e-01
6.800770163536071777e-01
6.800770163536071777e-01
6.800770163536071777e-01
6.800770163536071777e-01
6.800770163536071777e-01
6.800770163536071777e-01
6.800770163536071777e-01
6.800770163536071777e-01
7.092734575271606445e-01
7.092734575271606445e-01
7.092734575271606445e-01
1.143706321716308594e+00
1.184248328208923340e+00
1.184248328208923340e+00
1.184248328208923340e+00
1.184248328208923340e+00
1.184248328208923340e+00
1.184248328208923340e+00
9.597175717353820801e-01
9.597175717353820801e-01
3.215755462646484375e+00
2.129742622375488281e+00
2.129742622375488281e+00
1.683501124382019043e+00
1.641239166259765625e+00
2.652956008911132812e+00
5.070114135742187500e-01
6.114659309387207031e-01
6.114659309387207031e-01
6.114659309387207031e-01
6.114659309387207031e-01
6.114659309387207031e-01
6.114659309387207031e-01
7.664166688919067383e-01
7.664166688919067383e-01
7.664166688919067383e-01
7.664166688919067383e-01
7.664166688919067383e-01
7.664166688919067383e-01
4.915497899055480957e-01
4.915497899055480957e-01
9.681358337402343750e-01
9.681358337402343750e-01
9.681358337402343750e-01
9.681358337402343750e-01
1.030386924743652344e+00
1.030386924743652344e+00
2.104059934616088867e+00
9.717537164688110352e-01
2.193488597869873047e+00
2.188821792602539062e+00
6.259311437606811523e-01
6.259311437606811523e-01
6.259311437606811523e-01
4.683127403259277344e-01
4.683127403259277344e-01
4.683127403259277344e-01
4.683127403259277344e-01
4.683127403259277344e-01
4.683127403259277344e-01
4.683127403259277344e-01
4.683127403259277344e-01
4.683127403259277344e-01
5.057551264762878418e-01
5.057551264762878418e-01
5.057551264762878418e-01
5.057551264762878418e-01
5.057551264762878418e-01
5.057551264762878418e-01
5.057551264762878418e-01
2.547995567321777344e+00
2.547995567321777344e+00
2.547995567321777344e+00
3.482374191284179688e+00
2.931993722915649414e+00
2.931993722915649414e+00
1.345825672149658203e+00
1.345825672149658203e+00
1.345825672149658203e+00
1.345825672149658203e+00
1.345825672149658203e+00
2.428204536437988281e+00
2.428204536437988281e+00
2.193085670471191406e+00
2.193085670471191406e+00
2.863252162933349609e+00
2.686704158782958984e+00
2.200113296508789062e+00
1.736525774002075195e+00
6.526280641555786133e-01
6.526280641555786133e-01
6.526280641555786133e-01
6.526280641555786133e-01
6.526280641555786133e-01
6.526280641555786133e-01
6.526280641555786133e-01
6.945574879646301270e-01
8.038491606712341309e-01
8.038491606712341309e-01
8.038491606712341309e-01
8.811064362525939941e-01
8.811064362525939941e-01
9.722411632537841797e-01
9.722411632537841797e-01
9.722411632537841797e-01
9.722411632537841797e-01
9.722411632537841797e-01
9.722411632537841797e-01
8.823983669281005859e-01
8.823983669281005859e-01
6.175812482833862305e-01
6.175812482833862305e-01
9.905740022659301758e-01
1.022041678428649902e+00
1.022041678428649902e+00
1.022041678428649902e+00
1.022041678428649902e+00
1.022041678428649902e+00
1.022041678428649902e+00
1.022041678428649902e+00
1.022041678428649902e+00
2.822388172149658203e+00
1.167624950408935547e+00
1.167624950408935547e+00
1.167624950408935547e+00
1.167624950408935547e+00
1.453897237777709961e+00
1.345842719078063965e+00
1.345842719078063965e+00
1.345842719078063965e+00
1.345842719078063965e+00
1.345842719078063965e+00
1.345842719078063965e+00
8.342394828796386719e-01
6.010090112686157227e-01
6.010090112686157227e-01
6.010090112686157227e-01
9.277962446212768555e-01
5.259299278259277344e-01
5.259299278259277344e-01
5.259299278259277344e-01
9.175394773483276367e-01
9.362894892692565918e-01
1.446848869323730469e+00
1.446848869323730469e+00
1.446848869323730469e+00
1.124581098556518555e+00
1.124581098556518555e+00
1.124581098556518555e+00
4.057300090789794922e-01
7.679788470268249512e-01
7.679788470268249512e-01
7.679788470268249512e-01
6.192587018013000488e-01
6.192587018013000488e-01
6.192587018013000488e-01
6.192587018013000488e-01
6.192587018013000488e-01
6.192587018013000488e-01
6.192587018013000488e-01
6.192587018013000488e-01
6.192587018013000488e-01
6.192587018013000488e-01
6.423383951187133789e-01
6.423383951187133789e-01
7.667413353919982910e-01
7.667413353919982910e-01
7.667413353919982910e-01
7.667413353919982910e-01
7.667413353919982910e-01
7.667413353919982910e-01
7.667413353919982910e-01
7.667413353919982910e-01
7.667413353919982910e-01
7.667413353919982910e-01
7.667413353919982910e-01
9.456684589385986328e-01
9.456684589385986328e-01
9.456684589385986328e-01
9.456684589385986328e-01
9.456684589385986328e-01
9.456684589385986328e-01
9.456684589385986328e-01
9.456684589385986328e-01
9.456684589385986328e-01
9.456684589385986328e-01
1.175621628761291504e+00
1.175621628761291504e+00
2.214239597320556641e+00
9.029297828674316406e-01
9.029297828674316406e-01
6.236978769302368164e-01
1.178617596626281738e+00
1.178617596626281738e+00
3.972575664520263672e-01
3.972575664520263672e-01
3.972575664520263672e-01
6.873128414154052734e-01
6.873128414154052734e-01
6.873128414154052734e-01
8.240790367126464844e-01
8.240790367126464844e-01
8.240790367126464844e-01
1.289207816123962402e+00
1.289207816123962402e+00
1.064478874206542969e+00
1.064478874206542969e+00
6.704305410385131836e-01
1.197573900222778320e+00
1.197573900222778320e+00
1.197573900222778320e+00
1.197573900222778320e+00
1.197573900222778320e+00
1.197573900222778320e+00
1.197573900222778320e+00
1.197573900222778320e+00
1.020542383193969727e+00
1.020542383193969727e+00
1.020542383193969727e+00
4.314560890197753906e+00
4.314560890197753906e+00
2.432656288146972656e+00
1.205739498138427734e+00
1.205739498138427734e+00
1.205739498138427734e+00
1.205739498138427734e+00
1.205739498138427734e+00
1.205739498138427734e+00
1.205739498138427734e+00
1.205739498138427734e+00
1.638027191162109375e+00
1.638027191162109375e+00
1.638027191162109375e+00
5.127933025360107422e-01
8.659055233001708984e-01
1.621270179748535156e+00
1.621270179748535156e+00
1.621270179748535156e+00
1.002928495407104492e+00
1.002928495407104492e+00
1.296444296836853027e+00
1.590260267257690430e+00
1.789324045181274414e+00
1.789324045181274414e+00
1.789324045181274414e+00
1.789324045181274414e+00
6.004728078842163086e-01
6.004728078842163086e-01
6.004728078842163086e-01
9.189698100090026855e-01
9.189698100090026855e-01
9.189698100090026855e-01
1.797768712043762207e+00
2.239081859588623047e+00
2.699901819229125977e+00
2.699901819229125977e+00
2.699901819229125977e+00
2.201356649398803711e+00
2.201356649398803711e+00
2.201356649398803711e+00
2.201356649398803711e+00
7.267618179321289062e-01
8.936155438423156738e-01
8.936155438423156738e-01
8.936155438423156738e-01
8.968957066535949707e-01
8.968957066535949707e-01
1.088435411453247070e+00
6.978674530982971191e-01
6.978674530982971191e-01
6.978674530982971191e-01
6.978674530982971191e-01
6.978674530982971191e-01
6.978674530982971191e-01
6.978674530982971191e-01
6.978674530982971191e-01
1.193135857582092285e+00
4.144490361213684082e-01
4.144490361213684082e-01
4.144490361213684082e-01
4.144490361213684082e-01
4.144490361213684082e-01
5.505264401435852051e-01
1.257517099380493164e+00
1.795933961868286133e+00
1.937133669853210449e+00
2.150798082351684570e+00
2.150798082351684570e+00
5.618119239807128906e-01
5.618119239807128906e-01
5.618119239807128906e-01
1.100279092788696289e+00
1.100279092788696289e+00
1.638127326965332031e+00
1.638127326965332031e+00
1.638127326965332031e+00
1.638127326965332031e+00
1.183680057525634766e+00
1.183680057525634766e+00
1.676655292510986328e+00
1.676655292510986328e+00
1.676655292510986328e+00
1.185138106346130371e+00
9.032951593399047852e-01
9.032951593399047852e-01
9.032951593399047852e-01
1.638396143913269043e+00
1.718905448913574219e+00
1.718905448913574219e+00
1.718905448913574219e+00
1.718905448913574219e+00
8.935857415199279785e-01
8.935857415199279785e-01
8.935857415199279785e-01
1.486432790756225586e+00
1.486432790756225586e+00
4.857526302337646484e+00
2.477262496948242188e+00
9.368391036987304688e-01
5.483789443969726562e-01
5.483789443969726562e-01
5.483789443969726562e-01
5.892413854598999023e-01
5.892413854598999023e-01
5.892413854598999023e-01
5.892413854598999023e-01
5.892413854598999023e-01
1.628383278846740723e+00
1.628383278846740723e+00
1.628383278846740723e+00
1.628383278846740723e+00
1.628383278846740723e+00
1.765611410140991211e+00
1.765611410140991211e+00
1.765611410140991211e+00
1.765611410140991211e+00
1.765611410140991211e+00
3.329797267913818359e+00
3.597377777099609375e+00
2.444389820098876953e+00
2.264525651931762695e+00
2.264525651931762695e+00
2.539389848709106445e+00
3.295674324035644531e+00
2.306761503219604492e+00
2.306761503219604492e+00
5.447385311126708984e-01
5.447385311126708984e-01
5.447385311126708984e-01
5.447385311126708984e-01
5.447385311126708984e-01
5.447385311126708984e-01
5.447385311126708984e-01
5.447385311126708984e-01
5.447385311126708984e-01
5.447385311126708984e-01
5.447385311126708984e-01
5.447385311126708984e-01
5.447385311126708984e-01
5.447385311126708984e-01
5.447385311126708984e-01
5.447385311126708984e-01
8.883258104324340820e-01
4.052744805812835693e-01
1.503517150878906250e+00
2.805105447769165039e-01
2.805105447769165039e-01
2.805105447769165039e-01
2.886466979980468750e+00
2.886466979980468750e+00
1.879544734954833984e+00
1.879544734954833984e+00
1.879544734954833984e+00
1.879544734954833984e+00
1.879544734954833984e+00
1.879544734954833984e+00
1.879544734954833984e+00
1.551065444946289062e+00
7.423614859580993652e-01
6.874088644981384277e-01
6.770303249359130859e-01
6.770303249359130859e-01
6.770303249359130859e-01
6.770303249359130859e-01
6.770303249359130859e-01
1.551108121871948242e+00
2.747441291809082031e+00
4.490595817565917969e+00
4.490595817565917969e+00
3.755974292755126953e+00
3.755974292755126953e+00
3.755974292755126953e+00
9.498333930969238281e-01
1.368596196174621582e+00
1.916360020637512207e+00
2.953607559204101562e+00
2.953607559204101562e+00
5.650992393493652344e+00
3.494804382324218750e+00
4.522572517395019531e+00
5.694548130035400391e+00
4.749271392822265625e+00
4.749271392822265625e+00
4.749271392822265625e+00
3.205986022949218750e+00
6.070089340209960938e-01
3.613226711750030518e-01
3.613226711750030518e-01
3.613226711750030518e-01
2.195569038391113281e+00
2.195569038391113281e+00
1.806447982788085938e+00
1.845708489418029785e+00
1.845708489418029785e+00
2.190697669982910156e+00
2.190697669982910156e+00
2.190697669982910156e+00
2.135274410247802734e+00
2.135274410247802734e+00
2.965119361877441406e+00
2.965119361877441406e+00
2.965119361877441406e+00
2.965119361877441406e+00
2.415774822235107422e+00
2.415774822235107422e+00
2.379699230194091797e+00
2.379699230194091797e+00
2.905116081237792969e+00
1.348896622657775879e+00
4.532849192619323730e-01
4.532849192619323730e-01
4.532849192619323730e-01
4.532849192619323730e-01
4.532849192619323730e-01
4.532849192619323730e-01
4.532849192619323730e-01
6.284112930297851562e-01
6.284112930297851562e-01
6.284112930297851562e-01
6.284112930297851562e-01
6.284112930297851562e-01
7.708618044853210449e-01
7.708618044853210449e-01
5.745415091514587402e-01
5.745415091514587402e-01
5.745415091514587402e-01
5.745415091514587402e-01
5.745415091514587402e-01
5.745415091514587402e-01
5.745415091514587402e-01
1.606545925140380859e+00
3.304548025131225586e+00
3.304548025131225586e+00
3.304548025131225586e+00
3.304548025131225586e+00
2.499776840209960938e+00
2.561434745788574219e+00
2.205075025558471680e+00
2.205075025558471680e+00
2.205075025558471680e+00
3.148748874664306641e-01
3.148748874664306641e-01
3.148748874664306641e-01
3.148748874664306641e-01
8.121864795684814453e-01
8.121864795684814453e-01
8.121864795684814453e-01
8.121864795684814453e-01
8.476547002792358398e-01
7.957243323326110840e-01
7.957243323326110840e-01
7.957243323326110840e-01
3.958450853824615479e-01
1.784122824668884277e+00
1.706579208374023438e+00
1.331222295761108398e+00
1.331222295761108398e+00
1.046462893486022949e+00
1.046462893486022949e+00
1.046462893486022949e+00
1.836416006088256836e+00
1.836416006088256836e+00
1.836416006088256836e+00
1.836416006088256836e+00
6.290782690048217773e-01
6.290782690048217773e-01
1.189983367919921875e+00
1.189983367919921875e+00
9.710442423820495605e-01
1.876725912094116211e+00
1.834830522537231445e+00
6.060656309127807617e-01
6.060656309127807617e-01
6.060656309127807617e-01
6.060656309127807617e-01
6.060656309127807617e-01
6.060656309127807617e-01
6.194099187850952148e-01
3.286312103271484375e+00
2.853173255920410156e+00
2.853173255920410156e+00
1.969741344451904297e+00
1.969741344451904297e+00
1.969741344451904297e+00
2.196800708770751953e+00
2.196800708770751953e+00
2.196800708770751953e+00
2.524820566177368164e+00
1.109083175659179688e+00
1.080381870269775391e+00
1.220074295997619629e+00
1.220074295997619629e+00
1.220074295997619629e+00
1.220074295997619629e+00
1.220074295997619629e+00
1.220074295997619629e+00
8.563590049743652344e-01
8.563590049743652344e-01
8.563590049743652344e-01
8.563590049743652344e-01
8.563590049743652344e-01
8.563590049743652344e-01
3.825362443923950195e+00
3.980246782302856445e+00
3.980246782302856445e+00
3.980246782302856445e+00
3.643929958343505859e+00
3.643929958343505859e+00
3.313023567199707031e+00
4.353876113891601562e+00
4.353876113891601562e+00
4.353876113891601562e+00
3.757379293441772461e+00
5.606459617614746094e+00
5.606459617614746094e+00
5.773200988769531250e+00
6.284989356994628906e+00
6.154686927795410156e+00
6.077615737915039062e+00
2.617993593215942383e+00
1.904993772506713867e+00
1.904993772506713867e+00
1.904993772506713867e+00
1.519253611564636230e+00
8.513088822364807129e-01
8.513088822364807129e-01
8.513088822364807129e-01
8.513088822364807129e-01
8.513088822364807129e-01
8.513088822364807129e-01
3.078895330429077148e+00
2.186439752578735352e+00
1.964002728462219238e+00
3.053138494491577148e+00
1.970994234085083008e+00
1.970994234085083008e+00
3.472439765930175781e+00
3.472439765930175781e+00
4.419833660125732422e+00
2.806218385696411133e+00
1.265016436576843262e+00
9.731807708740234375e-01
9.731807708740234375e-01
9.731807708740234375e-01
6.383660435676574707e-01
1.869444608688354492e+00
1.869444608688354492e+00
2.272155523300170898e+00
9.439756870269775391e-01
9.439756870269775391e-01
1.246351003646850586e+00
1.246351003646850586e+00
8.940616846084594727e-01
8.940616846084594727e-01
4.694401323795318604e-01
4.694401323795318604e-01
4.694401323795318604e-01
4.694401323795318604e-01
4.694401323795318604e-01
9.252195358276367188e-01
9.252195358276367188e-01
9.252195358276367188e-01
9.252195358276367188e-01
9.252195358276367188e-01
9.252195358276367188e-01
9.252195358276367188e-01
9.252195358276367188e-01
1.044116139411926270e+00
5.683092474937438965e-01
5.683092474937438965e-01
5.683092474937438965e-01
5.683092474937438965e-01
5.683092474937438965e-01
5.683092474937438965e-01
5.683092474937438965e-01
5.683092474937438965e-01
5.683092474937438965e-01
5.683092474937438965e-01
5.683092474937438965e-01
5.950149893760681152e-01
5.950149893760681152e-01
2.376504898071289062e+00
1.331814408302307129e+00
8.495743274688720703e-01
8.495743274688720703e-01
8.495743274688720703e-01
8.495743274688720703e-01
8.495743274688720703e-01
8.495743274688720703e-01
1.994805574417114258e+00
4.287215232849121094e+00
5.231833934783935547e+00
3.760648727416992188e+00
3.404341459274291992e+00
2.530908584594726562e+00
2.251921415328979492e+00
4.285111427307128906e-01
1.279491424560546875e+00
2.099596738815307617e+00
1.059067010879516602e+00
1.059067010879516602e+00
1.059067010879516602e+00
1.059067010879516602e+00
6.909078359603881836e-01
6.909078359603881836e-01
4.177089333534240723e-01
4.177089333534240723e-01
4.177089333534240723e-01
1.019026637077331543e+00
4.902356266975402832e-01
4.902356266975402832e-01
4.902356266975402832e-01
4.902356266975402832e-01
4.902356266975402832e-01
4.902356266975402832e-01
4.902356266975402832e-01
4.902356266975402832e-01
4.902356266975402832e-01
4.902356266975402832e-01
4.902356266975402832e-01
4.902356266975402832e-01
1.507846117019653320e+00
1.507846117019653320e+00
1.507846117019653320e+00
1.507846117019653320e+00
9.920834898948669434e-01
9.920834898948669434e-01
9.920834898948669434e-01
9.920834898948669434e-01
3.266323804855346680e+00
2.704753875732421875e+00
3.463490724563598633e+00
2.232448577880859375e+00
9.677115678787231445e-01
9.677115678787231445e-01
9.677115678787231445e-01
9.677115678787231445e-01
9.677115678787231445e-01
9.677115678787231445e-01
9.677115678787231445e-01
9.677115678787231445e-01
9.677115678787231445e-01
9.677115678787231445e-01
3.617611885070800781e+00
2.653011560440063477e+00
1.525958061218261719e+00
1.525958061218261719e+00
1.525958061218261719e+00
1.681757926940917969e+00
1.681757926940917969e+00
1.681757926940917969e+00
1.681757926940917969e+00
1.681757926940917969e+00
3.560929536819458008e+00
3.560929536819458008e+00
7.245831489562988281e-01
7.245831489562988281e-01
7.245831489562988281e-01
7.245831489562988281e-01
7.245831489562988281e-01
7.245831489562988281e-01
5.863797068595886230e-01
5.863797068595886230e-01
4.169574975967407227e-01
4.169574975967407227e-01
4.169574975967407227e-01
4.169574975967407227e-01
4.169574975967407227e-01
6.968321800231933594e-01
6.968321800231933594e-01
6.968321800231933594e-01
6.968321800231933594e-01
2.166616916656494141e+00
2.166616916656494141e+00
2.166616916656494141e+00
1.957249879837036133e+00
2.404689073562622070e+00
2.404689073562622070e+00
3.036870718002319336e+00
2.607771873474121094e+00
2.607771873474121094e+00
1.464900970458984375e+00
1.464900970458984375e+00
1.928342700004577637e+00
1.057553291320800781e+00
1.057553291320800781e+00
1.057553291320800781e+00
1.057553291320800781e+00
1.057553291320800781e+00
1.057553291320800781e+00
1.057553291320800781e+00
1.057553291320800781e+00
1.484382629394531250e+00
8.712329268455505371e-01
8.712329268455505371e-01
8.712329268455505371e-01
8.712329268455505371e-01
8.712329268455505371e-01
7.448933124542236328e-01
3.798308670520782471e-01
2.756976842880249023e+00
2.547847986221313477e+00
2.484142303466796875e+00
1.541779756546020508e+00
1.223272800445556641e+00
2.009111166000366211e+00
2.009111166000366211e+00
1.000275969505310059e+00
1.438688993453979492e+00
7.239028215408325195e-01
7.239028215408325195e-01
6.703476905822753906e-01
6.703476905822753906e-01
6.703476905822753906e-01
6.703476905822753906e-01
6.703476905822753906e-01
6.703476905822753906e-01
5.885691046714782715e-01
5.885691046714782715e-01
5.885691046714782715e-01
5.885691046714782715e-01
5.885691046714782715e-01
5.584413409233093262e-01
5.584413409233093262e-01
1.133829951286315918e+00
1.133829951286315918e+00
2.159026622772216797e+00
2.159026622772216797e+00
2.159026622772216797e+00
2.159026622772216797e+00
2.159026622772216797e+00
2.159026622772216797e+00
2.055895090103149414e+00
2.055895090103149414e+00
1.609961509704589844e+00
2.515516281127929688e+00
2.515516281127929688e+00
2.515516281127929688e+00
2.515516281127929688e+00
2.515516281127929688e+00
2.128969430923461914e+00
3.143960952758789062e+00
2.800218105316162109e+00
1.022419929504394531e+00
1.463318467140197754e+00
1.463318467140197754e+00
1.389804244041442871e+00
1.389804244041442871e+00
1.389804244041442871e+00
1.389804244041442871e+00
2.347125530242919922e+00
2.347125530242919922e+00
6.160961389541625977e-01
1.240909814834594727e+00
1.240909814834594727e+00
8.163934350013732910e-01
8.163934350013732910e-01
8.163934350013732910e-01
8.163934350013732910e-01
8.163934350013732910e-01
8.163934350013732910e-01
8.163934350013732910e-01
8.163934350013732910e-01
9.210424423217773438e-01
9.210424423217773438e-01
9.210424423217773438e-01
1.084646582603454590e+00
1.084646582603454590e+00
1.084646582603454590e+00
1.084646582603454590e+00
1.084646582603454590e+00
5.984188318252563477e-01
5.984188318252563477e-01
5.984188318252563477e-01
5.984188318252563477e-01
5.984188318252563477e-01
5.984188318252563477e-01
5.984188318252563477e-01
5.984188318252563477e-01
1.115939736366271973e+00
1.115939736366271973e+00
1.115939736366271973e+00
6.401728391647338867e-01
9.431515932083129883e-01
1.151734232902526855e+00
1.458796739578247070e+00
1.458796739578247070e+00
1.458796739578247070e+00
1.458796739578247070e+00
1.458796739578247070e+00
1.458796739578247070e+00
2.714612483978271484e+00
2.621644258499145508e+00
2.007190465927124023e+00
6.641452312469482422e-01
6.641452312469482422e-01
1.110797166824340820e+00
9.382983446121215820e-01
1.358654022216796875e+00
1.358654022216796875e+00
1.358654022216796875e+00
8.089324235916137695e-01
8.089324235916137695e-01
8.089324235916137695e-01
2.936176300048828125e+00
3.212426185607910156e+00
3.212426185607910156e+00
3.093664884567260742e+00
3.093664884567260742e+00
3.148944377899169922e+00
3.148944377899169922e+00
4.898382186889648438e+00
2.219120979309082031e+00
2.219120979309082031e+00
1.480755567550659180e+00
1.242459654808044434e+00
1.242459654808044434e+00
1.242459654808044434e+00
1.242459654808044434e+00
2.043971538543701172e+00
2.223474740982055664e+00
2.223474740982055664e+00
2.223474740982055664e+00
1.940576314926147461e+00
1.432250142097473145e+00
7.486478090286254883e-01
7.486478090286254883e-01
1.037446618080139160e+00
1.037446618080139160e+00
1.037446618080139160e+00
1.037446618080139160e+00
3.867256641387939453e-01
1.003918886184692383e+00
1.003918886184692383e+00
7.543088197708129883e-01
7.543088197708129883e-01
7.543088197708129883e-01
7.543088197708129883e-01
7.543088197708129883e-01
7.543088197708129883e-01
7.543088197708129883e-01
7.543088197708129883e-01
7.543088197708129883e-01
5.619626045227050781e-01
8.531926870346069336e-01
8.531926870346069336e-01
8.531926870346069336e-01
8.531926870346069336e-01
8.531926870346069336e-01
8.531926870346069336e-01
8.919094800949096680e-01
2.166950225830078125e+00
2.166950225830078125e+00
2.166950225830078125e+00
1.757724881172180176e+00
9.106062054634094238e-01
5.995479822158813477e-01
5.995479822158813477e-01
5.995479822158813477e-01
5.995479822158813477e-01
5.995479822158813477e-01
8.278882503509521484e-01
8.278882503509521484e-01
8.278882503509521484e-01
8.278882503509521484e-01
8.278882503509521484e-01
8.278882503509521484e-01
8.398833274841308594e-01
8.398833274841308594e-01
8.398833274841308594e-01
8.398833274841308594e-01
8.398833274841308594e-01
8.398833274841308594e-01
8.398833274841308594e-01
8.398833274841308594e-01
8.398833274841308594e-01
8.398833274841308594e-01
8.398833274841308594e-01
1.405880331993103027e+00
8.212357163429260254e-01
8.212357163429260254e-01
8.212357163429260254e-01
8.212357163429260254e-01
8.212357163429260254e-01
8.212357163429260254e-01
7.244211435317993164e-01
1.969493150711059570e+00
4.300145626068115234e+00
6.536250114440917969e-01
6.536250114440917969e-01
6.536250114440917969e-01
6.536250114440917969e-01
6.536250114440917969e-01
1.829335570335388184e+00
1.829335570335388184e+00
1.829335570335388184e+00
1.829335570335388184e+00
9.748563766479492188e-01
9.565734267234802246e-01
1.246918916702270508e+00
1.246918916702270508e+00
4.380972862243652344e+00
4.380972862243652344e+00
3.828189611434936523e+00
9.735813140869140625e-01
9.735813140869140625e-01
9.735813140869140625e-01
9.735813140869140625e-01
9.735813140869140625e-01
1.419787406921386719e+00
1.419787406921386719e+00
1.103733777999877930e+00
1.103733777999877930e+00
1.103733777999877930e+00
1.103733777999877930e+00
6.217280030250549316e-01
6.217280030250549316e-01
6.217280030250549316e-01
3.879797756671905518e-01
9.374431371688842773e-01
9.374431371688842773e-01
1.448021411895751953e+00
1.446553349494934082e+00
1.446553349494934082e+00
1.318982958793640137e+00
1.318982958793640137e+00
1.318982958793640137e+00
2.349364280700683594e+00
2.349364280700683594e+00
2.811441898345947266e+00
2.811441898345947266e+00
2.055228471755981445e+00
2.055228471755981445e+00
2.055228471755981445e+00
2.055228471755981445e+00
2.055228471755981445e+00
9.556080102920532227e-01
9.254724383354187012e-01
1.030499219894409180e+00
1.030499219894409180e+00
1.030499219894409180e+00
1.030499219894409180e+00
1.030499219894409180e+00
1.030499219894409180e+00
1.030499219894409180e+00
1.030499219894409180e+00
1.030499219894409180e+00
1.030499219894409180e+00
9.031997919082641602e-01
9.031997919082641602e-01
9.031997919082641602e-01
9.031997919082641602e-01
9.031997919082641602e-01
9.031997919082641602e-01
9.031997919082641602e-01
9.031997919082641602e-01
9.031997919082641602e-01
6.926224827766418457e-01
6.039530038833618164e-01
6.039530038833618164e-01
6.039530038833618164e-01
6.039530038833618164e-01
4.340297877788543701e-01
4.340297877788543701e-01
4.340297877788543701e-01
8.651336431503295898e-01
8.651336431503295898e-01
8.651336431503295898e-01
8.651336431503295898e-01
9.033603668212890625e-01
9.033603668212890625e-01
9.033603668212890625e-01
9.033603668212890625e-01
9.033603668212890625e-01
9.033603668212890625e-01
9.033603668212890625e-01
9.033603668212890625e-01
7.613036632537841797e-01
7.613036632537841797e-01
7.613036632537841797e-01
7.613036632537841797e-01
7.613036632537841797e-01
3.961445689201354980e-01
3.961445689201354980e-01
3.961445689201354980e-01
3.961445689201354980e-01
3.961445689201354980e-01
3.961445689201354980e-01
3.961445689201354980e-01
3.961445689201354980e-01
4.666688144207000732e-01
4.666688144207000732e-01
4.666688144207000732e-01
4.666688144207000732e-01
1.314013719558715820e+00
1.013843297958374023e+00
1.013843297958374023e+00
1.356030821800231934e+00
1.356030821800231934e+00
1.356030821800231934e+00
1.356030821800231934e+00
1.356030821800231934e+00
1.356030821800231934e+00
1.356030821800231934e+00
1.356030821800231934e+00
1.356030821800231934e+00
1.589403510093688965e+00
7.069486379623413086e-01
7.069486379623413086e-01
7.069486379623413086e-01
7.069486379623413086e-01
7.069486379623413086e-01
7.069486379623413086e-01
7.069486379623413086e-01
2.955351769924163818e-01
2.955351769924163818e-01
1.860941767692565918e+00
1.860941767692565918e+00
1.219989299774169922e+00
1.216735124588012695e+00
1.769270420074462891e+00
1.769270420074462891e+00
1.769270420074462891e+00
1.973613262176513672e+00
1.917712688446044922e+00
1.917712688446044922e+00
1.917712688446044922e+00
1.917712688446044922e+00
2.558210611343383789e+00
3.146842241287231445e+00
3.146842241287231445e+00
3.146842241287231445e+00
4.880492687225341797e-01
4.880492687225341797e-01
4.880492687225341797e-01
4.880492687225341797e-01
4.880492687225341797e-01
4.880492687225341797e-01
4.880492687225341797e-01
4.880492687225341797e-01
4.880492687225341797e-01
4.880492687225341797e-01
4.880492687225341797e-01
1.051149487495422363e+00
1.489717245101928711e+00
2.976125240325927734e+00
1.524494528770446777e+00
1.308828353881835938e+00
1.308828353881835938e+00
1.308828353881835938e+00
1.308828353881835938e+00
1.308828353881835938e+00
1.308828353881835938e+00
1.551745891571044922e+00
1.551745891571044922e+00
3.954519033432006836e+00
3.427022933959960938e+00
2.786690235137939453e+00
2.093187570571899414e+00
2.025891304016113281e+00
2.025891304016113281e+00
4.739171266555786133e-01
4.739171266555786133e-01
4.739171266555786133e-01
4.739171266555786133e-01
4.739171266555786133e-01
1.398169875144958496e+00
1.398169875144958496e+00
1.032378077507019043e+00
1.032378077507019043e+00
1.032378077507019043e+00
1.032378077507019043e+00
1.032378077507019043e+00
1.032378077507019043e+00
1.032378077507019043e+00
1.032378077507019043e+00
8.534641265869140625e-01
1.232270836830139160e+00
1.721216917037963867e+00
3.112850189208984375e+00
2.678002357482910156e+00
6.817214488983154297e-01
1.370434999465942383e+00
1.370434999465942383e+00
3.505155563354492188e+00
2.291696071624755859e+00
2.048636674880981445e+00
9.121969938278198242e-01
9.121969938278198242e-01
9.121969938278198242e-01
9.121969938278198242e-01
9.121969938278198242e-01
7.937850356101989746e-01
3.887080252170562744e-01
3.887080252170562744e-01
3.887080252170562744e-01
3.887080252170562744e-01
3.887080252170562744e-01
3.887080252170562744e-01
2.063808679580688477e+00
1.628071308135986328e+00
1.370855569839477539e+00
1.370855569839477539e+00
1.370855569839477539e+00
1.370855569839477539e+00
1.409127831459045410e+00
1.409127831459045410e+00
1.398051738739013672e+00
1.398051738739013672e+00
1.398051738739013672e+00
1.398051738739013672e+00
4.508228898048400879e-01
1.576295375823974609e+00
1.576295375823974609e+00
1.306614398956298828e+00
1.306614398956298828e+00
1.306614398956298828e+00
1.518521189689636230e+00
1.518521189689636230e+00
1.518521189689636230e+00
1.125288844108581543e+00
1.125288844108581543e+00
1.125288844108581543e+00
1.125288844108581543e+00
1.125288844108581543e+00
1.296036958694458008e+00
2.134729146957397461e+00
9.638001918792724609e-01
9.638001918792724609e-01
9.638001918792724609e-01
9.638001918792724609e-01
1.352687358856201172e+00
1.352687358856201172e+00
1.144286513328552246e+00
1.144286513328552246e+00
1.401833772659301758e+00
1.401833772659301758e+00
1.513953089714050293e+00
1.508523583412170410e+00
1.508523583412170410e+00
1.508523583412170410e+00
2.048882484436035156e+00
1.573810815811157227e+00
1.573810815811157227e+00
3.876404762268066406e-01
8.234292268753051758e-01
8.234292268753051758e-01
4.919658303260803223e-01
4.919658303260803223e-01
4.767670929431915283e-01
4.767670929431915283e-01
4.767670929431915283e-01
4.767670929431915283e-01
4.767670929431915283e-01
4.767670929431915283e-01
4.767670929431915283e-01
4.767670929431915283e-01
4.767670929431915283e-01
5.476533174514770508e-01
5.476533174514770508e-01
5.476533174514770508e-01
4.754729270935058594e-01
4.754729270935058594e-01
1.137622833251953125e+00
1.137622833251953125e+00
9.571189284324645996e-01
9.571189284324645996e-01
9.571189284324645996e-01
9.571189284324645996e-01
9.571189284324645996e-01
9.571189284324645996e-01
9.571189284324645996e-01
9.571189284324645996e-01
7.508799433708190918e-01
7.508799433708190918e-01
7.508799433708190918e-01
7.508799433708190918e-01
7.508799433708190918e-01
1.376275181770324707e+00
1.376275181770324707e+00
2.730162620544433594e+00
8.350180387496948242e-01
8.350180387496948242e-01
8.350180387496948242e-01
8.350180387496948242e-01
8.350180387496948242e-01
8.350180387496948242e-01
8.350180387496948242e-01
8.350180387496948242e-01
5.542560815811157227e-01
5.542560815811157227e-01
5.978251099586486816e-01
5.978251099586486816e-01
3.799561858177185059e-01
3.799561858177185059e-01
3.799561858177185059e-01
3.799561858177185059e-01
3.799561858177185059e-01
1.579701900482177734e+00
9.483595490455627441e-01
9.483595490455627441e-01
9.483595490455627441e-01
9.483595490455627441e-01
9.483595490455627441e-01
9.483595490455627441e-01
9.483595490455627441e-01
9.483595490455627441e-01
9.483595490455627441e-01
9.483595490455627441e-01
1.248444557189941406e+00
2.392858028411865234e+00
2.392858028411865234e+00
2.246382474899291992e+00
2.246382474899291992e+00
2.478096008300781250e+00
1.523103952407836914e+00
1.523103952407836914e+00
1.523103952407836914e+00
1.523103952407836914e+00
1.523103952407836914e+00
1.523103952407836914e+00
6.482339501380920410e-01
6.482339501380920410e-01
6.482339501380920410e-01
6.482339501380920410e-01
6.482339501380920410e-01
6.482339501380920410e-01
6.482339501380920410e-01
6.482339501380920410e-01
6.482339501380920410e-01
1.149117946624755859e+00
1.149117946624755859e+00
1.149117946624755859e+00
1.098467707633972168e+00
1.098467707633972168e+00
1.098467707633972168e+00
1.098467707633972168e+00
8.313630819320678711e-01
5.514998435974121094e-01
4.173919558525085449e-01
4.173919558525085449e-01
4.173919558525085449e-01
4.173919558525085449e-01
4.173919558525085449e-01
2.487233877182006836e+00
2.419965982437133789e+00
1.618825674057006836e+00
1.618825674057006836e+00
2.967807054519653320e+00
1.661846637725830078e+00
1.661846637725830078e+00
1.661846637725830078e+00
1.661846637725830078e+00
7.837802767753601074e-01
7.837802767753601074e-01
7.397831678390502930e-01
7.397831678390502930e-01
7.397831678390502930e-01
7.397831678390502930e-01
7.397831678390502930e-01
7.397831678390502930e-01
7.397831678390502930e-01
7.397831678390502930e-01
1.635836124420166016e+00
1.635836124420166016e+00
9.189566969871520996e-01
9.189566969871520996e-01
9.189566969871520996e-01
9.189566969871520996e-01
9.189566969871520996e-01
9.189566969871520996e-01
9.189566969871520996e-01
2.144414424896240234e+00
1.047416329383850098e+00
1.047416329383850098e+00
1.047416329383850098e+00
1.047416329383850098e+00
1.047416329383850098e+00
1.047416329383850098e+00
1.047416329383850098e+00
1.047416329383850098e+00
1.047416329383850098e+00
1.047416329383850098e+00
1.047416329383850098e+00
5.356961488723754883e-01
5.356961488723754883e-01
1.348234176635742188e+00
1.348234176635742188e+00
3.705576896667480469e+00
3.935965299606323242e+00
3.935965299606323242e+00
3.935965299606323242e+00
2.323494434356689453e+00
3.117067575454711914e+00
3.196284770965576172e+00
3.196284770965576172e+00
1.510470867156982422e+00
7.268835902214050293e-01
1.538863182067871094e+00
8.857407569885253906e-01
8.857407569885253906e-01
8.857407569885253906e-01
1.439329147338867188e+00
1.439329147338867188e+00
3.029356002807617188e-01
3.029356002807617188e-01
2.195362329483032227e+00
2.195362329483032227e+00
2.932370185852050781e+00
3.645951271057128906e+00
3.645951271057128906e+00
4.762706756591796875e+00
4.762706756591796875e+00
4.762706756591796875e+00
3.886953592300415039e+00
3.886953592300415039e+00
3.886953592300415039e+00
3.965151548385620117e+00
3.965151548385620117e+00
4.284111499786376953e+00
4.284111499786376953e+00
4.284111499786376953e+00
4.083189010620117188e+00
2.386763095855712891e+00
4.166375398635864258e-01
4.166375398635864258e-01
4.166375398635864258e-01
4.166375398635864258e-01
5.019062161445617676e-01
5.019062161445617676e-01
5.019062161445617676e-01
5.019062161445617676e-01
5.019062161445617676e-01
5.019062161445617676e-01
5.019062161445617676e-01
5.019062161445617676e-01
5.019062161445617676e-01
5.019062161445617676e-01
5.019062161445617676e-01
5.364026427268981934e-01
5.364026427268981934e-01
5.364026427268981934e-01
5.364026427268981934e-01
5.364026427268981934e-01
1.187430620193481445e+00
6.989964246749877930e-01
6.989964246749877930e-01
8.407677412033081055e-01
8.407677412033081055e-01
8.407677412033081055e-01
8.407677412033081055e-01
4.471979141235351562e-01
4.471979141235351562e-01
4.471979141235351562e-01
1.611986517906188965e+00
1.611986517906188965e+00
1.611986517906188965e+00
1.611986517906188965e+00
1.611986517906188965e+00
1.611986517906188965e+00
8.625826239585876465e-01
8.625826239585876465e-01
8.625826239585876465e-01
1.332846999168395996e+00
1.332846999168395996e+00
1.026925086975097656e+00
5.072770714759826660e-01
5.072770714759826660e-01
5.072770714759826660e-01
5.072770714759826660e-01
5.072770714759826660e-01
5.072770714759826660e-01
5.072770714759826660e-01
5.072770714759826660e-01
5.072770714759826660e-01
5.072770714759826660e-01
4.852474331855773926e-01
4.852474331855773926e-01
4.852474331855773926e-01
1.021462202072143555e+00
1.021462202072143555e+00
1.021462202072143555e+00
1.021462202072143555e+00
1.021462202072143555e+00
1.021462202072143555e+00
1.021462202072143555e+00
5.434770584106445312e-01
1.871201157569885254e+00
1.379433274269104004e+00
1.379433274269104004e+00
1.379433274269104004e+00
1.379433274269104004e+00
1.110701441764831543e+00
1.110701441764831543e+00
1.110701441764831543e+00
1.110701441764831543e+00
7.848381996154785156e-01
7.848381996154785156e-01
7.848381996154785156e-01
7.848381996154785156e-01
7.848381996154785156e-01
7.848381996154785156e-01
7.848381996154785156e-01
7.848381996154785156e-01
7.848381996154785156e-01
5.002887845039367676e-01
5.002887845039367676e-01
5.002887845039367676e-01
2.932752132415771484e+00
2.932752132415771484e+00
2.932752132415771484e+00
2.932752132415771484e+00
2.932752132415771484e+00
1.936614274978637695e+00
2.539108753204345703e+00
2.539108753204345703e+00
8.243584632873535156e-01
3.631501495838165283e-01
1.644041895866394043e+00
1.644041895866394043e+00
8.343477249145507812e-01
1.151388883590698242e+00
1.151388883590698242e+00
9.032658934593200684e-01
9.032658934593200684e-01
1.102414131164550781e+00
2.016314029693603516e+00
2.766448736190795898e+00
2.766448736190795898e+00
2.766448736190795898e+00
7.588758468627929688e-01
1.281379580497741699e+00
1.281379580497741699e+00
5.950611233711242676e-01
6.078708767890930176e-01
6.078708767890930176e-01
6.078708767890930176e-01
6.078708767890930176e-01
6.078708767890930176e-01
6.078708767890930176e-01
6.078708767890930176e-01
7.237985134124755859e-01
7.237985134124755859e-01
7.237985134124755859e-01
7.783225774765014648e-01
7.783225774765014648e-01
2.153345108032226562e+00
2.153345108032226562e+00
7.441971302032470703e-01
7.441971302032470703e-01
7.441971302032470703e-01
7.441971302032470703e-01
7.441971302032470703e-01
6.646878719329833984e-01
6.646878719329833984e-01
6.646878719329833984e-01
8.058733940124511719e-01
8.058733940124511719e-01
4.046876728534698486e-01
4.046876728534698486e-01
4.046876728534698486e-01
4.046876728534698486e-01
9.799513816833496094e-01
1.792085170745849609e+00
1.215903043746948242e+00
1.215903043746948242e+00
1.215903043746948242e+00
1.215903043746948242e+00
1.215903043746948242e+00
1.178761243820190430e+00
1.178761243820190430e+00
1.507096290588378906e+00
3.565565347671508789e-01
3.565565347671508789e-01
3.565565347671508789e-01
3.565565347671508789e-01
3.565565347671508789e-01
3.565565347671508789e-01
3.565565347671508789e-01
3.565565347671508789e-01
3.148577213287353516e+00
2.256848573684692383e+00
2.256848573684692383e+00
2.256848573684692383e+00
2.256848573684692383e+00
2.256848573684692383e+00
2.256848573684692383e+00
2.256848573684692383e+00
2.256848573684692383e+00
2.119332551956176758e+00
2.526001691818237305e+00
1.989914298057556152e+00
1.989914298057556152e+00
1.989914298057556152e+00
8.130710124969482422e-01
8.130710124969482422e-01
8.305021524429321289e-01
1.508200407028198242e+00
8.604422807693481445e-01
8.604422807693481445e-01
8.604422807693481445e-01
8.604422807693481445e-01
8.604422807693481445e-01
8.604422807693481445e-01
8.604422807693481445e-01
8.604422807693481445e-01
8.604422807693481445e-01
8.604422807693481445e-01
8.604422807693481445e-01
8.604422807693481445e-01
2.557752609252929688e+00
1.587570071220397949e+00
1.587570071220397949e+00
5.677881240844726562e-01
5.677881240844726562e-01
9.538505673408508301e-01
9.538505673408508301e-01
9.538505673408508301e-01
9.538505673408508301e-01
9.538505673408508301e-01
9.538505673408508301e-01
9.538505673408508301e-01
9.538505673408508301e-01
9.538505673408508301e-01
9.538505673408508301e-01
9.538505673408508301e-01
9.538505673408508301e-01
6.868484020233154297e-01
6.868484020233154297e-01
6.868484020233154297e-01
6.868484020233154297e-01
6.868484020233154297e-01
6.868484020233154297e-01
6.868484020233154297e-01
6.868484020233154297e-01
6.868484020233154297e-01
6.868484020233154297e-01
6.868484020233154297e-01
3.755466639995574951e-01
3.755466639995574951e-01
1.215802788734436035e+00
1.250016808509826660e+00
1.250016808509826660e+00
1.250016808509826660e+00
1.997966766357421875e+00
1.997966766357421875e+00
1.997966766357421875e+00
1.821940422058105469e+00
1.821940422058105469e+00
7.824862003326416016e-01
5.925681591033935547e-01
5.925681591033935547e-01
1.025948524475097656e+00
1.025948524475097656e+00
4.144051074981689453e-01
4.144051074981689453e-01
4.144051074981689453e-01
4.144051074981689453e-01
4.144051074981689453e-01
4.144051074981689453e-01
4.144051074981689453e-01
4.144051074981689453e-01
4.144051074981689453e-01
4.144051074981689453e-01
8.611025810241699219e-01
8.611025810241699219e-01
8.611025810241699219e-01
6.953604221343994141e-01
6.953604221343994141e-01
6.953604221343994141e-01
6.953604221343994141e-01
6.953604221343994141e-01
6.953604221343994141e-01
6.953604221343994141e-01
6.953604221343994141e-01
4.321694374084472656e-01
1.115156888961791992e+00
1.438042044639587402e+00
1.438042044639587402e+00
1.438042044639587402e+00
1.438042044639587402e+00
1.013995647430419922e+00
1.513158202171325684e+00
1.513158202171325684e+00
8.693607449531555176e-01
8.693607449531555176e-01
8.693607449531555176e-01
8.693607449531555176e-01
8.693607449531555176e-01
6.914163827896118164e-01
6.914163827896118164e-01
6.914163827896118164e-01
6.914163827896118164e-01
6.914163827896118164e-01
6.914163827896118164e-01
2.599729537963867188e+00
4.022948741912841797e-01
4.022948741912841797e-01
4.022948741912841797e-01
4.022948741912841797e-01
4.022948741912841797e-01
4.022948741912841797e-01
4.022948741912841797e-01
4.022948741912841797e-01
4.022948741912841797e-01
4.022948741912841797e-01
4.022948741912841797e-01
4.022948741912841797e-01
2.380177974700927734e+00
2.528433799743652344e+00
2.076250076293945312e+00
2.076250076293945312e+00
2.076250076293945312e+00
1.560268044471740723e+00
2.673824787139892578e+00
2.673824787139892578e+00
3.619587898254394531e+00
3.619587898254394531e+00
2.236866474151611328e+00
3.990783691406250000e-01
3.990783691406250000e-01
1.780233860015869141e+00
2.838943243026733398e+00
4.217970848083496094e+00
2.713293790817260742e+00
2.831163167953491211e+00
1.486184597015380859e+00
1.486184597015380859e+00
1.486184597015380859e+00
1.486184597015380859e+00
1.486184597015380859e+00
9.420521855354309082e-01
9.420521855354309082e-01
9.351249337196350098e-01
7.127088904380798340e-01
7.127088904380798340e-01
1.559661746025085449e+00
1.959811806678771973e+00
1.959811806678771973e+00
2.687594890594482422e-01
2.687594890594482422e-01
2.687594890594482422e-01
2.043242931365966797e+00
2.043242931365966797e+00
3.424841880798339844e+00
3.424841880798339844e+00
2.747213363647460938e+00
2.747213363647460938e+00
7.416915893554687500e-01
7.416915893554687500e-01
7.416915893554687500e-01
6.293658018112182617e-01
7.658892869949340820e-01
7.658892869949340820e-01
7.658892869949340820e-01
7.658892869949340820e-01
7.658892869949340820e-01
7.658892869949340820e-01
7.658892869949340820e-01
4.527237117290496826e-01
4.527237117290496826e-01
4.664942920207977295e-01
8.692636489868164062e-01
8.692636489868164062e-01
8.692636489868164062e-01
8.692636489868164062e-01
9.133009314537048340e-01
9.133009314537048340e-01
8.754001855850219727e-01
4.539683759212493896e-01
4.539683759212493896e-01
4.539683759212493896e-01
4.539683759212493896e-01
4.539683759212493896e-01
4.539683759212493896e-01
4.539683759212493896e-01
6.700902581214904785e-01
6.700902581214904785e-01
6.700902581214904785e-01
6.700902581214904785e-01
1.015378952026367188e+00
1.601038694381713867e+00
2.771855592727661133e-01
2.228796958923339844e+00
1.042758226394653320e+00
1.042758226394653320e+00
1.042758226394653320e+00
1.042758226394653320e+00
1.042758226394653320e+00
1.042758226394653320e+00
1.042758226394653320e+00
2.269920349121093750e+00
2.269920349121093750e+00
3.364384174346923828e+00
5.832983970642089844e+00
5.238344669342041016e+00
6.480383396148681641e+00
4.863656044006347656e+00
5.571163177490234375e+00
8.730707168579101562e+00
8.994094848632812500e+00
7.936859607696533203e+00
5.686841964721679688e+00
5.862674236297607422e+00
5.713500499725341797e+00
5.487483501434326172e+00
5.487483501434326172e+00
1.648873805999755859e+00
2.251208782196044922e+00
1.100681304931640625e+00
1.100681304931640625e+00
6.489211320877075195e-01
6.489211320877075195e-01
6.489211320877075195e-01
6.489211320877075195e-01
6.489211320877075195e-01
6.489211320877075195e-01
6.489211320877075195e-01
6.489211320877075195e-01
6.489211320877075195e-01
6.489211320877075195e-01
4.240630149841308594e+00
4.240630149841308594e+00
3.176509141921997070e+00
3.176509141921997070e+00
3.176509141921997070e+00
3.236504554748535156e+00
3.236504554748535156e+00
3.236504554748535156e+00
3.776080131530761719e+00
3.287781238555908203e+00
1.925878405570983887e+00
2.308844566345214844e+00
2.976784706115722656e-01
2.071151018142700195e+00
2.071151018142700195e+00
2.685849905014038086e+00
2.967504739761352539e+00
2.210216045379638672e+00
1.959176540374755859e+00
2.078500986099243164e+00
2.078500986099243164e+00
2.078500986099243164e+00
1.791704416275024414e+00
1.906858921051025391e+00
1.096789598464965820e+00
1.096789598464965820e+00
1.096789598464965820e+00
1.339953660964965820e+00
1.339953660964965820e+00
1.339953660964965820e+00
1.339953660964965820e+00
1.265190005302429199e+00
4.692946076393127441e-01
4.692946076393127441e-01
4.692946076393127441e-01
4.692946076393127441e-01
4.692946076393127441e-01
1.224041223526000977e+00
3.754734277725219727e+00
3.754734277725219727e+00
2.835737705230712891e+00
2.835737705230712891e+00
2.224462032318115234e-01
6.817144155502319336e-01
6.817144155502319336e-01
1.456300854682922363e+00
3.446397304534912109e+00
3.614834785461425781e+00
5.553837299346923828e+00
5.553837299346923828e+00
3.084711074829101562e+00
7.778840065002441406e-01
7.778840065002441406e-01
7.778840065002441406e-01
6.844840049743652344e-01
6.844840049743652344e-01
8.476538658142089844e-01
9.168944954872131348e-01
9.168944954872131348e-01
9.168944954872131348e-01
1.425760030746459961e+00
1.425760030746459961e+00
1.425760030746459961e+00
1.134631037712097168e+00
9.757289886474609375e-01
7.609747648239135742e-01
7.609747648239135742e-01
7.609747648239135742e-01
7.609747648239135742e-01
7.609747648239135742e-01
7.609747648239135742e-01
8.047801852226257324e-01
8.047801852226257324e-01
8.047801852226257324e-01
9.667524099349975586e-01
9.667524099349975586e-01
9.667524099349975586e-01
9.667524099349975586e-01
9.667524099349975586e-01
1.667575359344482422e+00
1.667575359344482422e+00
1.667575359344482422e+00
1.201157569885253906e+00
1.201157569885253906e+00
1.595238924026489258e+00
1.595238924026489258e+00
1.595238924026489258e+00
1.595238924026489258e+00
1.757727980613708496e+00
1.437154531478881836e+00
1.423816919326782227e+00
2.507648468017578125e+00
2.507648468017578125e+00
2.772184848785400391e+00
2.772184848785400391e+00
3.026391744613647461e+00
4.712237358093261719e+00
4.712237358093261719e+00
4.712237358093261719e+00
3.723907232284545898e+00
1.401269674301147461e+00
2.056291341781616211e+00
2.174812078475952148e+00
2.174812078475952148e+00
2.174812078475952148e+00
7.212165594100952148e-01
7.212165594100952148e-01
7.212165594100952148e-01
7.212165594100952148e-01
7.212165594100952148e-01
7.212165594100952148e-01
5.030595064163208008e-01
6.015135645866394043e-01
6.015135645866394043e-01
4.079869091510772705e-01
4.079869091510772705e-01
4.079869091510772705e-01
4.079869091510772705e-01
5.088700056076049805e-01
5.088700056076049805e-01
5.088700056076049805e-01
5.088700056076049805e-01
5.088700056076049805e-01
1.023926734924316406e+00
1.023926734924316406e+00
1.023926734924316406e+00
1.023926734924316406e+00
1.023926734924316406e+00
1.023926734924316406e+00
1.023926734924316406e+00
1.023926734924316406e+00
8.020475506782531738e-01
8.020475506782531738e-01
8.020475506782531738e-01
8.020475506782531738e-01
8.020475506782531738e-01
7.293578386306762695e-01
1.848123192787170410e+00
1.946719169616699219e+00
9.266867637634277344e-01
7.636657357215881348e-01
7.636657357215881348e-01
7.636657357215881348e-01
7.636657357215881348e-01
7.636657357215881348e-01
9.714127182960510254e-01
9.714127182960510254e-01
9.714127182960510254e-01
9.714127182960510254e-01
9.714127182960510254e-01
9.714127182960510254e-01
9.714127182960510254e-01
9.714127182960510254e-01
9.714127182960510254e-01
1.063050866127014160e+00
1.791906118392944336e+00
3.584206104278564453e-01
3.584206104278564453e-01
3.584206104278564453e-01
3.584206104278564453e-01
3.584206104278564453e-01
3.584206104278564453e-01
3.584206104278564453e-01
1.917518258094787598e+00
8.429969549179077148e-01
8.429969549179077148e-01
8.429969549179077148e-01
8.429969549179077148e-01
8.429969549179077148e-01
7.270519137382507324e-01
7.270519137382507324e-01
7.270519137382507324e-01
7.270519137382507324e-01
7.270519137382507324e-01
7.270519137382507324e-01
7.270519137382507324e-01
7.270519137382507324e-01
7.270519137382507324e-01
7.270519137382507324e-01
7.270519137382507324e-01
7.270519137382507324e-01
7.270519137382507324e-01
7.270519137382507324e-01
7.270519137382507324e-01
1.506044387817382812e+00
1.040877699851989746e+00
1.040877699851989746e+00
1.040877699851989746e+00
1.040877699851989746e+00
1.040877699851989746e+00
1.040877699851989746e+00
1.040877699851989746e+00
1.040877699851989746e+00
1.040877699851989746e+00
1.040877699851989746e+00
1.040877699851989746e+00
1.040877699851989746e+00
1.040877699851989746e+00
4.171810150146484375e-01
6.080493330955505371e-01
6.080493330955505371e-01
6.080493330955505371e-01
6.080493330955505371e-01
7.329322099685668945e-01
7.329322099685668945e-01
7.329322099685668945e-01
7.329322099685668945e-01
7.329322099685668945e-01
7.329322099685668945e-01
7.329322099685668945e-01
7.329322099685668945e-01
7.329322099685668945e-01
1.199488282203674316e+00
6.641744971275329590e-01
6.641744971275329590e-01
1.193823933601379395e+00
1.193823933601379395e+00
1.193823933601379395e+00
1.211147546768188477e+00
1.211147546768188477e+00
1.199819207191467285e+00
1.199819207191467285e+00
1.199819207191467285e+00
1.199819207191467285e+00
1.199819207191467285e+00
1.199819207191467285e+00
1.199819207191467285e+00
1.199819207191467285e+00
6.425467729568481445e-01
6.425467729568481445e-01
6.812001466751098633e-01
1.140120029449462891e+00
1.093164324760437012e+00
1.093164324760437012e+00
1.093164324760437012e+00
2.027945995330810547e+00
2.027945995330810547e+00
2.027945995330810547e+00
2.027945995330810547e+00
2.747892618179321289e+00
2.747892618179321289e+00
2.747892618179321289e+00
3.808653831481933594e+00
1.185389757156372070e+00
1.353348493576049805e+00
1.353348493576049805e+00
1.272474408149719238e+00
1.272474408149719238e+00
1.272474408149719238e+00
8.969109058380126953e-01
8.969109058380126953e-01
1.737251162528991699e+00
1.737251162528991699e+00
2.305851221084594727e+00
2.305851221084594727e+00
2.305851221084594727e+00
2.305851221084594727e+00
3.214477300643920898e+00
3.807995319366455078e+00
3.983019828796386719e+00
4.502749443054199219e+00
6.810524463653564453e+00
6.778389453887939453e+00
5.658647060394287109e+00
6.195012092590332031e+00
6.195012092590332031e+00
4.766212463378906250e+00
3.390874385833740234e+00
3.390874385833740234e+00
3.390874385833740234e+00
3.390874385833740234e+00
3.390874385833740234e+00
3.145355701446533203e+00
2.144278049468994141e+00
2.095714807510375977e+00
3.650776147842407227e-01
3.650776147842407227e-01
1.096278667449951172e+00
2.993326425552368164e+00
2.430442094802856445e+00
2.832952737808227539e+00
2.514678239822387695e+00
8.060652017593383789e-01
8.060652017593383789e-01
8.060652017593383789e-01
8.060652017593383789e-01
8.060652017593383789e-01
8.060652017593383789e-01
8.060652017593383789e-01
8.060652017593383789e-01
8.060652017593383789e-01
8.060652017593383789e-01
8.267317414283752441e-01
8.267317414283752441e-01
8.267317414283752441e-01
8.267317414283752441e-01
8.267317414283752441e-01
8.267317414283752441e-01
5.594888329505920410e-01
5.594888329505920410e-01
5.594888329505920410e-01
5.594888329505920410e-01
5.594888329505920410e-01
5.594888329505920410e-01
5.594888329505920410e-01
2.306185007095336914e+00
2.306185007095336914e+00
2.306185007095336914e+00
2.306185007095336914e+00
2.306185007095336914e+00
1.802878618240356445e+00
1.802878618240356445e+00
4.228962421417236328e+00
6.151533126831054688e-01
7.025315761566162109e-01
7.025315761566162109e-01
7.025315761566162109e-01
7.025315761566162109e-01
7.025315761566162109e-01
7.025315761566162109e-01
7.025315761566162109e-01
7.025315761566162109e-01
7.025315761566162109e-01
7.025315761566162109e-01
7.025315761566162109e-01
1.157448768615722656e+00
8.876096010208129883e-01
1.037127733230590820e+00
1.037127733230590820e+00
1.037127733230590820e+00
1.037127733230590820e+00
1.037127733230590820e+00
1.037127733230590820e+00
1.037127733230590820e+00
1.037127733230590820e+00
1.037127733230590820e+00
1.037127733230590820e+00
1.037127733230590820e+00
1.037127733230590820e+00
9.170966148376464844e-01
3.475918173789978027e-01
3.475918173789978027e-01
3.475918173789978027e-01
7.270420789718627930e-01
7.270420789718627930e-01
7.270420789718627930e-01
7.270420789718627930e-01
7.270420789718627930e-01
7.270420789718627930e-01
7.270420789718627930e-01
7.270420789718627930e-01
7.270420789718627930e-01
7.270420789718627930e-01
7.354154586791992188e-01
7.172745466232299805e-01
7.172745466232299805e-01
7.172745466232299805e-01
7.172745466232299805e-01
7.172745466232299805e-01
7.172745466232299805e-01
1.176073789596557617e+00
1.176073789596557617e+00
1.176073789596557617e+00
7.392432093620300293e-01
7.392432093620300293e-01
7.392432093620300293e-01
7.392432093620300293e-01
7.392432093620300293e-01
6.662814617156982422e-01
6.662814617156982422e-01
6.662814617156982422e-01
1.090879797935485840e+00
1.090879797935485840e+00
5.690288543701171875e-01
5.690288543701171875e-01
5.690288543701171875e-01
1.000610351562500000e+00
7.527346014976501465e-01
7.527346014976501465e-01
7.527346014976501465e-01
7.527346014976501465e-01
7.041526436805725098e-01
7.041526436805725098e-01
2.985849857330322266e+00
3.012995481491088867e+00
1.018135190010070801e+00
5.616015195846557617e-01
1.183257818222045898e+00
1.183257818222045898e+00
1.183257818222045898e+00
1.183257818222045898e+00
2.055737495422363281e+00
2.451523303985595703e+00
1.092057466506958008e+00
1.092057466506958008e+00
1.092057466506958008e+00
1.496142506599426270e+00
1.496142506599426270e+00
1.496142506599426270e+00
1.336191654205322266e+00
1.336191654205322266e+00
1.336191654205322266e+00
1.178421139717102051e+00
1.178421139717102051e+00
1.178421139717102051e+00
1.178421139717102051e+00
1.178421139717102051e+00
1.178421139717102051e+00
1.178421139717102051e+00
1.013297319412231445e+00
1.013297319412231445e+00
1.013297319412231445e+00
1.013297319412231445e+00
1.013297319412231445e+00
1.013297319412231445e+00
5.613173246383666992e-01
5.613173246383666992e-01
3.555729985237121582e-01
3.555729985237121582e-01
1.464030027389526367e+00
1.464030027389526367e+00
1.936038970947265625e+00
1.936038970947265625e+00
1.936038970947265625e+00
1.936038970947265625e+00
1.936038970947265625e+00
1.936038970947265625e+00
2.134862184524536133e+00
8.625683784484863281e-01
8.625683784484863281e-01
8.625683784484863281e-01
8.625683784484863281e-01
4.168871939182281494e-01
4.168871939182281494e-01
4.168871939182281494e-01
4.168871939182281494e-01
4.168871939182281494e-01
4.168871939182281494e-01
4.168871939182281494e-01
4.168871939182281494e-01
4.168871939182281494e-01
4.168871939182281494e-01
4.168871939182281494e-01
4.168871939182281494e-01
4.168871939182281494e-01
4.168871939182281494e-01
9.308464527130126953e-01
9.308464527130126953e-01
9.308464527130126953e-01
9.308464527130126953e-01
9.308464527130126953e-01
9.308464527130126953e-01
9.308464527130126953e-01
1.352882742881774902e+00
1.352882742881774902e+00
6.641700863838195801e-01
6.641700863838195801e-01
6.641700863838195801e-01
6.641700863838195801e-01
6.641700863838195801e-01
6.641700863838195801e-01
6.641700863838195801e-01
6.641700863838195801e-01
6.641700863838195801e-01
6.641700863838195801e-01
6.641700863838195801e-01
5.039052963256835938e-01
5.039052963256835938e-01
5.039052963256835938e-01
5.039052963256835938e-01
1.249845027923583984e+00
1.331850647926330566e+00
1.048727393150329590e+00
1.048727393150329590e+00
1.048727393150329590e+00
1.048727393150329590e+00
1.048727393150329590e+00
1.048727393150329590e+00
1.048727393150329590e+00
1.048727393150329590e+00
1.048727393150329590e+00
1.048727393150329590e+00
1.048727393150329590e+00
1.048727393150329590e+00
3.635134100914001465e-01
3.635134100914001465e-01
3.635134100914001465e-01
3.635134100914001465e-01
1.623633384704589844e+00
1.623633384704589844e+00
1.623633384704589844e+00
1.623633384704589844e+00
1.398625850677490234e+00
1.398625850677490234e+00
1.398625850677490234e+00
2.184988021850585938e+00
3.229875564575195312e+00
2.479341745376586914e+00
1.687623977661132812e+00
1.687623977661132812e+00
9.993304610252380371e-01
9.993304610252380371e-01
1.448900103569030762e+00
1.686127901077270508e+00
2.606327056884765625e+00
2.895368576049804688e+00
2.895368576049804688e+00
2.644006490707397461e+00
1.578839421272277832e+00
1.578839421272277832e+00
2.481121778488159180e+00
7.857100963592529297e-01
7.857100963592529297e-01
7.857100963592529297e-01
7.857100963592529297e-01
7.857100963592529297e-01
7.857100963592529297e-01
7.857100963592529297e-01
7.857100963592529297e-01
7.857100963592529297e-01
7.857100963592529297e-01
7.857100963592529297e-01
7.857100963592529297e-01
1.395347356796264648e+00
3.723850250244140625e-01
4.891574978828430176e-01
4.891574978828430176e-01
9.847891330718994141e-01
9.847891330718994141e-01
9.847891330718994141e-01
1.265698552131652832e+00
4.890119075775146484e+00
3.213371753692626953e+00
1.873554110527038574e+00
1.693725228309631348e+00
1.122084617614746094e+00
1.122084617614746094e+00
1.122084617614746094e+00
1.122084617614746094e+00
1.122084617614746094e+00
1.006985187530517578e+00
1.006985187530517578e+00
1.006985187530517578e+00
1.006985187530517578e+00
1.006985187530517578e+00
1.006985187530517578e+00
1.006985187530517578e+00
1.006985187530517578e+00
8.446644544601440430e-01
8.446644544601440430e-01
8.446644544601440430e-01
8.446644544601440430e-01
8.446644544601440430e-01
8.446644544601440430e-01
8.446644544601440430e-01
2.669603347778320312e+00
2.669603347778320312e+00
1.232352375984191895e+00
1.232352375984191895e+00
9.446187019348144531e-01
9.446187019348144531e-01
9.446187019348144531e-01
9.446187019348144531e-01
7.241199016571044922e-01
1.082379102706909180e+00
1.035722732543945312e+00
5.651265382766723633e-01
5.651265382766723633e-01
5.651265382766723633e-01
5.651265382766723633e-01
5.651265382766723633e-01
5.651265382766723633e-01
5.651265382766723633e-01
5.651265382766723633e-01
5.651265382766723633e-01
5.651265382766723633e-01
8.455058336257934570e-01
8.455058336257934570e-01
7.660826444625854492e-01
7.660826444625854492e-01
7.660826444625854492e-01
7.660826444625854492e-01
9.999753832817077637e-01
9.999753832817077637e-01
9.999753832817077637e-01
9.999753832817077637e-01
9.999753832817077637e-01
7.724817991256713867e-01
7.724817991256713867e-01
7.724817991256713867e-01
7.724817991256713867e-01
9.647601842880249023e-01
9.647601842880249023e-01
9.647601842880249023e-01
9.647601842880249023e-01
9.647601842880249023e-01
9.647601842880249023e-01
9.647601842880249023e-01
9.647601842880249023e-01
9.647601842880249023e-01
9.647601842880249023e-01
9.647601842880249023e-01
1.636611700057983398e+00
1.636611700057983398e+00
1.636611700057983398e+00
1.317387342453002930e+00
1.317387342453002930e+00
1.317387342453002930e+00
2.035856723785400391e+00
1.569088935852050781e+00
7.992252111434936523e-01
7.992252111434936523e-01
7.992252111434936523e-01
4.283900260925292969e+00
4.892713546752929688e+00
5.398094654083251953e+00
4.561442375183105469e+00
2.162333250045776367e+00
3.050239086151123047e-01
3.050239086151123047e-01
4.081344306468963623e-01
4.081344306468963623e-01
4.081344306468963623e-01
4.081344306468963623e-01
4.081344306468963623e-01
4.161186218261718750e-01
4.161186218261718750e-01
8.027079701423645020e-01
8.261909484863281250e-01
8.261909484863281250e-01
8.261909484863281250e-01
5.671734809875488281e-01
5.671734809875488281e-01
5.671734809875488281e-01
5.671734809875488281e-01
5.671734809875488281e-01
5.671734809875488281e-01
8.733949661254882812e-01
8.733949661254882812e-01
8.733949661254882812e-01
8.733949661254882812e-01
8.733949661254882812e-01
8.733949661254882812e-01
8.733949661254882812e-01
8.733949661254882812e-01
7.680963277816772461e-01
6.428197622299194336e-01
6.428197622299194336e-01
6.428197622299194336e-01
6.428197622299194336e-01
6.428197622299194336e-01
6.428197622299194336e-01
6.428197622299194336e-01
6.428197622299194336e-01
6.428197622299194336e-01
6.428197622299194336e-01
2.103773593902587891e+00
2.103773593902587891e+00
2.103773593902587891e+00
2.103773593902587891e+00
1.849288105964660645e+00
1.372768878936767578e+00
1.945800662040710449e+00
2.097942590713500977e+00
2.097942590713500977e+00
3.433396100997924805e+00
4.487189292907714844e+00
3.037292957305908203e+00
2.522035837173461914e+00
2.482237577438354492e+00
2.482237577438354492e+00
2.853676319122314453e+00
2.853676319122314453e+00
2.853676319122314453e+00
2.853676319122314453e+00
2.853676319122314453e+00
1.714518666267395020e+00
8.494827151298522949e-01
8.494827151298522949e-01
8.494827151298522949e-01
8.494827151298522949e-01
8.494827151298522949e-01
8.494827151298522949e-01
4.309987723827362061e-01
4.309987723827362061e-01
4.309987723827362061e-01
4.309987723827362061e-01
5.134059786796569824e-01
9.285734295845031738e-01
9.285734295845031738e-01
9.285734295845031738e-01
9.285734295845031738e-01
4.902122318744659424e-01
4.902122318744659424e-01
4.902122318744659424e-01
4.902122318744659424e-01
8.159701824188232422e-01
8.159701824188232422e-01
8.159701824188232422e-01
8.159701824188232422e-01
8.159701824188232422e-01
8.159701824188232422e-01
8.159701824188232422e-01
8.159701824188232422e-01
8.159701824188232422e-01
8.159701824188232422e-01
8.159701824188232422e-01
8.159701824188232422e-01
7.265517115592956543e-01
1.385524630546569824e+00
3.371841907501220703e-01
1.511351704597473145e+00
1.988357901573181152e+00
1.471225380897521973e+00
1.471225380897521973e+00
1.471225380897521973e+00
1.471225380897521973e+00
1.471225380897521973e+00
1.471225380897521973e+00
1.213146448135375977e+00
1.213146448135375977e+00
9.403469562530517578e-01
9.403469562530517578e-01
9.580392837524414062e-01
9.580392837524414062e-01
9.580392837524414062e-01
9.580392837524414062e-01
9.580392837524414062e-01
1.582840681076049805e+00
1.582840681076049805e+00
1.582840681076049805e+00
1.629731535911560059e+00
1.629731535911560059e+00
1.629731535911560059e+00
2.632052183151245117e+00
2.632052183151245117e+00
2.607590198516845703e+00
3.053873538970947266e+00
3.991345882415771484e+00
4.309426784515380859e+00
2.946026325225830078e+00
3.642392873764038086e+00
3.642392873764038086e+00
1.153303146362304688e+00
1.153303146362304688e+00
1.153303146362304688e+00
4.337773919105529785e-01
4.337773919105529785e-01
4.337773919105529785e-01
4.337773919105529785e-01
4.337773919105529785e-01
4.337773919105529785e-01
4.337773919105529785e-01
4.337773919105529785e-01
4.337773919105529785e-01
4.337773919105529785e-01
7.382965087890625000e-01
7.382965087890625000e-01
7.382965087890625000e-01
1.173040151596069336e+00
1.173040151596069336e+00
1.173040151596069336e+00
1.173040151596069336e+00
3.672043681144714355e-01
3.672043681144714355e-01
3.672043681144714355e-01
3.672043681144714355e-01
3.672043681144714355e-01
3.672043681144714355e-01
1.768327474594116211e+00
1.618083953857421875e+00
1.618083953857421875e+00
1.474643826484680176e+00
1.347413063049316406e+00
1.347413063049316406e+00
1.347413063049316406e+00
1.347413063049316406e+00
1.347413063049316406e+00
1.347413063049316406e+00
1.498478174209594727e+00
1.498478174209594727e+00
1.498478174209594727e+00
1.498478174209594727e+00
1.498478174209594727e+00
1.498478174209594727e+00
2.136765956878662109e+00
8.140375614166259766e-01
2.151278734207153320e+00
2.147131204605102539e+00
2.147131204605102539e+00
1.711367726325988770e+00
1.711367726325988770e+00
1.098803162574768066e+00
1.098803162574768066e+00
7.652524709701538086e-01
7.652524709701538086e-01
7.652524709701538086e-01
7.652524709701538086e-01
7.652524709701538086e-01
7.652524709701538086e-01
8.176652193069458008e-01
8.176652193069458008e-01
2.361021518707275391e+00
4.686486721038818359e+00
2.268869400024414062e+00
2.268869400024414062e+00
4.757875204086303711e-01
4.757875204086303711e-01
7.178444266319274902e-01
7.178444266319274902e-01
7.178444266319274902e-01
7.178444266319274902e-01
7.178444266319274902e-01
7.486254572868347168e-01
7.486254572868347168e-01
7.486254572868347168e-01
3.970053493976593018e-01
3.970053493976593018e-01
2.946716547012329102e-01
3.765721619129180908e-01
3.765721619129180908e-01
3.765721619129180908e-01
3.765721619129180908e-01
3.765721619129180908e-01
3.765721619129180908e-01
3.765721619129180908e-01
3.765721619129180908e-01
2.051634550094604492e+00
2.051634550094604492e+00
2.051634550094604492e+00
8.630970716476440430e-01
8.630970716476440430e-01
9.162020683288574219e-01
3.776115417480468750e+00
9.469480514526367188e-01
2.437892436981201172e+00
2.437892436981201172e+00
1.568976521492004395e+00
1.568976521492004395e+00
1.520230770111083984e+00
1.520230770111083984e+00
1.520230770111083984e+00
1.520230770111083984e+00
1.520230770111083984e+00
1.225800395011901855e+00
7.771301865577697754e-01
7.771301865577697754e-01
1.538019418716430664e+00
2.471364974975585938e+00
6.769998073577880859e-01
6.769998073577880859e-01
6.769998073577880859e-01
6.769998073577880859e-01
6.769998073577880859e-01
6.800204515457153320e-01
6.800204515457153320e-01
6.800204515457153320e-01
6.800204515457153320e-01
6.800204515457153320e-01
1.352836847305297852e+00
1.352836847305297852e+00
9.281983971595764160e-01
9.281983971595764160e-01
9.281983971595764160e-01
9.281983971595764160e-01
9.281983971595764160e-01
2.781335115432739258e+00
2.657338380813598633e+00
3.062744379043579102e+00
4.308608055114746094e+00
4.260277748107910156e+00
4.597025871276855469e+00
3.696536064147949219e+00
1.136146545410156250e+00
1.136146545410156250e+00
4.480519890785217285e-01
4.480519890785217285e-01
3.392973542213439941e-01
3.392973542213439941e-01
3.392973542213439941e-01
3.392973542213439941e-01
3.392973542213439941e-01
1.412651062011718750e+00
1.412651062011718750e+00
1.412651062011718750e+00
1.412651062011718750e+00
1.409799933433532715e+00
1.409799933433532715e+00
1.409799933433532715e+00
1.409799933433532715e+00
1.409799933433532715e+00
1.575671315193176270e+00
1.527765870094299316e+00
8.635884523391723633e-01
2.101066112518310547e+00
1.800369620323181152e+00
1.800369620323181152e+00
1.519410252571105957e+00
1.519410252571105957e+00
1.519410252571105957e+00
2.410874128341674805e+00
2.410874128341674805e+00
2.410874128341674805e+00
2.410874128341674805e+00
2.410874128341674805e+00
2.410874128341674805e+00
1.864708423614501953e+00
6.251331806182861328e+00
6.286636352539062500e+00
6.286636352539062500e+00
6.286636352539062500e+00
3.174831867218017578e+00
2.925168752670288086e+00
2.925168752670288086e+00
1.225643038749694824e+00
1.225643038749694824e+00
3.380277752876281738e-01
3.380277752876281738e-01
3.380277752876281738e-01
3.380277752876281738e-01
3.380277752876281738e-01
4.057006537914276123e-01
1.420214772224426270e+00
6.280416846275329590e-01
6.280416846275329590e-01
6.280416846275329590e-01
6.406888365745544434e-01
6.406888365745544434e-01
6.406888365745544434e-01
6.406888365745544434e-01
6.406888365745544434e-01
6.406888365745544434e-01
1.468745470046997070e+00
1.468745470046997070e+00
1.468745470046997070e+00
1.468745470046997070e+00
1.468745470046997070e+00
1.468745470046997070e+00
1.468745470046997070e+00
1.468745470046997070e+00
1.934957265853881836e+00
1.766888141632080078e+00
1.766888141632080078e+00
2.090185642242431641e+00
2.090185642242431641e+00
2.090185642242431641e+00
2.090185642242431641e+00
2.090185642242431641e+00
1.428437948226928711e+00
1.428437948226928711e+00
1.428437948226928711e+00
1.428437948226928711e+00
1.428437948226928711e+00
1.046870827674865723e+00
1.046870827674865723e+00
1.446706771850585938e+00
1.446706771850585938e+00
9.792504310607910156e-01
9.792504310607910156e-01
9.792504310607910156e-01
7.108869552612304688e-01
7.108869552612304688e-01
4.065438807010650635e-01
4.065438807010650635e-01
4.065438807010650635e-01
4.065438807010650635e-01
4.065438807010650635e-01
4.065438807010650635e-01
4.065438807010650635e-01
6.612564921379089355e-01
6.612564921379089355e-01
5.658625960350036621e-01
5.658625960350036621e-01
5.116593241691589355e-01
6.588230133056640625e-01
6.588230133056640625e-01
6.588230133056640625e-01
6.588230133056640625e-01
6.588230133056640625e-01
5.063070058822631836e-01
5.063070058822631836e-01
5.063070058822631836e-01
5.063070058822631836e-01
5.063070058822631836e-01
5.063070058822631836e-01
5.063070058822631836e-01
5.063070058822631836e-01
5.063070058822631836e-01
5.063070058822631836e-01
2.032186031341552734e+00
2.032186031341552734e+00
2.344359874725341797e+00
2.603010654449462891e+00
2.603010654449462891e+00
2.603010654449462891e+00
2.603010654449462891e+00
2.603010654449462891e+00
1.969083786010742188e+00
1.969083786010742188e+00
1.969083786010742188e+00
1.969083786010742188e+00
9.468735456466674805e-01
9.468735456466674805e-01
9.468735456466674805e-01
9.468735456466674805e-01
9.468735456466674805e-01
9.468735456466674805e-01
9.468735456466674805e-01
9.468735456466674805e-01
9.468735456466674805e-01
9.468735456466674805e-01
1.034966588020324707e+00
1.034966588020324707e+00
8.867745995521545410e-01
1.293268322944641113e+00
1.293268322944641113e+00
1.293268322944641113e+00
1.293268322944641113e+00
1.293268322944641113e+00
1.293268322944641113e+00
1.293268322944641113e+00
2.209353446960449219e+00
2.151817321777343750e+00
2.151817321777343750e+00
2.151817321777343750e+00
1.474779367446899414e+00
2.180144548416137695e+00
2.180144548416137695e+00
2.180144548416137695e+00
9.636473655700683594e-01
9.636473655700683594e-01
1.312493324279785156e+00
1.312493324279785156e+00
1.312493324279785156e+00
1.474650263786315918e+00
1.474650263786315918e+00
4.424084424972534180e-01
4.424084424972534180e-01
1.450143575668334961e+00
1.450143575668334961e+00
1.450143575668334961e+00
1.230410218238830566e+00
1.357906222343444824e+00
1.357906222343444824e+00
1.357906222343444824e+00
1.357906222343444824e+00
7.929805517196655273e-01
7.929805517196655273e-01
7.929805517196655273e-01
7.929805517196655273e-01
7.929805517196655273e-01
7.929805517196655273e-01
7.929805517196655273e-01
7.929805517196655273e-01
8.936029672622680664e-01
5.605401992797851562e-01
5.605401992797851562e-01
5.605401992797851562e-01
5.605401992797851562e-01
5.605401992797851562e-01
5.605401992797851562e-01
5.605401992797851562e-01
5.605401992797851562e-01
5.605401992797851562e-01
5.605401992797851562e-01
5.605401992797851562e-01
5.605401992797851562e-01
9.492876529693603516e-01
9.492876529693603516e-01
9.492876529693603516e-01
9.492876529693603516e-01
9.492876529693603516e-01
1.795625686645507812e+00
2.100459337234497070e+00
8.618967533111572266e-01
6.796645522117614746e-01
6.796645522117614746e-01
1.126841068267822266e+00
7.396663427352905273e-01
7.396663427352905273e-01
7.396663427352905273e-01
7.396663427352905273e-01
7.396663427352905273e-01
7.396663427352905273e-01
5.014551281929016113e-01
5.014551281929016113e-01
5.014551281929016113e-01
5.014551281929016113e-01
1.540177106857299805e+00
1.540177106857299805e+00
1.540177106857299805e+00
1.540177106857299805e+00
1.540177106857299805e+00
1.798666715621948242e+00
1.798666715621948242e+00
1.798666715621948242e+00
7.949298620223999023e-01
7.949298620223999023e-01
7.949298620223999023e-01
7.949298620223999023e-01
1.080288648605346680e+00
1.080288648605346680e+00
1.483259081840515137e+00
1.483259081840515137e+00
1.483259081840515137e+00
1.521176218986511230e+00
1.137677431106567383e+00
1.137677431106567383e+00
1.426288366317749023e+00
