5.310556888580322266e-01
5.365225672721862793e-01
5.365225672721862793e-01
5.365225672721862793e-01
2.099678993225097656e+00
2.099678993225097656e+00
5.320682525634765625e-01
5.320682525634765625e-01
5.320682525634765625e-01
5.320682525634765625e-01
5.320682525634765625e-01
5.320682525634765625e-01
1.357515573501586914e+00
1.357515573501586914e+00
2.331688880920410156e+00
2.331688880920410156e+00
2.617601633071899414e+00
2.617601633071899414e+00
8.389496803283691406e-01
8.389496803283691406e-01
8.389496803283691406e-01
1.268487811088562012e+00
1.268487811088562012e+00
1.503820538520812988e+00
1.859927892684936523e+00
1.859927892684936523e+00
1.859927892684936523e+00
1.859927892684936523e+00
1.859927892684936523e+00
1.859927892684936523e+00
1.859927892684936523e+00
2.756341457366943359e+00
2.756341457366943359e+00
2.756341457366943359e+00
1.998929262161254883e+00
3.633531332015991211e-01
1.184978604316711426e+00
1.184978604316711426e+00
1.184978604316711426e+00
1.184978604316711426e+00
7.152403593063354492e-01
7.152403593063354492e-01
7.152403593063354492e-01
1.940408706665039062e+00
1.940408706665039062e+00
2.165204763412475586e+00
2.165204763412475586e+00
2.165204763412475586e+00
7.896718978881835938e-01
7.896718978881835938e-01
7.896718978881835938e-01
1.777750253677368164e+00
1.777750253677368164e+00
1.777750253677368164e+00
1.777750253677368164e+00
3.425935506820678711e-01
3.425935506820678711e-01
3.425935506820678711e-01
1.829832673072814941e+00
1.897936820983886719e+00
1.897936820983886719e+00
1.897936820983886719e+00
1.897936820983886719e+00
1.897936820983886719e+00
1.897936820983886719e+00
1.897936820983886719e+00
1.897936820983886719e+00
1.897936820983886719e+00
1.897936820983886719e+00
1.897936820983886719e+00
1.912689924240112305e+00
1.912689924240112305e+00
1.384863138198852539e+00
1.384863138198852539e+00
1.384863138198852539e+00
1.384863138198852539e+00
1.384863138198852539e+00
1.384863138198852539e+00
1.384863138198852539e+00
1.384863138198852539e+00
1.384863138198852539e+00
1.384863138198852539e+00
1.384863138198852539e+00
1.384863138198852539e+00
1.384863138198852539e+00
4.606000185012817383e-01
4.606000185012817383e-01
4.606000185012817383e-01
4.606000185012817383e-01
4.606000185012817383e-01
2.122897148132324219e+00
2.122897148132324219e+00
5.472352504730224609e-01
5.472352504730224609e-01
5.472352504730224609e-01
5.472352504730224609e-01
5.472352504730224609e-01
5.472352504730224609e-01
5.472352504730224609e-01
5.472352504730224609e-01
5.472352504730224609e-01
1.530207037925720215e+00
1.530207037925720215e+00
1.530207037925720215e+00
1.530207037925720215e+00
5.405494570732116699e-01
5.405494570732116699e-01
5.405494570732116699e-01
5.405494570732116699e-01
5.405494570732116699e-01
5.405494570732116699e-01
5.405494570732116699e-01
5.405494570732116699e-01
5.405494570732116699e-01
5.405494570732116699e-01
1.555518865585327148e+00
1.555518865585327148e+00
1.135260581970214844e+00
1.135260581970214844e+00
1.135260581970214844e+00
1.043672919273376465e+00
1.026375293731689453e+00
1.026375293731689453e+00
1.026375293731689453e+00
1.026375293731689453e+00
1.026375293731689453e+00
2.483171701431274414e+00
2.483171701431274414e+00
4.188406467437744141e-01
4.188406467437744141e-01
1.518742084503173828e+00
1.518742084503173828e+00
1.518742084503173828e+00
1.518742084503173828e+00
1.518742084503173828e+00
6.078305840492248535e-01
6.078305840492248535e-01
6.078305840492248535e-01
6.078305840492248535e-01
6.078305840492248535e-01
6.078305840492248535e-01
8.311075568199157715e-01
8.311075568199157715e-01
8.311075568199157715e-01
8.311075568199157715e-01
8.311075568199157715e-01
8.311075568199157715e-01
8.311075568199157715e-01
8.311075568199157715e-01
5.359725952148437500e-01
5.359725952148437500e-01
5.359725952148437500e-01
5.359725952148437500e-01
1.638989448547363281e+00
9.904544353485107422e-01
1.055888533592224121e+00
1.055888533592224121e+00
1.630870342254638672e+00
1.630870342254638672e+00
1.630870342254638672e+00
1.630870342254638672e+00
1.630870342254638672e+00
1.630870342254638672e+00
1.630870342254638672e+00
1.630870342254638672e+00
1.630870342254638672e+00
7.152959704399108887e-01
7.152959704399108887e-01
6.551701426506042480e-01
6.551701426506042480e-01
6.551701426506042480e-01
6.551701426506042480e-01
6.551701426506042480e-01
6.551701426506042480e-01
6.551701426506042480e-01
6.551701426506042480e-01
6.551701426506042480e-01
6.551701426506042480e-01
9.159293174743652344e-01
2.679924011230468750e+00
2.794254064559936523e+00
2.794254064559936523e+00
3.086131334304809570e+00
6.671319007873535156e-01
6.671319007873535156e-01
6.671319007873535156e-01
6.671319007873535156e-01
8.746801018714904785e-01
8.746801018714904785e-01
1.558649301528930664e+00
1.558649301528930664e+00
1.558649301528930664e+00
1.367558717727661133e+00
1.367558717727661133e+00
1.367558717727661133e+00
1.367558717727661133e+00
1.367558717727661133e+00
1.367558717727661133e+00
1.367558717727661133e+00
1.367558717727661133e+00
1.367558717727661133e+00
1.367558717727661133e+00
1.219508528709411621e+00
1.322271823883056641e+00
7.283388972282409668e-01
7.283388972282409668e-01
7.283388972282409668e-01
7.283388972282409668e-01
7.283388972282409668e-01
7.283388972282409668e-01
7.283388972282409668e-01
2.117225408554077148e+00
2.117225408554077148e+00
2.117225408554077148e+00
1.440966606140136719e+00
1.440966606140136719e+00
1.415878415107727051e+00
1.415878415107727051e+00
4.434377551078796387e-01
4.434377551078796387e-01
4.434377551078796387e-01
4.434377551078796387e-01
4.434377551078796387e-01
4.434377551078796387e-01
4.434377551078796387e-01
4.434377551078796387e-01
4.434377551078796387e-01
4.434377551078796387e-01
4.434377551078796387e-01
4.434377551078796387e-01
4.434377551078796387e-01
4.434377551078796387e-01
4.434377551078796387e-01
4.434377551078796387e-01
4.434377551078796387e-01
4.434377551078796387e-01
4.434377551078796387e-01
4.434377551078796387e-01
4.434377551078796387e-01
3.063115119934082031e+00
3.063115119934082031e+00
3.063115119934082031e+00
3.063115119934082031e+00
3.063115119934082031e+00
3.063115119934082031e+00
3.063115119934082031e+00
3.085355520248413086e+00
3.085355520248413086e+00
2.363457441329956055e+00
2.363457441329956055e+00
2.363457441329956055e+00
2.363457441329956055e+00
2.363457441329956055e+00
2.363457441329956055e+00
1.245575428009033203e+00
1.245575428009033203e+00
1.245575428009033203e+00
1.792275071144104004e+00
1.792275071144104004e+00
1.792275071144104004e+00
1.792275071144104004e+00
1.792275071144104004e+00
1.792275071144104004e+00
1.792275071144104004e+00
1.792275071144104004e+00
1.792275071144104004e+00
1.186082839965820312e+00
1.186082839965820312e+00
1.186082839965820312e+00
1.186082839965820312e+00
1.186082839965820312e+00
1.186082839965820312e+00
1.186082839965820312e+00
1.186082839965820312e+00
1.444223403930664062e+00
1.444223403930664062e+00
1.444223403930664062e+00
8.836953639984130859e-01
8.836953639984130859e-01
8.836953639984130859e-01
8.836953639984130859e-01
8.836953639984130859e-01
8.836953639984130859e-01
8.836953639984130859e-01
8.836953639984130859e-01
8.836953639984130859e-01
1.161597847938537598e+00
2.014578342437744141e+00
1.797407984733581543e+00
1.668956398963928223e+00
1.668956398963928223e+00
2.065634250640869141e+00
2.065634250640869141e+00
2.065634250640869141e+00
2.065634250640869141e+00
1.422734022140502930e+00
1.422734022140502930e+00
1.422734022140502930e+00
1.422734022140502930e+00
1.422734022140502930e+00
1.422734022140502930e+00
1.422734022140502930e+00
1.422734022140502930e+00
1.422734022140502930e+00
1.422734022140502930e+00
1.422734022140502930e+00
1.422734022140502930e+00
1.422734022140502930e+00
1.422734022140502930e+00
1.422734022140502930e+00
1.422734022140502930e+00
1.461057305335998535e+00
1.461057305335998535e+00
1.461057305335998535e+00
1.722898483276367188e+00
1.236505746841430664e+00
1.236505746841430664e+00
1.236505746841430664e+00
6.221066117286682129e-01
2.673903942108154297e+00
2.673903942108154297e+00
2.673903942108154297e+00
4.602708816528320312e-01
9.442847967147827148e-01
1.448243737220764160e+00
1.448243737220764160e+00
8.610948324203491211e-01
8.610948324203491211e-01
8.610948324203491211e-01
8.610948324203491211e-01
8.610948324203491211e-01
8.610948324203491211e-01
8.610948324203491211e-01
8.610948324203491211e-01
8.610948324203491211e-01
8.610948324203491211e-01
8.610948324203491211e-01
8.610948324203491211e-01
8.610948324203491211e-01
8.610948324203491211e-01
8.610948324203491211e-01
8.610948324203491211e-01
8.610948324203491211e-01
8.610948324203491211e-01
8.610948324203491211e-01
8.610948324203491211e-01
8.610948324203491211e-01
8.610948324203491211e-01
8.610948324203491211e-01
8.610948324203491211e-01
8.610948324203491211e-01
8.610948324203491211e-01
8.610948324203491211e-01
8.610948324203491211e-01
8.610948324203491211e-01
8.610948324203491211e-01
9.056044220924377441e-01
9.056044220924377441e-01
3.874754190444946289e+00
2.133603334426879883e+00
1.329869866371154785e+00
1.329869866371154785e+00
5.186668634414672852e-01
5.186668634414672852e-01
5.186668634414672852e-01
5.186668634414672852e-01
2.427385568618774414e+00
2.427385568618774414e+00
2.427385568618774414e+00
2.427385568618774414e+00
2.427385568618774414e+00
1.231290459632873535e+00
1.231290459632873535e+00
1.231290459632873535e+00
1.231290459632873535e+00
2.649590969085693359e+00
2.649590969085693359e+00
9.153747558593750000e-01
9.153747558593750000e-01
9.153747558593750000e-01
9.153747558593750000e-01
9.153747558593750000e-01
9.153747558593750000e-01
4.600432217121124268e-01
4.600432217121124268e-01
4.600432217121124268e-01
1.462239384651184082e+00
5.809209942817687988e-01
7.780592441558837891e-01
7.780592441558837891e-01
7.780592441558837891e-01
7.780592441558837891e-01
7.780592441558837891e-01
7.780592441558837891e-01
7.780592441558837891e-01
7.780592441558837891e-01
7.780592441558837891e-01
7.780592441558837891e-01
7.780592441558837891e-01
7.780592441558837891e-01
7.780592441558837891e-01
7.780592441558837891e-01
7.780592441558837891e-01
7.780592441558837891e-01
7.780592441558837891e-01
7.780592441558837891e-01
7.780592441558837891e-01
7.780592441558837891e-01
7.780592441558837891e-01
4.568459510803222656e+00
3.632509469985961914e+00
3.632509469985961914e+00
1.580772638320922852e+00
1.580772638320922852e+00
8.148014545440673828e-01
8.148014545440673828e-01
8.148014545440673828e-01
8.148014545440673828e-01
8.148014545440673828e-01
8.148014545440673828e-01
8.148014545440673828e-01
8.148014545440673828e-01
1.915669679641723633e+00
2.114296913146972656e+00
2.114296913146972656e+00
1.103416204452514648e+00
2.019904136657714844e+00
2.019904136657714844e+00
2.019904136657714844e+00
2.279570579528808594e+00
2.279570579528808594e+00
2.279570579528808594e+00
2.279570579528808594e+00
2.279570579528808594e+00
1.443573355674743652e+00
1.443573355674743652e+00
1.443573355674743652e+00
1.443573355674743652e+00
1.443573355674743652e+00
1.443573355674743652e+00
1.443573355674743652e+00
1.443573355674743652e+00
1.443573355674743652e+00
1.443573355674743652e+00
1.213234305381774902e+00
1.213234305381774902e+00
1.213234305381774902e+00
1.213234305381774902e+00
1.213234305381774902e+00
1.213234305381774902e+00
1.213234305381774902e+00
1.213234305381774902e+00
1.679692149162292480e+00
1.679692149162292480e+00
1.679692149162292480e+00
1.679692149162292480e+00
1.679692149162292480e+00
1.679692149162292480e+00
1.679692149162292480e+00
1.330747127532958984e+00
1.330747127532958984e+00
1.330747127532958984e+00
1.575945258140563965e+00
1.428462147712707520e+00
1.428462147712707520e+00
1.428462147712707520e+00
1.428462147712707520e+00
1.428462147712707520e+00
1.428462147712707520e+00
1.428462147712707520e+00
1.428462147712707520e+00
1.428462147712707520e+00
1.428462147712707520e+00
1.428462147712707520e+00
1.428462147712707520e+00
1.428462147712707520e+00
1.428462147712707520e+00
1.428462147712707520e+00
1.428462147712707520e+00
1.428462147712707520e+00
1.428462147712707520e+00
1.428462147712707520e+00
1.428462147712707520e+00
1.428462147712707520e+00
1.428462147712707520e+00
1.428462147712707520e+00
1.217896103858947754e+00
6.094586849212646484e-01
6.094586849212646484e-01
6.094586849212646484e-01
6.094586849212646484e-01
6.094586849212646484e-01
6.094586849212646484e-01
6.094586849212646484e-01
6.094586849212646484e-01
1.340147018432617188e+00
1.340147018432617188e+00
1.340147018432617188e+00
1.250888466835021973e+00
1.250888466835021973e+00
1.250888466835021973e+00
1.250888466835021973e+00
1.250888466835021973e+00
1.250888466835021973e+00
1.114590764045715332e+00
1.114590764045715332e+00
1.114590764045715332e+00
1.114590764045715332e+00
1.114590764045715332e+00
1.064377903938293457e+00
1.064377903938293457e+00
2.023358821868896484e+00
2.023358821868896484e+00
2.023358821868896484e+00
9.964450597763061523e-01
1.049296259880065918e+00
1.049296259880065918e+00
1.049296259880065918e+00
8.480920791625976562e-01
8.480920791625976562e-01
8.480920791625976562e-01
8.480920791625976562e-01
8.480920791625976562e-01
8.480920791625976562e-01
8.480920791625976562e-01
8.480920791625976562e-01
8.939566016197204590e-01
8.939566016197204590e-01
8.939566016197204590e-01
8.939566016197204590e-01
2.430318355560302734e+00
1.786073684692382812e+00
1.786073684692382812e+00
1.786073684692382812e+00
1.786073684692382812e+00
1.786073684692382812e+00
1.786073684692382812e+00
1.786073684692382812e+00
6.344196796417236328e-01
6.344196796417236328e-01
6.344196796417236328e-01
6.344196796417236328e-01
2.229955196380615234e+00
2.229955196380615234e+00
2.229955196380615234e+00
2.229955196380615234e+00
8.757495880126953125e-01
8.757495880126953125e-01
4.789844155311584473e-01
4.789844155311584473e-01
4.789844155311584473e-01
4.789844155311584473e-01
4.789844155311584473e-01
4.789844155311584473e-01
6.533993482589721680e-01
6.533993482589721680e-01
6.533993482589721680e-01
9.260728359222412109e-01
9.260728359222412109e-01
9.260728359222412109e-01
9.260728359222412109e-01
9.260728359222412109e-01
9.260728359222412109e-01
9.260728359222412109e-01
9.260728359222412109e-01
9.260728359222412109e-01
9.260728359222412109e-01
9.260728359222412109e-01
9.260728359222412109e-01
9.260728359222412109e-01
1.788607716560363770e+00
1.788607716560363770e+00
1.788607716560363770e+00
9.956629872322082520e-01
1.500627636909484863e+00
1.848265409469604492e+00
2.360036373138427734e+00
2.360036373138427734e+00
2.360036373138427734e+00
2.360036373138427734e+00
2.360036373138427734e+00
2.360036373138427734e+00
2.360036373138427734e+00
2.360036373138427734e+00
2.360036373138427734e+00
7.159197330474853516e-01
1.071897983551025391e+00
1.071897983551025391e+00
1.071897983551025391e+00
7.843998670578002930e-01
1.484992742538452148e+00
1.484992742538452148e+00
1.484992742538452148e+00
5.687900781631469727e-01
5.687900781631469727e-01
5.687900781631469727e-01
5.687900781631469727e-01
5.687900781631469727e-01
5.687900781631469727e-01
5.687900781631469727e-01
5.687900781631469727e-01
5.687900781631469727e-01
5.687900781631469727e-01
5.687900781631469727e-01
5.687900781631469727e-01
5.687900781631469727e-01
5.687900781631469727e-01
5.687900781631469727e-01
5.687900781631469727e-01
5.687900781631469727e-01
5.687900781631469727e-01
5.687900781631469727e-01
5.687900781631469727e-01
1.904643416404724121e+00
2.203815460205078125e+00
2.203815460205078125e+00
2.203815460205078125e+00
1.732318162918090820e+00
8.851078748703002930e-01
8.851078748703002930e-01
8.851078748703002930e-01
1.366439104080200195e+00
1.366439104080200195e+00
1.366439104080200195e+00
1.366439104080200195e+00
1.366439104080200195e+00
1.366439104080200195e+00
1.366439104080200195e+00
1.797317504882812500e+00
1.797317504882812500e+00
1.797317504882812500e+00
1.797317504882812500e+00
1.797317504882812500e+00
1.041410684585571289e+00
1.041410684585571289e+00
1.041410684585571289e+00
1.041410684585571289e+00
1.041410684585571289e+00
7.208336591720581055e-01
1.206217050552368164e+00
1.206217050552368164e+00
1.206217050552368164e+00
1.206217050552368164e+00
1.206217050552368164e+00
1.206217050552368164e+00
1.270745038986206055e+00
1.270745038986206055e+00
1.270745038986206055e+00
1.270745038986206055e+00
5.887028574943542480e-01
5.887028574943542480e-01
5.887028574943542480e-01
4.768290519714355469e-01
4.768290519714355469e-01
4.768290519714355469e-01
4.768290519714355469e-01
8.573961853981018066e-01
8.573961853981018066e-01
8.573961853981018066e-01
8.573961853981018066e-01
1.205981731414794922e+00
1.205981731414794922e+00
1.225973606109619141e+00
1.225973606109619141e+00
1.225973606109619141e+00
1.225973606109619141e+00
1.225973606109619141e+00
1.225973606109619141e+00
1.225973606109619141e+00
1.225973606109619141e+00
1.225973606109619141e+00
1.225973606109619141e+00
1.225973606109619141e+00
1.225973606109619141e+00
1.225973606109619141e+00
1.225973606109619141e+00
1.225973606109619141e+00
1.225973606109619141e+00
1.225973606109619141e+00
1.225973606109619141e+00
1.225973606109619141e+00
1.064615964889526367e+00
1.064615964889526367e+00
1.064615964889526367e+00
1.064615964889526367e+00
2.023890733718872070e+00
2.300096511840820312e+00
9.105979204177856445e-01
9.105979204177856445e-01
9.105979204177856445e-01
9.105979204177856445e-01
9.105979204177856445e-01
9.105979204177856445e-01
9.105979204177856445e-01
9.105979204177856445e-01
9.105979204177856445e-01
8.661611080169677734e-01
8.661611080169677734e-01
1.179210662841796875e+00
1.179210662841796875e+00
1.179210662841796875e+00
1.179210662841796875e+00
1.179210662841796875e+00
1.179210662841796875e+00
1.179210662841796875e+00
1.179210662841796875e+00
1.922887325286865234e+00
1.922887325286865234e+00
1.396131157875061035e+00
1.396131157875061035e+00
1.396131157875061035e+00
1.396131157875061035e+00
5.927882194519042969e-01
5.927882194519042969e-01
5.927882194519042969e-01
5.927882194519042969e-01
1.508560419082641602e+00
1.508560419082641602e+00
2.359524250030517578e+00
1.771754384040832520e+00
1.771754384040832520e+00
1.771754384040832520e+00
1.771754384040832520e+00
1.771754384040832520e+00
1.771754384040832520e+00
3.489056348800659180e+00
3.489056348800659180e+00
3.489056348800659180e+00
3.489056348800659180e+00
2.228700637817382812e+00
2.228700637817382812e+00
2.228700637817382812e+00
2.228700637817382812e+00
2.228700637817382812e+00
2.228700637817382812e+00
2.228700637817382812e+00
2.228700637817382812e+00
2.228700637817382812e+00
2.228700637817382812e+00
9.727488756179809570e-01
9.727488756179809570e-01
9.727488756179809570e-01
9.727488756179809570e-01
9.727488756179809570e-01
9.727488756179809570e-01
9.727488756179809570e-01
9.727488756179809570e-01
1.546483278274536133e+00
1.062331199645996094e+00
1.062331199645996094e+00
1.062331199645996094e+00
1.062331199645996094e+00
1.062331199645996094e+00
1.062331199645996094e+00
1.062331199645996094e+00
7.113690376281738281e-01
5.635865330696105957e-01
1.711448907852172852e+00
1.711448907852172852e+00
1.711448907852172852e+00
1.711448907852172852e+00
8.919692039489746094e-01
8.919692039489746094e-01
1.610475659370422363e+00
7.117785811424255371e-01
7.117785811424255371e-01
7.117785811424255371e-01
7.117785811424255371e-01
7.754898071289062500e-01
7.754898071289062500e-01
7.754898071289062500e-01
7.754898071289062500e-01
7.754898071289062500e-01
7.754898071289062500e-01
7.754898071289062500e-01
7.754898071289062500e-01
7.754898071289062500e-01
7.754898071289062500e-01
7.754898071289062500e-01
7.754898071289062500e-01
7.754898071289062500e-01
7.754898071289062500e-01
7.754898071289062500e-01
7.754898071289062500e-01
7.754898071289062500e-01
7.754898071289062500e-01
6.190988421440124512e-01
6.190988421440124512e-01
6.190988421440124512e-01
6.190988421440124512e-01
7.366392612457275391e-01
7.366392612457275391e-01
7.366392612457275391e-01
7.366392612457275391e-01
2.148880720138549805e+00
1.648596644401550293e+00
1.648596644401550293e+00
2.218909263610839844e+00
2.218909263610839844e+00
2.218909263610839844e+00
2.218909263610839844e+00
2.218909263610839844e+00
2.218909263610839844e+00
2.218909263610839844e+00
2.218909263610839844e+00
2.218909263610839844e+00
2.607863903045654297e+00
1.137105703353881836e+00
1.137105703353881836e+00
1.137105703353881836e+00
1.137105703353881836e+00
1.137105703353881836e+00
1.137105703353881836e+00
1.485585689544677734e+00
1.058495044708251953e+00
1.058495044708251953e+00
1.058495044708251953e+00
1.058495044708251953e+00
1.058495044708251953e+00
1.058495044708251953e+00
1.058495044708251953e+00
1.058495044708251953e+00
1.058495044708251953e+00
1.228775024414062500e+00
1.228775024414062500e+00
1.135607481002807617e+00
1.135607481002807617e+00
1.135607481002807617e+00
1.135607481002807617e+00
2.203104019165039062e+00
2.203104019165039062e+00
2.203104019165039062e+00
2.203104019165039062e+00
2.203104019165039062e+00
2.203104019165039062e+00
2.203104019165039062e+00
2.203104019165039062e+00
2.203104019165039062e+00
2.203104019165039062e+00
1.741389393806457520e+00
1.741389393806457520e+00
1.741389393806457520e+00
1.741389393806457520e+00
1.741389393806457520e+00
2.616249084472656250e+00
2.616249084472656250e+00
2.256805419921875000e+00
2.256805419921875000e+00
2.256805419921875000e+00
2.256805419921875000e+00
2.256805419921875000e+00
2.256805419921875000e+00
2.661668062210083008e+00
2.661668062210083008e+00
2.661668062210083008e+00
1.782507896423339844e+00
7.152868509292602539e-01
7.152868509292602539e-01
7.152868509292602539e-01
7.152868509292602539e-01
7.152868509292602539e-01
9.052169919013977051e-01
9.052169919013977051e-01
9.052169919013977051e-01
9.052169919013977051e-01
9.052169919013977051e-01
9.052169919013977051e-01
9.052169919013977051e-01
9.052169919013977051e-01
9.052169919013977051e-01
9.052169919013977051e-01
9.052169919013977051e-01
9.052169919013977051e-01
2.332748413085937500e+00
2.332748413085937500e+00
2.034558534622192383e+00
2.665903091430664062e+00
3.480813264846801758e+00
3.480813264846801758e+00
2.756066799163818359e+00
2.756066799163818359e+00
2.756066799163818359e+00
2.756066799163818359e+00
2.756066799163818359e+00
2.756066799163818359e+00
7.336344718933105469e-01
7.336344718933105469e-01
7.336344718933105469e-01
7.336344718933105469e-01
7.336344718933105469e-01
7.336344718933105469e-01
7.336344718933105469e-01
7.336344718933105469e-01
5.362811684608459473e-01
5.362811684608459473e-01
5.362811684608459473e-01
5.362811684608459473e-01
5.362811684608459473e-01
5.362811684608459473e-01
5.362811684608459473e-01
5.362811684608459473e-01
5.362811684608459473e-01
5.362811684608459473e-01
5.362811684608459473e-01
2.475513935089111328e+00
2.475513935089111328e+00
2.475513935089111328e+00
2.475513935089111328e+00
2.539301156997680664e+00
2.539301156997680664e+00
2.520841121673583984e+00
2.520841121673583984e+00
2.520841121673583984e+00
2.520841121673583984e+00
2.520841121673583984e+00
2.520841121673583984e+00
2.520841121673583984e+00
2.520841121673583984e+00
2.071372747421264648e+00
2.071372747421264648e+00
2.071372747421264648e+00
2.424550771713256836e+00
2.424550771713256836e+00
2.424550771713256836e+00
1.769163489341735840e+00
1.769163489341735840e+00
1.769163489341735840e+00
1.769163489341735840e+00
1.769163489341735840e+00
1.769163489341735840e+00
7.210348844528198242e-01
7.304126620292663574e-01
7.304126620292663574e-01
7.304126620292663574e-01
7.304126620292663574e-01
7.304126620292663574e-01
7.304126620292663574e-01
7.304126620292663574e-01
7.304126620292663574e-01
7.304126620292663574e-01
7.304126620292663574e-01
9.172781705856323242e-01
9.082290530204772949e-01
9.082290530204772949e-01
9.082290530204772949e-01
9.082290530204772949e-01
9.082290530204772949e-01
9.082290530204772949e-01
9.082290530204772949e-01
9.082290530204772949e-01
9.082290530204772949e-01
9.082290530204772949e-01
9.082290530204772949e-01
2.314305305480957031e+00
2.314305305480957031e+00
2.314305305480957031e+00
2.314305305480957031e+00
2.314305305480957031e+00
2.314305305480957031e+00
2.314305305480957031e+00
1.470799922943115234e+00
1.470799922943115234e+00
1.588943600654602051e+00
1.876366138458251953e+00
1.876366138458251953e+00
1.756065487861633301e+00
1.756065487861633301e+00
1.756065487861633301e+00
1.756065487861633301e+00
1.455225586891174316e+00
1.455225586891174316e+00
1.455225586891174316e+00
1.455225586891174316e+00
1.455225586891174316e+00
1.455225586891174316e+00
1.455225586891174316e+00
1.455225586891174316e+00
1.111493945121765137e+00
1.111493945121765137e+00
1.111493945121765137e+00
1.111493945121765137e+00
1.111493945121765137e+00
2.153819322586059570e+00
2.153819322586059570e+00
2.153819322586059570e+00
2.153819322586059570e+00
2.153819322586059570e+00
2.153819322586059570e+00
2.153819322586059570e+00
1.270896911621093750e+00
1.270896911621093750e+00
1.270896911621093750e+00
1.270896911621093750e+00
1.270896911621093750e+00
1.337800502777099609e+00
8.698638677597045898e-01
8.698638677597045898e-01
9.424788951873779297e-01
9.424788951873779297e-01
5.793640017509460449e-01
5.793640017509460449e-01
5.793640017509460449e-01
5.793640017509460449e-01
5.793640017509460449e-01
5.793640017509460449e-01
5.793640017509460449e-01
1.639605998992919922e+00
9.663549065589904785e-01
9.663549065589904785e-01
9.663549065589904785e-01
9.663549065589904785e-01
9.663549065589904785e-01
9.663549065589904785e-01
9.663549065589904785e-01
9.663549065589904785e-01
9.663549065589904785e-01
9.663549065589904785e-01
9.663549065589904785e-01
9.663549065589904785e-01
7.222289443016052246e-01
7.222289443016052246e-01
1.108418107032775879e+00
1.108418107032775879e+00
1.108418107032775879e+00
1.108418107032775879e+00
2.087665081024169922e+00
2.087665081024169922e+00
2.087665081024169922e+00
6.295484304428100586e-01
4.100283384323120117e-01
4.100283384323120117e-01
4.100283384323120117e-01
4.100283384323120117e-01
4.100283384323120117e-01
4.100283384323120117e-01
4.100283384323120117e-01
1.118567466735839844e+00
1.461753368377685547e+00
1.377336263656616211e+00
1.377336263656616211e+00
1.377336263656616211e+00
1.377336263656616211e+00
1.377336263656616211e+00
9.108974933624267578e-01
6.873843669891357422e-01
6.873843669891357422e-01
6.873843669891357422e-01
6.873843669891357422e-01
6.873843669891357422e-01
6.873843669891357422e-01
6.873843669891357422e-01
9.953410625457763672e-01
9.953410625457763672e-01
9.953410625457763672e-01
9.953410625457763672e-01
2.420524597167968750e+00
2.420524597167968750e+00
3.491932630538940430e+00
2.726757049560546875e+00
1.263313055038452148e+00
1.263313055038452148e+00
1.189984560012817383e+00
1.189984560012817383e+00
1.189984560012817383e+00
1.189984560012817383e+00
1.189984560012817383e+00
1.189984560012817383e+00
1.189984560012817383e+00
1.189984560012817383e+00
2.683405876159667969e+00
2.683405876159667969e+00
1.488606810569763184e+00
4.909089803695678711e-01
4.909089803695678711e-01
4.909089803695678711e-01
4.909089803695678711e-01
1.293276548385620117e+00
1.293276548385620117e+00
1.293276548385620117e+00
1.293276548385620117e+00
1.293276548385620117e+00
1.293276548385620117e+00
1.293276548385620117e+00
1.293276548385620117e+00
1.293276548385620117e+00
1.293276548385620117e+00
1.293276548385620117e+00
1.293276548385620117e+00
1.293276548385620117e+00
1.293276548385620117e+00
1.293276548385620117e+00
1.293276548385620117e+00
1.293276548385620117e+00
8.368759155273437500e-01
8.368759155273437500e-01
8.368759155273437500e-01
2.242479801177978516e+00
2.626460313796997070e+00
2.626460313796997070e+00
2.626460313796997070e+00
2.626460313796997070e+00
2.626460313796997070e+00
2.758488893508911133e+00
2.758488893508911133e+00
2.758488893508911133e+00
2.089113950729370117e+00
2.089113950729370117e+00
1.328731298446655273e+00
1.482039570808410645e+00
1.482039570808410645e+00
1.482039570808410645e+00
1.482039570808410645e+00
2.404686927795410156e+00
2.404686927795410156e+00
2.404686927795410156e+00
2.274117708206176758e+00
2.274117708206176758e+00
2.274117708206176758e+00
2.274117708206176758e+00
2.274117708206176758e+00
5.887867212295532227e-01
2.450046062469482422e+00
2.450046062469482422e+00
2.450046062469482422e+00
2.450046062469482422e+00
2.450046062469482422e+00
2.450046062469482422e+00
2.580375909805297852e+00
2.580375909805297852e+00
2.580375909805297852e+00
2.580375909805297852e+00
2.580375909805297852e+00
2.245505332946777344e+00
2.245505332946777344e+00
2.245505332946777344e+00
2.245505332946777344e+00
2.245505332946777344e+00
2.245505332946777344e+00
2.245505332946777344e+00
2.245505332946777344e+00
2.245505332946777344e+00
2.245505332946777344e+00
2.245505332946777344e+00
2.245505332946777344e+00
2.245505332946777344e+00
2.072192668914794922e+00
2.072192668914794922e+00
2.072192668914794922e+00
2.072192668914794922e+00
7.783632278442382812e-01
7.783632278442382812e-01
7.783632278442382812e-01
7.783632278442382812e-01
7.783632278442382812e-01
7.783632278442382812e-01
7.783632278442382812e-01
7.783632278442382812e-01
7.783632278442382812e-01
7.783632278442382812e-01
7.783632278442382812e-01
7.783632278442382812e-01
7.783632278442382812e-01
7.783632278442382812e-01
7.783632278442382812e-01
7.783632278442382812e-01
7.783632278442382812e-01
7.783632278442382812e-01
7.783632278442382812e-01
7.783632278442382812e-01
7.783632278442382812e-01
7.783632278442382812e-01
7.783632278442382812e-01
7.783632278442382812e-01
7.783632278442382812e-01
7.783632278442382812e-01
7.783632278442382812e-01
1.562137126922607422e+00
1.562137126922607422e+00
1.052267313003540039e+00
1.052267313003540039e+00
1.052267313003540039e+00
1.052267313003540039e+00
1.052267313003540039e+00
1.052267313003540039e+00
1.052267313003540039e+00
1.052267313003540039e+00
1.052267313003540039e+00
1.029351830482482910e+00
1.029351830482482910e+00
1.029351830482482910e+00
1.029351830482482910e+00
5.980105996131896973e-01
1.491702079772949219e+00
1.491702079772949219e+00
1.491702079772949219e+00
1.491702079772949219e+00
1.491702079772949219e+00
1.491702079772949219e+00
1.491702079772949219e+00
6.950601339340209961e-01
6.950601339340209961e-01
6.950601339340209961e-01
6.950601339340209961e-01
6.950601339340209961e-01
6.950601339340209961e-01
1.583374738693237305e+00
7.567621469497680664e-01
7.567621469497680664e-01
7.567621469497680664e-01
7.567621469497680664e-01
7.567621469497680664e-01
6.620507836341857910e-01
6.620507836341857910e-01
6.620507836341857910e-01
6.620507836341857910e-01
6.620507836341857910e-01
6.620507836341857910e-01
6.620507836341857910e-01
6.620507836341857910e-01
6.620507836341857910e-01
6.620507836341857910e-01
6.620507836341857910e-01
6.620507836341857910e-01
6.620507836341857910e-01
6.620507836341857910e-01
6.620507836341857910e-01
6.620507836341857910e-01
6.620507836341857910e-01
6.620507836341857910e-01
1.666208267211914062e+00
1.666208267211914062e+00
1.666208267211914062e+00
8.686496019363403320e-01
7.069219350814819336e-01
7.069219350814819336e-01
1.776771903038024902e+00
1.776771903038024902e+00
1.714910030364990234e+00
1.714910030364990234e+00
1.301371812820434570e+00
1.301371812820434570e+00
1.633285522460937500e+00
1.633285522460937500e+00
1.633285522460937500e+00
1.412000894546508789e+00
6.398119926452636719e-01
6.398119926452636719e-01
6.398119926452636719e-01
6.398119926452636719e-01
6.398119926452636719e-01
6.398119926452636719e-01
6.398119926452636719e-01
6.398119926452636719e-01
6.398119926452636719e-01
1.090822815895080566e+00
1.090822815895080566e+00
1.090822815895080566e+00
1.090822815895080566e+00
1.090822815895080566e+00
1.090822815895080566e+00
1.090822815895080566e+00
1.090822815895080566e+00
1.090822815895080566e+00
1.090822815895080566e+00
1.090822815895080566e+00
1.090822815895080566e+00
1.090822815895080566e+00
9.583073854446411133e-01
9.583073854446411133e-01
9.583073854446411133e-01
1.193616628646850586e+00
1.193616628646850586e+00
5.249737501144409180e-01
5.249737501144409180e-01
5.249737501144409180e-01
5.249737501144409180e-01
1.483746647834777832e+00
2.837302923202514648e+00
1.876999258995056152e+00
1.876999258995056152e+00
1.876999258995056152e+00
1.876999258995056152e+00
1.876999258995056152e+00
1.876999258995056152e+00
1.815096378326416016e+00
1.815096378326416016e+00
1.815096378326416016e+00
1.815096378326416016e+00
1.815096378326416016e+00
1.815096378326416016e+00
1.815096378326416016e+00
1.815096378326416016e+00
4.266377687454223633e-01
3.492269515991210938e+00
3.492269515991210938e+00
3.492269515991210938e+00
3.492269515991210938e+00
2.006055355072021484e+00
2.006055355072021484e+00
2.006055355072021484e+00
2.006055355072021484e+00
2.006055355072021484e+00
2.006055355072021484e+00
2.006055355072021484e+00
2.006055355072021484e+00
2.006055355072021484e+00
1.776861906051635742e+00
2.454643726348876953e+00
1.561164736747741699e+00
1.561164736747741699e+00
1.561164736747741699e+00
1.561164736747741699e+00
1.561164736747741699e+00
1.561164736747741699e+00
1.561164736747741699e+00
1.561164736747741699e+00
1.561164736747741699e+00
1.561164736747741699e+00
1.561164736747741699e+00
7.908135056495666504e-01
7.908135056495666504e-01
7.908135056495666504e-01
7.908135056495666504e-01
7.908135056495666504e-01
7.908135056495666504e-01
7.908135056495666504e-01
7.908135056495666504e-01
7.908135056495666504e-01
7.908135056495666504e-01
7.908135056495666504e-01
9.515094161033630371e-01
9.515094161033630371e-01
6.623982191085815430e-01
6.623982191085815430e-01
6.623982191085815430e-01
6.623982191085815430e-01
6.623982191085815430e-01
1.305835604667663574e+00
1.305835604667663574e+00
1.305835604667663574e+00
1.164452552795410156e+00
1.164452552795410156e+00
1.164452552795410156e+00
1.164452552795410156e+00
1.164452552795410156e+00
1.164452552795410156e+00
1.164452552795410156e+00
1.164452552795410156e+00
1.164452552795410156e+00
1.164452552795410156e+00
1.164452552795410156e+00
1.164452552795410156e+00
1.164452552795410156e+00
1.164452552795410156e+00
1.164452552795410156e+00
5.583013296127319336e-01
5.583013296127319336e-01
5.583013296127319336e-01
5.583013296127319336e-01
5.583013296127319336e-01
5.583013296127319336e-01
5.583013296127319336e-01
5.583013296127319336e-01
5.583013296127319336e-01
5.583013296127319336e-01
5.583013296127319336e-01
6.153247356414794922e-01
6.153247356414794922e-01
6.153247356414794922e-01
1.861908078193664551e+00
1.861908078193664551e+00
1.861908078193664551e+00
1.568530917167663574e+00
1.568530917167663574e+00
1.568530917167663574e+00
1.556034564971923828e+00
1.556034564971923828e+00
2.278335094451904297e+00
2.278335094451904297e+00
1.259096145629882812e+00
1.259096145629882812e+00
1.259096145629882812e+00
7.424938082695007324e-01
7.424938082695007324e-01
7.424938082695007324e-01
7.424938082695007324e-01
1.819826602935791016e+00
1.523182868957519531e+00
2.267678737640380859e+00
2.267678737640380859e+00
2.267678737640380859e+00
1.991441726684570312e+00
1.991441726684570312e+00
4.426065683364868164e-01
4.426065683364868164e-01
4.426065683364868164e-01
4.426065683364868164e-01
4.426065683364868164e-01
4.426065683364868164e-01
1.580918908119201660e+00
2.119060993194580078e+00
2.119060993194580078e+00
2.119060993194580078e+00
2.119060993194580078e+00
2.119060993194580078e+00
2.119060993194580078e+00
2.119060993194580078e+00
1.046065211296081543e+00
1.046065211296081543e+00
1.046065211296081543e+00
1.046065211296081543e+00
1.046065211296081543e+00
1.046065211296081543e+00
1.046065211296081543e+00
1.046065211296081543e+00
1.046065211296081543e+00
1.046065211296081543e+00
1.046065211296081543e+00
1.046065211296081543e+00
1.046065211296081543e+00
1.046065211296081543e+00
1.046065211296081543e+00
1.046065211296081543e+00
1.046065211296081543e+00
1.046065211296081543e+00
8.795360922813415527e-01
8.795360922813415527e-01
8.795360922813415527e-01
8.795360922813415527e-01
8.795360922813415527e-01
8.795360922813415527e-01
8.795360922813415527e-01
8.795360922813415527e-01
8.795360922813415527e-01
8.795360922813415527e-01
8.795360922813415527e-01
1.511806964874267578e+00
2.615107297897338867e+00
2.361566305160522461e+00
9.267652034759521484e-01
9.267652034759521484e-01
9.267652034759521484e-01
9.267652034759521484e-01
9.267652034759521484e-01
9.267652034759521484e-01
9.267652034759521484e-01
9.267652034759521484e-01
9.267652034759521484e-01
9.267652034759521484e-01
9.267652034759521484e-01
9.267652034759521484e-01
9.267652034759521484e-01
9.267652034759521484e-01
9.267652034759521484e-01
9.267652034759521484e-01
9.267652034759521484e-01
9.267652034759521484e-01
9.267652034759521484e-01
9.267652034759521484e-01
9.267652034759521484e-01
5.560718178749084473e-01
5.560718178749084473e-01
1.967659950256347656e+00
2.634576797485351562e+00
2.634576797485351562e+00
2.634576797485351562e+00
3.191762447357177734e+00
3.191762447357177734e+00
3.191762447357177734e+00
3.191762447357177734e+00
9.340455532073974609e-01
9.340455532073974609e-01
9.340455532073974609e-01
9.340455532073974609e-01
5.252540111541748047e-01
5.252540111541748047e-01
5.252540111541748047e-01
2.117750167846679688e+00
2.345289230346679688e+00
2.460941314697265625e+00
2.460941314697265625e+00
9.145138263702392578e-01
1.282551050186157227e+00
1.282551050186157227e+00
1.282551050186157227e+00
7.606084346771240234e-01
7.606084346771240234e-01
7.835593819618225098e-01
1.454841613769531250e+00
1.454841613769531250e+00
1.454841613769531250e+00
1.454841613769531250e+00
1.528237104415893555e+00
1.528237104415893555e+00
1.465069293975830078e+00
7.626829743385314941e-01
7.626829743385314941e-01
7.626829743385314941e-01
7.626829743385314941e-01
7.626829743385314941e-01
7.626829743385314941e-01
7.626829743385314941e-01
7.626829743385314941e-01
7.626829743385314941e-01
7.626829743385314941e-01
7.626829743385314941e-01
1.338164091110229492e+00
1.338164091110229492e+00
8.909065723419189453e-01
8.909065723419189453e-01
8.153611421585083008e-01
8.153611421585083008e-01
8.153611421585083008e-01
8.153611421585083008e-01
8.153611421585083008e-01
8.153611421585083008e-01
8.153611421585083008e-01
8.153611421585083008e-01
8.153611421585083008e-01
8.153611421585083008e-01
8.153611421585083008e-01
8.153611421585083008e-01
1.417449474334716797e+00
1.417449474334716797e+00
1.417449474334716797e+00
1.417449474334716797e+00
1.241828322410583496e+00
1.241828322410583496e+00
1.241828322410583496e+00
1.241828322410583496e+00
1.241828322410583496e+00
1.241828322410583496e+00
1.241828322410583496e+00
1.241828322410583496e+00
1.241828322410583496e+00
9.220517873764038086e-01
9.220517873764038086e-01
9.220517873764038086e-01
9.220517873764038086e-01
9.220517873764038086e-01
9.220517873764038086e-01
9.220517873764038086e-01
9.220517873764038086e-01
9.220517873764038086e-01
9.220517873764038086e-01
9.220517873764038086e-01
9.220517873764038086e-01
9.220517873764038086e-01
9.220517873764038086e-01
9.220517873764038086e-01
1.364313364028930664e+00
1.364313364028930664e+00
1.364313364028930664e+00
1.364313364028930664e+00
1.364313364028930664e+00
1.364313364028930664e+00
1.364313364028930664e+00
6.115581393241882324e-01
6.115581393241882324e-01
6.115581393241882324e-01
6.115581393241882324e-01
6.115581393241882324e-01
1.249834895133972168e+00
1.249834895133972168e+00
1.249834895133972168e+00
1.541096448898315430e+00
1.541096448898315430e+00
1.541096448898315430e+00
2.010521173477172852e+00
2.010521173477172852e+00
2.010521173477172852e+00
2.010521173477172852e+00
2.010521173477172852e+00
2.010521173477172852e+00
2.010521173477172852e+00
1.532526969909667969e+00
1.532526969909667969e+00
1.532526969909667969e+00
1.532526969909667969e+00
1.532526969909667969e+00
1.532526969909667969e+00
1.532526969909667969e+00
1.532526969909667969e+00
1.532526969909667969e+00
1.407920837402343750e+00
1.407920837402343750e+00
1.407920837402343750e+00
1.407920837402343750e+00
1.407920837402343750e+00
1.407920837402343750e+00
1.407920837402343750e+00
1.407920837402343750e+00
1.407920837402343750e+00
1.407920837402343750e+00
1.407920837402343750e+00
1.407920837402343750e+00
2.173367977142333984e+00
2.173367977142333984e+00
2.173367977142333984e+00
2.173367977142333984e+00
2.454097032546997070e+00
2.454097032546997070e+00
2.454097032546997070e+00
2.454097032546997070e+00
2.454097032546997070e+00
2.454097032546997070e+00
2.454097032546997070e+00
2.454097032546997070e+00
2.726046800613403320e+00
2.841447830200195312e+00
9.496397972106933594e-01
9.496397972106933594e-01
9.496397972106933594e-01
9.496397972106933594e-01
9.496397972106933594e-01
9.496397972106933594e-01
9.496397972106933594e-01
9.496397972106933594e-01
9.496397972106933594e-01
9.496397972106933594e-01
9.496397972106933594e-01
9.496397972106933594e-01
9.496397972106933594e-01
9.496397972106933594e-01
1.219593524932861328e+00
1.219593524932861328e+00
1.219593524932861328e+00
1.219593524932861328e+00
1.219593524932861328e+00
2.387631893157958984e+00
2.387631893157958984e+00
2.387631893157958984e+00
1.610268831253051758e+00
1.610268831253051758e+00
1.610268831253051758e+00
1.610268831253051758e+00
1.610268831253051758e+00
1.610268831253051758e+00
1.610268831253051758e+00
1.610268831253051758e+00
1.588039517402648926e+00
1.588039517402648926e+00
1.588039517402648926e+00
1.588039517402648926e+00
1.588039517402648926e+00
2.011717557907104492e+00
2.011717557907104492e+00
2.011717557907104492e+00
2.011717557907104492e+00
2.011717557907104492e+00
2.011717557907104492e+00
2.011717557907104492e+00
2.011717557907104492e+00
2.209252119064331055e+00
2.209252119064331055e+00
2.209252119064331055e+00
2.209252119064331055e+00
2.209252119064331055e+00
2.209252119064331055e+00
1.641044855117797852e+00
1.641044855117797852e+00
1.641044855117797852e+00
1.641044855117797852e+00
1.277449727058410645e+00
1.441539764404296875e+00
1.441539764404296875e+00
1.441539764404296875e+00
1.441539764404296875e+00
1.441966891288757324e+00
1.007113456726074219e+00
1.007113456726074219e+00
1.007113456726074219e+00
1.007113456726074219e+00
1.007113456726074219e+00
1.007113456726074219e+00
1.007113456726074219e+00
1.007113456726074219e+00
1.803317546844482422e+00
1.803317546844482422e+00
1.803317546844482422e+00
5.213055610656738281e-01
5.213055610656738281e-01
5.213055610656738281e-01
5.213055610656738281e-01
5.213055610656738281e-01
5.213055610656738281e-01
5.213055610656738281e-01
1.195148348808288574e+00
1.195148348808288574e+00
1.195148348808288574e+00
1.195148348808288574e+00
1.195148348808288574e+00
1.195148348808288574e+00
1.195148348808288574e+00
1.195148348808288574e+00
1.195148348808288574e+00
1.195148348808288574e+00
1.195148348808288574e+00
1.195148348808288574e+00
1.195148348808288574e+00
1.541393280029296875e+00
1.149662137031555176e+00
1.149662137031555176e+00
1.163638710975646973e+00
1.163638710975646973e+00
1.163638710975646973e+00
1.163638710975646973e+00
1.163638710975646973e+00
1.163638710975646973e+00
1.163638710975646973e+00
1.163638710975646973e+00
1.316368818283081055e+00
2.531127452850341797e+00
2.531127452850341797e+00
2.531127452850341797e+00
2.531127452850341797e+00
6.733955144882202148e-01
6.733955144882202148e-01
6.733955144882202148e-01
6.733955144882202148e-01
6.733955144882202148e-01
6.462512612342834473e-01
6.462512612342834473e-01
6.462512612342834473e-01
6.462512612342834473e-01
6.462512612342834473e-01
4.530095458030700684e-01
4.530095458030700684e-01
4.530095458030700684e-01
4.530095458030700684e-01
5.809293985366821289e-01
5.809293985366821289e-01
5.809293985366821289e-01
5.809293985366821289e-01
5.809293985366821289e-01
5.809293985366821289e-01
5.809293985366821289e-01
5.809293985366821289e-01
5.809293985366821289e-01
5.809293985366821289e-01
5.809293985366821289e-01
5.809293985366821289e-01
7.927341461181640625e-01
2.091054916381835938e+00
1.315777063369750977e+00
1.315777063369750977e+00
1.315777063369750977e+00
1.315777063369750977e+00
1.315777063369750977e+00
1.315777063369750977e+00
1.834148526191711426e+00
1.834148526191711426e+00
1.693903326988220215e+00
1.693903326988220215e+00
1.693903326988220215e+00
1.693903326988220215e+00
1.693903326988220215e+00
1.693903326988220215e+00
1.693903326988220215e+00
1.693903326988220215e+00
1.693903326988220215e+00
6.084499359130859375e-01
6.084499359130859375e-01
6.084499359130859375e-01
8.165880441665649414e-01
8.165880441665649414e-01
8.165880441665649414e-01
8.165880441665649414e-01
8.165880441665649414e-01
8.165880441665649414e-01
8.165880441665649414e-01
8.165880441665649414e-01
1.594181537628173828e+00
7.019918560981750488e-01
7.019918560981750488e-01
1.584740877151489258e+00
1.584740877151489258e+00
1.584740877151489258e+00
1.613613605499267578e+00
1.613613605499267578e+00
1.594732999801635742e+00
1.594732999801635742e+00
1.594732999801635742e+00
1.594732999801635742e+00
1.594732999801635742e+00
1.594732999801635742e+00
1.732235312461853027e+00
1.732235312461853027e+00
8.034479618072509766e-01
8.034479618072509766e-01
8.678702116012573242e-01
1.632736563682556152e+00
1.554477095603942871e+00
1.554477095603942871e+00
1.486328005790710449e+00
1.486328005790710449e+00
1.486328005790710449e+00
1.486328005790710449e+00
1.486328005790710449e+00
1.486328005790710449e+00
1.486328005790710449e+00
2.189592838287353516e+00
2.189592838287353516e+00
2.189592838287353516e+00
2.189592838287353516e+00
1.274291038513183594e+00
1.274291038513183594e+00
1.274291038513183594e+00
1.274291038513183594e+00
1.274291038513183594e+00
1.274291038513183594e+00
6.972004175186157227e-01
6.972004175186157227e-01
6.972004175186157227e-01
1.075073599815368652e+00
1.075073599815368652e+00
9.173722267150878906e-01
6.920274496078491211e-01
6.920274496078491211e-01
1.681224226951599121e+00
1.972931742668151855e+00
1.972931742668151855e+00
1.972931742668151855e+00
1.919373393058776855e+00
1.919373393058776855e+00
2.813315391540527344e+00
2.813315391540527344e+00
4.319829940795898438e-01
4.319829940795898438e-01
4.319829940795898438e-01
5.043565630912780762e-01
5.043565630912780762e-01
5.043565630912780762e-01
1.976765871047973633e+00
1.567567944526672363e+00
1.567567944526672363e+00
1.567567944526672363e+00
8.293050527572631836e-01
8.293050527572631836e-01
2.047973632812500000e+00
2.047973632812500000e+00
2.047973632812500000e+00
2.912657737731933594e+00
5.845372676849365234e-01
5.845372676849365234e-01
5.845372676849365234e-01
1.302297592163085938e+00
1.302297592163085938e+00
1.302297592163085938e+00
1.302297592163085938e+00
1.302297592163085938e+00
1.302297592163085938e+00
1.302297592163085938e+00
1.302297592163085938e+00
1.302297592163085938e+00
8.209704160690307617e-01
8.209704160690307617e-01
8.209704160690307617e-01
8.209704160690307617e-01
8.209704160690307617e-01
8.209704160690307617e-01
8.209704160690307617e-01
8.209704160690307617e-01
8.209704160690307617e-01
8.209704160690307617e-01
8.209704160690307617e-01
8.209704160690307617e-01
8.209704160690307617e-01
8.209704160690307617e-01
8.209704160690307617e-01
8.209704160690307617e-01
8.209704160690307617e-01
8.209704160690307617e-01
1.630580663681030273e+00
1.630580663681030273e+00
1.630580663681030273e+00
1.630580663681030273e+00
1.630580663681030273e+00
1.630580663681030273e+00
1.630580663681030273e+00
1.630580663681030273e+00
5.364167690277099609e-01
5.364167690277099609e-01
5.364167690277099609e-01
5.364167690277099609e-01
5.364167690277099609e-01
5.364167690277099609e-01
1.854094624519348145e+00
2.612289905548095703e+00
2.162558078765869141e+00
2.411755084991455078e+00
2.411755084991455078e+00
2.411755084991455078e+00
2.411755084991455078e+00
2.411755084991455078e+00
2.411755084991455078e+00
2.411755084991455078e+00
2.411755084991455078e+00
2.411755084991455078e+00
2.411755084991455078e+00
2.411755084991455078e+00
2.411755084991455078e+00
2.211703300476074219e+00
1.262528657913208008e+00
1.262528657913208008e+00
1.262528657913208008e+00
1.262528657913208008e+00
1.262528657913208008e+00
1.262528657913208008e+00
1.823130369186401367e+00
1.823130369186401367e+00
1.823130369186401367e+00
1.860242724418640137e+00
2.689512252807617188e+00
2.689512252807617188e+00
2.689512252807617188e+00
2.703467845916748047e+00
2.673233032226562500e+00
2.673233032226562500e+00
1.085590362548828125e+00
1.085590362548828125e+00
1.085590362548828125e+00
1.085590362548828125e+00
2.795986175537109375e+00
2.795986175537109375e+00
2.795986175537109375e+00
2.067935228347778320e+00
2.067935228347778320e+00
2.067935228347778320e+00
2.067935228347778320e+00
1.161338329315185547e+00
1.161338329315185547e+00
1.161338329315185547e+00
1.161338329315185547e+00
1.869002342224121094e+00
1.869002342224121094e+00
9.992507100105285645e-01
9.992507100105285645e-01
9.992507100105285645e-01
9.992507100105285645e-01
1.718553304672241211e+00
1.305427074432373047e+00
1.305427074432373047e+00
1.305427074432373047e+00
1.305427074432373047e+00
1.305427074432373047e+00
1.305427074432373047e+00
1.305427074432373047e+00
1.350669741630554199e+00
1.350669741630554199e+00
1.350669741630554199e+00
1.350669741630554199e+00
1.350669741630554199e+00
1.350669741630554199e+00
1.350669741630554199e+00
2.804802417755126953e+00
3.464445352554321289e+00
1.198668956756591797e+00
1.198668956756591797e+00
1.198668956756591797e+00
1.872143983840942383e+00
1.872143983840942383e+00
1.872143983840942383e+00
1.605559349060058594e+00
1.605559349060058594e+00
1.605559349060058594e+00
1.342608571052551270e+00
1.342608571052551270e+00
1.342608571052551270e+00
1.342608571052551270e+00
1.342608571052551270e+00
1.342608571052551270e+00
1.342608571052551270e+00
1.342608571052551270e+00
1.342608571052551270e+00
1.342608571052551270e+00
1.342608571052551270e+00
1.342608571052551270e+00
1.342608571052551270e+00
1.342608571052551270e+00
1.342608571052551270e+00
1.342608571052551270e+00
2.395774364471435547e+00
2.395774364471435547e+00
2.395774364471435547e+00
8.783885240554809570e-01
8.783885240554809570e-01
8.783885240554809570e-01
8.783885240554809570e-01
8.783885240554809570e-01
8.783885240554809570e-01
8.783885240554809570e-01
8.783885240554809570e-01
1.209760665893554688e+00
1.209760665893554688e+00
1.209760665893554688e+00
1.209760665893554688e+00
1.001137733459472656e+00
1.001137733459472656e+00
1.001137733459472656e+00
1.001137733459472656e+00
1.001137733459472656e+00
1.001137733459472656e+00
1.001137733459472656e+00
1.001137733459472656e+00
1.001137733459472656e+00
1.001137733459472656e+00
1.001137733459472656e+00
1.001137733459472656e+00
1.001137733459472656e+00
1.001137733459472656e+00
6.029121875762939453e-01
1.459511041641235352e+00
1.459511041641235352e+00
1.459511041641235352e+00
1.459511041641235352e+00
1.459511041641235352e+00
1.459511041641235352e+00
1.459511041641235352e+00
1.459511041641235352e+00
1.459511041641235352e+00
1.459511041641235352e+00
1.459511041641235352e+00
1.459511041641235352e+00
1.459511041641235352e+00
1.459511041641235352e+00
1.459511041641235352e+00
1.459511041641235352e+00
1.459511041641235352e+00
1.151713848114013672e+00
1.151713848114013672e+00
1.151713848114013672e+00
8.846057653427124023e-01
8.846057653427124023e-01
8.846057653427124023e-01
8.846057653427124023e-01
8.846057653427124023e-01
1.021281838417053223e+00
1.021281838417053223e+00
1.021281838417053223e+00
1.021281838417053223e+00
1.021281838417053223e+00
1.021281838417053223e+00
1.836948513984680176e+00
2.514776945114135742e+00
2.232892036437988281e+00
2.232892036437988281e+00
2.232892036437988281e+00
2.232892036437988281e+00
2.232892036437988281e+00
2.232892036437988281e+00
1.090868711471557617e+00
6.876167654991149902e-01
6.876167654991149902e-01
6.876167654991149902e-01
6.876167654991149902e-01
6.876167654991149902e-01
6.876167654991149902e-01
6.876167654991149902e-01
6.876167654991149902e-01
6.876167654991149902e-01
6.876167654991149902e-01
1.998220205307006836e+00
1.998220205307006836e+00
7.473305463790893555e-01
7.473305463790893555e-01
7.473305463790893555e-01
7.473305463790893555e-01
7.473305463790893555e-01
7.473305463790893555e-01
1.122272491455078125e+00
1.517652034759521484e+00
1.517652034759521484e+00
1.517652034759521484e+00
1.517652034759521484e+00
1.098715424537658691e+00
1.098715424537658691e+00
1.098715424537658691e+00
2.602519035339355469e+00
2.602519035339355469e+00
2.602519035339355469e+00
2.602519035339355469e+00
4.374892711639404297e-01
4.374892711639404297e-01
4.374892711639404297e-01
1.161790847778320312e+00
1.158178925514221191e+00
1.158178925514221191e+00
1.158178925514221191e+00
1.158178925514221191e+00
1.158178925514221191e+00
1.158178925514221191e+00
1.158178925514221191e+00
1.158178925514221191e+00
1.352799654006958008e+00
1.352799654006958008e+00
2.178852558135986328e+00
2.178852558135986328e+00
2.178852558135986328e+00
2.647034883499145508e+00
2.647034883499145508e+00
3.040220499038696289e+00
3.152008056640625000e+00
9.189786911010742188e-01
9.189786911010742188e-01
9.189786911010742188e-01
9.189786911010742188e-01
9.189786911010742188e-01
9.189786911010742188e-01
9.189786911010742188e-01
7.271462678909301758e-01
7.271462678909301758e-01
7.271462678909301758e-01
7.271462678909301758e-01
7.271462678909301758e-01
7.271462678909301758e-01
7.271462678909301758e-01
7.271462678909301758e-01
7.271462678909301758e-01
7.271462678909301758e-01
7.271462678909301758e-01
7.271462678909301758e-01
7.271462678909301758e-01
7.271462678909301758e-01
7.271462678909301758e-01
7.271462678909301758e-01
7.271462678909301758e-01
7.271462678909301758e-01
7.271462678909301758e-01
7.271462678909301758e-01
7.271462678909301758e-01
7.271462678909301758e-01
7.271462678909301758e-01
7.271462678909301758e-01
1.324244976043701172e+00
1.246484398841857910e+00
4.621573686599731445e-01
4.621573686599731445e-01
4.621573686599731445e-01
4.621573686599731445e-01
4.621573686599731445e-01
4.621573686599731445e-01
4.621573686599731445e-01
4.621573686599731445e-01
4.621573686599731445e-01
1.630876421928405762e+00
1.630876421928405762e+00
2.722205638885498047e+00
2.722205638885498047e+00
1.783995866775512695e+00
1.783995866775512695e+00
9.929311871528625488e-01
9.929311871528625488e-01
1.382752418518066406e+00
1.382752418518066406e+00
1.382752418518066406e+00
1.382752418518066406e+00
1.382752418518066406e+00
1.003596425056457520e+00
1.003596425056457520e+00
1.003596425056457520e+00
1.003596425056457520e+00
1.003596425056457520e+00
8.443202972412109375e-01
8.443202972412109375e-01
8.443202972412109375e-01
8.443202972412109375e-01
8.443202972412109375e-01
8.443202972412109375e-01
8.443202972412109375e-01
8.443202972412109375e-01
4.676891267299652100e-01
4.676891267299652100e-01
4.676891267299652100e-01
1.093675374984741211e+00
2.213428020477294922e+00
2.213428020477294922e+00
1.117060422897338867e+00
1.117060422897338867e+00
6.872164011001586914e-01
3.103135585784912109e+00
1.447703480720520020e+00
1.447703480720520020e+00
1.447703480720520020e+00
2.645152568817138672e+00
1.867206335067749023e+00
5.841001272201538086e-01
5.841001272201538086e-01
5.841001272201538086e-01
5.841001272201538086e-01
1.598788738250732422e+00
1.598788738250732422e+00
1.598788738250732422e+00
1.598788738250732422e+00
1.598788738250732422e+00
1.598788738250732422e+00
1.770639657974243164e+00
1.353873014450073242e+00
1.353873014450073242e+00
1.353873014450073242e+00
1.116551518440246582e+00
1.129858493804931641e+00
1.129858493804931641e+00
1.774174094200134277e+00
1.813312411308288574e+00
1.813312411308288574e+00
1.813312411308288574e+00
1.381616711616516113e+00
1.381616711616516113e+00
1.381616711616516113e+00
1.381616711616516113e+00
9.808401465415954590e-01
9.808401465415954590e-01
1.491209268569946289e+00
1.491209268569946289e+00
7.545846700668334961e-01
7.545846700668334961e-01
7.545846700668334961e-01
1.543561220169067383e+00
1.543561220169067383e+00
1.543561220169067383e+00
1.543561220169067383e+00
1.368063449859619141e+00
1.159269094467163086e+00
1.159269094467163086e+00
1.159269094467163086e+00
1.658753752708435059e+00
1.658753752708435059e+00
1.658753752708435059e+00
1.658753752708435059e+00
1.658753752708435059e+00
1.658753752708435059e+00
1.658753752708435059e+00
1.658753752708435059e+00
4.093676567077636719e+00
4.093676567077636719e+00
4.093676567077636719e+00
4.093676567077636719e+00
4.093676567077636719e+00
4.093676567077636719e+00
4.093676567077636719e+00
9.191639423370361328e-01
9.191639423370361328e-01
9.191639423370361328e-01
9.191639423370361328e-01
9.191639423370361328e-01
8.528335094451904297e-01
8.528335094451904297e-01
1.471898198127746582e+00
1.471898198127746582e+00
1.471898198127746582e+00
1.471898198127746582e+00
1.471898198127746582e+00
1.471898198127746582e+00
1.471898198127746582e+00
1.471898198127746582e+00
1.002627372741699219e+00
1.002627372741699219e+00
1.002627372741699219e+00
1.002627372741699219e+00
1.002627372741699219e+00
1.002627372741699219e+00
1.002627372741699219e+00
1.002627372741699219e+00
1.002627372741699219e+00
1.002627372741699219e+00
1.694573163986206055e+00
1.694573163986206055e+00
1.694573163986206055e+00
1.694573163986206055e+00
9.639711976051330566e-01
9.639711976051330566e-01
9.639711976051330566e-01
9.639711976051330566e-01
1.506901144981384277e+00
1.506901144981384277e+00
1.506901144981384277e+00
1.506901144981384277e+00
1.506901144981384277e+00
1.506901144981384277e+00
1.506901144981384277e+00
1.506901144981384277e+00
1.506901144981384277e+00
1.506901144981384277e+00
1.506901144981384277e+00
1.506901144981384277e+00
1.357870340347290039e+00
2.456158638000488281e+00
2.456158638000488281e+00
2.456158638000488281e+00
3.251168966293334961e+00
2.389281511306762695e+00
2.389281511306762695e+00
2.389281511306762695e+00
2.389281511306762695e+00
1.941310763359069824e+00
1.860957622528076172e+00
1.430826187133789062e+00
1.430826187133789062e+00
9.761604070663452148e-01
1.751513719558715820e+00
1.751513719558715820e+00
1.751513719558715820e+00
1.751513719558715820e+00
1.751513719558715820e+00
1.751513719558715820e+00
1.751513719558715820e+00
1.751513719558715820e+00
1.751513719558715820e+00
1.829665184020996094e+00
1.829665184020996094e+00
1.829665184020996094e+00
1.829665184020996094e+00
1.829665184020996094e+00
1.788895249366760254e+00
2.532700777053833008e+00
4.095154762268066406e+00
4.625289440155029297e+00
2.352955579757690430e+00
2.352955579757690430e+00
2.352955579757690430e+00
2.352955579757690430e+00
2.352955579757690430e+00
2.352955579757690430e+00
2.352955579757690430e+00
2.352955579757690430e+00
2.352955579757690430e+00
4.316673278808593750e-01
4.316673278808593750e-01
4.316673278808593750e-01
4.316673278808593750e-01
4.316673278808593750e-01
4.316673278808593750e-01
2.981096029281616211e+00
2.981096029281616211e+00
2.981096029281616211e+00
2.981096029281616211e+00
2.981096029281616211e+00
2.981096029281616211e+00
9.672222137451171875e-01
2.190730094909667969e+00
2.190730094909667969e+00
2.190730094909667969e+00
2.190730094909667969e+00
2.190730094909667969e+00
1.497531652450561523e+00
1.497531652450561523e+00
1.497531652450561523e+00
1.349058270454406738e+00
1.349058270454406738e+00
8.539968729019165039e-01
8.539968729019165039e-01
8.539968729019165039e-01
8.539968729019165039e-01
2.160507678985595703e+00
1.199027776718139648e+00
1.199027776718139648e+00
1.199027776718139648e+00
1.199027776718139648e+00
1.199027776718139648e+00
1.199027776718139648e+00
1.199027776718139648e+00
1.930524349212646484e+00
1.930524349212646484e+00
2.994337081909179688e+00
7.897899150848388672e-01
3.018525123596191406e+00
3.011612653732299805e+00
3.011612653732299805e+00
3.011612653732299805e+00
1.990671634674072266e+00
1.990671634674072266e+00
1.434753775596618652e+00
1.434753775596618652e+00
1.434753775596618652e+00
1.434753775596618652e+00
1.434753775596618652e+00
1.434753775596618652e+00
1.522108435630798340e+00
5.859315991401672363e-01
5.859315991401672363e-01
5.859315991401672363e-01
5.859315991401672363e-01
5.859315991401672363e-01
1.479616403579711914e+00
1.479616403579711914e+00
1.479616403579711914e+00
1.479616403579711914e+00
1.479616403579711914e+00
1.479616403579711914e+00
1.479616403579711914e+00
1.530918121337890625e+00
1.530918121337890625e+00
1.530918121337890625e+00
9.448845982551574707e-01
9.448845982551574707e-01
7.743284106254577637e-01
9.108292460441589355e-01
9.108292460441589355e-01
9.108292460441589355e-01
9.108292460441589355e-01
9.108292460441589355e-01
4.649617969989776611e-01
4.649617969989776611e-01
2.711533546447753906e+00
2.241446971893310547e+00
1.519257545471191406e+00
1.519257545471191406e+00
7.208971977233886719e-01
7.208971977233886719e-01
8.094055056571960449e-01
8.094055056571960449e-01
8.094055056571960449e-01
8.094055056571960449e-01
8.094055056571960449e-01
8.094055056571960449e-01
8.094055056571960449e-01
8.094055056571960449e-01
7.281625270843505859e-01
7.281625270843505859e-01
7.281625270843505859e-01
7.281625270843505859e-01
7.281625270843505859e-01
7.281625270843505859e-01
7.281625270843505859e-01
7.281625270843505859e-01
7.281625270843505859e-01
7.281625270843505859e-01
7.281625270843505859e-01
7.339769005775451660e-01
7.339769005775451660e-01
7.339769005775451660e-01
7.390112876892089844e-01
7.390112876892089844e-01
7.390112876892089844e-01
7.390112876892089844e-01
7.390112876892089844e-01
1.860372066497802734e+00
1.860372066497802734e+00
1.860372066497802734e+00
1.860372066497802734e+00
1.860372066497802734e+00
1.860372066497802734e+00
1.860372066497802734e+00
1.860372066497802734e+00
1.653710961341857910e+00
2.329387664794921875e+00
2.329387664794921875e+00
2.248836994171142578e+00
2.810083866119384766e+00
1.309267520904541016e+00
1.309267520904541016e+00
1.309267520904541016e+00
1.309267520904541016e+00
1.309267520904541016e+00
1.309267520904541016e+00
1.128009796142578125e+00
1.128009796142578125e+00
6.819351911544799805e-01
6.819351911544799805e-01
6.819351911544799805e-01
6.819351911544799805e-01
6.819351911544799805e-01
6.819351911544799805e-01
6.819351911544799805e-01
6.771833896636962891e-01
6.771833896636962891e-01
6.771833896636962891e-01
6.771833896636962891e-01
6.771833896636962891e-01
5.807711482048034668e-01
5.807711482048034668e-01
1.614175796508789062e+00
1.614175796508789062e+00
1.113014936447143555e+00
1.113014936447143555e+00
6.447494029998779297e-01
6.447494029998779297e-01
6.447494029998779297e-01
2.130522727966308594e+00
2.130522727966308594e+00
2.130522727966308594e+00
2.130522727966308594e+00
2.130522727966308594e+00
2.130522727966308594e+00
8.828550577163696289e-01
8.828550577163696289e-01
8.828550577163696289e-01
8.828550577163696289e-01
8.828550577163696289e-01
8.828550577163696289e-01
8.828550577163696289e-01
1.526183962821960449e+00
1.526183962821960449e+00
1.526183962821960449e+00
1.526183962821960449e+00
1.435389637947082520e+00
1.029134869575500488e+00
1.029134869575500488e+00
5.556856393814086914e-01
5.556856393814086914e-01
5.556856393814086914e-01
5.556856393814086914e-01
6.684737205505371094e-01
6.684737205505371094e-01
6.684737205505371094e-01
1.596947312355041504e+00
7.081714272499084473e-01
7.081714272499084473e-01
7.081714272499084473e-01
7.081714272499084473e-01
7.081714272499084473e-01
7.081714272499084473e-01
7.081714272499084473e-01
7.081714272499084473e-01
7.081714272499084473e-01
7.081714272499084473e-01
7.081714272499084473e-01
7.081714272499084473e-01
7.081714272499084473e-01
7.081714272499084473e-01
7.081714272499084473e-01
7.081714272499084473e-01
7.081714272499084473e-01
7.081714272499084473e-01
7.081714272499084473e-01
9.633828401565551758e-01
9.633828401565551758e-01
1.502212047576904297e+00
1.502212047576904297e+00
1.502212047576904297e+00
1.502212047576904297e+00
1.502212047576904297e+00
1.502212047576904297e+00
1.502212047576904297e+00
1.502212047576904297e+00
1.502212047576904297e+00
1.502212047576904297e+00
1.502212047576904297e+00
1.502212047576904297e+00
1.502212047576904297e+00
1.502212047576904297e+00
1.502212047576904297e+00
7.231181859970092773e-01
7.231181859970092773e-01
7.231181859970092773e-01
7.231181859970092773e-01
7.231181859970092773e-01
7.231181859970092773e-01
7.231181859970092773e-01
7.231181859970092773e-01
7.231181859970092773e-01
7.231181859970092773e-01
7.231181859970092773e-01
7.231181859970092773e-01
1.147639274597167969e+00
1.147639274597167969e+00
9.886494874954223633e-01
5.312909483909606934e-01
5.312909483909606934e-01
7.765637636184692383e-01
7.765637636184692383e-01
7.765637636184692383e-01
7.765637636184692383e-01
7.765637636184692383e-01
5.223703384399414062e-01
5.223703384399414062e-01
5.223703384399414062e-01
5.223703384399414062e-01
5.223703384399414062e-01
5.223703384399414062e-01
5.223703384399414062e-01
5.223703384399414062e-01
5.223703384399414062e-01
5.223703384399414062e-01
5.223703384399414062e-01
5.223703384399414062e-01
5.223703384399414062e-01
5.223703384399414062e-01
5.223703384399414062e-01
5.223703384399414062e-01
9.534548521041870117e-01
9.534548521041870117e-01
9.534548521041870117e-01
9.534548521041870117e-01
9.534548521041870117e-01
9.534548521041870117e-01
9.534548521041870117e-01
9.534548521041870117e-01
9.534548521041870117e-01
9.534548521041870117e-01
9.534548521041870117e-01
9.534548521041870117e-01
9.534548521041870117e-01
9.534548521041870117e-01
9.534548521041870117e-01
9.534548521041870117e-01
9.534548521041870117e-01
9.534548521041870117e-01
9.534548521041870117e-01
9.534548521041870117e-01
1.100276589393615723e+00
1.100276589393615723e+00
8.532899618148803711e-01
8.532899618148803711e-01
8.532899618148803711e-01
8.532899618148803711e-01
8.532899618148803711e-01
8.532899618148803711e-01
8.532899618148803711e-01
8.532899618148803711e-01
1.757466793060302734e+00
1.341958403587341309e+00
1.518108129501342773e+00
1.518108129501342773e+00
1.518108129501342773e+00
1.518108129501342773e+00
1.518108129501342773e+00
1.518108129501342773e+00
1.518108129501342773e+00
1.518108129501342773e+00
1.518108129501342773e+00
1.518108129501342773e+00
1.518108129501342773e+00
1.518108129501342773e+00
1.518108129501342773e+00
1.788369774818420410e+00
1.788369774818420410e+00
1.788369774818420410e+00
1.788369774818420410e+00
1.940736770629882812e+00
1.944814205169677734e+00
1.944814205169677734e+00
1.578591942787170410e+00
1.791085243225097656e+00
1.791085243225097656e+00
1.791085243225097656e+00
1.791085243225097656e+00
8.495424389839172363e-01
8.495424389839172363e-01
8.495424389839172363e-01
8.495424389839172363e-01
8.495424389839172363e-01
8.495424389839172363e-01
8.495424389839172363e-01
8.495424389839172363e-01
8.495424389839172363e-01
1.017246484756469727e+00
1.017246484756469727e+00
1.017246484756469727e+00
1.017246484756469727e+00
1.017246484756469727e+00
1.017246484756469727e+00
1.017246484756469727e+00
1.017246484756469727e+00
1.017246484756469727e+00
1.017246484756469727e+00
1.017246484756469727e+00
1.017246484756469727e+00
1.017246484756469727e+00
1.017246484756469727e+00
1.017246484756469727e+00
1.017246484756469727e+00
1.017246484756469727e+00
1.017246484756469727e+00
2.427809715270996094e+00
2.935865879058837891e+00
8.715949058532714844e-01
8.715949058532714844e-01
8.715949058532714844e-01
1.616888999938964844e+00
9.715977311134338379e-01
9.715977311134338379e-01
9.715977311134338379e-01
9.715977311134338379e-01
9.715977311134338379e-01
9.715977311134338379e-01
5.745790600776672363e-01
5.745790600776672363e-01
5.745790600776672363e-01
7.450856566429138184e-01
7.450856566429138184e-01
7.450856566429138184e-01
7.450856566429138184e-01
7.450856566429138184e-01
7.450856566429138184e-01
1.175901651382446289e+00
1.175901651382446289e+00
1.175901651382446289e+00
1.175901651382446289e+00
1.175901651382446289e+00
1.175901651382446289e+00
1.921662092208862305e+00
7.023367881774902344e-01
7.023367881774902344e-01
7.023367881774902344e-01
1.373954176902770996e+00
1.373954176902770996e+00
1.373954176902770996e+00
1.373954176902770996e+00
1.373954176902770996e+00
1.373954176902770996e+00
1.373954176902770996e+00
1.373954176902770996e+00
1.373954176902770996e+00
2.145100593566894531e+00
2.145100593566894531e+00
2.145100593566894531e+00
2.145100593566894531e+00
2.145100593566894531e+00
2.145100593566894531e+00
2.145100593566894531e+00
1.205905437469482422e+00
6.771686077117919922e-01
6.771686077117919922e-01
6.771686077117919922e-01
6.771686077117919922e-01
6.771686077117919922e-01
6.771686077117919922e-01
6.771686077117919922e-01
6.771686077117919922e-01
6.771686077117919922e-01
1.990672111511230469e+00
1.990672111511230469e+00
1.990672111511230469e+00
1.545211434364318848e+00
1.545211434364318848e+00
1.390934467315673828e+00
1.390934467315673828e+00
1.390934467315673828e+00
1.390934467315673828e+00
1.390934467315673828e+00
7.719639539718627930e-01
7.719639539718627930e-01
7.719639539718627930e-01
1.591043710708618164e+00
2.078612327575683594e+00
2.078612327575683594e+00
2.078612327575683594e+00
2.019465446472167969e+00
1.653431415557861328e+00
6.768873929977416992e-01
1.061409473419189453e+00
4.521492719650268555e-01
4.521492719650268555e-01
4.521492719650268555e-01
4.521492719650268555e-01
4.521492719650268555e-01
4.521492719650268555e-01
4.521492719650268555e-01
4.521492719650268555e-01
4.521492719650268555e-01
4.521492719650268555e-01
4.521492719650268555e-01
2.051848411560058594e+00
2.051848411560058594e+00
2.015748023986816406e+00
2.015748023986816406e+00
2.015748023986816406e+00
2.015748023986816406e+00
2.015748023986816406e+00
1.996473193168640137e+00
1.996473193168640137e+00
1.927201151847839355e+00
5.633599758148193359e-01
5.633599758148193359e-01
7.307103872299194336e-01
7.307103872299194336e-01
7.307103872299194336e-01
7.307103872299194336e-01
7.307103872299194336e-01
7.307103872299194336e-01
7.307103872299194336e-01
7.307103872299194336e-01
7.307103872299194336e-01
7.280984520912170410e-01
7.280984520912170410e-01
7.280984520912170410e-01
7.280984520912170410e-01
7.280984520912170410e-01
7.280984520912170410e-01
7.280984520912170410e-01
7.280984520912170410e-01
7.280984520912170410e-01
7.280984520912170410e-01
7.280984520912170410e-01
7.280984520912170410e-01
7.280984520912170410e-01
7.280984520912170410e-01
7.184896469116210938e-01
7.184896469116210938e-01
7.184896469116210938e-01
7.184896469116210938e-01
7.184896469116210938e-01
7.184896469116210938e-01
7.184896469116210938e-01
7.184896469116210938e-01
7.184896469116210938e-01
1.236083030700683594e+00
1.236083030700683594e+00
1.236083030700683594e+00
1.236083030700683594e+00
1.236083030700683594e+00
1.236083030700683594e+00
1.236083030700683594e+00
1.236083030700683594e+00
1.236083030700683594e+00
1.007198691368103027e+00
1.007198691368103027e+00
1.007198691368103027e+00
2.707314968109130859e+00
1.468387722969055176e+00
1.291990995407104492e+00
1.291990995407104492e+00
1.291990995407104492e+00
1.291990995407104492e+00
1.291990995407104492e+00
1.291990995407104492e+00
1.565216302871704102e+00
1.565216302871704102e+00
1.565216302871704102e+00
1.565216302871704102e+00
1.565216302871704102e+00
1.565216302871704102e+00
1.565216302871704102e+00
1.565216302871704102e+00
1.565216302871704102e+00
1.565216302871704102e+00
1.565216302871704102e+00
1.565216302871704102e+00
1.565216302871704102e+00
1.565216302871704102e+00
1.565216302871704102e+00
1.565216302871704102e+00
1.565216302871704102e+00
3.247932910919189453e+00
3.247932910919189453e+00
3.247932910919189453e+00
3.247932910919189453e+00
3.247932910919189453e+00
3.247932910919189453e+00
3.247932910919189453e+00
3.247932910919189453e+00
3.247932910919189453e+00
1.642538547515869141e+00
1.642538547515869141e+00
1.642538547515869141e+00
1.642538547515869141e+00
1.642538547515869141e+00
1.642538547515869141e+00
2.495252609252929688e+00
2.495252609252929688e+00
2.495252609252929688e+00
2.495252609252929688e+00
2.495252609252929688e+00
2.495252609252929688e+00
2.495252609252929688e+00
1.918660402297973633e+00
1.918660402297973633e+00
1.918660402297973633e+00
1.918660402297973633e+00
1.918660402297973633e+00
1.918660402297973633e+00
1.918660402297973633e+00
1.918660402297973633e+00
8.629890680313110352e-01
8.629890680313110352e-01
8.629890680313110352e-01
8.629890680313110352e-01
8.629890680313110352e-01
8.629890680313110352e-01
8.629890680313110352e-01
8.629890680313110352e-01
8.629890680313110352e-01
8.629890680313110352e-01
8.629890680313110352e-01
8.629890680313110352e-01
8.629890680313110352e-01
8.629890680313110352e-01
8.629890680313110352e-01
8.629890680313110352e-01
8.629890680313110352e-01
8.629890680313110352e-01
1.128569364547729492e+00
1.128569364547729492e+00
1.128569364547729492e+00
1.128569364547729492e+00
1.128569364547729492e+00
1.128569364547729492e+00
1.128569364547729492e+00
1.128569364547729492e+00
1.128569364547729492e+00
6.347129344940185547e-01
6.347129344940185547e-01
6.347129344940185547e-01
6.347129344940185547e-01
1.035276412963867188e+00
6.807806491851806641e-01
6.807806491851806641e-01
6.807806491851806641e-01
6.807806491851806641e-01
6.807806491851806641e-01
6.807806491851806641e-01
6.807806491851806641e-01
8.401207923889160156e-01
8.401207923889160156e-01
8.401207923889160156e-01
8.401207923889160156e-01
8.401207923889160156e-01
8.401207923889160156e-01
8.401207923889160156e-01
8.401207923889160156e-01
8.401207923889160156e-01
8.401207923889160156e-01
8.401207923889160156e-01
8.401207923889160156e-01
8.401207923889160156e-01
2.467149734497070312e+00
1.216662526130676270e+00
1.216662526130676270e+00
1.216662526130676270e+00
1.216662526130676270e+00
1.216662526130676270e+00
1.216662526130676270e+00
1.216662526130676270e+00
1.216662526130676270e+00
1.216662526130676270e+00
1.216662526130676270e+00
1.100998878479003906e+00
1.100998878479003906e+00
1.100998878479003906e+00
1.242912530899047852e+00
1.242912530899047852e+00
1.242912530899047852e+00
1.242912530899047852e+00
2.640250921249389648e+00
2.640250921249389648e+00
6.649782657623291016e-01
6.649782657623291016e-01
6.649782657623291016e-01
6.649782657623291016e-01
6.649782657623291016e-01
6.649782657623291016e-01
6.649782657623291016e-01
6.649782657623291016e-01
8.601179122924804688e-01
8.601179122924804688e-01
8.601179122924804688e-01
1.630925416946411133e+00
2.118874788284301758e+00
3.461803197860717773e+00
3.461803197860717773e+00
3.461803197860717773e+00
3.461803197860717773e+00
3.461803197860717773e+00
3.461803197860717773e+00
1.169432878494262695e+00
1.169432878494262695e+00
1.248573303222656250e+00
1.248573303222656250e+00
1.248573303222656250e+00
1.248573303222656250e+00
1.021824479103088379e+00
1.021824479103088379e+00
1.021824479103088379e+00
1.021824479103088379e+00
1.021824479103088379e+00
1.021824479103088379e+00
1.021824479103088379e+00
1.021824479103088379e+00
1.021824479103088379e+00
1.612488031387329102e+00
1.612488031387329102e+00
1.599079489707946777e+00
2.648497581481933594e+00
2.648497581481933594e+00
2.648497581481933594e+00
1.990370154380798340e+00
1.990370154380798340e+00
1.990370154380798340e+00
1.990370154380798340e+00
1.990370154380798340e+00
1.990370154380798340e+00
1.990370154380798340e+00
1.990370154380798340e+00
1.990370154380798340e+00
1.990370154380798340e+00
1.366824865341186523e+00
1.366824865341186523e+00
1.366824865341186523e+00
1.366824865341186523e+00
1.366824865341186523e+00
3.288791656494140625e+00
3.288791656494140625e+00
3.288791656494140625e+00
3.288791656494140625e+00
3.206604719161987305e+00
4.691314697265625000e-01
4.691314697265625000e-01
2.062479972839355469e+00
