9.719818830490112305e-01
8.887842297554016113e-01
8.887842297554016113e-01
9.193122982978820801e-01
9.193122982978820801e-01
9.193122982978820801e-01
9.193122982978820801e-01
9.193122982978820801e-01
9.193122982978820801e-01
9.193122982978820801e-01
9.193122982978820801e-01
7.685595750808715820e-01
7.685595750808715820e-01
7.955933213233947754e-01
7.955933213233947754e-01
7.955933213233947754e-01
1.197845935821533203e+00
1.235384821891784668e+00
1.235384821891784668e+00
1.235384821891784668e+00
1.235384821891784668e+00
1.235384821891784668e+00
1.235384821891784668e+00
1.027485966682434082e+00
1.027485966682434082e+00
3.116409778594970703e+00
2.110842466354370117e+00
9.216425418853759766e-01
8.825111389160156250e-01
8.825111389160156250e-01
8.825111389160156250e-01
1.668972969055175781e+00
1.222292780876159668e+00
4.449697136878967285e-01
4.449697136878967285e-01
4.449697136878967285e-01
5.884425640106201172e-01
5.884425640106201172e-01
5.884425640106201172e-01
5.884425640106201172e-01
5.884425640106201172e-01
5.884425640106201172e-01
5.884425640106201172e-01
5.884425640106201172e-01
5.884425640106201172e-01
5.884425640106201172e-01
8.738671541213989258e-01
8.738671541213989258e-01
1.169986128807067871e+00
1.366751432418823242e+00
1.725532531738281250e+00
2.044710636138916016e+00
2.129932641983032227e+00
2.129932641983032227e+00
2.125611305236816406e+00
6.784904003143310547e-01
6.784904003143310547e-01
6.784904003143310547e-01
5.325474143028259277e-01
5.325474143028259277e-01
5.325474143028259277e-01
6.841399669647216797e-01
6.841399669647216797e-01
6.841399669647216797e-01
6.841399669647216797e-01
6.841399669647216797e-01
1.032719254493713379e+00
7.595094442367553711e-01
7.595094442367553711e-01
7.595094442367553711e-01
7.595094442367553711e-01
7.595094442367553711e-01
7.595094442367553711e-01
7.595094442367553711e-01
7.595094442367553711e-01
7.419905066490173340e-01
7.419905066490173340e-01
7.419905066490173340e-01
7.419905066490173340e-01
7.419905066490173340e-01
7.419905066490173340e-01
7.419905066490173340e-01
7.419905066490173340e-01
7.419905066490173340e-01
7.419905066490173340e-01
7.419905066490173340e-01
7.419905066490173340e-01
7.419905066490173340e-01
7.419905066490173340e-01
5.785201191902160645e-01
5.785201191902160645e-01
5.785201191902160645e-01
5.785201191902160645e-01
5.785201191902160645e-01
5.785201191902160645e-01
5.785201191902160645e-01
5.785201191902160645e-01
5.785201191902160645e-01
5.785201191902160645e-01
5.785201191902160645e-01
6.173436641693115234e-01
7.185396552085876465e-01
7.185396552085876465e-01
7.185396552085876465e-01
7.900741696357727051e-01
1.326082825660705566e+00
1.188511848449707031e+00
1.188511848449707031e+00
7.026094198226928711e-01
7.026094198226928711e-01
7.026094198226928711e-01
7.026094198226928711e-01
7.026094198226928711e-01
4.574083685874938965e-01
4.574083685874938965e-01
4.574083685874938965e-01
4.574083685874938965e-01
4.574083685874938965e-01
4.574083685874938965e-01
4.574083685874938965e-01
4.574083685874938965e-01
4.574083685874938965e-01
4.574083685874938965e-01
4.574083685874938965e-01
4.574083685874938965e-01
4.574083685874938965e-01
5.119029283523559570e-01
5.119029283523559570e-01
5.119029283523559570e-01
5.119029283523559570e-01
5.119029283523559570e-01
5.119029283523559570e-01
5.119029283523559570e-01
5.119029283523559570e-01
5.119029283523559570e-01
5.119029283523559570e-01
5.119029283523559570e-01
5.119029283523559570e-01
8.144837617874145508e-01
4.423853456974029541e-01
4.423853456974029541e-01
4.423853456974029541e-01
8.049867749214172363e-01
8.223479390144348145e-01
1.295088052749633789e+00
1.295088052749633789e+00
1.658232212066650391e+00
1.658232212066650391e+00
1.658232212066650391e+00
9.926293492317199707e-01
9.926293492317199707e-01
9.926293492317199707e-01
9.926293492317199707e-01
8.549255132675170898e-01
8.549255132675170898e-01
8.549255132675170898e-01
9.821032881736755371e-01
9.821032881736755371e-01
9.821032881736755371e-01
9.821032881736755371e-01
9.821032881736755371e-01
6.846001148223876953e-01
5.349431037902832031e-01
5.563131570816040039e-01
5.563131570816040039e-01
5.563131570816040039e-01
6.519705057144165039e-01
6.519705057144165039e-01
5.197156667709350586e-01
5.197156667709350586e-01
6.923146247863769531e-01
6.923146247863769531e-01
6.923146247863769531e-01
6.923146247863769531e-01
8.579878807067871094e-01
8.579878807067871094e-01
8.579878807067871094e-01
8.579878807067871094e-01
8.579878807067871094e-01
8.579878807067871094e-01
8.579878807067871094e-01
8.579878807067871094e-01
8.579878807067871094e-01
8.579878807067871094e-01
8.579878807067871094e-01
5.886055231094360352e-01
5.886055231094360352e-01
5.886055231094360352e-01
5.886055231094360352e-01
5.886055231094360352e-01
5.886055231094360352e-01
5.886055231094360352e-01
5.886055231094360352e-01
4.211825728416442871e-01
6.897522807121276855e-01
6.897522807121276855e-01
6.897522807121276855e-01
8.163876533508300781e-01
8.163876533508300781e-01
8.163876533508300781e-01
1.247062444686889648e+00
1.247062444686889648e+00
1.247062444686889648e+00
1.247062444686889648e+00
8.822028636932373047e-01
8.822028636932373047e-01
1.188707351684570312e+00
1.188707351684570312e+00
1.188707351684570312e+00
1.188707351684570312e+00
1.188707351684570312e+00
1.188707351684570312e+00
1.188707351684570312e+00
1.188707351684570312e+00
1.188707351684570312e+00
1.188707351684570312e+00
1.188707351684570312e+00
1.188707351684570312e+00
1.188707351684570312e+00
1.188707351684570312e+00
1.188707351684570312e+00
1.188707351684570312e+00
1.188707351684570312e+00
1.188707351684570312e+00
1.188707351684570312e+00
1.188707351684570312e+00
1.588973760604858398e+00
1.588973760604858398e+00
1.925211668014526367e+00
1.925211668014526367e+00
7.910335063934326172e-01
7.910335063934326172e-01
7.910335063934326172e-01
7.910335063934326172e-01
7.910335063934326172e-01
7.910335063934326172e-01
7.910335063934326172e-01
7.910335063934326172e-01
7.910335063934326172e-01
7.910335063934326172e-01
7.344470024108886719e-01
7.344470024108886719e-01
7.344470024108886719e-01
7.102317810058593750e-01
7.102317810058593750e-01
7.102317810058593750e-01
1.523934483528137207e+00
1.523934483528137207e+00
1.950619578361511230e+00
1.950619578361511230e+00
1.624266862869262695e+00
2.251113891601562500e+00
1.108212828636169434e+00
1.108212828636169434e+00
1.108212828636169434e+00
1.108212828636169434e+00
4.253693222999572754e-01
1.096152305603027344e+00
1.099189519882202148e+00
1.099189519882202148e+00
1.099189519882202148e+00
1.099189519882202148e+00
1.099189519882202148e+00
1.099189519882202148e+00
1.099189519882202148e+00
1.432768106460571289e+00
1.432768106460571289e+00
3.772917985916137695e-01
3.772917985916137695e-01
8.358736038208007812e-01
8.358736038208007812e-01
8.358736038208007812e-01
8.358736038208007812e-01
8.358736038208007812e-01
8.358736038208007812e-01
9.618711471557617188e-01
1.616492152214050293e+00
1.616492152214050293e+00
1.747232556343078613e+00
1.747232556343078613e+00
1.747232556343078613e+00
8.264960050582885742e-01
8.264960050582885742e-01
8.264960050582885742e-01
8.264960050582885742e-01
8.264960050582885742e-01
8.264960050582885742e-01
8.264960050582885742e-01
8.264960050582885742e-01
4.057114422321319580e-01
4.057114422321319580e-01
4.057114422321319580e-01
4.057114422321319580e-01
1.035058498382568359e+00
6.325603127479553223e-01
6.946538686752319336e-01
1.392070055007934570e+00
1.370309948921203613e+00
1.754489421844482422e+00
1.474243998527526855e+00
1.599130630493164062e+00
1.599130630493164062e+00
1.781690478324890137e+00
5.199568271636962891e-01
5.199568271636962891e-01
1.068889260292053223e+00
1.068889260292053223e+00
1.068889260292053223e+00
1.068889260292053223e+00
1.068889260292053223e+00
1.068889260292053223e+00
1.068889260292053223e+00
1.068889260292053223e+00
1.106724858283996582e+00
1.106724858283996582e+00
1.106724858283996582e+00
1.106724858283996582e+00
1.106724858283996582e+00
1.106724858283996582e+00
1.106724858283996582e+00
1.106724858283996582e+00
1.106724858283996582e+00
1.106724858283996582e+00
1.233788013458251953e+00
1.233788013458251953e+00
9.405508637428283691e-01
9.405508637428283691e-01
9.405508637428283691e-01
9.405508637428283691e-01
9.405508637428283691e-01
7.740099430084228516e-01
7.740099430084228516e-01
1.028513669967651367e+00
1.728777170181274414e+00
8.131172060966491699e-01
8.131172060966491699e-01
8.131172060966491699e-01
8.131172060966491699e-01
8.188191652297973633e-01
8.188191652297973633e-01
8.188191652297973633e-01
8.188191652297973633e-01
1.049684166908264160e+00
1.049684166908264160e+00
1.049684166908264160e+00
1.049684166908264160e+00
1.049684166908264160e+00
1.049684166908264160e+00
1.049684166908264160e+00
1.049684166908264160e+00
1.049684166908264160e+00
5.736366510391235352e-01
5.736366510391235352e-01
5.736366510391235352e-01
5.736366510391235352e-01
5.736366510391235352e-01
5.736366510391235352e-01
1.118322610855102539e+00
1.118322610855102539e+00
1.118322610855102539e+00
1.118322610855102539e+00
1.118322610855102539e+00
1.118322610855102539e+00
1.118322610855102539e+00
1.118322610855102539e+00
1.118322610855102539e+00
1.118322610855102539e+00
1.118322610855102539e+00
1.118322610855102539e+00
4.481595754623413086e-01
4.481595754623413086e-01
4.481595754623413086e-01
4.481595754623413086e-01
4.481595754623413086e-01
1.257490873336791992e+00
1.257490873336791992e+00
1.257490873336791992e+00
4.287550449371337891e-01
4.287550449371337891e-01
4.287550449371337891e-01
4.287550449371337891e-01
4.287550449371337891e-01
7.669861912727355957e-01
7.669861912727355957e-01
1.727400541305541992e+00
1.727400541305541992e+00
2.897750377655029297e+00
9.012801647186279297e-01
9.012801647186279297e-01
9.012801647186279297e-01
9.012801647186279297e-01
9.012801647186279297e-01
9.012801647186279297e-01
9.012801647186279297e-01
9.012801647186279297e-01
9.012801647186279297e-01
4.411354064941406250e-01
4.411354064941406250e-01
4.411354064941406250e-01
4.411354064941406250e-01
4.411354064941406250e-01
4.774876832962036133e-01
4.774876832962036133e-01
7.969219684600830078e-01
7.969219684600830078e-01
7.969219684600830078e-01
7.969219684600830078e-01
7.969219684600830078e-01
1.565297007560729980e+00
1.565297007560729980e+00
1.565297007560729980e+00
1.565297007560729980e+00
1.056644558906555176e+00
1.056644558906555176e+00
1.023241281509399414e+00
1.023241281509399414e+00
1.023241281509399414e+00
1.023241281509399414e+00
1.023241281509399414e+00
1.023241281509399414e+00
1.023241281509399414e+00
1.023241281509399414e+00
1.023241281509399414e+00
6.727505922317504883e-01
6.727505922317504883e-01
6.727505922317504883e-01
8.349046707153320312e-01
8.349046707153320312e-01
8.349046707153320312e-01
8.349046707153320312e-01
8.349046707153320312e-01
8.349046707153320312e-01
9.502092599868774414e-01
9.502092599868774414e-01
9.502092599868774414e-01
9.502092599868774414e-01
9.502092599868774414e-01
9.502092599868774414e-01
9.502092599868774414e-01
9.502092599868774414e-01
9.502092599868774414e-01
7.201039195060729980e-01
7.201039195060729980e-01
7.201039195060729980e-01
7.201039195060729980e-01
7.201039195060729980e-01
7.201039195060729980e-01
7.771946191787719727e-01
4.472318887710571289e-01
4.472318887710571289e-01
4.472318887710571289e-01
4.472318887710571289e-01
4.472318887710571289e-01
4.472318887710571289e-01
4.472318887710571289e-01
4.472318887710571289e-01
5.872251987457275391e-01
5.872251987457275391e-01
5.872251987457275391e-01
6.200661063194274902e-01
5.719824433326721191e-01
5.719824433326721191e-01
5.719824433326721191e-01
5.719824433326721191e-01
5.719824433326721191e-01
5.001827478408813477e-01
5.001827478408813477e-01
5.001827478408813477e-01
5.001827478408813477e-01
5.001827478408813477e-01
5.001827478408813477e-01
5.001827478408813477e-01
5.001827478408813477e-01
5.001827478408813477e-01
5.001827478408813477e-01
5.001827478408813477e-01
5.001827478408813477e-01
5.001827478408813477e-01
5.001827478408813477e-01
5.001827478408813477e-01
5.001827478408813477e-01
5.001827478408813477e-01
8.723208308219909668e-01
8.723208308219909668e-01
8.723208308219909668e-01
8.723208308219909668e-01
8.723208308219909668e-01
8.846766352653503418e-01
8.846766352653503418e-01
4.836221635341644287e-01
4.836221635341644287e-01
4.836221635341644287e-01
4.836221635341644287e-01
4.836221635341644287e-01
6.938624382019042969e-01
6.938624382019042969e-01
6.938624382019042969e-01
6.938624382019042969e-01
6.938624382019042969e-01
6.938624382019042969e-01
6.938624382019042969e-01
6.672871112823486328e-01
7.966319322586059570e-01
7.966319322586059570e-01
7.966319322586059570e-01
7.966319322586059570e-01
7.966319322586059570e-01
4.598585069179534912e-01
4.598585069179534912e-01
4.598585069179534912e-01
4.598585069179534912e-01
4.598585069179534912e-01
4.598585069179534912e-01
3.208935737609863281e+00
3.352347135543823242e+00
3.352347135543823242e+00
3.352347135543823242e+00
3.040942668914794922e+00
3.040942668914794922e+00
2.734547853469848633e+00
2.734547853469848633e+00
2.734547853469848633e+00
2.734547853469848633e+00
2.182235956192016602e+00
2.182235956192016602e+00
2.182235956192016602e+00
2.336626291275024414e+00
2.810504436492919922e+00
2.689854145050048828e+00
2.618492126464843750e+00
2.618492126464843750e+00
2.838868618011474609e+00
2.838868618011474609e+00
2.838868618011474609e+00
7.707219123840332031e-01
7.707219123840332031e-01
7.707219123840332031e-01
1.017737269401550293e+00
1.017737269401550293e+00
1.017737269401550293e+00
1.017737269401550293e+00
1.017737269401550293e+00
1.017737269401550293e+00
1.017737269401550293e+00
1.523441076278686523e+00
1.523441076278686523e+00
6.797335147857666016e-01
6.797335147857666016e-01
6.797335147857666016e-01
6.797335147857666016e-01
6.797335147857666016e-01
1.556949853897094727e+00
1.556949853897094727e+00
1.556949853897094727e+00
1.286731719970703125e+00
1.286731719970703125e+00
1.132648706436157227e+00
1.132648706436157227e+00
6.415607929229736328e-01
9.311749935150146484e-01
9.696686863899230957e-01
9.696686863899230957e-01
9.696686863899230957e-01
1.249645829200744629e+00
1.249645829200744629e+00
1.249645829200744629e+00
1.337538123130798340e+00
1.178830385208129883e+00
5.768491625785827637e-01
5.768491625785827637e-01
5.768491625785827637e-01
5.768491625785827637e-01
5.768491625785827637e-01
5.768491625785827637e-01
5.768491625785827637e-01
5.768491625785827637e-01
5.768491625785827637e-01
5.768491625785827637e-01
6.869386434555053711e-01
6.869386434555053711e-01
6.869386434555053711e-01
6.869386434555053711e-01
6.869386434555053711e-01
6.869386434555053711e-01
6.869386434555053711e-01
6.869386434555053711e-01
6.869386434555053711e-01
6.869386434555053711e-01
6.869386434555053711e-01
6.869386434555053711e-01
7.116661667823791504e-01
7.116661667823791504e-01
2.361193895339965820e+00
1.393887877464294434e+00
9.473692774772644043e-01
9.473692774772644043e-01
4.967009425163269043e-01
4.967009425163269043e-01
4.967009425163269043e-01
4.967009425163269043e-01
4.967009425163269043e-01
4.967009425163269043e-01
4.967009425163269043e-01
4.967009425163269043e-01
4.967009425163269043e-01
4.967009425163269043e-01
4.967009425163269043e-01
4.967009425163269043e-01
1.284645676612854004e+00
2.044002532958984375e+00
1.080549001693725586e+00
1.080549001693725586e+00
1.080549001693725586e+00
1.080549001693725586e+00
7.396608591079711914e-01
7.396608591079711914e-01
4.866988956928253174e-01
4.866988956928253174e-01
4.866988956928253174e-01
4.866988956928253174e-01
4.866988956928253174e-01
5.962201356887817383e-01
5.962201356887817383e-01
5.962201356887817383e-01
5.962201356887817383e-01
5.962201356887817383e-01
5.962201356887817383e-01
5.962201356887817383e-01
5.962201356887817383e-01
5.962201356887817383e-01
5.962201356887817383e-01
5.962201356887817383e-01
5.962201356887817383e-01
5.962201356887817383e-01
5.962201356887817383e-01
5.962201356887817383e-01
5.962201356887817383e-01
5.962201356887817383e-01
5.962201356887817383e-01
5.962201356887817383e-01
5.962201356887817383e-01
5.962201356887817383e-01
5.962201356887817383e-01
5.962201356887817383e-01
5.962201356887817383e-01
5.962201356887817383e-01
5.962201356887817383e-01
5.962201356887817383e-01
5.962201356887817383e-01
5.962201356887817383e-01
5.962201356887817383e-01
5.962201356887817383e-01
5.962201356887817383e-01
5.962201356887817383e-01
7.065686583518981934e-01
7.065686583518981934e-01
7.065686583518981934e-01
1.215728521347045898e+00
1.215728521347045898e+00
1.215728521347045898e+00
1.440748572349548340e+00
1.623873353004455566e+00
1.517902851104736328e+00
1.614892721176147461e+00
1.614892721176147461e+00
1.614892721176147461e+00
1.614892721176147461e+00
1.614892721176147461e+00
1.614892721176147461e+00
1.614892721176147461e+00
9.755785465240478516e-01
9.755785465240478516e-01
9.755785465240478516e-01
9.755785465240478516e-01
3.831120133399963379e-01
3.831120133399963379e-01
3.831120133399963379e-01
3.831120133399963379e-01
3.831120133399963379e-01
3.831120133399963379e-01
6.422552466392517090e-01
6.422552466392517090e-01
6.422552466392517090e-01
6.422552466392517090e-01
6.422552466392517090e-01
6.422552466392517090e-01
6.422552466392517090e-01
4.483969211578369141e-01
8.626923561096191406e-01
8.626923561096191406e-01
8.626923561096191406e-01
4.653786718845367432e-01
4.653786718845367432e-01
4.653786718845367432e-01
3.249312639236450195e-01
3.249312639236450195e-01
7.540439367294311523e-01
7.540439367294311523e-01
7.540439367294311523e-01
7.540439367294311523e-01
7.540439367294311523e-01
2.092709541320800781e+00
2.092709541320800781e+00
1.331810951232910156e+00
1.297286510467529297e+00
1.162627220153808594e+00
1.162627220153808594e+00
1.162627220153808594e+00
1.109504342079162598e+00
1.109504342079162598e+00
9.925232529640197754e-01
6.545025110244750977e-01
6.545025110244750977e-01
6.545025110244750977e-01
6.545025110244750977e-01
1.382130622863769531e+00
1.382130622863769531e+00
4.480239748954772949e-01
8.539619445800781250e-01
8.539619445800781250e-01
8.539619445800781250e-01
8.043738603591918945e-01
8.043738603591918945e-01
8.043738603591918945e-01
8.043738603591918945e-01
8.043738603591918945e-01
8.043738603591918945e-01
7.286529541015625000e-01
4.248341619968414307e-01
4.905611872673034668e-01
4.905611872673034668e-01
1.092561602592468262e+00
1.064665555953979492e+00
1.064665555953979492e+00
1.597432851791381836e+00
1.597432851791381836e+00
2.546689033508300781e+00
2.546689033508300781e+00
2.546689033508300781e+00
2.546689033508300781e+00
2.434908866882324219e+00
2.434908866882324219e+00
2.434908866882324219e+00
1.520246505737304688e+00
1.552166461944580078e+00
6.079798340797424316e-01
6.079798340797424316e-01
6.079798340797424316e-01
6.079798340797424316e-01
6.079798340797424316e-01
6.079798340797424316e-01
6.079798340797424316e-01
6.079798340797424316e-01
6.079798340797424316e-01
6.079798340797424316e-01
6.079798340797424316e-01
6.079798340797424316e-01
6.079798340797424316e-01
6.079798340797424316e-01
6.079798340797424316e-01
6.079798340797424316e-01
6.079798340797424316e-01
6.079798340797424316e-01
6.079798340797424316e-01
6.079798340797424316e-01
6.079798340797424316e-01
6.079798340797424316e-01
6.079798340797424316e-01
6.079798340797424316e-01
6.079798340797424316e-01
6.079798340797424316e-01
6.079798340797424316e-01
6.079798340797424316e-01
6.079798340797424316e-01
6.079798340797424316e-01
6.079798340797424316e-01
6.079798340797424316e-01
6.079798340797424316e-01
8.280700445175170898e-01
8.280700445175170898e-01
8.280700445175170898e-01
8.280700445175170898e-01
8.280700445175170898e-01
5.177030563354492188e-01
5.177030563354492188e-01
5.177030563354492188e-01
9.968891143798828125e-01
9.968891143798828125e-01
9.968891143798828125e-01
5.563642382621765137e-01
7.494963407516479492e-01
7.494963407516479492e-01
7.494963407516479492e-01
7.494963407516479492e-01
7.494963407516479492e-01
7.494963407516479492e-01
7.494963407516479492e-01
7.494963407516479492e-01
6.634147167205810547e-01
6.634147167205810547e-01
6.634147167205810547e-01
6.634147167205810547e-01
6.634147167205810547e-01
6.634147167205810547e-01
1.052632927894592285e+00
1.052632927894592285e+00
1.052632927894592285e+00
5.436314344406127930e-01
5.436314344406127930e-01
5.436314344406127930e-01
5.436314344406127930e-01
5.436314344406127930e-01
5.436314344406127930e-01
4.336672127246856689e-01
4.336672127246856689e-01
4.336672127246856689e-01
4.336672127246856689e-01
4.336672127246856689e-01
4.336672127246856689e-01
4.336672127246856689e-01
4.336672127246856689e-01
4.336672127246856689e-01
4.336672127246856689e-01
4.336672127246856689e-01
4.336672127246856689e-01
4.336672127246856689e-01
1.175807952880859375e+00
1.342014670372009277e+00
1.342014670372009277e+00
1.342014670372009277e+00
5.211471915245056152e-01
5.211471915245056152e-01
5.211471915245056152e-01
7.885534763336181641e-01
7.885534763336181641e-01
7.885534763336181641e-01
7.885534763336181641e-01
7.885534763336181641e-01
7.885534763336181641e-01
1.027930378913879395e+00
1.027930378913879395e+00
1.027930378913879395e+00
1.027930378913879395e+00
1.027930378913879395e+00
6.079820990562438965e-01
6.079820990562438965e-01
6.079820990562438965e-01
6.079820990562438965e-01
4.298837780952453613e-01
6.995412111282348633e-01
6.995412111282348633e-01
6.995412111282348633e-01
6.995412111282348633e-01
1.173951864242553711e+00
1.209800720214843750e+00
2.390393972396850586e+00
2.390393972396850586e+00
2.390393972396850586e+00
2.011481761932373047e+00
1.227112531661987305e+00
9.390956163406372070e-01
5.188857316970825195e-01
3.910428881645202637e-01
6.108155250549316406e-01
6.108155250549316406e-01
8.222417235374450684e-01
8.222417235374450684e-01
5.190438032150268555e-01
7.127024531364440918e-01
7.127024531364440918e-01
7.238090038299560547e-01
7.238090038299560547e-01
7.238090038299560547e-01
7.238090038299560547e-01
7.238090038299560547e-01
7.238090038299560547e-01
7.238090038299560547e-01
7.238090038299560547e-01
7.238090038299560547e-01
7.238090038299560547e-01
7.238090038299560547e-01
7.238090038299560547e-01
7.238090038299560547e-01
7.238090038299560547e-01
7.238090038299560547e-01
7.238090038299560547e-01
7.238090038299560547e-01
7.238090038299560547e-01
6.341658830642700195e-01
6.341658830642700195e-01
6.341658830642700195e-01
6.341658830642700195e-01
1.167096376419067383e+00
1.320544004440307617e+00
5.486003160476684570e-01
5.486003160476684570e-01
5.486003160476684570e-01
5.486003160476684570e-01
1.637221217155456543e+00
1.637221217155456543e+00
1.637221217155456543e+00
1.637221217155456543e+00
8.460367918014526367e-01
8.291081190109252930e-01
1.097946524620056152e+00
1.097946524620056152e+00
3.999848842620849609e+00
3.999848842620849609e+00
3.488012552261352539e+00
1.997862219810485840e+00
1.997862219810485840e+00
1.997862219810485840e+00
1.997862219810485840e+00
2.411015987396240234e+00
2.411015987396240234e+00
2.118373632431030273e+00
2.118373632431030273e+00
2.118373632431030273e+00
1.083110094070434570e+00
1.083110094070434570e+00
1.083110094070434570e+00
1.083110094070434570e+00
1.083110094070434570e+00
1.402351975440979004e+00
3.771430015563964844e+00
2.420686960220336914e+00
2.094148159027099609e+00
2.094148159027099609e+00
7.429673671722412109e-01
7.429673671722412109e-01
1.258554458618164062e+00
1.258554458618164062e+00
2.212611198425292969e+00
2.212611198425292969e+00
9.063124656677246094e-01
9.063124656677246094e-01
9.063124656677246094e-01
7.757858037948608398e-01
5.398266315460205078e-01
4.575661420822143555e-01
4.575661420822143555e-01
4.575661420822143555e-01
5.548131465911865234e-01
5.548131465911865234e-01
5.548131465911865234e-01
5.548131465911865234e-01
5.548131465911865234e-01
5.548131465911865234e-01
5.548131465911865234e-01
5.548131465911865234e-01
5.548131465911865234e-01
5.548131465911865234e-01
5.548131465911865234e-01
5.548131465911865234e-01
1.513477802276611328e+00
1.244504451751708984e+00
1.244504451751708984e+00
1.244504451751708984e+00
1.244504451751708984e+00
1.244504451751708984e+00
3.901972770690917969e-01
3.901972770690917969e-01
1.536424636840820312e+00
3.082114458084106445e-01
3.082114458084106445e-01
9.459127187728881836e-01
9.459127187728881836e-01
9.459127187728881836e-01
9.459127187728881836e-01
4.906462132930755615e-01
7.378888726234436035e-01
1.019356369972229004e+00
1.019356369972229004e+00
9.653150439262390137e-01
4.577037692070007324e-01
4.930988848209381104e-01
5.106250047683715820e-01
5.106250047683715820e-01
5.106250047683715820e-01
5.106250047683715820e-01
5.106250047683715820e-01
5.106250047683715820e-01
5.106250047683715820e-01
3.790910542011260986e-01
3.790910542011260986e-01
3.790910542011260986e-01
3.790910542011260986e-01
4.132186770439147949e-01
4.132186770439147949e-01
4.132186770439147949e-01
4.132186770439147949e-01
4.132186770439147949e-01
5.324297547340393066e-01
7.314492464065551758e-01
1.165668010711669922e+00
1.165668010711669922e+00
5.168683528900146484e-01
1.405790090560913086e+00
1.405790090560913086e+00
1.405790090560913086e+00
1.405790090560913086e+00
2.190368652343750000e+00
1.912433028221130371e+00
1.912433028221130371e+00
1.912433028221130371e+00
1.912433028221130371e+00
3.120905160903930664e-01
3.120905160903930664e-01
3.120905160903930664e-01
1.407634139060974121e+00
1.407634139060974121e+00
1.407634139060974121e+00
1.623719930648803711e+00
8.066320419311523438e-01
8.066320419311523438e-01
4.493793249130249023e-01
4.493793249130249023e-01
4.493793249130249023e-01
4.493793249130249023e-01
4.493793249130249023e-01
4.493793249130249023e-01
4.493793249130249023e-01
4.493793249130249023e-01
4.493793249130249023e-01
4.493793249130249023e-01
4.493793249130249023e-01
6.349762678146362305e-01
6.349762678146362305e-01
6.349762678146362305e-01
6.349762678146362305e-01
5.832165479660034180e-01
5.832165479660034180e-01
5.832165479660034180e-01
5.832165479660034180e-01
1.176270246505737305e+00
1.721299648284912109e+00
1.721299648284912109e+00
1.721299648284912109e+00
1.721299648284912109e+00
6.223225593566894531e-01
7.727763652801513672e-01
7.727763652801513672e-01
7.727763652801513672e-01
7.727763652801513672e-01
5.162682533264160156e-01
5.162682533264160156e-01
1.439412355422973633e+00
1.361510515213012695e+00
1.882899641990661621e+00
1.882899641990661621e+00
2.368932723999023438e+00
1.024830222129821777e+00
8.251392841339111328e-01
8.251392841339111328e-01
8.251392841339111328e-01
8.251392841339111328e-01
8.251392841339111328e-01
8.251392841339111328e-01
1.050062894821166992e+00
7.366165518760681152e-01
7.366165518760681152e-01
1.412335872650146484e+00
1.412335872650146484e+00
1.412335872650146484e+00
1.412335872650146484e+00
1.412335872650146484e+00
8.580005168914794922e-01
8.580005168914794922e-01
8.580005168914794922e-01
8.580005168914794922e-01
5.193044543266296387e-01
5.193044543266296387e-01
5.193044543266296387e-01
5.193044543266296387e-01
5.193044543266296387e-01
5.193044543266296387e-01
5.193044543266296387e-01
5.193044543266296387e-01
5.193044543266296387e-01
5.193044543266296387e-01
1.209712982177734375e+00
1.209712982177734375e+00
1.209712982177734375e+00
1.209712982177734375e+00
1.209712982177734375e+00
1.209712982177734375e+00
1.209712982177734375e+00
1.209712982177734375e+00
1.209712982177734375e+00
1.209712982177734375e+00
1.018239617347717285e+00
1.018239617347717285e+00
6.228203177452087402e-01
6.228203177452087402e-01
6.228203177452087402e-01
6.228203177452087402e-01
6.228203177452087402e-01
6.228203177452087402e-01
6.228203177452087402e-01
3.846575617790222168e-01
3.846575617790222168e-01
3.846575617790222168e-01
3.846575617790222168e-01
4.200948476791381836e-01
4.200948476791381836e-01
7.249909043312072754e-01
7.249909043312072754e-01
7.249909043312072754e-01
7.249909043312072754e-01
7.249909043312072754e-01
7.249909043312072754e-01
7.249909043312072754e-01
4.752862453460693359e-01
4.752862453460693359e-01
4.752862453460693359e-01
6.714962720870971680e-01
6.714962720870971680e-01
6.714962720870971680e-01
6.714962720870971680e-01
6.714962720870971680e-01
6.714962720870971680e-01
6.714962720870971680e-01
6.714962720870971680e-01
8.295964002609252930e-01
1.606163263320922852e+00
5.219697952270507812e-01
5.219697952270507812e-01
5.219697952270507812e-01
5.219697952270507812e-01
5.219697952270507812e-01
5.219697952270507812e-01
5.219697952270507812e-01
5.219697952270507812e-01
5.219697952270507812e-01
5.219697952270507812e-01
5.219697952270507812e-01
5.219697952270507812e-01
6.131958365440368652e-01
6.131958365440368652e-01
6.131958365440368652e-01
6.131958365440368652e-01
6.131958365440368652e-01
6.131958365440368652e-01
6.131958365440368652e-01
6.131958365440368652e-01
6.131958365440368652e-01
6.131958365440368652e-01
6.131958365440368652e-01
5.991229414939880371e-01
5.991229414939880371e-01
5.991229414939880371e-01
5.991229414939880371e-01
5.991229414939880371e-01
5.991229414939880371e-01
5.991229414939880371e-01
5.991229414939880371e-01
5.991229414939880371e-01
5.991229414939880371e-01
5.322892665863037109e-01
5.322892665863037109e-01
5.322892665863037109e-01
5.322892665863037109e-01
5.322892665863037109e-01
5.322892665863037109e-01
5.322892665863037109e-01
5.322892665863037109e-01
5.965284109115600586e-01
5.965284109115600586e-01
5.965284109115600586e-01
5.965284109115600586e-01
5.965284109115600586e-01
5.965284109115600586e-01
5.965284109115600586e-01
5.965284109115600586e-01
5.965284109115600586e-01
5.965284109115600586e-01
5.965284109115600586e-01
5.107514858245849609e-01
5.107514858245849609e-01
5.107514858245849609e-01
5.107514858245849609e-01
5.107514858245849609e-01
5.107514858245849609e-01
5.107514858245849609e-01
5.107514858245849609e-01
5.107514858245849609e-01
5.107514858245849609e-01
5.510931611061096191e-01
5.510931611061096191e-01
5.510931611061096191e-01
5.510931611061096191e-01
5.510931611061096191e-01
5.510931611061096191e-01
5.510931611061096191e-01
5.510931611061096191e-01
5.510931611061096191e-01
5.510931611061096191e-01
5.510931611061096191e-01
5.510931611061096191e-01
5.510931611061096191e-01
5.510931611061096191e-01
5.510931611061096191e-01
5.510931611061096191e-01
5.510931611061096191e-01
6.044712066650390625e-01
6.044712066650390625e-01
6.044712066650390625e-01
6.044712066650390625e-01
4.688456654548645020e-01
4.688456654548645020e-01
6.833952069282531738e-01
6.833952069282531738e-01
6.833952069282531738e-01
6.833952069282531738e-01
6.833952069282531738e-01
6.833952069282531738e-01
6.833952069282531738e-01
3.519358634948730469e-01
3.519358634948730469e-01
3.519358634948730469e-01
3.519358634948730469e-01
3.519358634948730469e-01
3.519358634948730469e-01
3.519358634948730469e-01
7.455687522888183594e-01
9.362275600433349609e-01
8.893291354179382324e-01
8.893291354179382324e-01
8.893291354179382324e-01
8.893291354179382324e-01
6.420100927352905273e-01
6.420100927352905273e-01
5.178360939025878906e-01
5.178360939025878906e-01
5.178360939025878906e-01
5.178360939025878906e-01
5.178360939025878906e-01
4.555510878562927246e-01
4.555510878562927246e-01
4.555510878562927246e-01
4.555510878562927246e-01
4.555510878562927246e-01
1.247319698333740234e+00
1.247319698333740234e+00
1.247319698333740234e+00
4.342952966690063477e-01
4.342952966690063477e-01
4.342952966690063477e-01
4.342952966690063477e-01
4.342952966690063477e-01
4.342952966690063477e-01
4.342952966690063477e-01
8.210672140121459961e-01
8.210672140121459961e-01
1.152689695358276367e+00
1.152689695358276367e+00
1.152689695358276367e+00
1.152689695358276367e+00
1.152689695358276367e+00
1.378209233283996582e+00
1.378209233283996582e+00
1.378209233283996582e+00
1.378209233283996582e+00
5.499780178070068359e-01
5.499780178070068359e-01
5.499780178070068359e-01
5.499780178070068359e-01
5.499780178070068359e-01
5.499780178070068359e-01
5.499780178070068359e-01
5.499780178070068359e-01
5.499780178070068359e-01
5.499780178070068359e-01
5.499780178070068359e-01
2.964220941066741943e-01
1.048772096633911133e+00
1.048772096633911133e+00
1.048772096633911133e+00
1.048772096633911133e+00
1.048772096633911133e+00
1.048772096633911133e+00
1.048772096633911133e+00
1.206622004508972168e+00
1.206622004508972168e+00
1.206622004508972168e+00
1.206622004508972168e+00
8.347469568252563477e-01
8.347469568252563477e-01
4.123121500015258789e-01
4.974834024906158447e-01
4.974834024906158447e-01
4.974834024906158447e-01
4.974834024906158447e-01
4.974834024906158447e-01
4.974834024906158447e-01
6.053486466407775879e-01
6.053486466407775879e-01
6.053486466407775879e-01
1.287763237953186035e+00
1.948486328125000000e+00
1.948486328125000000e+00
2.982519149780273438e+00
2.982519149780273438e+00
7.676808834075927734e-01
7.676808834075927734e-01
7.676808834075927734e-01
7.676808834075927734e-01
7.676808834075927734e-01
7.676808834075927734e-01
7.138568162918090820e-01
7.138568162918090820e-01
5.278176069259643555e-01
5.278176069259643555e-01
5.278176069259643555e-01
5.278176069259643555e-01
5.278176069259643555e-01
5.278176069259643555e-01
5.278176069259643555e-01
5.278176069259643555e-01
5.278176069259643555e-01
5.278176069259643555e-01
5.278176069259643555e-01
5.278176069259643555e-01
5.278176069259643555e-01
5.278176069259643555e-01
5.278176069259643555e-01
5.278176069259643555e-01
5.597587823867797852e-01
5.597587823867797852e-01
5.838297009468078613e-01
7.280416488647460938e-01
7.280416488647460938e-01
7.280416488647460938e-01
3.825571238994598389e-01
3.825571238994598389e-01
3.825571238994598389e-01
3.825571238994598389e-01
1.370262622833251953e+00
1.370262622833251953e+00
1.047978043556213379e+00
1.047978043556213379e+00
1.047978043556213379e+00
1.047978043556213379e+00
1.047978043556213379e+00
1.047978043556213379e+00
9.050685763359069824e-01
9.050685763359069824e-01
9.050685763359069824e-01
4.022817015647888184e-01
4.022817015647888184e-01
9.929806590080261230e-01
9.929806590080261230e-01
7.097196578979492188e-01
7.097196578979492188e-01
7.097196578979492188e-01
7.097196578979492188e-01
7.097196578979492188e-01
7.097196578979492188e-01
7.097196578979492188e-01
7.097196578979492188e-01
7.097196578979492188e-01
7.097196578979492188e-01
7.097196578979492188e-01
7.097196578979492188e-01
7.097196578979492188e-01
7.097196578979492188e-01
7.097196578979492188e-01
7.097196578979492188e-01
7.097196578979492188e-01
7.097196578979492188e-01
7.097196578979492188e-01
7.097196578979492188e-01
7.097196578979492188e-01
7.097196578979492188e-01
7.097196578979492188e-01
7.097196578979492188e-01
7.097196578979492188e-01
7.097196578979492188e-01
7.097196578979492188e-01
7.097196578979492188e-01
7.097196578979492188e-01
7.097196578979492188e-01
7.097196578979492188e-01
6.571022272109985352e-01
6.571022272109985352e-01
6.571022272109985352e-01
6.571022272109985352e-01
6.571022272109985352e-01
6.571022272109985352e-01
6.571022272109985352e-01
6.571022272109985352e-01
3.936305344104766846e-01
3.936305344104766846e-01
3.936305344104766846e-01
3.936305344104766846e-01
3.936305344104766846e-01
3.936305344104766846e-01
3.936305344104766846e-01
3.936305344104766846e-01
3.936305344104766846e-01
9.248331785202026367e-01
1.482698440551757812e+00
1.482698440551757812e+00
1.482698440551757812e+00
1.039610266685485840e+00
9.497615694999694824e-01
1.245778799057006836e+00
1.245778799057006836e+00
1.245778799057006836e+00
1.211411118507385254e+00
1.211411118507385254e+00
9.816676378250122070e-01
9.816676378250122070e-01
1.166064143180847168e+00
2.012267589569091797e+00
2.012267589569091797e+00
1.889331698417663574e+00
1.460337877273559570e+00
1.460337877273559570e+00
1.460337877273559570e+00
1.460337877273559570e+00
1.460337877273559570e+00
8.248578310012817383e-01
4.915226697921752930e-01
6.210361123085021973e-01
6.210361123085021973e-01
6.210361123085021973e-01
6.210361123085021973e-01
6.210361123085021973e-01
6.210361123085021973e-01
6.210361123085021973e-01
6.210361123085021973e-01
6.210361123085021973e-01
6.210361123085021973e-01
6.210361123085021973e-01
6.210361123085021973e-01
6.210361123085021973e-01
6.210361123085021973e-01
6.210361123085021973e-01
6.210361123085021973e-01
5.474163889884948730e-01
5.474163889884948730e-01
5.474163889884948730e-01
5.474163889884948730e-01
5.474163889884948730e-01
5.474163889884948730e-01
5.474163889884948730e-01
5.474163889884948730e-01
5.474163889884948730e-01
5.474163889884948730e-01
5.474163889884948730e-01
5.474163889884948730e-01
7.366356253623962402e-01
7.366356253623962402e-01
7.366356253623962402e-01
7.366356253623962402e-01
7.366356253623962402e-01
7.366356253623962402e-01
7.366356253623962402e-01
7.366356253623962402e-01
7.366356253623962402e-01
7.366356253623962402e-01
5.818506479263305664e-01
5.818506479263305664e-01
5.818506479263305664e-01
5.818506479263305664e-01
9.829686880111694336e-01
9.829686880111694336e-01
9.829686880111694336e-01
9.829686880111694336e-01
9.829686880111694336e-01
9.829686880111694336e-01
9.829686880111694336e-01
9.829686880111694336e-01
9.829686880111694336e-01
1.151304721832275391e+00
1.023975014686584473e+00
1.400520563125610352e+00
9.041433334350585938e-01
9.041433334350585938e-01
9.041433334350585938e-01
9.041433334350585938e-01
9.041433334350585938e-01
9.202832579612731934e-01
9.202832579612731934e-01
9.202832579612731934e-01
9.202832579612731934e-01
9.202832579612731934e-01
9.202832579612731934e-01
9.202832579612731934e-01
4.328291118144989014e-01
4.328291118144989014e-01
4.328291118144989014e-01
4.328291118144989014e-01
4.328291118144989014e-01
4.328291118144989014e-01
7.263851165771484375e-01
7.263851165771484375e-01
7.263851165771484375e-01
7.263851165771484375e-01
7.263851165771484375e-01
7.263851165771484375e-01
1.083850383758544922e+00
3.515772223472595215e-01
7.480833530426025391e-01
7.480833530426025391e-01
3.591215908527374268e-01
3.591215908527374268e-01
3.591215908527374268e-01
6.596448421478271484e-01
6.596448421478271484e-01
6.596448421478271484e-01
6.596448421478271484e-01
6.596448421478271484e-01
6.596448421478271484e-01
6.596448421478271484e-01
6.596448421478271484e-01
6.596448421478271484e-01
6.596448421478271484e-01
6.596448421478271484e-01
6.596448421478271484e-01
6.596448421478271484e-01
6.596448421478271484e-01
6.596448421478271484e-01
6.596448421478271484e-01
6.596448421478271484e-01
6.596448421478271484e-01
6.596448421478271484e-01
6.596448421478271484e-01
6.596448421478271484e-01
6.596448421478271484e-01
6.596448421478271484e-01
6.596448421478271484e-01
6.596448421478271484e-01
4.966574907302856445e-01
4.966574907302856445e-01
4.966574907302856445e-01
4.897150397300720215e-01
4.897150397300720215e-01
8.909931778907775879e-01
8.909931778907775879e-01
8.909931778907775879e-01
4.224867820739746094e-01
4.224867820739746094e-01
4.224867820739746094e-01
4.224867820739746094e-01
4.224867820739746094e-01
4.224867820739746094e-01
4.224867820739746094e-01
4.224867820739746094e-01
4.224867820739746094e-01
4.224867820739746094e-01
4.224867820739746094e-01
4.224867820739746094e-01
4.224867820739746094e-01
4.224867820739746094e-01
4.224867820739746094e-01
4.224867820739746094e-01
4.224867820739746094e-01
4.224867820739746094e-01
4.224867820739746094e-01
4.224867820739746094e-01
7.214545011520385742e-01
7.214545011520385742e-01
7.214545011520385742e-01
7.214545011520385742e-01
7.214545011520385742e-01
7.214545011520385742e-01
7.214545011520385742e-01
7.214545011520385742e-01
7.214545011520385742e-01
7.214545011520385742e-01
7.214545011520385742e-01
7.214545011520385742e-01
5.566911697387695312e-01
5.566911697387695312e-01
5.566911697387695312e-01
5.566911697387695312e-01
1.261478066444396973e+00
1.012652039527893066e+00
1.012652039527893066e+00
1.012652039527893066e+00
1.012652039527893066e+00
1.012652039527893066e+00
9.201358556747436523e-01
5.314155817031860352e-01
5.314155817031860352e-01
5.314155817031860352e-01
5.314155817031860352e-01
5.314155817031860352e-01
5.314155817031860352e-01
6.686896085739135742e-01
6.686896085739135742e-01
6.686896085739135742e-01
1.019951224327087402e+00
1.632895827293395996e+00
1.492039680480957031e+00
6.949279904365539551e-01
6.949279904365539551e-01
6.949279904365539551e-01
6.949279904365539551e-01
6.949279904365539551e-01
6.418517827987670898e-01
6.418517827987670898e-01
6.418517827987670898e-01
6.418517827987670898e-01
6.418517827987670898e-01
6.418517827987670898e-01
6.418517827987670898e-01
6.418517827987670898e-01
6.418517827987670898e-01
6.418517827987670898e-01
6.418517827987670898e-01
6.418517827987670898e-01
6.418517827987670898e-01
4.359109997749328613e-01
4.359109997749328613e-01
1.220126628875732422e+00
1.590636014938354492e+00
1.590636014938354492e+00
1.590636014938354492e+00
1.243615627288818359e+00
1.752615690231323242e+00
1.752615690231323242e+00
1.752615690231323242e+00
4.983285665512084961e-01
6.493244767189025879e-01
1.311105847358703613e+00
1.146140217781066895e+00
1.146140217781066895e+00
5.738043785095214844e-01
5.738043785095214844e-01
7.002150416374206543e-01
7.002150416374206543e-01
7.002150416374206543e-01
7.002150416374206543e-01
7.002150416374206543e-01
7.002150416374206543e-01
7.002150416374206543e-01
4.102469086647033691e-01
4.102469086647033691e-01
4.102469086647033691e-01
4.102469086647033691e-01
4.102469086647033691e-01
4.102469086647033691e-01
6.107318401336669922e-01
6.515070796012878418e-01
6.515070796012878418e-01
6.164138317108154297e-01
6.164138317108154297e-01
6.164138317108154297e-01
6.164138317108154297e-01
6.164138317108154297e-01
6.164138317108154297e-01
6.164138317108154297e-01
6.164138317108154297e-01
6.164138317108154297e-01
6.164138317108154297e-01
6.164138317108154297e-01
6.164138317108154297e-01
1.158691287040710449e+00
1.158691287040710449e+00
1.158691287040710449e+00
1.116721630096435547e+00
1.116721630096435547e+00
1.116721630096435547e+00
1.116721630096435547e+00
1.116721630096435547e+00
8.283587694168090820e-01
8.283587694168090820e-01
8.283587694168090820e-01
8.283587694168090820e-01
8.283587694168090820e-01
4.164160192012786865e-01
4.164160192012786865e-01
1.566451907157897949e+00
1.566451907157897949e+00
2.221550941467285156e+00
2.221550941467285156e+00
2.123983621597290039e+00
2.123983621597290039e+00
2.123983621597290039e+00
2.470201492309570312e+00
4.848492145538330078e-01
8.143835663795471191e-01
8.143835663795471191e-01
6.367299556732177734e-01
6.367299556732177734e-01
6.367299556732177734e-01
6.367299556732177734e-01
6.367299556732177734e-01
6.367299556732177734e-01
6.367299556732177734e-01
6.367299556732177734e-01
6.367299556732177734e-01
6.367299556732177734e-01
6.367299556732177734e-01
6.367299556732177734e-01
6.367299556732177734e-01
6.367299556732177734e-01
6.367299556732177734e-01
6.367299556732177734e-01
6.367299556732177734e-01
6.367299556732177734e-01
6.367299556732177734e-01
6.367299556732177734e-01
6.367299556732177734e-01
6.367299556732177734e-01
6.367299556732177734e-01
6.367299556732177734e-01
6.367299556732177734e-01
6.367299556732177734e-01
6.367299556732177734e-01
6.367299556732177734e-01
6.367299556732177734e-01
7.985419034957885742e-01
7.985419034957885742e-01
7.985419034957885742e-01
7.985419034957885742e-01
7.985419034957885742e-01
7.985419034957885742e-01
7.985419034957885742e-01
7.985419034957885742e-01
7.985419034957885742e-01
7.985419034957885742e-01
7.985419034957885742e-01
7.985419034957885742e-01
7.985419034957885742e-01
7.985419034957885742e-01
7.985419034957885742e-01
7.985419034957885742e-01
7.985419034957885742e-01
7.293162941932678223e-01
7.293162941932678223e-01
7.293162941932678223e-01
7.293162941932678223e-01
7.293162941932678223e-01
7.293162941932678223e-01
7.293162941932678223e-01
8.312842845916748047e-01
8.312842845916748047e-01
4.429238140583038330e-01
4.429238140583038330e-01
4.429238140583038330e-01
4.429238140583038330e-01
4.429238140583038330e-01
2.285605907440185547e+00
2.285605907440185547e+00
2.189420700073242188e+00
2.189420700073242188e+00
2.189420700073242188e+00
9.907919168472290039e-01
9.907919168472290039e-01
9.907919168472290039e-01
7.175499796867370605e-01
8.686332106590270996e-01
9.327449202537536621e-01
9.327449202537536621e-01
9.327449202537536621e-01
1.403916597366333008e+00
1.403916597366333008e+00
1.064479351043701172e+00
1.064479351043701172e+00
8.656328916549682617e-01
4.064300656318664551e-01
4.064300656318664551e-01
4.064300656318664551e-01
4.064300656318664551e-01
1.856958866119384766e+00
1.856958866119384766e+00
1.856958866119384766e+00
3.719176054000854492e-01
1.599016308784484863e+00
1.599016308784484863e+00
1.599016308784484863e+00
2.247926473617553711e+00
2.247926473617553711e+00
2.247926473617553711e+00
1.816058158874511719e+00
1.816058158874511719e+00
2.180948257446289062e+00
2.180948257446289062e+00
7.373344898223876953e-01
7.373344898223876953e-01
1.979781627655029297e+00
1.967432022094726562e+00
2.970979690551757812e+00
2.970979690551757812e+00
1.912366986274719238e+00
8.473745584487915039e-01
2.408342838287353516e+00
2.408342838287353516e+00
2.408342838287353516e+00
2.408342838287353516e+00
1.474557399749755859e+00
1.474557399749755859e+00
1.474557399749755859e+00
1.584298849105834961e+00
3.725204467773437500e+00
1.363675832748413086e+00
1.363675832748413086e+00
1.363675832748413086e+00
3.819795250892639160e-01
3.819795250892639160e-01
3.819795250892639160e-01
3.819795250892639160e-01
3.819795250892639160e-01
4.731406867504119873e-01
4.731406867504119873e-01
4.731406867504119873e-01
4.731406867504119873e-01
4.731406867504119873e-01
4.731406867504119873e-01
5.665509700775146484e-01
5.665509700775146484e-01
5.665509700775146484e-01
5.665509700775146484e-01
5.665509700775146484e-01
5.665509700775146484e-01
5.665509700775146484e-01
5.665509700775146484e-01
5.665509700775146484e-01
5.665509700775146484e-01
5.665509700775146484e-01
5.665509700775146484e-01
5.665509700775146484e-01
5.665509700775146484e-01
5.665509700775146484e-01
5.665509700775146484e-01
5.665509700775146484e-01
5.665509700775146484e-01
5.665509700775146484e-01
5.665509700775146484e-01
5.665509700775146484e-01
1.602444767951965332e+00
1.693737268447875977e+00
7.492628097534179688e-01
5.983174443244934082e-01
5.983174443244934082e-01
5.983174443244934082e-01
5.983174443244934082e-01
5.983174443244934082e-01
7.906757593154907227e-01
7.906757593154907227e-01
7.906757593154907227e-01
7.906757593154907227e-01
7.906757593154907227e-01
7.906757593154907227e-01
7.906757593154907227e-01
7.906757593154907227e-01
7.906757593154907227e-01
8.755258321762084961e-01
1.550391793251037598e+00
1.550391793251037598e+00
1.550391793251037598e+00
1.550391793251037598e+00
5.183185338973999023e-01
5.183185338973999023e-01
5.183185338973999023e-01
5.183185338973999023e-01
5.183185338973999023e-01
5.032383799552917480e-01
5.032383799552917480e-01
5.032383799552917480e-01
5.032383799552917480e-01
5.032383799552917480e-01
5.032383799552917480e-01
5.032383799552917480e-01
5.032383799552917480e-01
5.032383799552917480e-01
5.032383799552917480e-01
5.032383799552917480e-01
5.032383799552917480e-01
5.032383799552917480e-01
5.032383799552917480e-01
5.032383799552917480e-01
5.032383799552917480e-01
5.032383799552917480e-01
5.032383799552917480e-01
5.032383799552917480e-01
5.032383799552917480e-01
1.224527716636657715e+00
7.938177585601806641e-01
7.938177585601806641e-01
7.938177585601806641e-01
7.938177585601806641e-01
7.938177585601806641e-01
7.938177585601806641e-01
7.938177585601806641e-01
7.159037590026855469e-01
7.159037590026855469e-01
7.159037590026855469e-01
7.159037590026855469e-01
7.159037590026855469e-01
7.159037590026855469e-01
7.159037590026855469e-01
8.926336765289306641e-01
8.926336765289306641e-01
8.926336765289306641e-01
8.926336765289306641e-01
2.114587783813476562e+00
2.114587783813476562e+00
2.114587783813476562e+00
2.114587783813476562e+00
5.212061405181884766e-01
5.212061405181884766e-01
5.212061405181884766e-01
9.532024860382080078e-01
4.575415551662445068e-01
4.575415551662445068e-01
9.479576945304870605e-01
9.479576945304870605e-01
9.479576945304870605e-01
7.440271377563476562e-01
7.440271377563476562e-01
7.440271377563476562e-01
7.440271377563476562e-01
7.440271377563476562e-01
7.440271377563476562e-01
7.440271377563476562e-01
8.204173445701599121e-01
8.204173445701599121e-01
8.204173445701599121e-01
1.401161789894104004e+00
2.820776700973510742e-01
9.708629250526428223e-01
3.597487807273864746e-01
3.597487807273864746e-01
1.632184505462646484e+00
1.632184505462646484e+00
1.632184505462646484e+00
2.025686264038085938e+00
2.025686264038085938e+00
2.025686264038085938e+00
2.025686264038085938e+00
3.224722146987915039e-01
3.224722146987915039e-01
3.224722146987915039e-01
4.779894948005676270e-01
4.779894948005676270e-01
4.031060934066772461e-01
4.031060934066772461e-01
4.031060934066772461e-01
4.031060934066772461e-01
4.031060934066772461e-01
1.181198835372924805e+00
1.181198835372924805e+00
1.707680463790893555e+00
1.620068550109863281e+00
1.494876980781555176e+00
1.494876980781555176e+00
2.044430732727050781e+00
2.206490516662597656e+00
2.206490516662597656e+00
2.206490516662597656e+00
2.176735877990722656e+00
1.139937400817871094e+00
1.636571764945983887e+00
1.636571764945983887e+00
3.136092424392700195e-01
3.136092424392700195e-01
3.136092424392700195e-01
3.538167774677276611e-01
3.538167774677276611e-01
1.171821951866149902e+00
9.444897770881652832e-01
9.444897770881652832e-01
8.995238542556762695e-01
8.995238542556762695e-01
8.995238542556762695e-01
8.995238542556762695e-01
8.995238542556762695e-01
1.379903912544250488e+00
1.379903912544250488e+00
1.379903912544250488e+00
1.379903912544250488e+00
1.778659701347351074e+00
1.061486124992370605e+00
1.107550859451293945e+00
1.107550859451293945e+00
1.107550859451293945e+00
1.107550859451293945e+00
5.162034034729003906e-01
5.162034034729003906e-01
5.353390574455261230e-01
5.353390574455261230e-01
5.353390574455261230e-01
5.353390574455261230e-01
5.353390574455261230e-01
5.353390574455261230e-01
5.353390574455261230e-01
5.353390574455261230e-01
5.353390574455261230e-01
8.134480714797973633e-01
8.134480714797973633e-01
8.134480714797973633e-01
8.134480714797973633e-01
8.134480714797973633e-01
8.134480714797973633e-01
8.134480714797973633e-01
8.134480714797973633e-01
8.134480714797973633e-01
8.134480714797973633e-01
8.134480714797973633e-01
8.134480714797973633e-01
8.134480714797973633e-01
8.134480714797973633e-01
8.134480714797973633e-01
8.134480714797973633e-01
8.134480714797973633e-01
8.134480714797973633e-01
8.134480714797973633e-01
8.134480714797973633e-01
5.352972745895385742e-01
5.352972745895385742e-01
5.352972745895385742e-01
6.386313438415527344e-01
6.386313438415527344e-01
6.386313438415527344e-01
6.386313438415527344e-01
6.386313438415527344e-01
6.386313438415527344e-01
6.386313438415527344e-01
6.386313438415527344e-01
6.386313438415527344e-01
6.386313438415527344e-01
6.386313438415527344e-01
6.386313438415527344e-01
6.386313438415527344e-01
6.386313438415527344e-01
6.386313438415527344e-01
6.386313438415527344e-01
6.386313438415527344e-01
6.386313438415527344e-01
6.386313438415527344e-01
6.386313438415527344e-01
6.592493057250976562e-01
6.592493057250976562e-01
6.592493057250976562e-01
6.592493057250976562e-01
6.670024394989013672e-01
6.502053141593933105e-01
6.502053141593933105e-01
6.502053141593933105e-01
6.502053141593933105e-01
6.502053141593933105e-01
6.502053141593933105e-01
6.502053141593933105e-01
6.502053141593933105e-01
6.502053141593933105e-01
6.982415318489074707e-01
6.982415318489074707e-01
6.982415318489074707e-01
6.982415318489074707e-01
6.982415318489074707e-01
6.306843757629394531e-01
6.306843757629394531e-01
6.306843757629394531e-01
6.306843757629394531e-01
6.306843757629394531e-01
6.306843757629394531e-01
6.306843757629394531e-01
6.306843757629394531e-01
6.306843757629394531e-01
6.306843757629394531e-01
1.232178568840026855e+00
3.322550058364868164e-01
3.322550058364868164e-01
2.444937705993652344e+00
2.470072507858276367e+00
6.229796409606933594e-01
6.229796409606933594e-01
6.229796409606933594e-01
6.229796409606933594e-01
6.229796409606933594e-01
6.229796409606933594e-01
1.430831193923950195e+00
1.797299504280090332e+00
5.385348796844482422e-01
5.385348796844482422e-01
5.385348796844482422e-01
5.385348796844482422e-01
5.385348796844482422e-01
5.385348796844482422e-01
5.385348796844482422e-01
5.385348796844482422e-01
5.385348796844482422e-01
3.924511075019836426e-01
3.924511075019836426e-01
3.924511075019836426e-01
3.924511075019836426e-01
3.924511075019836426e-01
3.924511075019836426e-01
3.924511075019836426e-01
3.924511075019836426e-01
3.924511075019836426e-01
3.924511075019836426e-01
3.924511075019836426e-01
3.924511075019836426e-01
7.309919595718383789e-01
7.309919595718383789e-01
7.309919595718383789e-01
5.404879450798034668e-01
5.404879450798034668e-01
5.404879450798034668e-01
5.404879450798034668e-01
5.404879450798034668e-01
5.404879450798034668e-01
5.404879450798034668e-01
5.404879450798034668e-01
5.404879450798034668e-01
5.404879450798034668e-01
5.404879450798034668e-01
5.937585830688476562e-01
5.937585830688476562e-01
5.937585830688476562e-01
5.937585830688476562e-01
5.937585830688476562e-01
8.204886913299560547e-01
6.595494747161865234e-01
6.595494747161865234e-01
6.595494747161865234e-01
6.595494747161865234e-01
6.595494747161865234e-01
6.595494747161865234e-01
6.595494747161865234e-01
6.595494747161865234e-01
6.595494747161865234e-01
6.595494747161865234e-01
6.595494747161865234e-01
6.595494747161865234e-01
6.595494747161865234e-01
6.595494747161865234e-01
6.595494747161865234e-01
6.595494747161865234e-01
6.595494747161865234e-01
6.595494747161865234e-01
6.595494747161865234e-01
1.245710492134094238e+00
1.245710492134094238e+00
1.245710492134094238e+00
1.245710492134094238e+00
1.245710492134094238e+00
1.245710492134094238e+00
1.245710492134094238e+00
8.188301324844360352e-01
8.188301324844360352e-01
8.188301324844360352e-01
6.704367399215698242e-01
6.704367399215698242e-01
6.704367399215698242e-01
6.704367399215698242e-01
6.704367399215698242e-01
6.704367399215698242e-01
6.704367399215698242e-01
7.613401412963867188e-01
7.613401412963867188e-01
7.613401412963867188e-01
7.613401412963867188e-01
7.613401412963867188e-01
7.613401412963867188e-01
6.047374010086059570e-01
6.047374010086059570e-01
6.047374010086059570e-01
6.047374010086059570e-01
6.047374010086059570e-01
6.047374010086059570e-01
6.047374010086059570e-01
3.807085454463958740e-01
3.807085454463958740e-01
3.807085454463958740e-01
1.547486424446105957e+00
6.695236563682556152e-01
6.695236563682556152e-01
4.611833691596984863e-01
4.611833691596984863e-01
4.611833691596984863e-01
4.611833691596984863e-01
4.611833691596984863e-01
1.428671717643737793e+00
7.337329983711242676e-01
7.337329983711242676e-01
7.337329983711242676e-01
7.337329983711242676e-01
7.337329983711242676e-01
1.150001287460327148e+00
1.369656562805175781e+00
1.467225790023803711e+00
1.467225790023803711e+00
1.467225790023803711e+00
1.234483242034912109e+00
1.234483242034912109e+00
1.234483242034912109e+00
2.069929838180541992e+00
5.001041889190673828e-01
5.001041889190673828e-01
5.001041889190673828e-01
5.001041889190673828e-01
5.001041889190673828e-01
5.001041889190673828e-01
9.024939537048339844e-01
9.004873037338256836e-01
9.004873037338256836e-01
8.774096965789794922e-01
8.774096965789794922e-01
8.774096965789794922e-01
8.774096965789794922e-01
1.441888570785522461e+00
4.947011470794677734e-01
6.028237938880920410e-01
6.028237938880920410e-01
1.061742067337036133e+00
1.061742067337036133e+00
1.061742067337036133e+00
1.321843385696411133e+00
1.321843385696411133e+00
1.321843385696411133e+00
1.321843385696411133e+00
9.501764774322509766e-01
9.501764774322509766e-01
9.118058085441589355e-01
9.118058085441589355e-01
9.118058085441589355e-01
9.118058085441589355e-01
9.118058085441589355e-01
9.118058085441589355e-01
9.808339476585388184e-01
9.808339476585388184e-01
9.808339476585388184e-01
9.808339476585388184e-01
9.808339476585388184e-01
9.808339476585388184e-01
8.305369615554809570e-01
8.305369615554809570e-01
8.305369615554809570e-01
8.305369615554809570e-01
8.305369615554809570e-01
8.305369615554809570e-01
8.305369615554809570e-01
8.305369615554809570e-01
8.305369615554809570e-01
8.305369615554809570e-01
8.305369615554809570e-01
5.641168355941772461e-01
5.641168355941772461e-01
5.641168355941772461e-01
5.641168355941772461e-01
5.641168355941772461e-01
5.641168355941772461e-01
5.209165215492248535e-01
5.209165215492248535e-01
5.209165215492248535e-01
4.422197639942169189e-01
4.422197639942169189e-01
4.422197639942169189e-01
4.422197639942169189e-01
4.422197639942169189e-01
4.422197639942169189e-01
4.422197639942169189e-01
4.422197639942169189e-01
7.018301486968994141e-01
7.018301486968994141e-01
6.282901763916015625e-01
6.282901763916015625e-01
6.282901763916015625e-01
6.282901763916015625e-01
6.282901763916015625e-01
6.282901763916015625e-01
6.282901763916015625e-01
6.282901763916015625e-01
6.282901763916015625e-01
6.282901763916015625e-01
6.282901763916015625e-01
6.282901763916015625e-01
6.282901763916015625e-01
8.063257336616516113e-01
8.063257336616516113e-01
8.063257336616516113e-01
8.063257336616516113e-01
8.063257336616516113e-01
8.063257336616516113e-01
8.063257336616516113e-01
5.970861911773681641e-01
5.970861911773681641e-01
5.970861911773681641e-01
5.970861911773681641e-01
1.219171047210693359e+00
1.219171047210693359e+00
3.526082038879394531e-01
1.494576096534729004e+00
5.748915672302246094e-01
5.748915672302246094e-01
5.748915672302246094e-01
1.083965301513671875e+00
1.083965301513671875e+00
4.924110174179077148e-01
8.498251438140869141e-01
1.517907142639160156e+00
1.517907142639160156e+00
2.081623077392578125e+00
2.549568653106689453e+00
1.774890661239624023e+00
1.774890661239624023e+00
1.774890661239624023e+00
1.006784081459045410e+00
1.006784081459045410e+00
4.507626295089721680e-01
4.507626295089721680e-01
4.507626295089721680e-01
4.507626295089721680e-01
4.581553936004638672e-01
4.581553936004638672e-01
8.161084651947021484e-01
8.378520011901855469e-01
8.378520011901855469e-01
8.378520011901855469e-01
5.980210304260253906e-01
5.980210304260253906e-01
5.980210304260253906e-01
5.980210304260253906e-01
5.980210304260253906e-01
5.980210304260253906e-01
5.980210304260253906e-01
5.980210304260253906e-01
8.188297748565673828e-01
8.188297748565673828e-01
8.188297748565673828e-01
8.188297748565673828e-01
8.188297748565673828e-01
8.188297748565673828e-01
8.188297748565673828e-01
8.188297748565673828e-01
8.188297748565673828e-01
8.188297748565673828e-01
8.188297748565673828e-01
8.188297748565673828e-01
8.188297748565673828e-01
8.188297748565673828e-01
8.188297748565673828e-01
8.485380411148071289e-01
8.485380411148071289e-01
8.822833895683288574e-01
8.822833895683288574e-01
4.410618841648101807e-01
9.716469049453735352e-01
1.112519025802612305e+00
1.112519025802612305e+00
2.349050045013427734e+00
2.349050045013427734e+00
1.006553411483764648e+00
5.294635295867919922e-01
4.926133155822753906e-01
4.926133155822753906e-01
4.926133155822753906e-01
4.926133155822753906e-01
4.926133155822753906e-01
4.926133155822753906e-01
4.926133155822753906e-01
4.926133155822753906e-01
4.926133155822753906e-01
4.926133155822753906e-01
4.926133155822753906e-01
4.926133155822753906e-01
4.926133155822753906e-01
4.926133155822753906e-01
4.926133155822753906e-01
4.926133155822753906e-01
4.926133155822753906e-01
4.926133155822753906e-01
5.689163208007812500e-01
5.689163208007812500e-01
5.689163208007812500e-01
5.689163208007812500e-01
5.689163208007812500e-01
5.689163208007812500e-01
5.689163208007812500e-01
5.689163208007812500e-01
5.689163208007812500e-01
8.705440759658813477e-01
8.705440759658813477e-01
8.705440759658813477e-01
8.705440759658813477e-01
8.796351552009582520e-01
8.796351552009582520e-01
8.796351552009582520e-01
8.796351552009582520e-01
8.796351552009582520e-01
8.796351552009582520e-01
8.796351552009582520e-01
8.796351552009582520e-01
7.968402504920959473e-01
7.968402504920959473e-01
7.968402504920959473e-01
7.968402504920959473e-01
1.238512635231018066e+00
7.596862316131591797e-01
7.596862316131591797e-01
7.596862316131591797e-01
7.596862316131591797e-01
7.596862316131591797e-01
7.596862316131591797e-01
7.596862316131591797e-01
5.070941448211669922e-01
5.070941448211669922e-01
5.234759449958801270e-01
5.234759449958801270e-01
5.234759449958801270e-01
5.234759449958801270e-01
5.234759449958801270e-01
5.234759449958801270e-01
5.234759449958801270e-01
5.234759449958801270e-01
5.234759449958801270e-01
5.234759449958801270e-01
5.234759449958801270e-01
5.234759449958801270e-01
5.008260011672973633e-01
9.140512943267822266e-01
9.140512943267822266e-01
7.261382937431335449e-01
7.261382937431335449e-01
7.261382937431335449e-01
3.900435566902160645e-01
3.900435566902160645e-01
3.900435566902160645e-01
3.900435566902160645e-01
3.900435566902160645e-01
3.900435566902160645e-01
3.900435566902160645e-01
3.900435566902160645e-01
3.900435566902160645e-01
3.900435566902160645e-01
3.900435566902160645e-01
3.900435566902160645e-01
6.719136834144592285e-01
6.719136834144592285e-01
6.719136834144592285e-01
3.513049483299255371e-01
9.417437911033630371e-01
9.417437911033630371e-01
9.417437911033630371e-01
9.417437911033630371e-01
9.417437911033630371e-01
1.085351467132568359e+00
1.085351467132568359e+00
1.085351467132568359e+00
1.085351467132568359e+00
1.085351467132568359e+00
9.462370276451110840e-01
9.462370276451110840e-01
9.462370276451110840e-01
6.794773936271667480e-01
6.794773936271667480e-01
6.794773936271667480e-01
6.794773936271667480e-01
6.794773936271667480e-01
6.794773936271667480e-01
6.794773936271667480e-01
8.193525075912475586e-01
8.193525075912475586e-01
8.193525075912475586e-01
6.532422304153442383e-01
6.532422304153442383e-01
1.244249343872070312e+00
1.244249343872070312e+00
1.240409135818481445e+00
1.240409135818481445e+00
8.369244337081909180e-01
8.369244337081909180e-01
8.369244337081909180e-01
8.369244337081909180e-01
5.280811786651611328e-01
5.280811786651611328e-01
5.280811786651611328e-01
5.280811786651611328e-01
5.280811786651611328e-01
5.280811786651611328e-01
5.766115188598632812e-01
5.766115188598632812e-01
5.766115188598632812e-01
5.766115188598632812e-01
5.766115188598632812e-01
5.766115188598632812e-01
5.766115188598632812e-01
5.766115188598632812e-01
5.766115188598632812e-01
5.766115188598632812e-01
5.766115188598632812e-01
5.766115188598632812e-01
5.766115188598632812e-01
6.051124930381774902e-01
6.051124930381774902e-01
6.051124930381774902e-01
6.051124930381774902e-01
6.051124930381774902e-01
5.103590488433837891e-01
5.861928462982177734e-01
5.861928462982177734e-01
5.861928462982177734e-01
5.861928462982177734e-01
5.861928462982177734e-01
3.384886980056762695e-01
3.384886980056762695e-01
3.384886980056762695e-01
3.384886980056762695e-01
3.384886980056762695e-01
1.063283681869506836e+00
1.063283681869506836e+00
6.197501420974731445e-01
6.197501420974731445e-01
6.197501420974731445e-01
6.197501420974731445e-01
6.197501420974731445e-01
6.197501420974731445e-01
6.197501420974731445e-01
6.197501420974731445e-01
6.197501420974731445e-01
5.746151208877563477e-01
5.746151208877563477e-01
5.746151208877563477e-01
5.746151208877563477e-01
5.746151208877563477e-01
5.746151208877563477e-01
5.746151208877563477e-01
5.746151208877563477e-01
5.746151208877563477e-01
5.746151208877563477e-01
5.746151208877563477e-01
5.746151208877563477e-01
5.746151208877563477e-01
5.746151208877563477e-01
5.774120092391967773e-01
5.774120092391967773e-01
5.774120092391967773e-01
5.774120092391967773e-01
5.774120092391967773e-01
5.774120092391967773e-01
5.774120092391967773e-01
5.774120092391967773e-01
5.774120092391967773e-01
5.774120092391967773e-01
5.774120092391967773e-01
5.774120092391967773e-01
5.774120092391967773e-01
5.774120092391967773e-01
5.326616764068603516e-01
8.444655537605285645e-01
8.444655537605285645e-01
8.444655537605285645e-01
8.444655537605285645e-01
1.034677505493164062e+00
1.034677505493164062e+00
1.044826149940490723e+00
8.005797266960144043e-01
8.843827843666076660e-01
8.843827843666076660e-01
8.483020067214965820e-01
8.483020067214965820e-01
8.483020067214965820e-01
8.483020067214965820e-01
8.483020067214965820e-01
8.456621170043945312e-01
8.456621170043945312e-01
8.456621170043945312e-01
8.456621170043945312e-01
8.456621170043945312e-01
8.456621170043945312e-01
8.013052344322204590e-01
8.013052344322204590e-01
5.228825807571411133e-01
5.228825807571411133e-01
5.228825807571411133e-01
5.228825807571411133e-01
5.228825807571411133e-01
5.228825807571411133e-01
5.228825807571411133e-01
5.228825807571411133e-01
5.228825807571411133e-01
5.228825807571411133e-01
5.228825807571411133e-01
5.228825807571411133e-01
5.228825807571411133e-01
5.228825807571411133e-01
6.261736750602722168e-01
7.423874139785766602e-01
7.423874139785766602e-01
1.099792361259460449e+00
1.099792361259460449e+00
1.099792361259460449e+00
1.099792361259460449e+00
1.099792361259460449e+00
1.099792361259460449e+00
1.099792361259460449e+00
6.530119776725769043e-01
6.530119776725769043e-01
6.530119776725769043e-01
6.530119776725769043e-01
6.530119776725769043e-01
1.168830633163452148e+00
6.750662326812744141e-01
6.750662326812744141e-01
6.867765784263610840e-01
6.867765784263610840e-01
9.386743307113647461e-01
9.386743307113647461e-01
9.386743307113647461e-01
1.164532303810119629e+00
1.931251406669616699e+00
1.931251406669616699e+00
1.931251406669616699e+00
1.931251406669616699e+00
1.931251406669616699e+00
1.411791324615478516e+00
1.411791324615478516e+00
1.411791324615478516e+00
8.336900472640991211e-01
8.336900472640991211e-01
9.754741787910461426e-01
9.754741787910461426e-01
1.274823784828186035e+00
1.274823784828186035e+00
1.274823784828186035e+00
1.274823784828186035e+00
1.274823784828186035e+00
6.620944738388061523e-01
6.620944738388061523e-01
6.620944738388061523e-01
6.620944738388061523e-01
6.620944738388061523e-01
6.620944738388061523e-01
6.620944738388061523e-01
6.620944738388061523e-01
6.620944738388061523e-01
6.620944738388061523e-01
6.620944738388061523e-01
6.620944738388061523e-01
4.136097431182861328e-01
4.136097431182861328e-01
4.136097431182861328e-01
4.136097431182861328e-01
4.136097431182861328e-01
4.136097431182861328e-01
4.136097431182861328e-01
4.136097431182861328e-01
9.092947244644165039e-01
9.092947244644165039e-01
9.092947244644165039e-01
9.092947244644165039e-01
9.092947244644165039e-01
9.092947244644165039e-01
9.092947244644165039e-01
9.092947244644165039e-01
9.092947244644165039e-01
7.680761814117431641e-01
7.680761814117431641e-01
7.680761814117431641e-01
7.680761814117431641e-01
4.900224208831787109e-01
4.900224208831787109e-01
4.900224208831787109e-01
4.900224208831787109e-01
4.900224208831787109e-01
4.900224208831787109e-01
4.900224208831787109e-01
4.900224208831787109e-01
7.790721654891967773e-01
1.018563628196716309e+00
1.018563628196716309e+00
1.018563628196716309e+00
1.018563628196716309e+00
1.018563628196716309e+00
4.315943717956542969e-01
4.315943717956542969e-01
4.315943717956542969e-01
4.315943717956542969e-01
4.315943717956542969e-01
4.315943717956542969e-01
4.315943717956542969e-01
4.315943717956542969e-01
4.315943717956542969e-01
4.315943717956542969e-01
4.315943717956542969e-01
4.315943717956542969e-01
4.315943717956542969e-01
4.315943717956542969e-01
4.315943717956542969e-01
5.131620168685913086e-01
5.131620168685913086e-01
3.759472370147705078e-01
7.523303031921386719e-01
4.096899032592773438e-01
4.096899032592773438e-01
7.546906471252441406e-01
9.444984197616577148e-01
9.444984197616577148e-01
7.136604785919189453e-01
8.115214705467224121e-01
8.115214705467224121e-01
8.115214705467224121e-01
8.115214705467224121e-01
8.115214705467224121e-01
8.115214705467224121e-01
8.115214705467224121e-01
8.115214705467224121e-01
8.115214705467224121e-01
8.115214705467224121e-01
8.115214705467224121e-01
8.115214705467224121e-01
8.115214705467224121e-01
8.115214705467224121e-01
8.115214705467224121e-01
8.961698412895202637e-01
8.984351158142089844e-01
8.984351158142089844e-01
8.984351158142089844e-01
8.984351158142089844e-01
8.984351158142089844e-01
1.045935511589050293e+00
1.045935511589050293e+00
1.045935511589050293e+00
5.419535040855407715e-01
5.419535040855407715e-01
5.419535040855407715e-01
5.419535040855407715e-01
5.419535040855407715e-01
5.419535040855407715e-01
6.351224184036254883e-01
6.351224184036254883e-01
6.351224184036254883e-01
6.351224184036254883e-01
6.351224184036254883e-01
6.351224184036254883e-01
6.351224184036254883e-01
6.351224184036254883e-01
6.351224184036254883e-01
6.351224184036254883e-01
6.351224184036254883e-01
6.351224184036254883e-01
6.351224184036254883e-01
6.351224184036254883e-01
6.351224184036254883e-01
6.351224184036254883e-01
6.351224184036254883e-01
1.418768644332885742e+00
1.701022028923034668e+00
5.542048215866088867e-01
5.542048215866088867e-01
5.542048215866088867e-01
5.542048215866088867e-01
5.542048215866088867e-01
5.542048215866088867e-01
5.542048215866088867e-01
5.542048215866088867e-01
5.542048215866088867e-01
3.336389064788818359e-01
3.336389064788818359e-01
1.163558602333068848e+00
9.662625193595886230e-01
9.251114726066589355e-01
9.251114726066589355e-01
9.251114726066589355e-01
9.251114726066589355e-01
9.251114726066589355e-01
1.164453625679016113e+00
1.164453625679016113e+00
1.164453625679016113e+00
1.164453625679016113e+00
1.164453625679016113e+00
1.578764915466308594e+00
1.578764915466308594e+00
1.842985987663269043e+00
1.842985987663269043e+00
2.216106891632080078e+00
1.051482677459716797e+00
1.051482677459716797e+00
1.086591124534606934e+00
7.314996123313903809e-01
7.314996123313903809e-01
9.987319707870483398e-01
9.987319707870483398e-01
1.573213338851928711e+00
5.301444530487060547e-01
5.301444530487060547e-01
8.778806924819946289e-01
8.778806924819946289e-01
8.778806924819946289e-01
8.778806924819946289e-01
3.561056256294250488e-01
3.561056256294250488e-01
1.122380971908569336e+00
6.526883840560913086e-01
6.809477806091308594e-01
6.809477806091308594e-01
6.809477806091308594e-01
6.809477806091308594e-01
6.809477806091308594e-01
1.410671949386596680e+00
1.410671949386596680e+00
1.410671949386596680e+00
1.163193821907043457e+00
1.163193821907043457e+00
1.077484369277954102e+00
1.077484369277954102e+00
1.077484369277954102e+00
3.384381532669067383e-01
3.384381532669067383e-01
3.384381532669067383e-01
3.384381532669067383e-01
7.934824228286743164e-01
1.064353942871093750e+00
1.064353942871093750e+00
1.064353942871093750e+00
1.064353942871093750e+00
1.064353942871093750e+00
1.064353942871093750e+00
1.064353942871093750e+00
7.258760929107666016e-01
7.258760929107666016e-01
7.258760929107666016e-01
7.258760929107666016e-01
8.533193469047546387e-01
8.533193469047546387e-01
8.533193469047546387e-01
7.997833490371704102e-01
7.997833490371704102e-01
7.997833490371704102e-01
7.997833490371704102e-01
7.997833490371704102e-01
5.177080035209655762e-01
4.976522028446197510e-01
4.976522028446197510e-01
4.976522028446197510e-01
4.976522028446197510e-01
1.746685147285461426e+00
1.735976934432983398e+00
1.735976934432983398e+00
1.697492480278015137e+00
9.398029446601867676e-01
9.398029446601867676e-01
9.398029446601867676e-01
9.398029446601867676e-01
9.398029446601867676e-01
9.398029446601867676e-01
9.398029446601867676e-01
9.398029446601867676e-01
9.398029446601867676e-01
9.398029446601867676e-01
9.398029446601867676e-01
9.398029446601867676e-01
9.383518695831298828e-01
9.383518695831298828e-01
9.383518695831298828e-01
9.383518695831298828e-01
9.383518695831298828e-01
9.383518695831298828e-01
9.383518695831298828e-01
9.383518695831298828e-01
9.383518695831298828e-01
9.383518695831298828e-01
8.338869214057922363e-01
8.338869214057922363e-01
1.768864631652832031e+00
1.763526439666748047e+00
1.763526439666748047e+00
1.763526439666748047e+00
1.763526439666748047e+00
1.990038037300109863e+00
2.492837667465209961e+00
2.696238517761230469e+00
2.696238517761230469e+00
2.696238517761230469e+00
1.920715332031250000e+00
1.920715332031250000e+00
2.152470350265502930e+00
2.152470350265502930e+00
1.649092674255371094e+00
1.649092674255371094e+00
2.636911630630493164e+00
2.816907167434692383e+00
2.689749240875244141e+00
2.309401035308837891e+00
2.309401035308837891e+00
3.253910064697265625e+00
2.565617084503173828e+00
2.467618942260742188e+00
2.184621810913085938e+00
2.184621810913085938e+00
4.598305225372314453e-01
4.598305225372314453e-01
4.598305225372314453e-01
4.598305225372314453e-01
4.598305225372314453e-01
4.598305225372314453e-01
4.598305225372314453e-01
4.598305225372314453e-01
6.704230308532714844e-01
6.704230308532714844e-01
6.704230308532714844e-01
6.704230308532714844e-01
6.704230308532714844e-01
6.704230308532714844e-01
6.704230308532714844e-01
6.704230308532714844e-01
6.704230308532714844e-01
6.704230308532714844e-01
6.704230308532714844e-01
6.704230308532714844e-01
6.704230308532714844e-01
6.704230308532714844e-01
6.704230308532714844e-01
6.704230308532714844e-01
6.704230308532714844e-01
6.704230308532714844e-01
6.704230308532714844e-01
6.704230308532714844e-01
6.704230308532714844e-01
6.704230308532714844e-01
6.704230308532714844e-01
6.704230308532714844e-01
6.704230308532714844e-01
6.704230308532714844e-01
6.704230308532714844e-01
6.704230308532714844e-01
6.704230308532714844e-01
6.704230308532714844e-01
6.704230308532714844e-01
6.704230308532714844e-01
6.704230308532714844e-01
6.704230308532714844e-01
6.704230308532714844e-01
8.030288815498352051e-01
8.030288815498352051e-01
8.030288815498352051e-01
8.030288815498352051e-01
8.030288815498352051e-01
8.030288815498352051e-01
8.030288815498352051e-01
8.030288815498352051e-01
8.030288815498352051e-01
8.030288815498352051e-01
8.030288815498352051e-01
4.924554526805877686e-01
4.924554526805877686e-01
4.924554526805877686e-01
4.924554526805877686e-01
4.924554526805877686e-01
4.924554526805877686e-01
4.924554526805877686e-01
7.453053593635559082e-01
8.928499817848205566e-01
8.928499817848205566e-01
8.928499817848205566e-01
9.952443838119506836e-01
9.952443838119506836e-01
9.952443838119506836e-01
9.952443838119506836e-01
9.952443838119506836e-01
9.952443838119506836e-01
1.509063959121704102e+00
1.509063959121704102e+00
1.731599211692810059e+00
1.534657120704650879e+00
1.534657120704650879e+00
1.335613489151000977e+00
1.078912734985351562e+00
1.078912734985351562e+00
1.078912734985351562e+00
1.167435050010681152e+00
1.167435050010681152e+00
1.167435050010681152e+00
1.167435050010681152e+00
1.167435050010681152e+00
1.167435050010681152e+00
3.647779226303100586e-01
1.295475244522094727e+00
1.481454730033874512e+00
1.481454730033874512e+00
1.481454730033874512e+00
1.481454730033874512e+00
1.481454730033874512e+00
7.867395877838134766e-01
7.867395877838134766e-01
7.867395877838134766e-01
7.867395877838134766e-01
7.867395877838134766e-01
7.867395877838134766e-01
7.867395877838134766e-01
7.867395877838134766e-01
7.867395877838134766e-01
7.867395877838134766e-01
7.224819660186767578e-01
7.224819660186767578e-01
7.099533677101135254e-01
8.055627942085266113e-01
5.120162963867187500e-01
5.120162963867187500e-01
5.120162963867187500e-01
5.120162963867187500e-01
5.120162963867187500e-01
5.120162963867187500e-01
