1.959225296974182129e+00
1.959225296974182129e+00
1.470849037170410156e+00
1.470849037170410156e+00
1.470849037170410156e+00
1.470849037170410156e+00
1.201959729194641113e+00
1.576797962188720703e+00
1.300406098365783691e+00
1.300406098365783691e+00
1.300406098365783691e+00
1.300406098365783691e+00
1.300406098365783691e+00
1.300406098365783691e+00
1.300406098365783691e+00
1.772968530654907227e+00
1.772968530654907227e+00
2.552220344543457031e+00
2.552220344543457031e+00
2.552220344543457031e+00
2.552220344543457031e+00
2.552220344543457031e+00
2.552220344543457031e+00
2.552220344543457031e+00
3.807389736175537109e+00
3.807389736175537109e+00
3.807389736175537109e+00
3.807389736175537109e+00
3.807389736175537109e+00
3.807389736175537109e+00
2.281286716461181641e+00
2.119550466537475586e+00
2.119550466537475586e+00
2.119550466537475586e+00
1.903807520866394043e+00
1.903807520866394043e+00
1.903807520866394043e+00
1.903807520866394043e+00
1.903807520866394043e+00
1.903807520866394043e+00
1.903807520866394043e+00
1.903807520866394043e+00
6.092941761016845703e-01
6.092941761016845703e-01
6.092941761016845703e-01
6.618477702140808105e-01
6.618477702140808105e-01
1.340102672576904297e+00
2.122081756591796875e+00
2.195057392120361328e+00
2.195057392120361328e+00
2.195057392120361328e+00
2.195057392120361328e+00
2.195057392120361328e+00
2.195057392120361328e+00
1.790902018547058105e+00
1.790902018547058105e+00
1.790902018547058105e+00
1.790902018547058105e+00
1.790902018547058105e+00
1.790902018547058105e+00
1.714830517768859863e+00
3.535921096801757812e+00
3.535921096801757812e+00
3.535921096801757812e+00
2.667574882507324219e+00
1.156458854675292969e+00
1.156458854675292969e+00
1.156458854675292969e+00
1.435370206832885742e+00
1.435370206832885742e+00
6.847153306007385254e-01
6.847153306007385254e-01
1.350840806961059570e+00
1.350840806961059570e+00
1.350840806961059570e+00
2.747287750244140625e+00
2.747287750244140625e+00
2.747287750244140625e+00
9.420330524444580078e-01
9.420330524444580078e-01
1.054085016250610352e+00
1.054085016250610352e+00
2.709263324737548828e+00
2.709263324737548828e+00
3.329745531082153320e+00
3.495417118072509766e+00
3.495417118072509766e+00
3.487016677856445312e+00
6.738135814666748047e-01
6.738135814666748047e-01
6.738135814666748047e-01
6.738135814666748047e-01
6.738135814666748047e-01
6.738135814666748047e-01
6.738135814666748047e-01
6.738135814666748047e-01
9.685095548629760742e-01
9.685095548629760742e-01
9.685095548629760742e-01
9.685095548629760742e-01
9.685095548629760742e-01
1.646147727966308594e+00
1.115027904510498047e+00
1.115027904510498047e+00
1.115027904510498047e+00
1.115027904510498047e+00
1.115027904510498047e+00
4.791060447692871094e+00
4.791060447692871094e+00
4.791060447692871094e+00
4.791060447692871094e+00
6.472942352294921875e+00
5.482257843017578125e+00
5.482257843017578125e+00
2.627155303955078125e+00
2.627155303955078125e+00
2.627155303955078125e+00
2.627155303955078125e+00
1.965550899505615234e+00
1.965550899505615234e+00
1.965550899505615234e+00
1.162450790405273438e+00
1.162450790405273438e+00
1.162450790405273438e+00
1.162450790405273438e+00
1.162450790405273438e+00
1.162450790405273438e+00
1.162450790405273438e+00
1.162450790405273438e+00
1.162450790405273438e+00
1.162450790405273438e+00
1.162450790405273438e+00
5.365218520164489746e-01
6.039304137229919434e-01
6.039304137229919434e-01
6.794034242630004883e-01
8.761284351348876953e-01
8.761284351348876953e-01
8.761284351348876953e-01
1.015191555023193359e+00
1.015191555023193359e+00
1.179234027862548828e+00
1.177853345870971680e+00
1.177853345870971680e+00
2.379554748535156250e+00
2.379554748535156250e+00
2.379554748535156250e+00
2.379554748535156250e+00
1.902883887290954590e+00
1.902883887290954590e+00
1.902883887290954590e+00
1.902883887290954590e+00
1.902883887290954590e+00
1.902883887290954590e+00
1.902883887290954590e+00
1.902883887290954590e+00
1.902883887290954590e+00
1.902883887290954590e+00
1.902883887290954590e+00
4.594566822052001953e-01
3.700080394744873047e+00
7.215065956115722656e-01
7.215065956115722656e-01
7.215065956115722656e-01
7.215065956115722656e-01
1.236796617507934570e+00
1.042298555374145508e+00
1.042298555374145508e+00
1.042298555374145508e+00
1.042298555374145508e+00
1.042298555374145508e+00
1.042298555374145508e+00
1.042298555374145508e+00
8.867746591567993164e-01
4.669598340988159180e-01
4.669598340988159180e-01
4.669598340988159180e-01
1.055176973342895508e+00
1.055176973342895508e+00
1.055176973342895508e+00
1.055176973342895508e+00
1.055176973342895508e+00
1.055176973342895508e+00
1.055176973342895508e+00
1.055176973342895508e+00
1.055176973342895508e+00
1.055176973342895508e+00
1.055176973342895508e+00
1.055176973342895508e+00
1.055176973342895508e+00
1.055176973342895508e+00
1.055176973342895508e+00
1.055176973342895508e+00
1.642957925796508789e+00
1.642957925796508789e+00
1.642957925796508789e+00
1.642957925796508789e+00
7.255198359489440918e-01
7.255198359489440918e-01
7.255198359489440918e-01
7.255198359489440918e-01
7.255198359489440918e-01
7.255198359489440918e-01
7.255198359489440918e-01
7.670632600784301758e-01
7.670632600784301758e-01
9.909886121749877930e-01
9.909886121749877930e-01
9.909886121749877930e-01
9.909886121749877930e-01
9.909886121749877930e-01
9.909886121749877930e-01
1.326521039009094238e+00
1.003789901733398438e+00
1.003789901733398438e+00
1.003789901733398438e+00
1.003789901733398438e+00
1.325858712196350098e+00
1.325858712196350098e+00
1.325858712196350098e+00
1.325858712196350098e+00
1.325858712196350098e+00
1.325858712196350098e+00
1.325858712196350098e+00
1.325858712196350098e+00
1.325858712196350098e+00
1.325858712196350098e+00
1.739774346351623535e+00
1.739774346351623535e+00
3.609286546707153320e+00
1.248928785324096680e+00
1.248928785324096680e+00
7.463114261627197266e-01
1.745167016983032227e+00
1.745167016983032227e+00
3.387190103530883789e-01
3.387190103530883789e-01
3.387190103530883789e-01
8.608185648918151855e-01
8.608185648918151855e-01
8.608185648918151855e-01
4.479678153991699219e+00
3.428848743438720703e+00
3.428848743438720703e+00
3.428848743438720703e+00
1.853970170021057129e+00
1.853970170021057129e+00
1.853970170021057129e+00
1.144683241844177246e+00
2.093541383743286133e+00
2.093541383743286133e+00
2.093541383743286133e+00
2.093541383743286133e+00
2.093541383743286133e+00
2.093541383743286133e+00
2.093541383743286133e+00
2.093541383743286133e+00
1.774884700775146484e+00
1.774884700775146484e+00
1.774884700775146484e+00
1.774884700775146484e+00
1.774884700775146484e+00
1.774884700775146484e+00
1.774884700775146484e+00
1.774884700775146484e+00
1.774884700775146484e+00
1.774884700775146484e+00
1.774884700775146484e+00
1.774884700775146484e+00
1.774884700775146484e+00
1.774884700775146484e+00
1.774884700775146484e+00
1.774884700775146484e+00
1.774884700775146484e+00
1.774884700775146484e+00
1.774884700775146484e+00
1.774884700775146484e+00
3.134541034698486328e+00
3.134541034698486328e+00
3.134541034698486328e+00
2.021526098251342773e+00
2.021526098251342773e+00
2.549854516983032227e+00
3.078723192214965820e+00
3.437037944793701172e+00
3.437037944793701172e+00
1.160288095474243164e+00
1.160288095474243164e+00
1.160288095474243164e+00
1.160288095474243164e+00
1.160288095474243164e+00
1.113213777542114258e+00
1.686508417129516602e+00
1.686508417129516602e+00
1.686508417129516602e+00
3.268346309661865234e+00
3.268346309661865234e+00
4.097822189331054688e+00
4.097822189331054688e+00
4.097822189331054688e+00
3.200440883636474609e+00
3.200440883636474609e+00
3.200440883636474609e+00
3.200440883636474609e+00
5.461702346801757812e-01
8.465069532394409180e-01
8.465069532394409180e-01
2.150508880615234375e+00
2.156413078308105469e+00
2.156413078308105469e+00
2.156413078308105469e+00
2.156413078308105469e+00
2.156413078308105469e+00
4.633935689926147461e-01
4.633935689926147461e-01
4.633935689926147461e-01
4.633935689926147461e-01
4.633935689926147461e-01
4.633935689926147461e-01
1.354876756668090820e+00
1.354876756668090820e+00
2.406983852386474609e+00
2.406983852386474609e+00
2.715769529342651367e+00
2.715769529342651367e+00
7.948254346847534180e-01
7.948254346847534180e-01
7.948254346847534180e-01
1.258726596832275391e+00
2.227876901626586914e+00
2.482036352157592773e+00
2.866632223129272461e+00
2.866632223129272461e+00
2.866632223129272461e+00
2.866632223129272461e+00
2.866632223129272461e+00
2.866632223129272461e+00
2.866632223129272461e+00
2.866632223129272461e+00
2.866632223129272461e+00
2.866632223129272461e+00
2.048626899719238281e+00
2.048626899719238281e+00
2.935982465744018555e+00
2.935982465744018555e+00
2.935982465744018555e+00
3.056692361831665039e+00
4.412469387054443359e+00
4.370167732238769531e+00
5.117012500762939453e+00
4.572215557098388672e+00
4.814995288848876953e+00
4.814995288848876953e+00
4.814995288848876953e+00
3.329419851303100586e+00
3.329419851303100586e+00
3.329419851303100586e+00
4.396544456481933594e+00
6.843459606170654297e-01
2.285079002380371094e+00
2.652809143066406250e+00
2.652809143066406250e+00
1.953580856323242188e+00
1.953580856323242188e+00
1.953580856323242188e+00
2.027133226394653320e+00
2.027133226394653320e+00
2.027133226394653320e+00
2.027133226394653320e+00
2.027133226394653320e+00
2.027133226394653320e+00
2.027133226394653320e+00
2.027133226394653320e+00
2.027133226394653320e+00
2.027133226394653320e+00
2.027133226394653320e+00
2.043066501617431641e+00
2.043066501617431641e+00
1.473013520240783691e+00
1.473013520240783691e+00
1.473013520240783691e+00
4.288547992706298828e+00
4.770193099975585938e+00
2.694814682006835938e+00
2.371059179306030273e+00
2.371059179306030273e+00
2.865814685821533203e+00
4.227127075195312500e+00
2.447083950042724609e+00
2.447083950042724609e+00
2.447083950042724609e+00
7.235615253448486328e-01
7.346461415290832520e-01
1.143515825271606445e+00
1.143515825271606445e+00
1.143515825271606445e+00
1.592317342758178711e+00
1.592317342758178711e+00
1.592317342758178711e+00
4.989778995513916016e-01
4.989778995513916016e-01
4.989778995513916016e-01
4.989778995513916016e-01
4.989778995513916016e-01
4.989778995513916016e-01
4.989778995513916016e-01
1.117434978485107422e+00
1.117434978485107422e+00
6.100786328315734863e-01
6.100786328315734863e-01
6.100786328315734863e-01
1.668948173522949219e+00
1.668948173522949219e+00
1.668948173522949219e+00
2.064467430114746094e+00
2.064467430114746094e+00
2.064467430114746094e+00
2.064467430114746094e+00
2.064467430114746094e+00
2.064467430114746094e+00
1.610588550567626953e+00
1.610588550567626953e+00
1.610588550567626953e+00
1.511673808097839355e+00
1.492992401123046875e+00
1.492992401123046875e+00
1.492992401123046875e+00
1.492992401123046875e+00
1.492992401123046875e+00
3.066332578659057617e+00
3.066332578659057617e+00
8.368551731109619141e-01
8.368551731109619141e-01
2.024748802185058594e+00
2.024748802185058594e+00
2.024748802185058594e+00
2.024748802185058594e+00
2.024748802185058594e+00
1.040964365005493164e+00
7.109979391098022461e-01
7.109979391098022461e-01
7.109979391098022461e-01
7.109979391098022461e-01
7.109979391098022461e-01
9.521370530128479004e-01
9.521370530128479004e-01
9.521370530128479004e-01
1.409817576408386230e+00
1.409817576408386230e+00
1.409817576408386230e+00
1.409817576408386230e+00
1.409817576408386230e+00
1.091071844100952148e+00
1.091071844100952148e+00
1.091071844100952148e+00
1.091071844100952148e+00
1.091071844100952148e+00
1.091071844100952148e+00
1.161740660667419434e+00
1.161740660667419434e+00
1.782721042633056641e+00
1.782721042633056641e+00
1.782721042633056641e+00
2.666376352310180664e+00
1.244600176811218262e+00
1.244600176811218262e+00
1.244600176811218262e+00
1.244600176811218262e+00
1.244600176811218262e+00
1.244600176811218262e+00
1.244600176811218262e+00
1.179664254188537598e+00
1.179664254188537598e+00
2.125414609909057617e+00
2.125414609909057617e+00
2.125414609909057617e+00
2.125414609909057617e+00
2.125414609909057617e+00
2.125414609909057617e+00
2.125414609909057617e+00
2.407034635543823242e+00
4.312149047851562500e+00
4.435625553131103516e+00
4.435625553131103516e+00
4.750853061676025391e+00
2.138333797454833984e+00
2.138333797454833984e+00
2.138333797454833984e+00
2.138333797454833984e+00
2.362485885620117188e+00
2.362485885620117188e+00
3.101172685623168945e+00
3.101172685623168945e+00
3.101172685623168945e+00
2.894794940948486328e+00
1.752813220024108887e+00
1.752813220024108887e+00
1.752813220024108887e+00
1.752813220024108887e+00
3.610421180725097656e+00
3.610421180725097656e+00
3.610421180725097656e+00
3.610421180725097656e+00
3.610421180725097656e+00
3.450526952743530273e+00
3.561511278152465820e+00
2.920063734054565430e+00
2.920063734054565430e+00
2.920063734054565430e+00
2.920063734054565430e+00
2.920063734054565430e+00
1.289484500885009766e+00
1.289484500885009766e+00
1.289484500885009766e+00
1.561631441116333008e+00
8.312718868255615234e-01
8.312718868255615234e-01
8.041766881942749023e-01
8.041766881942749023e-01
8.041766881942749023e-01
8.041766881942749023e-01
8.041766881942749023e-01
8.041766881942749023e-01
8.041766881942749023e-01
6.645981073379516602e-01
6.645981073379516602e-01
6.645981073379516602e-01
6.645981073379516602e-01
6.645981073379516602e-01
6.645981073379516602e-01
6.645981073379516602e-01
2.086513519287109375e+00
2.086513519287109375e+00
2.086513519287109375e+00
2.086513519287109375e+00
2.086513519287109375e+00
2.086513519287109375e+00
2.086513519287109375e+00
1.692423105239868164e+00
3.322650432586669922e+00
3.247238874435424805e+00
1.035462141036987305e+00
1.035462141036987305e+00
1.035462141036987305e+00
1.035462141036987305e+00
1.035462141036987305e+00
1.035462141036987305e+00
1.059481859207153320e+00
5.859905242919921875e+00
5.080255508422851562e+00
5.080255508422851562e+00
5.080255508422851562e+00
5.080255508422851562e+00
1.003325462341308594e+00
1.003325462341308594e+00
1.003325462341308594e+00
1.003325462341308594e+00
7.324130535125732422e-01
7.324130535125732422e-01
7.324130535125732422e-01
7.324130535125732422e-01
7.324130535125732422e-01
7.324130535125732422e-01
7.324130535125732422e-01
7.324130535125732422e-01
7.324130535125732422e-01
7.324130535125732422e-01
7.324130535125732422e-01
7.324130535125732422e-01
1.805387020111083984e+00
1.805387020111083984e+00
1.805387020111083984e+00
1.805387020111083984e+00
1.805387020111083984e+00
1.805387020111083984e+00
7.149593353271484375e+00
7.428385257720947266e+00
8.680937767028808594e+00
5.877771377563476562e-01
5.877771377563476562e-01
5.877771377563476562e-01
5.877771377563476562e-01
5.877771377563476562e-01
5.877771377563476562e-01
9.733580946922302246e-01
9.733580946922302246e-01
9.733580946922302246e-01
9.733580946922302246e-01
1.273492813110351562e+00
2.194711923599243164e+00
1.960167884826660156e+00
1.821440100669860840e+00
1.821440100669860840e+00
2.249852180480957031e+00
2.249852180480957031e+00
2.249852180480957031e+00
2.249852180480957031e+00
1.555519819259643555e+00
1.555519819259643555e+00
1.555519819259643555e+00
1.555519819259643555e+00
1.555519819259643555e+00
1.555519819259643555e+00
1.555519819259643555e+00
1.555519819259643555e+00
1.555519819259643555e+00
2.538608074188232422e+00
2.538608074188232422e+00
8.984405994415283203e-01
8.984405994415283203e-01
8.984405994415283203e-01
8.984405994415283203e-01
8.984405994415283203e-01
9.398297071456909180e-01
9.398297071456909180e-01
9.398297071456909180e-01
1.222618103027343750e+00
6.973139643669128418e-01
6.973139643669128418e-01
6.973139643669128418e-01
6.973139643669128418e-01
6.973139643669128418e-01
6.973139643669128418e-01
6.973139643669128418e-01
6.973139643669128418e-01
6.973139643669128418e-01
1.241589546203613281e+00
1.241589546203613281e+00
6.074687242507934570e-01
6.074687242507934570e-01
6.074687242507934570e-01
6.074687242507934570e-01
6.074687242507934570e-01
6.074687242507934570e-01
6.074687242507934570e-01
6.074687242507934570e-01
6.074687242507934570e-01
1.575669288635253906e+00
1.575669288635253906e+00
1.575669288635253906e+00
1.575669288635253906e+00
1.575669288635253906e+00
1.575669288635253906e+00
1.575669288635253906e+00
1.575669288635253906e+00
1.575669288635253906e+00
1.575669288635253906e+00
1.575669288635253906e+00
1.575669288635253906e+00
1.575669288635253906e+00
1.575669288635253906e+00
1.575669288635253906e+00
1.575669288635253906e+00
4.924714565277099609e-01
4.924714565277099609e-01
4.924714565277099609e-01
4.924714565277099609e-01
5.405418276786804199e-01
5.405418276786804199e-01
3.747223615646362305e+00
1.866780757904052734e+00
9.987486004829406738e-01
9.987486004829406738e-01
9.987486004829406738e-01
9.987486004829406738e-01
9.987486004829406738e-01
9.987486004829406738e-01
3.060164690017700195e+00
3.060164690017700195e+00
3.060164690017700195e+00
4.120309352874755859e-01
4.120309352874755859e-01
4.120309352874755859e-01
4.120309352874755859e-01
4.120309352874755859e-01
4.120309352874755859e-01
4.120309352874755859e-01
1.906284213066101074e+00
5.768884420394897461e-01
5.768884420394897461e-01
5.768884420394897461e-01
5.768884420394897461e-01
5.768884420394897461e-01
5.768884420394897461e-01
5.768884420394897461e-01
5.768884420394897461e-01
3.590749263763427734e+00
2.013849258422851562e+00
1.977566361427307129e+00
1.977566361427307129e+00
1.977566361427307129e+00
2.190475702285766602e+00
5.754722356796264648e-01
5.754722356796264648e-01
1.333855986595153809e+00
1.333855986595153809e+00
1.333855986595153809e+00
1.333855986595153809e+00
1.333855986595153809e+00
1.333855986595153809e+00
1.333855986595153809e+00
1.333855986595153809e+00
1.333855986595153809e+00
1.333855986595153809e+00
1.333855986595153809e+00
1.333855986595153809e+00
1.333855986595153809e+00
1.333855986595153809e+00
4.054833054542541504e-01
4.054833054542541504e-01
3.786467790603637695e+00
3.786467790603637695e+00
3.786467790603637695e+00
8.378467559814453125e-01
8.378467559814453125e-01
8.378467559814453125e-01
8.378467559814453125e-01
8.378467559814453125e-01
8.378467559814453125e-01
8.378467559814453125e-01
8.378467559814453125e-01
8.378467559814453125e-01
8.378467559814453125e-01
8.378467559814453125e-01
8.378467559814453125e-01
1.052364230155944824e+00
1.052364230155944824e+00
1.052364230155944824e+00
1.052364230155944824e+00
1.052364230155944824e+00
1.052364230155944824e+00
1.052364230155944824e+00
1.489803314208984375e+00
1.845797777175903320e+00
1.639791250228881836e+00
1.828339576721191406e+00
1.828339576721191406e+00
1.828339576721191406e+00
1.828339576721191406e+00
1.828339576721191406e+00
1.828339576721191406e+00
1.828339576721191406e+00
5.855128765106201172e-01
5.855128765106201172e-01
9.609200954437255859e-01
9.609200954437255859e-01
9.609200954437255859e-01
9.609200954437255859e-01
7.296770811080932617e-01
7.296770811080932617e-01
7.296770811080932617e-01
7.296770811080932617e-01
7.296770811080932617e-01
7.296770811080932617e-01
1.233451485633850098e+00
1.233451485633850098e+00
1.233451485633850098e+00
1.233451485633850098e+00
3.879064083099365234e+00
3.879064083099365234e+00
3.879064083099365234e+00
3.502203464508056641e+00
4.307593822479248047e+00
4.307593822479248047e+00
5.445520877838134766e+00
4.673142910003662109e+00
4.673142910003662109e+00
2.615975379943847656e+00
2.615975379943847656e+00
3.450170516967773438e+00
1.882749557495117188e+00
5.124877691268920898e-01
5.124877691268920898e-01
5.124877691268920898e-01
5.124877691268920898e-01
7.694150209426879883e-01
7.694150209426879883e-01
7.694150209426879883e-01
7.694150209426879883e-01
7.694150209426879883e-01
7.694150209426879883e-01
7.694150209426879883e-01
1.966134905815124512e+00
8.889867067337036133e-01
8.889867067337036133e-01
6.615754365921020508e-01
6.615754365921020508e-01
6.615754365921020508e-01
2.851436734199523926e-01
2.851436734199523926e-01
2.851436734199523926e-01
4.511647224426269531e+00
4.511647224426269531e+00
4.152508735656738281e+00
4.941652297973632812e+00
3.655037164688110352e+00
1.532650709152221680e+00
1.532650709152221680e+00
2.454022407531738281e+00
2.454022407531738281e+00
2.454022407531738281e+00
2.454022407531738281e+00
2.454022407531738281e+00
2.306820869445800781e+00
2.306820869445800781e+00
2.434594154357910156e+00
2.434594154357910156e+00
2.434594154357910156e+00
2.434594154357910156e+00
1.091554284095764160e+00
8.246372938156127930e-01
8.246372938156127930e-01
7.093036770820617676e-01
7.093036770820617676e-01
3.127302408218383789e+00
3.127302408218383789e+00
3.127302408218383789e+00
2.910001993179321289e+00
2.910001993179321289e+00
2.910001993179321289e+00
1.131898164749145508e+00
1.193950653076171875e+00
1.193950653076171875e+00
1.193950653076171875e+00
1.243484377861022949e+00
1.243484377861022949e+00
2.355787515640258789e+00
2.355787515640258789e+00
2.355787515640258789e+00
1.660003185272216797e+00
1.660003185272216797e+00
1.660003185272216797e+00
1.660003185272216797e+00
1.660003185272216797e+00
1.660003185272216797e+00
1.660003185272216797e+00
1.660003185272216797e+00
1.660003185272216797e+00
1.660003185272216797e+00
1.660003185272216797e+00
3.383181571960449219e+00
3.383181571960449219e+00
3.383181571960449219e+00
4.507846355438232422e+00
1.629809856414794922e+00
8.656803369522094727e-01
2.457598209381103516e+00
4.396853446960449219e-01
4.396853446960449219e-01
4.396853446960449219e-01
4.396853446960449219e-01
4.396853446960449219e-01
4.396853446960449219e-01
4.396853446960449219e-01
4.396853446960449219e-01
4.396853446960449219e-01
7.341727018356323242e-01
7.341727018356323242e-01
7.341727018356323242e-01
7.341727018356323242e-01
7.341727018356323242e-01
7.341727018356323242e-01
7.341727018356323242e-01
7.341727018356323242e-01
7.341727018356323242e-01
7.341727018356323242e-01
7.341727018356323242e-01
7.341727018356323242e-01
7.341727018356323242e-01
1.433650016784667969e+00
1.433650016784667969e+00
1.433650016784667969e+00
5.772696733474731445e-01
1.122631549835205078e+00
1.498080253601074219e+00
2.050792932510375977e+00
2.050792932510375977e+00
2.050792932510375977e+00
1.614736676216125488e+00
1.500968098640441895e+00
1.500968098640441895e+00
1.500968098640441895e+00
1.500968098640441895e+00
4.168852567672729492e-01
4.168852567672729492e-01
1.962874889373779297e+00
1.962874889373779297e+00
1.652376890182495117e+00
2.409017086029052734e+00
2.409017086029052734e+00
2.409017086029052734e+00
1.419518232345581055e+00
1.419518232345581055e+00
6.962717175483703613e-01
6.438374519348144531e-01
4.472876548767089844e+00
4.472876548767089844e+00
4.472876548767089844e+00
4.259106159210205078e+00
4.259106159210205078e+00
4.259106159210205078e+00
4.259106159210205078e+00
3.934427738189697266e+00
3.934427738189697266e+00
3.934427738189697266e+00
3.934427738189697266e+00
3.934427738189697266e+00
3.934427738189697266e+00
3.934427738189697266e+00
3.934427738189697266e+00
3.934427738189697266e+00
3.934427738189697266e+00
4.257533550262451172e+00
4.257533550262451172e+00
4.257533550262451172e+00
3.748316287994384766e+00
2.833329200744628906e+00
1.602844953536987305e+00
1.602844953536987305e+00
2.122682809829711914e+00
2.122682809829711914e+00
2.122682809829711914e+00
2.122682809829711914e+00
2.122682809829711914e+00
2.122682809829711914e+00
2.588031530380249023e+00
2.588031530380249023e+00
6.434605121612548828e-01
6.434605121612548828e-01
7.911546230316162109e-01
2.278752326965332031e+00
2.278752326965332031e+00
2.278752326965332031e+00
2.278752326965332031e+00
1.932529211044311523e+00
1.932529211044311523e+00
1.932529211044311523e+00
1.932529211044311523e+00
1.932529211044311523e+00
1.932529211044311523e+00
1.932529211044311523e+00
2.002219438552856445e+00
2.002219438552856445e+00
2.002219438552856445e+00
2.002219438552856445e+00
1.265613794326782227e+00
1.265613794326782227e+00
1.265613794326782227e+00
1.144790053367614746e+00
1.144790053367614746e+00
1.144790053367614746e+00
7.785558700561523438e-01
1.189568400382995605e+00
1.189568400382995605e+00
1.189568400382995605e+00
1.189568400382995605e+00
1.566040754318237305e+00
1.566040754318237305e+00
1.587631940841674805e+00
1.587631940841674805e+00
1.587631940841674805e+00
1.587631940841674805e+00
1.587631940841674805e+00
1.587631940841674805e+00
1.587631940841674805e+00
1.587631940841674805e+00
1.587631940841674805e+00
1.587631940841674805e+00
1.587631940841674805e+00
2.606426477432250977e+00
1.554066181182861328e+00
1.554066181182861328e+00
1.554066181182861328e+00
1.554066181182861328e+00
1.554066181182861328e+00
1.554066181182861328e+00
6.597859859466552734e-01
1.817467808723449707e+00
1.817467808723449707e+00
1.817467808723449707e+00
6.546093225479125977e-01
1.690626144409179688e+00
1.988928318023681641e+00
4.882698059082031250e-01
4.882698059082031250e-01
4.882698059082031250e-01
4.882698059082031250e-01
2.604548931121826172e+00
2.604548931121826172e+00
2.604548931121826172e+00
2.604548931121826172e+00
1.066486358642578125e+00
1.033577084541320801e+00
1.556199073791503906e+00
1.556199073791503906e+00
7.197496891021728516e+00
7.197496891021728516e+00
6.202486991882324219e+00
1.064192295074462891e+00
1.064192295074462891e+00
1.064192295074462891e+00
1.064192295074462891e+00
1.867363214492797852e+00
1.867363214492797852e+00
1.298466563224792480e+00
1.298466563224792480e+00
1.298466563224792480e+00
1.298466563224792480e+00
4.308561682701110840e-01
4.308561682701110840e-01
4.308561682701110840e-01
4.308561682701110840e-01
1.419890165328979492e+00
1.419890165328979492e+00
1.419890165328979492e+00
1.419890165328979492e+00
1.417247653007507324e+00
1.417247653007507324e+00
1.187620878219604492e+00
1.187620878219604492e+00
1.187620878219604492e+00
3.042306900024414062e+00
3.042306900024414062e+00
3.874046564102172852e+00
3.874046564102172852e+00
2.512862205505371094e+00
2.512862205505371094e+00
2.512862205505371094e+00
2.512862205505371094e+00
2.512862205505371094e+00
2.512862205505371094e+00
2.512862205505371094e+00
2.512862205505371094e+00
2.512862205505371094e+00
2.512862205505371094e+00
1.156434297561645508e+00
1.156434297561645508e+00
1.156434297561645508e+00
1.156434297561645508e+00
1.156434297561645508e+00
1.156434297561645508e+00
1.156434297561645508e+00
1.156434297561645508e+00
1.874001383781433105e+00
3.737645626068115234e+00
3.214761257171630859e+00
3.214761257171630859e+00
3.214761257171630859e+00
3.214761257171630859e+00
3.214761257171630859e+00
3.214761257171630859e+00
3.214761257171630859e+00
2.835721969604492188e+00
2.676116943359375000e+00
2.676116943359375000e+00
3.183542251586914062e+00
1.211076259613037109e+00
1.211076259613037109e+00
7.624863386154174805e-01
7.624863386154174805e-01
7.624863386154174805e-01
7.624863386154174805e-01
7.624863386154174805e-01
7.624863386154174805e-01
8.312944769859313965e-01
8.312944769859313965e-01
8.312944769859313965e-01
8.312944769859313965e-01
8.312944769859313965e-01
8.312944769859313965e-01
8.312944769859313965e-01
8.312944769859313965e-01
5.755924582481384277e-01
5.755924582481384277e-01
5.755924582481384277e-01
5.755924582481384277e-01
5.755924582481384277e-01
5.755924582481384277e-01
5.755924582481384277e-01
5.755924582481384277e-01
1.914346933364868164e+00
2.146093368530273438e+00
2.146093368530273438e+00
1.977191209793090820e+00
8.977601528167724609e-01
8.977601528167724609e-01
1.024703741073608398e+00
1.024703741073608398e+00
1.024703741073608398e+00
1.024703741073608398e+00
2.549924373626708984e+00
2.009617567062377930e+00
2.009617567062377930e+00
2.625555038452148438e+00
2.625555038452148438e+00
2.625555038452148438e+00
2.625555038452148438e+00
2.625555038452148438e+00
2.625555038452148438e+00
2.625555038452148438e+00
2.625555038452148438e+00
2.625555038452148438e+00
3.045625925064086914e+00
1.457207083702087402e+00
1.457207083702087402e+00
1.457207083702087402e+00
1.457207083702087402e+00
1.457207083702087402e+00
1.457207083702087402e+00
1.833565473556518555e+00
1.372307538986206055e+00
3.812212347984313965e-01
3.812212347984313965e-01
3.812212347984313965e-01
3.812212347984313965e-01
3.812212347984313965e-01
3.391427993774414062e+00
3.391427993774414062e+00
2.458504915237426758e+00
2.642407178878784180e+00
2.642407178878784180e+00
2.642407178878784180e+00
2.642407178878784180e+00
2.642407178878784180e+00
2.642407178878784180e+00
3.795303583145141602e+00
3.795303583145141602e+00
3.795303583145141602e+00
3.795303583145141602e+00
3.795303583145141602e+00
3.795303583145141602e+00
3.795303583145141602e+00
3.795303583145141602e+00
4.697594642639160156e-01
4.697594642639160156e-01
2.031072616577148438e+00
2.031072616577148438e+00
4.897075891494750977e-01
4.897075891494750977e-01
4.897075891494750977e-01
1.434556007385253906e+00
1.434556007385253906e+00
1.434556007385253906e+00
1.046356916427612305e+00
1.168429493904113770e+00
1.168429493904113770e+00
1.168429493904113770e+00
1.168429493904113770e+00
1.168429493904113770e+00
1.605681061744689941e+00
1.605681061744689941e+00
2.809300899505615234e+00
1.859807848930358887e+00
7.072091102600097656e-01
7.072091102600097656e-01
7.072091102600097656e-01
7.072091102600097656e-01
7.072091102600097656e-01
9.123336672782897949e-01
9.123336672782897949e-01
9.123336672782897949e-01
9.123336672782897949e-01
9.123336672782897949e-01
9.123336672782897949e-01
9.123336672782897949e-01
9.123336672782897949e-01
9.123336672782897949e-01
9.123336672782897949e-01
9.123336672782897949e-01
9.123336672782897949e-01
2.454067707061767578e+00
2.454067707061767578e+00
2.132022619247436523e+00
2.813874721527099609e+00
3.693977832794189453e+00
3.693977832794189453e+00
2.911251544952392578e+00
2.911251544952392578e+00
2.911251544952392578e+00
2.911251544952392578e+00
2.911251544952392578e+00
6.753748893737792969e+00
4.569521903991699219e+00
4.132015228271484375e+00
2.086423635482788086e+00
2.086423635482788086e+00
2.086423635482788086e+00
2.086423635482788086e+00
2.086423635482788086e+00
1.873282074928283691e+00
1.144143462181091309e+00
1.144143462181091309e+00
1.144143462181091309e+00
1.144143462181091309e+00
1.144143462181091309e+00
1.144143462181091309e+00
1.144143462181091309e+00
6.811550855636596680e-01
6.811550855636596680e-01
6.811550855636596680e-01
6.811550855636596680e-01
7.500451803207397461e-01
7.500451803207397461e-01
7.301082015037536621e-01
7.301082015037536621e-01
7.301082015037536621e-01
7.301082015037536621e-01
7.301082015037536621e-01
7.301082015037536621e-01
7.301082015037536621e-01
7.301082015037536621e-01
7.301082015037536621e-01
7.301082015037536621e-01
7.301082015037536621e-01
1.111540555953979492e+00
1.111540555953979492e+00
1.111540555953979492e+00
1.111540555953979492e+00
1.111540555953979492e+00
1.111540555953979492e+00
1.111540555953979492e+00
2.204294919967651367e+00
2.204294919967651367e+00
1.072315931320190430e+00
1.082443952560424805e+00
1.082443952560424805e+00
1.082443952560424805e+00
1.082443952560424805e+00
1.782440781593322754e+00
1.782440781593322754e+00
1.407319307327270508e+00
1.407319307327270508e+00
1.407319307327270508e+00
1.407319307327270508e+00
1.407319307327270508e+00
1.407319307327270508e+00
1.584662675857543945e+00
1.584662675857543945e+00
1.584662675857543945e+00
7.295336127281188965e-01
7.295336127281188965e-01
7.295336127281188965e-01
7.295336127281188965e-01
7.295336127281188965e-01
7.295336127281188965e-01
7.295336127281188965e-01
2.248095750808715820e+00
2.248095750808715820e+00
2.248095750808715820e+00
2.248095750808715820e+00
2.248095750808715820e+00
2.248095750808715820e+00
2.248095750808715820e+00
1.337109923362731934e+00
1.337109923362731934e+00
1.464705109596252441e+00
1.464705109596252441e+00
1.464705109596252441e+00
1.334780454635620117e+00
1.334780454635620117e+00
1.334780454635620117e+00
1.334780454635620117e+00
1.009873390197753906e+00
1.009873390197753906e+00
1.009873390197753906e+00
1.009873390197753906e+00
1.009873390197753906e+00
1.009873390197753906e+00
1.009873390197753906e+00
1.009873390197753906e+00
6.386432647705078125e-01
6.386432647705078125e-01
6.386432647705078125e-01
6.386432647705078125e-01
6.386432647705078125e-01
1.764354705810546875e+00
1.764354705810546875e+00
1.764354705810546875e+00
1.764354705810546875e+00
1.764354705810546875e+00
1.597604274749755859e+00
1.597604274749755859e+00
1.597604274749755859e+00
1.597604274749755859e+00
5.154995918273925781e-01
5.154995918273925781e-01
5.154995918273925781e-01
5.154995918273925781e-01
5.154995918273925781e-01
5.939238071441650391e-01
5.939238071441650391e-01
5.939238071441650391e-01
5.939238071441650391e-01
5.939238071441650391e-01
5.939238071441650391e-01
5.939238071441650391e-01
5.939238071441650391e-01
5.939238071441650391e-01
1.738985180854797363e+00
1.011873960494995117e+00
1.011873960494995117e+00
3.551896810531616211e+00
7.727137565612792969e+00
2.294997692108154297e+00
1.308166980743408203e+00
1.308166980743408203e+00
1.308166980743408203e+00
1.308166980743408203e+00
1.308166980743408203e+00
1.308166980743408203e+00
1.308166980743408203e+00
1.308166980743408203e+00
1.044510960578918457e+00
1.044510960578918457e+00
1.461595296859741211e+00
1.461595296859741211e+00
1.461595296859741211e+00
1.461595296859741211e+00
2.519181966781616211e+00
2.519181966781616211e+00
2.519181966781616211e+00
9.444159269332885742e-01
7.073342800140380859e-01
7.073342800140380859e-01
7.073342800140380859e-01
7.073342800140380859e-01
7.073342800140380859e-01
7.073342800140380859e-01
7.073342800140380859e-01
7.073342800140380859e-01
1.077975034713745117e+00
9.868045449256896973e-01
9.868045449256896973e-01
9.868045449256896973e-01
9.868045449256896973e-01
5.060162544250488281e-01
5.060162544250488281e-01
5.060162544250488281e-01
5.060162544250488281e-01
5.060162544250488281e-01
5.060162544250488281e-01
5.060162544250488281e-01
5.060162544250488281e-01
5.060162544250488281e-01
8.386095166206359863e-01
8.386095166206359863e-01
8.386095166206359863e-01
8.386095166206359863e-01
2.377807617187500000e+00
2.377807617187500000e+00
3.534928321838378906e+00
2.708538532257080078e+00
1.128019094467163086e+00
1.128019094467163086e+00
1.048824310302734375e+00
1.048824310302734375e+00
1.048824310302734375e+00
1.048824310302734375e+00
1.048824310302734375e+00
1.048824310302734375e+00
1.048824310302734375e+00
1.048824310302734375e+00
2.661719322204589844e+00
2.661719322204589844e+00
1.371336340904235840e+00
1.371336340904235840e+00
1.371336340904235840e+00
1.371336340904235840e+00
1.371336340904235840e+00
1.371336340904235840e+00
1.371336340904235840e+00
1.371336340904235840e+00
1.371336340904235840e+00
1.371336340904235840e+00
1.371336340904235840e+00
1.371336340904235840e+00
1.371336340904235840e+00
1.371336340904235840e+00
1.371336340904235840e+00
1.371336340904235840e+00
1.371336340904235840e+00
1.371336340904235840e+00
1.371336340904235840e+00
1.371336340904235840e+00
1.371336340904235840e+00
8.784236311912536621e-01
8.784236311912536621e-01
8.784236311912536621e-01
2.396475791931152344e+00
2.811174631118774414e+00
2.811174631118774414e+00
2.811174631118774414e+00
2.811174631118774414e+00
2.811174631118774414e+00
2.953765392303466797e+00
2.953765392303466797e+00
2.953765392303466797e+00
2.230840444564819336e+00
2.230840444564819336e+00
1.409627199172973633e+00
1.575200080871582031e+00
1.575200080871582031e+00
2.887196540832519531e+00
2.182051181793212891e+00
2.182051181793212891e+00
2.182051181793212891e+00
2.391741275787353516e+00
2.391741275787353516e+00
2.391741275787353516e+00
3.718355178833007812e+00
5.002800941467285156e+00
5.002800941467285156e+00
7.012960910797119141e+00
7.012960910797119141e+00
7.012960910797119141e+00
5.436605453491210938e+00
5.436605453491210938e+00
5.436605453491210938e+00
5.577361583709716797e+00
5.577361583709716797e+00
6.151489734649658203e+00
6.151489734649658203e+00
6.151489734649658203e+00
5.789829254150390625e+00
1.324032783508300781e+00
1.324032783508300781e+00
1.324032783508300781e+00
1.324032783508300781e+00
1.324032783508300781e+00
1.324032783508300781e+00
1.324032783508300781e+00
1.324032783508300781e+00
1.324032783508300781e+00
1.324032783508300781e+00
1.324032783508300781e+00
3.792165517807006836e-01
3.792165517807006836e-01
3.221288204193115234e+00
3.221288204193115234e+00
1.823952317237854004e+00
7.371611595153808594e-01
7.371611595153808594e-01
7.839549779891967773e-01
1.064303040504455566e+00
3.048934698104858398e+00
3.048934698104858398e+00
2.377312660217285156e+00
2.377312660217285156e+00
4.963247776031494141e-01
4.963247776031494141e-01
4.963247776031494141e-01
4.963247776031494141e-01
4.963247776031494141e-01
1.227966427803039551e+00
3.641589283943176270e-01
3.641589283943176270e-01
3.641589283943176270e-01
3.757457256317138672e+00
1.094033241271972656e+00
1.094033241271972656e+00
1.094033241271972656e+00
1.094033241271972656e+00
1.094033241271972656e+00
1.094033241271972656e+00
1.940509080886840820e+00
1.940509080886840820e+00
1.389849662780761719e+00
1.389849662780761719e+00
1.389849662780761719e+00
1.389849662780761719e+00
1.389849662780761719e+00
1.389849662780761719e+00
1.389849662780761719e+00
1.389849662780761719e+00
1.389849662780761719e+00
1.365100979804992676e+00
1.365100979804992676e+00
1.365100979804992676e+00
1.365100979804992676e+00
8.992524147033691406e-01
1.864439129829406738e+00
1.864439129829406738e+00
1.864439129829406738e+00
1.864439129829406738e+00
4.028851985931396484e-01
4.028851985931396484e-01
1.582808494567871094e+00
7.224351763725280762e-01
3.112338542938232422e+00
2.227156400680541992e+00
2.227156400680541992e+00
2.227156400680541992e+00
2.227156400680541992e+00
1.743439078330993652e+00
1.743439078330993652e+00
1.743439078330993652e+00
4.816620349884033203e-01
4.816620349884033203e-01
4.816620349884033203e-01
4.816620349884033203e-01
7.555248737335205078e-01
7.555248737335205078e-01
7.555248737335205078e-01
2.116432666778564453e+00
2.116432666778564453e+00
2.116432666778564453e+00
2.116432666778564453e+00
1.047564268112182617e+00
1.047564268112182617e+00
1.047564268112182617e+00
1.047564268112182617e+00
1.047564268112182617e+00
1.047564268112182617e+00
1.047564268112182617e+00
2.132054328918457031e+00
2.132054328918457031e+00
2.132054328918457031e+00
1.270690917968750000e+00
1.096025109291076660e+00
1.096025109291076660e+00
2.251462936401367188e+00
4.413531303405761719e+00
4.346720695495605469e+00
4.346720695495605469e+00
3.900099277496337891e+00
1.912032127380371094e+00
1.912032127380371094e+00
1.912032127380371094e+00
1.912032127380371094e+00
1.673044800758361816e+00
1.673044800758361816e+00
1.673044800758361816e+00
1.673044800758361816e+00
1.673044800758361816e+00
2.613551616668701172e+00
2.613551616668701172e+00
1.378178358078002930e+00
1.401235938072204590e+00
1.401235938072204590e+00
6.976913809776306152e-01
6.976913809776306152e-01
6.976913809776306152e-01
6.976913809776306152e-01
6.976913809776306152e-01
6.976913809776306152e-01
6.976913809776306152e-01
6.976913809776306152e-01
6.976913809776306152e-01
7.958347201347351074e-01
7.958347201347351074e-01
3.270874977111816406e+00
3.270874977111816406e+00
7.344086170196533203e-01
7.344086170196533203e-01
7.344086170196533203e-01
7.344086170196533203e-01
7.344086170196533203e-01
5.912919044494628906e-01
5.912919044494628906e-01
5.912919044494628906e-01
8.454258441925048828e-01
8.454258441925048828e-01
8.454258441925048828e-01
8.454258441925048828e-01
8.454258441925048828e-01
8.454258441925048828e-01
1.880900502204895020e+00
3.342741250991821289e+00
2.305613279342651367e+00
2.305613279342651367e+00
3.041620016098022461e+00
3.041620016098022461e+00
3.041620016098022461e+00
3.041620016098022461e+00
3.041620016098022461e+00
3.041620016098022461e+00
3.632623195648193359e+00
1.561651706695556641e+00
1.561651706695556641e+00
1.561651706695556641e+00
1.561651706695556641e+00
1.561651706695556641e+00
4.872534275054931641e+00
5.652307510375976562e+00
5.652307510375976562e+00
1.067794418334960938e+01
9.072833061218261719e+00
5.238664627075195312e+00
5.238664627075195312e+00
5.238664627075195312e+00
5.238664627075195312e+00
5.238664627075195312e+00
5.238664627075195312e+00
5.238664627075195312e+00
4.991135597229003906e+00
5.723140239715576172e+00
4.758183002471923828e+00
4.758183002471923828e+00
7.288560867309570312e-01
7.288560867309570312e-01
7.288560867309570312e-01
7.288560867309570312e-01
1.948712944984436035e+00
7.827483415603637695e-01
7.827483415603637695e-01
7.827483415603637695e-01
7.827483415603637695e-01
7.827483415603637695e-01
7.827483415603637695e-01
7.827483415603637695e-01
7.827483415603637695e-01
7.827483415603637695e-01
7.827483415603637695e-01
7.827483415603637695e-01
7.827483415603637695e-01
7.827483415603637695e-01
9.562999606132507324e-01
9.562999606132507324e-01
6.440598368644714355e-01
6.440598368644714355e-01
6.440598368644714355e-01
6.440598368644714355e-01
6.440598368644714355e-01
1.338972210884094238e+00
1.338972210884094238e+00
1.338972210884094238e+00
1.186278581619262695e+00
1.186278581619262695e+00
1.186278581619262695e+00
1.186278581619262695e+00
1.186278581619262695e+00
1.186278581619262695e+00
1.186278581619262695e+00
1.186278581619262695e+00
1.186278581619262695e+00
1.186278581619262695e+00
1.186278581619262695e+00
1.186278581619262695e+00
1.186278581619262695e+00
1.186278581619262695e+00
1.186278581619262695e+00
5.316352844238281250e-01
5.316352844238281250e-01
5.316352844238281250e-01
5.316352844238281250e-01
5.316352844238281250e-01
5.316352844238281250e-01
5.316352844238281250e-01
5.316352844238281250e-01
5.316352844238281250e-01
5.316352844238281250e-01
2.044096231460571289e+00
2.105681419372558594e+00
2.105681419372558594e+00
2.105681419372558594e+00
3.451991319656372070e+00
3.451991319656372070e+00
3.451991319656372070e+00
3.135143995285034180e+00
3.135143995285034180e+00
1.264126300811767578e+00
9.222738742828369141e-01
9.222738742828369141e-01
1.702358603477478027e+00
1.702358603477478027e+00
6.015805006027221680e-01
6.015805006027221680e-01
6.015805006027221680e-01
6.015805006027221680e-01
6.015805006027221680e-01
6.015805006027221680e-01
6.015805006027221680e-01
6.015805006027221680e-01
6.015805006027221680e-01
6.015805006027221680e-01
6.015805006027221680e-01
6.015805006027221680e-01
6.015805006027221680e-01
6.015805006027221680e-01
6.015805006027221680e-01
6.015805006027221680e-01
6.015805006027221680e-01
6.015805006027221680e-01
6.015805006027221680e-01
6.015805006027221680e-01
6.015805006027221680e-01
6.015805006027221680e-01
6.015805006027221680e-01
6.015805006027221680e-01
1.830957770347595215e+00
2.412151098251342773e+00
2.412151098251342773e+00
2.412151098251342773e+00
2.412151098251342773e+00
2.412151098251342773e+00
2.412151098251342773e+00
2.412151098251342773e+00
1.253315687179565430e+00
1.654062509536743164e+00
1.654062509536743164e+00
1.654062509536743164e+00
1.654062509536743164e+00
1.333762645721435547e+00
1.333762645721435547e+00
1.333762645721435547e+00
1.333762645721435547e+00
1.333762645721435547e+00
1.333762645721435547e+00
4.768726348876953125e+00
8.133437633514404297e-01
8.133437633514404297e-01
8.133437633514404297e-01
8.133437633514404297e-01
8.133437633514404297e-01
6.334922909736633301e-01
6.334922909736633301e-01
6.334922909736633301e-01
6.334922909736633301e-01
6.334922909736633301e-01
6.334922909736633301e-01
6.334922909736633301e-01
4.193681716918945312e+00
4.460542201995849609e+00
1.381583690643310547e+00
1.176872372627258301e+00
1.176872372627258301e+00
1.176872372627258301e+00
1.176872372627258301e+00
2.581505298614501953e+00
2.581505298614501953e+00
2.581505298614501953e+00
2.581505298614501953e+00
2.581505298614501953e+00
2.581505298614501953e+00
1.885499954223632812e+00
1.782319784164428711e+00
1.782319784164428711e+00
1.782319784164428711e+00
1.782319784164428711e+00
1.782319784164428711e+00
1.782319784164428711e+00
1.782319784164428711e+00
6.756143569946289062e-01
6.756143569946289062e-01
6.756143569946289062e-01
6.756143569946289062e-01
6.756143569946289062e-01
6.756143569946289062e-01
6.756143569946289062e-01
2.303137779235839844e+00
2.303137779235839844e+00
1.963310837745666504e+00
2.683580875396728516e+00
2.683580875396728516e+00
2.683580875396728516e+00
3.285341262817382812e+00
4.274837493896484375e+00
9.805946350097656250e-01
9.805946350097656250e-01
9.805946350097656250e-01
9.805946350097656250e-01
9.805946350097656250e-01
2.267097473144531250e+00
2.267097473144531250e+00
7.680640220642089844e-01
7.680640220642089844e-01
7.680640220642089844e-01
2.402041673660278320e+00
2.526946067810058594e+00
2.526946067810058594e+00
8.568043708801269531e-01
1.254284501075744629e+00
1.254284501075744629e+00
1.254284501075744629e+00
6.905864477157592773e-01
6.905864477157592773e-01
7.153734564781188965e-01
1.440358400344848633e+00
1.440358400344848633e+00
3.747586727142333984e+00
3.747586727142333984e+00
3.826853752136230469e+00
2.016217947006225586e+00
2.016217947006225586e+00
2.016217947006225586e+00
1.882878303527832031e+00
1.882878303527832031e+00
3.213273763656616211e+00
3.213273763656616211e+00
2.294051170349121094e+00
2.294051170349121094e+00
2.294051170349121094e+00
2.294051170349121094e+00
2.294051170349121094e+00
2.294051170349121094e+00
3.348238468170166016e+00
9.653027057647705078e-01
9.653027057647705078e-01
9.653027057647705078e-01
9.653027057647705078e-01
9.653027057647705078e-01
9.653027057647705078e-01
9.653027057647705078e-01
4.047252535820007324e-01
4.047252535820007324e-01
4.047252535820007324e-01
4.047252535820007324e-01
2.374760150909423828e+00
2.374760150909423828e+00
1.304409265518188477e+00
1.304409265518188477e+00
1.304409265518188477e+00
1.304409265518188477e+00
1.304409265518188477e+00
1.128200411796569824e+00
9.385296106338500977e-01
9.385296106338500977e-01
9.385296106338500977e-01
9.385296106338500977e-01
9.385296106338500977e-01
9.385296106338500977e-01
9.385296106338500977e-01
9.385296106338500977e-01
9.385296106338500977e-01
9.385296106338500977e-01
9.385296106338500977e-01
9.385296106338500977e-01
9.385296106338500977e-01
9.385296106338500977e-01
9.385296106338500977e-01
9.385296106338500977e-01
9.385296106338500977e-01
9.385296106338500977e-01
9.385296106338500977e-01
9.385296106338500977e-01
1.644190788269042969e+00
1.644190788269042969e+00
1.644190788269042969e+00
1.644190788269042969e+00
2.121833324432373047e+00
2.121833324432373047e+00
2.121833324432373047e+00
2.121833324432373047e+00
2.229825019836425781e+00
2.494391202926635742e+00
2.842465162277221680e+00
2.842465162277221680e+00
1.196019887924194336e+00
1.196019887924194336e+00
1.196019887924194336e+00
1.885358810424804688e+00
1.885358810424804688e+00
1.885358810424804688e+00
2.199921131134033203e+00
2.199921131134033203e+00
2.199921131134033203e+00
2.199921131134033203e+00
2.199921131134033203e+00
2.199921131134033203e+00
2.199921131134033203e+00
2.414705038070678711e+00
2.414705038070678711e+00
2.414705038070678711e+00
1.898471355438232422e+00
2.105749368667602539e+00
6.476246118545532227e-01
6.476246118545532227e-01
6.476246118545532227e-01
6.476246118545532227e-01
6.476246118545532227e-01
6.476246118545532227e-01
6.476246118545532227e-01
6.476246118545532227e-01
6.476246118545532227e-01
6.476246118545532227e-01
6.476246118545532227e-01
6.476246118545532227e-01
6.476246118545532227e-01
6.476246118545532227e-01
6.476246118545532227e-01
8.458503484725952148e-01
8.458503484725952148e-01
8.458503484725952148e-01
8.458503484725952148e-01
8.458503484725952148e-01
1.672533273696899414e+00
1.672533273696899414e+00
1.672533273696899414e+00
5.254707336425781250e+00
5.557894706726074219e+00
9.048099517822265625e+00
9.048099517822265625e+00
4.603672027587890625e+00
4.513831138610839844e-01
7.702938318252563477e-01
7.702938318252563477e-01
6.021738052368164062e-01
6.021738052368164062e-01
8.958795666694641113e-01
1.020512700080871582e+00
1.020512700080871582e+00
1.020512700080871582e+00
1.020512700080871582e+00
1.020512700080871582e+00
1.020512700080871582e+00
1.020512700080871582e+00
6.339551210403442383e-01
6.339551210403442383e-01
6.339551210403442383e-01
6.339551210403442383e-01
6.339551210403442383e-01
6.339551210403442383e-01
6.339551210403442383e-01
6.339551210403442383e-01
6.339551210403442383e-01
6.339551210403442383e-01
6.339551210403442383e-01
9.255051612854003906e-01
9.255051612854003906e-01
9.255051612854003906e-01
9.255051612854003906e-01
9.255051612854003906e-01
2.186986446380615234e+00
2.186986446380615234e+00
2.186986446380615234e+00
1.347434282302856445e+00
2.271094560623168945e+00
2.271094560623168945e+00
2.271094560623168945e+00
2.271094560623168945e+00
2.271094560623168945e+00
2.271094560623168945e+00
4.686411857604980469e+00
4.662404060363769531e+00
6.613300800323486328e+00
6.613300800323486328e+00
7.089466094970703125e+00
7.089466094970703125e+00
7.547038555145263672e+00
1.058156013488769531e+01
1.058156013488769531e+01
1.058156013488769531e+01
8.802566528320312500e+00
4.621819019317626953e+00
4.144205570220947266e+00
4.144205570220947266e+00
4.144205570220947266e+00
4.144205570220947266e+00
4.169511795043945312e+00
2.895598411560058594e-01
2.895598411560058594e-01
3.368436813354492188e+00
3.368436813354492188e+00
3.368436813354492188e+00
2.975754022598266602e+00
3.152971267700195312e+00
3.152971267700195312e+00
3.152971267700195312e+00
3.152971267700195312e+00
3.152971267700195312e+00
2.683329582214355469e+00
1.662267804145812988e+00
6.074688434600830078e+00
6.074688434600830078e+00
3.739327907562255859e+00
3.937695741653442383e+00
1.861020326614379883e+00
2.720920801162719727e+00
2.720920801162719727e+00
2.720920801162719727e+00
1.336347818374633789e+00
1.336347818374633789e+00
1.336347818374633789e+00
1.336347818374633789e+00
1.336347818374633789e+00
1.336347818374633789e+00
7.811776995658874512e-01
1.508927941322326660e+00
1.508927941322326660e+00
1.508927941322326660e+00
1.508927941322326660e+00
2.227449417114257812e+00
2.227449417114257812e+00
9.429253339767456055e-01
6.494874954223632812e-01
6.494874954223632812e-01
6.494874954223632812e-01
4.078866839408874512e-01
4.078866839408874512e-01
7.818312644958496094e-01
3.587616086006164551e-01
3.587616086006164551e-01
3.738562464714050293e-01
3.738562464714050293e-01
3.135504961013793945e+00
1.793759584426879883e+00
1.793759584426879883e+00
1.793759584426879883e+00
1.793759584426879883e+00
1.793759584426879883e+00
1.793759584426879883e+00
1.958708167076110840e+00
3.270647525787353516e+00
3.270647525787353516e+00
3.270647525787353516e+00
5.877625942230224609e-01
5.877625942230224609e-01
5.877625942230224609e-01
1.696531176567077637e+00
1.696531176567077637e+00
1.696531176567077637e+00
1.667215347290039062e+00
1.667215347290039062e+00
1.667215347290039062e+00
1.667215347290039062e+00
1.667215347290039062e+00
1.458514332771301270e+00
1.458514332771301270e+00
1.458514332771301270e+00
1.458514332771301270e+00
1.458514332771301270e+00
1.458514332771301270e+00
1.614816188812255859e+00
1.523230433464050293e+00
1.189665198326110840e+00
1.189665198326110840e+00
1.189665198326110840e+00
1.189665198326110840e+00
1.189665198326110840e+00
1.189665198326110840e+00
1.189665198326110840e+00
1.189665198326110840e+00
2.591851711273193359e+00
1.754551649093627930e+00
1.754551649093627930e+00
1.754551649093627930e+00
1.754551649093627930e+00
1.754551649093627930e+00
1.754551649093627930e+00
2.314392805099487305e+00
2.314392805099487305e+00
2.162927865982055664e+00
3.495634794235229492e+00
3.495634794235229492e+00
3.495634794235229492e+00
3.495634794235229492e+00
1.320616245269775391e+00
1.320616245269775391e+00
1.664179205894470215e+00
1.664179205894470215e+00
1.664179205894470215e+00
1.664179205894470215e+00
1.888968348503112793e+00
1.888968348503112793e+00
1.888968348503112793e+00
1.888968348503112793e+00
1.888968348503112793e+00
1.888968348503112793e+00
1.888968348503112793e+00
1.888968348503112793e+00
2.728769302368164062e+00
1.765204429626464844e+00
1.765204429626464844e+00
2.718573331832885742e+00
2.718573331832885742e+00
2.718573331832885742e+00
2.749755859375000000e+00
1.206319093704223633e+00
1.185927987098693848e+00
1.185927987098693848e+00
1.185927987098693848e+00
1.185927987098693848e+00
1.185927987098693848e+00
1.185927987098693848e+00
1.185927987098693848e+00
1.334430575370788574e+00
1.334430575370788574e+00
1.334430575370788574e+00
1.334430575370788574e+00
1.404006600379943848e+00
2.230062246322631836e+00
2.145542144775390625e+00
4.358152151107788086e-01
1.581792116165161133e+00
1.581792116165161133e+00
1.581792116165161133e+00
1.581792116165161133e+00
1.581792116165161133e+00
1.581792116165161133e+00
1.581792116165161133e+00
1.581792116165161133e+00
1.581792116165161133e+00
3.491162300109863281e+00
3.491162300109863281e+00
2.502636432647705078e+00
3.471227645874023438e+00
3.471227645874023438e+00
3.471227645874023438e+00
3.471227645874023438e+00
3.471227645874023438e+00
2.847969770431518555e+00
2.847969770431518555e+00
2.847969770431518555e+00
3.256072759628295898e+00
5.895457267761230469e-01
1.039108633995056152e+00
1.039108633995056152e+00
1.039108633995056152e+00
3.004789590835571289e+00
2.252756118774414062e+00
2.252756118774414062e+00
2.252756118774414062e+00
2.252756118774414062e+00
2.360737562179565430e+00
3.556774854660034180e+00
4.522232055664062500e+00
4.522232055664062500e+00
1.950392961502075195e+00
1.950392961502075195e+00
1.950392961502075195e+00
2.028556346893310547e+00
2.028556346893310547e+00
2.028556346893310547e+00
2.028556346893310547e+00
1.586622595787048340e+00
1.586622595787048340e+00
1.586622595787048340e+00
7.892987132072448730e-01
7.892987132072448730e-01
2.105460643768310547e+00
2.105460643768310547e+00
2.105460643768310547e+00
3.039319515228271484e+00
5.249493122100830078e-01
5.249493122100830078e-01
5.249493122100830078e-01
1.300130605697631836e+00
1.300130605697631836e+00
1.300130605697631836e+00
1.300130605697631836e+00
1.300130605697631836e+00
7.144213914871215820e-01
7.144213914871215820e-01
7.144213914871215820e-01
7.144213914871215820e-01
7.144213914871215820e-01
7.144213914871215820e-01
7.144213914871215820e-01
7.144213914871215820e-01
7.144213914871215820e-01
7.144213914871215820e-01
7.144213914871215820e-01
7.144213914871215820e-01
7.144213914871215820e-01
7.144213914871215820e-01
7.144213914871215820e-01
7.144213914871215820e-01
7.144213914871215820e-01
7.144213914871215820e-01
7.144213914871215820e-01
7.144213914871215820e-01
7.144213914871215820e-01
2.221780300140380859e+00
2.221780300140380859e+00
2.221780300140380859e+00
6.588731288909912109e+00
6.588731288909912109e+00
6.746012210845947266e+00
4.257469177246093750e+00
3.907134056091308594e+00
1.495805263519287109e+00
1.495805263519287109e+00
1.495805263519287109e+00
1.495805263519287109e+00
1.495805263519287109e+00
1.495805263519287109e+00
1.495805263519287109e+00
1.495805263519287109e+00
2.314656257629394531e+00
1.828945755958557129e+00
2.098078489303588867e+00
2.098078489303588867e+00
2.098078489303588867e+00
1.860954284667968750e+00
1.860954284667968750e+00
1.860954284667968750e+00
1.732854247093200684e+00
1.732854247093200684e+00
1.732854247093200684e+00
3.368916511535644531e+00
1.573319911956787109e+00
3.080828905105590820e+00
1.569434881210327148e+00
1.569434881210327148e+00
2.819904088973999023e-01
1.027056932449340820e+00
1.027056932449340820e+00
1.632506608963012695e+00
1.632506608963012695e+00
1.632506608963012695e+00
1.672587871551513672e+00
2.568199157714843750e+00
2.568199157714843750e+00
2.568199157714843750e+00
2.583271265029907227e+00
2.550617694854736328e+00
2.550617694854736328e+00
2.550617694854736328e+00
2.550617694854736328e+00
2.550617694854736328e+00
1.484015583992004395e+00
1.484015583992004395e+00
1.484015583992004395e+00
1.677615404129028320e+00
1.677615404129028320e+00
8.913203477859497070e-01
8.913203477859497070e-01
8.913203477859497070e-01
8.913203477859497070e-01
8.913203477859497070e-01
8.913203477859497070e-01
8.913203477859497070e-01
2.183466196060180664e+00
2.947743177413940430e+00
2.947743177413940430e+00
2.008411407470703125e+00
2.008411407470703125e+00
7.257858514785766602e-01
7.257858514785766602e-01
7.257858514785766602e-01
7.257858514785766602e-01
1.895090579986572266e+00
1.895090579986572266e+00
1.770297527313232422e+00
1.770297527313232422e+00
1.819159626960754395e+00
1.819159626960754395e+00
1.819159626960754395e+00
1.819159626960754395e+00
1.819159626960754395e+00
1.819159626960754395e+00
1.819159626960754395e+00
3.389623165130615234e+00
4.102037429809570312e+00
1.654999017715454102e+00
1.654999017715454102e+00
1.654999017715454102e+00
2.382352113723754883e+00
2.382352113723754883e+00
2.382352113723754883e+00
2.094440698623657227e+00
2.094440698623657227e+00
2.094440698623657227e+00
1.810453891754150391e+00
1.810453891754150391e+00
1.810453891754150391e+00
1.810453891754150391e+00
1.810453891754150391e+00
1.810453891754150391e+00
1.810453891754150391e+00
5.899123668670654297e+00
4.599115848541259766e+00
6.819509029388427734e+00
1.901615142822265625e+00
1.131510972976684570e+00
1.789634466171264648e+00
9.760705232620239258e-01
9.760705232620239258e-01
6.057307720184326172e-01
6.057307720184326172e-01
6.057307720184326172e-01
6.057307720184326172e-01
1.455346822738647461e+00
1.455346822738647461e+00
1.455346822738647461e+00
1.455346822738647461e+00
1.455346822738647461e+00
1.455346822738647461e+00
1.813228845596313477e+00
1.813228845596313477e+00
1.813228845596313477e+00
1.813228845596313477e+00
1.813228845596313477e+00
1.011002779006958008e+00
1.011002779006958008e+00
1.011002779006958008e+00
1.011002779006958008e+00
1.011002779006958008e+00
1.011002779006958008e+00
1.011002779006958008e+00
1.011002779006958008e+00
1.011002779006958008e+00
1.011002779006958008e+00
1.011002779006958008e+00
1.011002779006958008e+00
1.011002779006958008e+00
5.809192657470703125e-01
1.506045937538146973e+00
1.506045937538146973e+00
1.506045937538146973e+00
1.506045937538146973e+00
1.506045937538146973e+00
1.506045937538146973e+00
1.506045937538146973e+00
2.265711307525634766e+00
2.265711307525634766e+00
1.026028513908386230e+00
1.026028513908386230e+00
1.026028513908386230e+00
1.026028513908386230e+00
1.026028513908386230e+00
1.026028513908386230e+00
1.026028513908386230e+00
1.026028513908386230e+00
1.026028513908386230e+00
6.936074495315551758e-01
6.936074495315551758e-01
6.936074495315551758e-01
6.936074495315551758e-01
6.936074495315551758e-01
6.936074495315551758e-01
6.936074495315551758e-01
6.936074495315551758e-01
2.036298990249633789e+00
2.183909177780151367e+00
1.674287319183349609e+00
1.674287319183349609e+00
1.674287319183349609e+00
1.674287319183349609e+00
1.674287319183349609e+00
1.674287319183349609e+00
1.674287319183349609e+00
1.369851589202880859e+00
1.369851589202880859e+00
1.369851589202880859e+00
1.369851589202880859e+00
1.369851589202880859e+00
1.369851589202880859e+00
1.369851589202880859e+00
9.343395233154296875e-01
9.343395233154296875e-01
9.343395233154296875e-01
9.343395233154296875e-01
9.343395233154296875e-01
9.343395233154296875e-01
9.343395233154296875e-01
9.343395233154296875e-01
9.343395233154296875e-01
9.343395233154296875e-01
2.349791288375854492e+00
4.230588912963867188e+00
2.879628181457519531e+00
1.454536080360412598e+00
1.454536080360412598e+00
1.454536080360412598e+00
1.454536080360412598e+00
2.263761520385742188e+00
2.690771579742431641e+00
4.347129821777343750e+00
4.347129821777343750e+00
4.347129821777343750e+00
3.894678115844726562e+00
1.977377295494079590e+00
1.977377295494079590e+00
3.601485252380371094e+00
5.497443675994873047e-01
5.497443675994873047e-01
5.497443675994873047e-01
5.497443675994873047e-01
5.497443675994873047e-01
5.497443675994873047e-01
5.497443675994873047e-01
1.331990122795104980e+00
1.328089237213134766e+00
1.328089237213134766e+00
1.328089237213134766e+00
1.328089237213134766e+00
1.328089237213134766e+00
1.328089237213134766e+00
1.328089237213134766e+00
1.328089237213134766e+00
1.328089237213134766e+00
1.538279652595520020e+00
1.538279652595520020e+00
2.430416584014892578e+00
2.430416584014892578e+00
2.430416584014892578e+00
2.936053514480590820e+00
2.936053514480590820e+00
3.360694169998168945e+00
3.481424808502197266e+00
1.069752931594848633e+00
7.460609674453735352e-01
7.460609674453735352e-01
7.460609674453735352e-01
7.460609674453735352e-01
7.460609674453735352e-01
7.460609674453735352e-01
7.460609674453735352e-01
1.941675424575805664e+00
1.941675424575805664e+00
1.941675424575805664e+00
7.549204826354980469e-01
7.549204826354980469e-01
7.549204826354980469e-01
7.549204826354980469e-01
7.549204826354980469e-01
7.549204826354980469e-01
7.549204826354980469e-01
7.549204826354980469e-01
7.549204826354980469e-01
7.549204826354980469e-01
7.549204826354980469e-01
7.549204826354980469e-01
7.549204826354980469e-01
7.549204826354980469e-01
7.549204826354980469e-01
1.479482650756835938e+00
1.479482650756835938e+00
1.479482650756835938e+00
1.479482650756835938e+00
1.082584857940673828e+00
1.727451443672180176e+00
1.643470048904418945e+00
7.963969111442565918e-01
7.963969111442565918e-01
6.434104442596435547e-01
6.434104442596435547e-01
6.434104442596435547e-01
6.434104442596435547e-01
6.434104442596435547e-01
6.434104442596435547e-01
6.434104442596435547e-01
6.434104442596435547e-01
1.148093104362487793e+00
1.148093104362487793e+00
1.148093104362487793e+00
1.148093104362487793e+00
1.148093104362487793e+00
1.148093104362487793e+00
1.148093104362487793e+00
1.569100022315979004e+00
1.569100022315979004e+00
1.569100022315979004e+00
1.569100022315979004e+00
1.569100022315979004e+00
1.159611463546752930e+00
1.159611463546752930e+00
1.159611463546752930e+00
1.159611463546752930e+00
1.505712509155273438e+00
1.505712509155273438e+00
1.505712509155273438e+00
1.505712509155273438e+00
1.505712509155273438e+00
1.505712509155273438e+00
3.082342147827148438e+00
3.082342147827148438e+00
3.082342147827148438e+00
3.082342147827148438e+00
3.389300346374511719e+00
3.389300346374511719e+00
3.281459093093872070e+00
3.281459093093872070e+00
1.596861004829406738e+00
1.022257089614868164e+00
1.022257089614868164e+00
1.022257089614868164e+00
1.022257089614868164e+00
2.315502166748046875e+00
1.475320339202880859e+00
1.475320339202880859e+00
1.475320339202880859e+00
1.475320339202880859e+00
7.747735500335693359e+00
8.843599319458007812e+00
9.753285408020019531e+00
3.045907020568847656e+00
3.045907020568847656e+00
6.886162757873535156e-01
6.886162757873535156e-01
6.886162757873535156e-01
6.886162757873535156e-01
6.886162757873535156e-01
6.886162757873535156e-01
7.029877901077270508e-01
7.029877901077270508e-01
1.398848652839660645e+00
1.441118001937866211e+00
1.441118001937866211e+00
1.441118001937866211e+00
9.748866558074951172e-01
9.748866558074951172e-01
9.748866558074951172e-01
9.748866558074951172e-01
5.420479774475097656e-01
5.420479774475097656e-01
5.420479774475097656e-01
5.420479774475097656e-01
5.420479774475097656e-01
5.420479774475097656e-01
5.420479774475097656e-01
3.277759552001953125e+00
4.129854202270507812e+00
4.129854202270507812e+00
1.534736871719360352e+00
1.845138549804687500e+00
1.845138549804687500e+00
1.845138549804687500e+00
1.845138549804687500e+00
1.845138549804687500e+00
2.384582042694091797e+00
2.384582042694091797e+00
2.384582042694091797e+00
2.384582042694091797e+00
2.384582042694091797e+00
2.384582042694091797e+00
2.384582042694091797e+00
2.384582042694091797e+00
5.014298439025878906e+00
5.014298439025878906e+00
5.014298439025878906e+00
8.053755760192871094e-01
2.393869161605834961e+00
2.393869161605834961e+00
2.393869161605834961e+00
2.393869161605834961e+00
2.393869161605834961e+00
2.393869161605834961e+00
2.393869161605834961e+00
2.393869161605834961e+00
2.322232246398925781e+00
2.322232246398925781e+00
2.990822076797485352e+00
2.990822076797485352e+00
2.990822076797485352e+00
2.990822076797485352e+00
2.990822076797485352e+00
9.403383731842041016e-01
9.403383731842041016e-01
9.403383731842041016e-01
9.403383731842041016e-01
1.499212622642517090e+00
1.499212622642517090e+00
1.499212622642517090e+00
7.459415197372436523e-01
7.459415197372436523e-01
7.459415197372436523e-01
7.459415197372436523e-01
8.942745327949523926e-01
1.641575932502746582e+00
1.641575932502746582e+00
1.641575932502746582e+00
1.641575932502746582e+00
8.525257706642150879e-01
8.525257706642150879e-01
8.525257706642150879e-01
8.525257706642150879e-01
1.438890099525451660e+00
1.438890099525451660e+00
1.438890099525451660e+00
1.438890099525451660e+00
1.438890099525451660e+00
1.438890099525451660e+00
1.438890099525451660e+00
1.438890099525451660e+00
1.438890099525451660e+00
1.438890099525451660e+00
1.438890099525451660e+00
1.438890099525451660e+00
1.277936816215515137e+00
2.464087963104248047e+00
2.464087963104248047e+00
2.464087963104248047e+00
4.013947486877441406e+00
3.083108901977539062e+00
7.236952781677246094e-01
7.236952781677246094e-01
1.987995743751525879e+00
1.987995743751525879e+00
1.901214241981506348e+00
1.436672210693359375e+00
1.436672210693359375e+00
9.456331729888916016e-01
1.783014774322509766e+00
1.783014774322509766e+00
1.783014774322509766e+00
1.783014774322509766e+00
1.783014774322509766e+00
1.783014774322509766e+00
2.907657146453857422e+00
2.907657146453857422e+00
2.907657146453857422e+00
2.992060661315917969e+00
2.992060661315917969e+00
2.992060661315917969e+00
2.992060661315917969e+00
2.992060661315917969e+00
2.948029041290283203e+00
3.751338958740234375e+00
4.323884487152099609e+00
1.869763851165771484e+00
3.123223543167114258e+00
3.123223543167114258e+00
3.123223543167114258e+00
3.123223543167114258e+00
3.123223543167114258e+00
5.803375244140625000e-01
8.009333610534667969e-01
2.122854709625244141e+00
1.424618959426879883e+00
1.297959566116333008e+00
1.297959566116333008e+00
1.297959566116333008e+00
1.297959566116333008e+00
1.297959566116333008e+00
1.297959566116333008e+00
1.297959566116333008e+00
1.297959566116333008e+00
1.297959566116333008e+00
1.297959566116333008e+00
2.080497980117797852e+00
2.080497980117797852e+00
2.080497980117797852e+00
2.080497980117797852e+00
2.080497980117797852e+00
2.080497980117797852e+00
2.080497980117797852e+00
1.331843614578247070e+00
1.331843614578247070e+00
1.331843614578247070e+00
1.171492338180541992e+00
1.171492338180541992e+00
9.010539054870605469e-01
9.010539054870605469e-01
9.010539054870605469e-01
9.010539054870605469e-01
1.376785993576049805e+00
2.787817478179931641e+00
1.749419212341308594e+00
1.749419212341308594e+00
1.749419212341308594e+00
1.749419212341308594e+00
1.749419212341308594e+00
1.749419212341308594e+00
1.749419212341308594e+00
2.539435386657714844e+00
2.539435386657714844e+00
3.688353061676025391e+00
1.307441949844360352e+00
3.714476108551025391e+00
3.707010746002197266e+00
3.707010746002197266e+00
3.707010746002197266e+00
2.604394435882568359e+00
2.604394435882568359e+00
2.004003047943115234e+00
2.004003047943115234e+00
2.004003047943115234e+00
2.004003047943115234e+00
2.004003047943115234e+00
2.004003047943115234e+00
2.098345994949340820e+00
2.098345994949340820e+00
2.098345994949340820e+00
2.098345994949340820e+00
2.098345994949340820e+00
2.098345994949340820e+00
3.063525676727294922e+00
3.063525676727294922e+00
3.063525676727294922e+00
3.063525676727294922e+00
3.063525676727294922e+00
3.063525676727294922e+00
3.063525676727294922e+00
3.118931531906127930e+00
3.118931531906127930e+00
3.118931531906127930e+00
2.486015319824218750e+00
2.486015319824218750e+00
2.301814556121826172e+00
2.449235439300537109e+00
2.055401563644409180e+00
2.055401563644409180e+00
2.055401563644409180e+00
5.584197044372558594e-01
1.718339204788208008e+00
1.324020624160766602e+00
8.163271546363830566e-01
8.163271546363830566e-01
8.163271546363830566e-01
8.163271546363830566e-01
8.163271546363830566e-01
9.119161367416381836e-01
6.059760093688964844e+00
9.672584533691406250e-01
3.650958061218261719e+00
3.650958061218261719e+00
2.086909294128417969e+00
2.086909294128417969e+00
2.086909294128417969e+00
2.086909294128417969e+00
2.086909294128417969e+00
2.086909294128417969e+00
2.086909294128417969e+00
2.086909294128417969e+00
1.556934714317321777e+00
7.493283748626708984e-01
7.493283748626708984e-01
2.118928909301757812e+00
2.118928909301757812e+00
2.118928909301757812e+00
2.125208377838134766e+00
2.125208377838134766e+00
2.125208377838134766e+00
2.130645513534545898e+00
2.130645513534545898e+00
2.130645513534545898e+00
2.130645513534545898e+00
2.130645513534545898e+00
3.341715097427368164e+00
1.002773284912109375e+00
1.002773284912109375e+00
2.782021999359130859e+00
2.782021999359130859e+00
2.782021999359130859e+00
2.782021999359130859e+00
6.117668151855468750e+00
5.894474029541015625e+00
6.624204635620117188e+00
1.185719871520996094e+01
1.177020359039306641e+01
1.237635040283203125e+01
1.075546836853027344e+01
6.146767139434814453e+00
5.355129241943359375e-01
5.355129241943359375e-01
5.355129241943359375e-01
5.355129241943359375e-01
5.355129241943359375e-01
5.355129241943359375e-01
9.169430732727050781e-01
9.169430732727050781e-01
1.481384992599487305e+00
1.481384992599487305e+00
7.886012196540832520e-01
7.886012196540832520e-01
7.886012196540832520e-01
7.834692597389221191e-01
7.834692597389221191e-01
7.834692597389221191e-01
7.834692597389221191e-01
7.834692597389221191e-01
1.082037806510925293e+00
9.958080053329467773e-01
9.958080053329467773e-01
9.958080053329467773e-01
9.958080053329467773e-01
9.958080053329467773e-01
9.958080053329467773e-01
9.958080053329467773e-01
2.600442886352539062e+00
2.600442886352539062e+00
2.600442886352539062e+00
2.600442886352539062e+00
2.600442886352539062e+00
2.600442886352539062e+00
1.252961754798889160e+00
1.252961754798889160e+00
1.252961754798889160e+00
1.453759670257568359e+00
1.679679155349731445e+00
1.679679155349731445e+00
2.374474525451660156e+00
2.374474525451660156e+00
2.374474525451660156e+00
2.374474525451660156e+00
2.276416540145874023e+00
1.837661385536193848e+00
1.837661385536193848e+00
1.326336145401000977e+00
4.577950835227966309e-01
4.577950835227966309e-01
4.577950835227966309e-01
5.796062350273132324e-01
2.405731678009033203e+00
9.798201322555541992e-01
9.798201322555541992e-01
9.798201322555541992e-01
1.002585053443908691e+00
1.002585053443908691e+00
1.002585053443908691e+00
1.002585053443908691e+00
1.002585053443908691e+00
1.002585053443908691e+00
2.493087053298950195e+00
2.493087053298950195e+00
2.493087053298950195e+00
2.493087053298950195e+00
2.493087053298950195e+00
2.493087053298950195e+00
3.828909397125244141e-01
2.896755695343017578e+00
3.735936880111694336e+00
3.433412313461303711e+00
3.709040641784667969e+00
3.709040641784667969e+00
4.290976047515869141e+00
4.290976047515869141e+00
4.290976047515869141e+00
3.280303478240966797e-01
3.217782735824584961e+00
3.217782735824584961e+00
3.217782735824584961e+00
6.241877079010009766e-01
7.854243516921997070e-01
1.381343126296997070e+00
1.381343126296997070e+00
1.381343126296997070e+00
1.381343126296997070e+00
1.381343126296997070e+00
5.399217605590820312e-01
5.399217605590820312e-01
5.399217605590820312e-01
5.399217605590820312e-01
5.399217605590820312e-01
5.399217605590820312e-01
5.399217605590820312e-01
5.399217605590820312e-01
5.399217605590820312e-01
5.399217605590820312e-01
5.399217605590820312e-01
1.828081607818603516e+00
1.828081607818603516e+00
1.828081607818603516e+00
1.828081607818603516e+00
1.656372547149658203e+00
1.162425279617309570e+00
1.064859390258789062e+00
1.329754114151000977e+00
1.329754114151000977e+00
1.329754114151000977e+00
1.329754114151000977e+00
1.329754114151000977e+00
1.055225253105163574e+00
1.055225253105163574e+00
1.055225253105163574e+00
1.055225253105163574e+00
5.146887898445129395e-01
5.146887898445129395e-01
5.146887898445129395e-01
5.146887898445129395e-01
1.801330566406250000e+00
1.801330566406250000e+00
1.801330566406250000e+00
1.801330566406250000e+00
1.801330566406250000e+00
1.801330566406250000e+00
1.801330566406250000e+00
2.266901969909667969e+00
2.266901969909667969e+00
2.266901969909667969e+00
2.266901969909667969e+00
2.266901969909667969e+00
1.125833749771118164e+00
1.125833749771118164e+00
1.125833749771118164e+00
1.125833749771118164e+00
1.125833749771118164e+00
2.162962436676025391e+00
9.416497945785522461e-01
9.416497945785522461e-01
9.416497945785522461e-01
9.416497945785522461e-01
9.416497945785522461e-01
9.416497945785522461e-01
9.416497945785522461e-01
1.183629393577575684e+00
1.342196941375732422e+00
1.342196941375732422e+00
1.075451374053955078e+00
1.075451374053955078e+00
1.075451374053955078e+00
1.075451374053955078e+00
1.075451374053955078e+00
1.075451374053955078e+00
1.075451374053955078e+00
1.075451374053955078e+00
2.051962375640869141e+00
1.603213310241699219e+00
1.793455004692077637e+00
1.793455004692077637e+00
1.793455004692077637e+00
5.747867822647094727e-01
1.844444036483764648e+00
1.844444036483764648e+00
1.844444036483764648e+00
1.844444036483764648e+00
1.844444036483764648e+00
1.844444036483764648e+00
1.844444036483764648e+00
1.844444036483764648e+00
1.844444036483764648e+00
2.136326551437377930e+00
2.136326551437377930e+00
2.136326551437377930e+00
2.136326551437377930e+00
2.300882816314697266e+00
2.305286407470703125e+00
3.218808412551879883e+00
2.823288440704345703e+00
3.052781105041503906e+00
3.052781105041503906e+00
3.052781105041503906e+00
1.076360583305358887e+00
1.076360583305358887e+00
1.076360583305358887e+00
1.076360583305358887e+00
1.076360583305358887e+00
1.076360583305358887e+00
1.076360583305358887e+00
1.076360583305358887e+00
1.076360583305358887e+00
1.076360583305358887e+00
1.076360583305358887e+00
1.076360583305358887e+00
1.076360583305358887e+00
1.076360583305358887e+00
1.076360583305358887e+00
1.076360583305358887e+00
1.076360583305358887e+00
1.076360583305358887e+00
1.076360583305358887e+00
1.529699206352233887e+00
1.529699206352233887e+00
3.392623662948608398e-01
3.392623662948608398e-01
3.392623662948608398e-01
3.392623662948608398e-01
3.392623662948608398e-01
3.401257038116455078e+00
3.401257038116455078e+00
3.401257038116455078e+00
4.580334186553955078e+00
3.055463790893554688e+00
3.055463790893554688e+00
3.055463790893554688e+00
2.682242393493652344e+00
9.490195512771606445e-01
7.377264499664306641e-01
1.372660636901855469e+00
1.653215646743774414e+00
1.653215646743774414e+00
1.653215646743774414e+00
1.224435567855834961e+00
1.224435567855834961e+00
1.224435567855834961e+00
8.408919572830200195e-01
2.710591316223144531e+00
2.710591316223144531e+00
2.710591316223144531e+00
2.710591316223144531e+00
2.710591316223144531e+00
3.175872564315795898e+00
3.175872564315795898e+00
3.175872564315795898e+00
1.369146347045898438e+00
1.369146347045898438e+00
2.174567699432373047e+00
8.576964139938354492e-01
8.576964139938354492e-01
8.576964139938354492e-01
1.583043217658996582e+00
1.583043217658996582e+00
1.583043217658996582e+00
1.583043217658996582e+00
1.583043217658996582e+00
1.583043217658996582e+00
1.583043217658996582e+00
1.583043217658996582e+00
1.583043217658996582e+00
2.415881395339965820e+00
2.415881395339965820e+00
2.415881395339965820e+00
2.415881395339965820e+00
2.415881395339965820e+00
3.112287759780883789e+00
2.715619325637817383e+00
3.247520685195922852e+00
2.849619150161743164e+00
2.849619150161743164e+00
2.849619150161743164e+00
2.849619150161743164e+00
2.849619150161743164e+00
2.849619150161743164e+00
1.583807706832885742e+00
3.002391338348388672e+00
3.002391338348388672e+00
3.002391338348388672e+00
