1.293492197990417480e+00
1.293492197990417480e+00
1.293492197990417480e+00
1.293492197990417480e+00
1.293492197990417480e+00
1.519375801086425781e+00
1.519375801086425781e+00
1.519375801086425781e+00
9.998123645782470703e-01
9.998123645782470703e-01
9.998123645782470703e-01
9.998123645782470703e-01
2.923380374908447266e+00
2.103317975997924805e+00
2.103317975997924805e+00
3.416991233825683594e+00
3.809374332427978516e+00
3.809374332427978516e+00
3.809374332427978516e+00
4.170182228088378906e+00
3.017818927764892578e-01
3.017818927764892578e-01
9.719265699386596680e-01
9.719265699386596680e-01
9.719265699386596680e-01
9.719265699386596680e-01
1.617907762527465820e+00
1.617907762527465820e+00
1.209051370620727539e+00
1.209051370620727539e+00
1.209051370620727539e+00
1.209051370620727539e+00
2.023196458816528320e+00
2.448303699493408203e+00
2.448303699493408203e+00
2.857737064361572266e+00
1.727452278137207031e+00
1.727452278137207031e+00
1.727452278137207031e+00
1.526236057281494141e+00
1.526236057281494141e+00
1.526236057281494141e+00
1.119742989540100098e+00
1.119742989540100098e+00
1.119742989540100098e+00
7.577828168869018555e-01
7.577828168869018555e-01
1.706863641738891602e+00
1.706863641738891602e+00
1.706863641738891602e+00
1.706863641738891602e+00
2.741298198699951172e+00
7.747423648834228516e-01
7.747423648834228516e-01
7.747423648834228516e-01
7.747423648834228516e-01
7.747423648834228516e-01
7.747423648834228516e-01
7.747423648834228516e-01
7.747423648834228516e-01
7.782157659530639648e-01
7.782157659530639648e-01
1.078264355659484863e+00
1.078264355659484863e+00
1.078264355659484863e+00
1.078264355659484863e+00
1.078264355659484863e+00
1.078264355659484863e+00
1.078264355659484863e+00
2.445997714996337891e+00
2.445997714996337891e+00
2.449929475784301758e+00
1.412122607231140137e+00
1.412122607231140137e+00
1.412122607231140137e+00
1.412122607231140137e+00
1.412122607231140137e+00
1.412122607231140137e+00
1.412122607231140137e+00
3.012403964996337891e+00
3.012403964996337891e+00
3.451029539108276367e+00
3.451029539108276367e+00
5.915431976318359375e+00
5.915431976318359375e+00
6.458206653594970703e+00
3.317465066909790039e+00
3.317465066909790039e+00
3.029539346694946289e+00
3.029539346694946289e+00
3.029539346694946289e+00
1.571074962615966797e+00
1.571074962615966797e+00
1.571074962615966797e+00
1.571074962615966797e+00
1.571074962615966797e+00
7.361422777175903320e-01
7.361422777175903320e-01
7.361422777175903320e-01
7.361422777175903320e-01
7.361422777175903320e-01
7.361422777175903320e-01
7.361422777175903320e-01
7.361422777175903320e-01
7.511472702026367188e-01
7.876371741294860840e-01
7.876371741294860840e-01
7.876371741294860840e-01
7.876371741294860840e-01
2.903310537338256836e+00
1.751015543937683105e+00
1.751015543937683105e+00
1.751015543937683105e+00
1.751015543937683105e+00
1.751015543937683105e+00
1.751015543937683105e+00
1.751015543937683105e+00
1.751015543937683105e+00
1.751015543937683105e+00
2.322788238525390625e+00
2.322788238525390625e+00
2.190969228744506836e+00
2.190969228744506836e+00
2.190969228744506836e+00
2.190969228744506836e+00
2.190969228744506836e+00
2.190969228744506836e+00
2.013290643692016602e+00
2.013290643692016602e+00
2.439284086227416992e+00
2.439284086227416992e+00
8.813892602920532227e-01
8.813892602920532227e-01
8.813892602920532227e-01
8.813892602920532227e-01
1.174616336822509766e+00
1.174616336822509766e+00
1.174616336822509766e+00
9.027802944183349609e-01
1.901221275329589844e+00
1.729996681213378906e+00
5.254635810852050781e-01
1.463482141494750977e+00
1.463482141494750977e+00
1.463482141494750977e+00
1.463482141494750977e+00
1.463482141494750977e+00
1.463482141494750977e+00
1.463482141494750977e+00
1.223485231399536133e+00
1.223485231399536133e+00
1.439866542816162109e+00
1.439866542816162109e+00
1.439866542816162109e+00
1.439866542816162109e+00
1.439866542816162109e+00
9.876663684844970703e-01
9.876663684844970703e-01
9.876663684844970703e-01
1.665939331054687500e+00
1.665939331054687500e+00
1.410020947456359863e+00
1.410020947456359863e+00
1.410020947456359863e+00
1.410020947456359863e+00
1.410020947456359863e+00
1.410020947456359863e+00
1.410020947456359863e+00
1.847578763961791992e+00
1.847578763961791992e+00
2.569108247756958008e+00
2.569108247756958008e+00
2.569108247756958008e+00
2.569108247756958008e+00
2.569108247756958008e+00
2.569108247756958008e+00
2.569108247756958008e+00
3.731302261352539062e+00
3.731302261352539062e+00
3.731302261352539062e+00
3.731302261352539062e+00
3.731302261352539062e+00
3.731302261352539062e+00
2.318243741989135742e+00
2.168488025665283203e+00
2.168488025665283203e+00
2.168488025665283203e+00
1.968726038932800293e+00
1.968726038932800293e+00
1.968726038932800293e+00
1.968726038932800293e+00
1.968726038932800293e+00
1.968726038932800293e+00
1.968726038932800293e+00
1.968726038932800293e+00
7.701025009155273438e-01
4.987475275993347168e-01
2.185706853866577148e+00
2.234367609024047852e+00
2.234367609024047852e+00
2.234367609024047852e+00
2.958422183990478516e+00
3.025992155075073242e+00
3.025992155075073242e+00
4.857032299041748047e-01
4.857032299041748047e-01
1.592338800430297852e+00
1.592338800430297852e+00
1.218120813369750977e+00
1.218120813369750977e+00
1.218120813369750977e+00
1.218120813369750977e+00
1.218120813369750977e+00
1.218120813369750977e+00
1.147684335708618164e+00
1.147684335708618164e+00
1.147684335708618164e+00
1.147684335708618164e+00
1.147684335708618164e+00
1.147684335708618164e+00
1.147684335708618164e+00
1.147684335708618164e+00
1.147684335708618164e+00
1.147684335708618164e+00
4.526335597038269043e-01
4.526335597038269043e-01
1.069416284561157227e+00
1.069416284561157227e+00
1.069416284561157227e+00
2.362422943115234375e+00
2.362422943115234375e+00
2.362422943115234375e+00
6.908907890319824219e-01
6.908907890319824219e-01
7.946425676345825195e-01
7.946425676345825195e-01
2.327214956283569336e+00
2.327214956283569336e+00
2.901735544204711914e+00
3.055135250091552734e+00
5.091360092163085938e+00
5.083581924438476562e+00
2.478764295578002930e+00
1.567117929458618164e+00
1.567117929458618164e+00
1.304420590400695801e+00
1.304420590400695801e+00
1.304420590400695801e+00
1.577287197113037109e+00
1.577287197113037109e+00
1.577287197113037109e+00
1.577287197113037109e+00
1.577287197113037109e+00
2.204730033874511719e+00
1.712952375411987305e+00
1.712952375411987305e+00
1.712952375411987305e+00
1.712952375411987305e+00
1.712952375411987305e+00
5.116686344146728516e+00
5.116686344146728516e+00
5.116686344146728516e+00
5.116686344146728516e+00
6.673984527587890625e+00
5.756683826446533203e+00
5.756683826446533203e+00
3.113070249557495117e+00
1.416661500930786133e+00
1.416661500930786133e+00
1.416661500930786133e+00
1.416661500930786133e+00
4.248356223106384277e-01
3.069207906723022461e+00
2.677342891693115234e+00
2.677342891693115234e+00
3.794286966323852539e+00
3.500040292739868164e+00
2.689055442810058594e+00
1.916409611701965332e+00
1.916409611701965332e+00
1.916409611701965332e+00
1.916409611701965332e+00
1.916409611701965332e+00
1.916409611701965332e+00
2.361362457275390625e+00
2.206545114517211914e+00
2.276427507400512695e+00
2.458580255508422852e+00
3.135571479797363281e-01
3.194343566894531250e+00
1.645939588546752930e+00
1.645939588546752930e+00
1.645939588546752930e+00
1.645939588546752930e+00
1.645939588546752930e+00
1.645939588546752930e+00
2.730512857437133789e+00
2.730512857437133789e+00
2.730512857437133789e+00
5.148384571075439453e-01
5.148384571075439453e-01
2.055181503295898438e+00
2.055181503295898438e+00
2.055181503295898438e+00
2.055181503295898438e+00
2.055181503295898438e+00
2.055181503295898438e+00
2.055181503295898438e+00
1.484555006027221680e+00
1.830162763595581055e+00
1.830162763595581055e+00
1.830162763595581055e+00
4.936561584472656250e-01
4.936561584472656250e-01
4.936561584472656250e-01
4.936561584472656250e-01
9.235916137695312500e-01
9.235916137695312500e-01
1.400712013244628906e+00
1.220621228218078613e+00
1.220621228218078613e+00
1.220621228218078613e+00
1.220621228218078613e+00
1.220621228218078613e+00
7.332666516304016113e-01
7.332666516304016113e-01
7.332666516304016113e-01
7.332666516304016113e-01
7.332666516304016113e-01
1.277912139892578125e+00
1.277912139892578125e+00
1.277912139892578125e+00
1.277912139892578125e+00
1.277912139892578125e+00
1.277912139892578125e+00
1.277912139892578125e+00
1.277912139892578125e+00
1.277912139892578125e+00
1.277912139892578125e+00
7.407992482185363770e-01
7.407992482185363770e-01
7.407992482185363770e-01
7.407992482185363770e-01
7.407992482185363770e-01
7.407992482185363770e-01
1.285040855407714844e+00
1.285040855407714844e+00
1.285040855407714844e+00
1.285040855407714844e+00
1.285040855407714844e+00
1.285040855407714844e+00
1.285040855407714844e+00
1.285040855407714844e+00
1.285040855407714844e+00
7.495350837707519531e-01
7.495350837707519531e-01
7.880011796951293945e-01
7.880011796951293945e-01
9.953394532203674316e-01
9.953394532203674316e-01
9.953394532203674316e-01
9.953394532203674316e-01
9.953394532203674316e-01
9.953394532203674316e-01
1.306017637252807617e+00
1.007192492485046387e+00
1.007192492485046387e+00
1.007192492485046387e+00
1.007192492485046387e+00
1.305404424667358398e+00
1.305404424667358398e+00
1.305404424667358398e+00
1.305404424667358398e+00
1.305404424667358398e+00
1.305404424667358398e+00
1.305404424667358398e+00
1.305404424667358398e+00
1.305404424667358398e+00
1.305404424667358398e+00
1.688659667968750000e+00
1.688659667968750000e+00
3.419689655303955078e+00
1.234173297882080078e+00
1.234173297882080078e+00
7.687868475914001465e-01
7.687868475914001465e-01
7.687868475914001465e-01
7.687868475914001465e-01
1.661167144775390625e+00
7.071242928504943848e-01
7.071242928504943848e-01
1.190549850463867188e+00
1.190549850463867188e+00
1.190549850463867188e+00
1.418493509292602539e+00
1.418493509292602539e+00
1.418493509292602539e+00
2.193708181381225586e+00
2.193708181381225586e+00
1.819159984588623047e+00
1.819159984588623047e+00
1.162412881851196289e+00
2.040985345840454102e+00
2.040985345840454102e+00
2.040985345840454102e+00
2.040985345840454102e+00
2.040985345840454102e+00
2.040985345840454102e+00
2.040985345840454102e+00
2.040985345840454102e+00
1.745932936668395996e+00
1.745932936668395996e+00
1.745932936668395996e+00
1.745932936668395996e+00
1.745932936668395996e+00
1.745932936668395996e+00
2.900390625000000000e+00
2.900390625000000000e+00
2.900390625000000000e+00
2.900390625000000000e+00
2.900390625000000000e+00
8.194160461425781250e-01
8.194160461425781250e-01
8.194160461425781250e-01
8.194160461425781250e-01
8.194160461425781250e-01
8.194160461425781250e-01
8.194160461425781250e-01
8.194160461425781250e-01
8.194160461425781250e-01
2.078357219696044922e+00
2.078357219696044922e+00
2.078357219696044922e+00
1.047787785530090332e+00
1.047787785530090332e+00
1.536980867385864258e+00
2.026674032211303711e+00
2.358446836471557617e+00
2.358446836471557617e+00
2.358446836471557617e+00
2.358446836471557617e+00
2.358446836471557617e+00
2.358446836471557617e+00
2.358446836471557617e+00
2.314859390258789062e+00
2.845687866210937500e+00
2.845687866210937500e+00
2.845687866210937500e+00
4.310352802276611328e+00
5.045874595642089844e+00
5.813907623291015625e+00
5.813907623291015625e+00
5.813907623291015625e+00
4.982998847961425781e+00
4.982998847961425781e+00
4.982998847961425781e+00
7.488546371459960938e-01
7.488546371459960938e-01
1.026944160461425781e+00
1.026944160461425781e+00
1.026944160461425781e+00
1.032411098480224609e+00
1.032411098480224609e+00
1.032411098480224609e+00
1.032411098480224609e+00
1.032411098480224609e+00
1.032411098480224609e+00
3.458077192306518555e+00
3.458077192306518555e+00
3.458077192306518555e+00
1.558219790458679199e+00
1.558219790458679199e+00
1.558219790458679199e+00
2.532393217086791992e+00
2.532393217086791992e+00
2.818305969238281250e+00
2.818305969238281250e+00
1.039654016494750977e+00
1.039654016494750977e+00
1.039654016494750977e+00
1.469192147254943848e+00
1.469192147254943848e+00
1.704524874687194824e+00
2.060632228851318359e+00
2.060632228851318359e+00
2.060632228851318359e+00
2.060632228851318359e+00
2.060632228851318359e+00
2.060632228851318359e+00
2.060632228851318359e+00
2.957046031951904297e+00
2.957046031951904297e+00
2.957046031951904297e+00
2.957046031951904297e+00
2.199633836746215820e+00
5.640577077865600586e-01
1.385683178901672363e+00
1.385683178901672363e+00
1.385683178901672363e+00
5.664879083633422852e-01
5.664879083633422852e-01
5.664879083633422852e-01
5.664879083633422852e-01
1.791656255722045898e+00
1.791656255722045898e+00
2.016452312469482422e+00
2.016452312469482422e+00
2.016452312469482422e+00
6.409194469451904297e-01
6.409194469451904297e-01
6.409194469451904297e-01
1.628997802734375000e+00
1.628997802734375000e+00
7.247487068176269531e+00
3.280380725860595703e+00
7.130084037780761719e-01
7.130084037780761719e-01
7.130084037780761719e-01
7.130084037780761719e-01
7.811124920845031738e-01
7.811124920845031738e-01
7.811124920845031738e-01
7.811124920845031738e-01
7.811124920845031738e-01
2.513015747070312500e+00
2.513015747070312500e+00
2.513015747070312500e+00
2.513015747070312500e+00
2.513015747070312500e+00
2.513015747070312500e+00
2.527768850326538086e+00
2.527768850326538086e+00
1.999942064285278320e+00
1.999942064285278320e+00
1.999942064285278320e+00
4.606918334960937500e+00
5.052886009216308594e+00
3.131239414215087891e+00
2.831465721130371094e+00
2.831465721130371094e+00
3.289572477340698242e+00
4.550046920776367188e+00
2.901858806610107422e+00
2.901858806610107422e+00
2.901858806610107422e+00
1.306004762649536133e+00
1.316268324851989746e+00
1.694851398468017578e+00
1.694851398468017578e+00
1.694851398468017578e+00
2.110408306121826172e+00
2.110408306121826172e+00
2.110408306121826172e+00
1.098057031631469727e+00
1.098057031631469727e+00
1.098057031631469727e+00
1.098057031631469727e+00
1.098057031631469727e+00
1.098057031631469727e+00
1.098057031631469727e+00
1.098057031631469727e+00
1.098057031631469727e+00
6.282826662063598633e-01
6.282826662063598633e-01
6.282826662063598633e-01
6.282826662063598633e-01
1.608717441558837891e+00
1.608717441558837891e+00
1.608717441558837891e+00
1.608717441558837891e+00
1.608717441558837891e+00
2.364242553710937500e+00
1.523769617080688477e+00
1.523769617080688477e+00
1.685458421707153320e+00
1.685458421707153320e+00
1.685458421707153320e+00
1.265200138092041016e+00
1.265200138092041016e+00
1.265200138092041016e+00
1.173612475395202637e+00
1.156314849853515625e+00
1.156314849853515625e+00
1.156314849853515625e+00
1.156314849853515625e+00
1.156314849853515625e+00
2.613111257553100586e+00
2.613111257553100586e+00
5.487802028656005859e-01
5.487802028656005859e-01
1.648681640625000000e+00
1.648681640625000000e+00
1.648681640625000000e+00
1.648681640625000000e+00
1.648681640625000000e+00
7.377701401710510254e-01
7.377701401710510254e-01
7.377701401710510254e-01
7.377701401710510254e-01
7.377701401710510254e-01
7.377701401710510254e-01
9.610471129417419434e-01
9.610471129417419434e-01
9.610471129417419434e-01
9.610471129417419434e-01
9.610471129417419434e-01
9.610471129417419434e-01
9.610471129417419434e-01
9.610471129417419434e-01
6.659121513366699219e-01
6.659121513366699219e-01
6.659121513366699219e-01
6.659121513366699219e-01
1.768929004669189453e+00
1.120393991470336914e+00
1.185828089714050293e+00
1.185828089714050293e+00
1.185828089714050293e+00
1.185828089714050293e+00
1.185828089714050293e+00
1.185828089714050293e+00
1.185828089714050293e+00
2.568902969360351562e+00
2.568902969360351562e+00
2.568902969360351562e+00
2.568902969360351562e+00
1.653328657150268555e+00
1.653328657150268555e+00
1.593202829360961914e+00
1.593202829360961914e+00
1.593202829360961914e+00
1.593202829360961914e+00
1.593202829360961914e+00
1.593202829360961914e+00
1.593202829360961914e+00
1.593202829360961914e+00
1.593202829360961914e+00
1.853962063789367676e+00
3.617956638336181641e+00
3.732286691665649414e+00
3.732286691665649414e+00
4.024164199829101562e+00
1.605164766311645508e+00
1.605164766311645508e+00
1.605164766311645508e+00
1.605164766311645508e+00
1.812712907791137695e+00
1.812712907791137695e+00
2.496682167053222656e+00
2.496682167053222656e+00
2.496682167053222656e+00
2.305591583251953125e+00
1.248201131820678711e+00
1.248201131820678711e+00
1.248201131820678711e+00
1.248201131820678711e+00
1.248201131820678711e+00
1.248201131820678711e+00
1.248201131820678711e+00
1.248201131820678711e+00
1.248201131820678711e+00
1.100150942802429199e+00
1.202914237976074219e+00
1.202914237976074219e+00
1.202914237976074219e+00
1.202914237976074219e+00
1.202914237976074219e+00
1.202914237976074219e+00
1.202914237976074219e+00
1.202914237976074219e+00
2.591800689697265625e+00
2.591800689697265625e+00
2.591800689697265625e+00
1.915541887283325195e+00
1.915541887283325195e+00
1.890453696250915527e+00
1.890453696250915527e+00
9.180130362510681152e-01
9.180130362510681152e-01
9.180130362510681152e-01
9.180130362510681152e-01
7.887735962867736816e-01
7.887735962867736816e-01
7.887735962867736816e-01
7.887735962867736816e-01
7.887735962867736816e-01
7.887735962867736816e-01
2.105361938476562500e+00
2.105361938476562500e+00
2.105361938476562500e+00
2.105361938476562500e+00
2.105361938476562500e+00
7.949962615966796875e-01
7.949962615966796875e-01
7.949962615966796875e-01
7.949962615966796875e-01
7.949962615966796875e-01
7.949962615966796875e-01
7.949962615966796875e-01
7.949962615966796875e-01
7.949962615966796875e-01
7.949962615966796875e-01
7.949962615966796875e-01
7.949962615966796875e-01
7.949962615966796875e-01
8.172367215156555176e-01
5.262073516845703125e+00
4.540175437927246094e+00
4.540175437927246094e+00
3.067789077758789062e+00
3.067789077758789062e+00
3.067789077758789062e+00
3.446221590042114258e+00
3.446221590042114258e+00
3.446221590042114258e+00
3.992921352386474609e+00
1.633358955383300781e+00
1.633358955383300781e+00
1.633358955383300781e+00
1.633358955383300781e+00
1.633358955383300781e+00
1.633358955383300781e+00
1.633358955383300781e+00
1.633358955383300781e+00
1.027166843414306641e+00
1.027166843414306641e+00
1.027166843414306641e+00
1.027166843414306641e+00
1.027166843414306641e+00
1.027166843414306641e+00
1.027166843414306641e+00
5.975505828857421875e+00
6.233646392822265625e+00
7.393416881561279297e+00
7.393416881561279297e+00
7.393416881561279297e+00
6.272672176361083984e+00
6.272672176361083984e+00
6.272672176361083984e+00
5.924031734466552734e+00
5.924031734466552734e+00
5.924031734466552734e+00
5.924031734466552734e+00
5.924031734466552734e+00
6.201934337615966797e+00
7.054914951324462891e+00
6.837744712829589844e+00
6.709292888641357422e+00
9.432559013366699219e-01
9.432559013366699219e-01
9.432559013366699219e-01
9.432559013366699219e-01
9.432559013366699219e-01
9.432559013366699219e-01
9.432559013366699219e-01
9.432559013366699219e-01
9.432559013366699219e-01
9.432559013366699219e-01
9.432559013366699219e-01
9.432559013366699219e-01
9.432559013366699219e-01
9.432559013366699219e-01
9.432559013366699219e-01
1.853522777557373047e+00
1.853522777557373047e+00
1.853522777557373047e+00
1.853522777557373047e+00
1.853522777557373047e+00
1.853522777557373047e+00
1.891846060752868652e+00
6.120164394378662109e-01
6.120164394378662109e-01
8.738576173782348633e-01
8.738576173782348633e-01
8.738576173782348633e-01
8.738576173782348633e-01
8.738576173782348633e-01
2.925654888153076172e+00
2.925654888153076172e+00
3.596839666366577148e+00
1.383206605911254883e+00
1.383206605911254883e+00
1.887165546417236328e+00
1.887165546417236328e+00
1.300016641616821289e+00
1.300016641616821289e+00
5.923140645027160645e-01
5.923140645027160645e-01
5.923140645027160645e-01
5.923140645027160645e-01
1.351946353912353516e+00
1.351946353912353516e+00
1.351946353912353516e+00
1.351946353912353516e+00
1.351946353912353516e+00
1.351946353912353516e+00
1.351946353912353516e+00
1.351946353912353516e+00
1.351946353912353516e+00
1.351946353912353516e+00
1.351946353912353516e+00
1.351946353912353516e+00
1.351946353912353516e+00
1.351946353912353516e+00
1.351946353912353516e+00
1.351946353912353516e+00
1.351946353912353516e+00
1.351946353912353516e+00
1.351946353912353516e+00
1.351946353912353516e+00
1.351946353912353516e+00
1.351946353912353516e+00
1.396455883979797363e+00
1.396455883979797363e+00
4.365605831146240234e+00
2.624454975128173828e+00
1.820721507072448730e+00
1.820721507072448730e+00
1.009518504142761230e+00
1.009518504142761230e+00
1.009518504142761230e+00
1.009518504142761230e+00
2.918237209320068359e+00
2.918237209320068359e+00
2.918237209320068359e+00
4.662616252899169922e-01
4.662616252899169922e-01
4.662616252899169922e-01
4.662616252899169922e-01
4.662616252899169922e-01
4.662616252899169922e-01
4.662616252899169922e-01
1.849829435348510742e+00
6.189074516296386719e-01
6.189074516296386719e-01
6.189074516296386719e-01
6.189074516296386719e-01
6.189074516296386719e-01
6.189074516296386719e-01
6.189074516296386719e-01
6.189074516296386719e-01
3.409519195556640625e+00
1.949426651000976562e+00
1.915831327438354492e+00
1.915831327438354492e+00
1.915831327438354492e+00
2.112969636917114258e+00
6.175960302352905273e-01
6.175960302352905273e-01
1.319803237915039062e+00
1.319803237915039062e+00
1.319803237915039062e+00
1.319803237915039062e+00
1.319803237915039062e+00
1.319803237915039062e+00
1.319803237915039062e+00
1.319803237915039062e+00
1.319803237915039062e+00
1.319803237915039062e+00
1.319803237915039062e+00
1.319803237915039062e+00
1.319803237915039062e+00
1.319803237915039062e+00
1.319803237915039062e+00
4.393655657768249512e-01
4.393655657768249512e-01
3.569906949996948242e+00
3.569906949996948242e+00
3.569906949996948242e+00
8.397023677825927734e-01
8.397023677825927734e-01
8.397023677825927734e-01
8.397023677825927734e-01
8.397023677825927734e-01
8.397023677825927734e-01
8.397023677825927734e-01
8.397023677825927734e-01
8.397023677825927734e-01
8.397023677825927734e-01
8.397023677825927734e-01
8.397023677825927734e-01
1.038329720497131348e+00
1.038329720497131348e+00
1.038329720497131348e+00
1.954817533493041992e+00
1.954817533493041992e+00
1.954817533493041992e+00
2.214483976364135742e+00
2.214483976364135742e+00
2.214483976364135742e+00
2.214483976364135742e+00
2.214483976364135742e+00
1.378486752510070801e+00
1.378486752510070801e+00
1.378486752510070801e+00
1.378486752510070801e+00
1.378486752510070801e+00
1.378486752510070801e+00
1.378486752510070801e+00
1.378486752510070801e+00
1.378486752510070801e+00
1.378486752510070801e+00
1.148147702217102051e+00
9.340338110923767090e-01
6.516634225845336914e-01
6.516634225845336914e-01
6.516634225845336914e-01
6.516634225845336914e-01
6.516634225845336914e-01
1.118121266365051270e+00
1.118121266365051270e+00
1.118121266365051270e+00
1.118121266365051270e+00
3.567762851715087891e+00
3.567762851715087891e+00
3.567762851715087891e+00
3.218817949295043945e+00
3.964549779891967773e+00
3.964549779891967773e+00
5.018186092376708984e+00
4.303021430969238281e+00
4.303021430969238281e+00
2.398236751556396484e+00
2.398236751556396484e+00
3.170639514923095703e+00
1.719323754310607910e+00
1.719323754310607910e+00
1.719323754310607910e+00
1.719323754310607910e+00
1.719323754310607910e+00
1.719323754310607910e+00
1.719323754310607910e+00
1.719323754310607910e+00
1.719323754310607910e+00
6.974076032638549805e-01
6.974076032638549805e-01
6.974076032638549805e-01
6.974076032638549805e-01
1.250562071800231934e+00
1.039996027946472168e+00
1.039996027946472168e+00
1.039996027946472168e+00
6.914480924606323242e-01
6.914480924606323242e-01
6.914480924606323242e-01
6.914480924606323242e-01
6.914480924606323242e-01
6.914480924606323242e-01
1.422136306762695312e+00
1.422136306762695312e+00
1.422136306762695312e+00
1.332877755165100098e+00
1.332877755165100098e+00
1.332877755165100098e+00
1.332877755165100098e+00
1.332877755165100098e+00
1.332877755165100098e+00
1.196580052375793457e+00
1.196580052375793457e+00
1.314888715744018555e+00
1.314888715744018555e+00
1.314888715744018555e+00
1.314888715744018555e+00
1.070348501205444336e+00
1.070348501205444336e+00
1.070348501205444336e+00
1.070348501205444336e+00
9.635580778121948242e-01
9.635580778121948242e-01
1.016409277915954590e+00
1.016409277915954590e+00
1.016409277915954590e+00
8.152050971984863281e-01
8.152050971984863281e-01
8.152050971984863281e-01
8.152050971984863281e-01
8.152050971984863281e-01
8.152050971984863281e-01
8.152050971984863281e-01
8.152050971984863281e-01
8.152050971984863281e-01
8.152050971984863281e-01
8.152050971984863281e-01
8.152050971984863281e-01
8.152050971984863281e-01
8.152050971984863281e-01
8.152050971984863281e-01
8.152050971984863281e-01
8.152050971984863281e-01
8.152050971984863281e-01
8.152050971984863281e-01
8.152050971984863281e-01
8.152050971984863281e-01
8.152050971984863281e-01
8.152050971984863281e-01
8.152050971984863281e-01
8.152050971984863281e-01
8.152050971984863281e-01
8.152050971984863281e-01
8.152050971984863281e-01
8.152050971984863281e-01
8.152050971984863281e-01
8.152050971984863281e-01
8.152050971984863281e-01
8.152050971984863281e-01
8.152050971984863281e-01
8.152050971984863281e-01
8.152050971984863281e-01
9.896200895309448242e-01
9.896200895309448242e-01
9.896200895309448242e-01
1.262293577194213867e+00
1.262293577194213867e+00
1.262293577194213867e+00
1.262293577194213867e+00
1.262293577194213867e+00
4.519139528274536133e-01
4.519139528274536133e-01
4.519139528274536133e-01
3.830262660980224609e+00
3.830262660980224609e+00
3.271602153778076172e+00
2.397076845169067383e+00
1.137000441551208496e+00
2.505542278289794922e+00
2.505542278289794922e+00
2.505542278289794922e+00
1.712597608566284180e+00
2.217562198638916016e+00
2.565199851989746094e+00
3.076970815658569336e+00
3.076970815658569336e+00
3.076970815658569336e+00
3.076970815658569336e+00
3.076970815658569336e+00
3.076970815658569336e+00
3.076970815658569336e+00
3.076970815658569336e+00
2.073190450668334961e+00
2.073190450668334961e+00
2.073190450668334961e+00
2.073190450668334961e+00
1.785692334175109863e+00
6.106030941009521484e-01
6.106030941009521484e-01
6.106030941009521484e-01
1.318148612976074219e+00
1.318148612976074219e+00
1.318148612976074219e+00
6.484759449958801270e-01
5.999256968498229980e-01
5.999256968498229980e-01
5.999256968498229980e-01
5.999256968498229980e-01
5.999256968498229980e-01
5.999256968498229980e-01
5.999256968498229980e-01
5.999256968498229980e-01
5.999256968498229980e-01
5.999256968498229980e-01
5.999256968498229980e-01
5.999256968498229980e-01
5.999256968498229980e-01
5.999256968498229980e-01
5.999256968498229980e-01
5.999256968498229980e-01
5.999256968498229980e-01
1.935779094696044922e+00
2.234951257705688477e+00
2.234951257705688477e+00
2.234951257705688477e+00
1.763453960418701172e+00
9.162436723709106445e-01
9.162436723709106445e-01
9.162436723709106445e-01
1.397574901580810547e+00
1.397574901580810547e+00
1.397574901580810547e+00
1.397574901580810547e+00
1.397574901580810547e+00
1.397574901580810547e+00
1.397574901580810547e+00
9.815582036972045898e-01
9.815582036972045898e-01
9.815582036972045898e-01
9.815582036972045898e-01
9.815582036972045898e-01
9.815582036972045898e-01
9.815582036972045898e-01
9.815582036972045898e-01
9.815582036972045898e-01
6.609811782836914062e-01
1.146364688873291016e+00
1.146364688873291016e+00
1.146364688873291016e+00
1.146364688873291016e+00
1.146364688873291016e+00
1.146364688873291016e+00
1.210892677307128906e+00
1.210892677307128906e+00
1.210892677307128906e+00
1.210892677307128906e+00
5.288504958152770996e-01
5.288504958152770996e-01
5.288504958152770996e-01
5.288504958152770996e-01
5.288504958152770996e-01
5.288504958152770996e-01
5.288504958152770996e-01
9.094176292419433594e-01
9.094176292419433594e-01
9.094176292419433594e-01
9.094176292419433594e-01
9.094176292419433594e-01
9.094176292419433594e-01
9.294094443321228027e-01
9.294094443321228027e-01
9.294094443321228027e-01
9.294094443321228027e-01
9.294094443321228027e-01
9.294094443321228027e-01
9.294094443321228027e-01
9.294094443321228027e-01
9.294094443321228027e-01
9.294094443321228027e-01
9.294094443321228027e-01
1.872737765312194824e+00
8.983300328254699707e-01
8.983300328254699707e-01
8.983300328254699707e-01
8.983300328254699707e-01
8.983300328254699707e-01
8.983300328254699707e-01
7.369723320007324219e-01
2.812092304229736328e+00
6.696513175964355469e+00
6.189789772033691406e-01
6.189789772033691406e-01
6.189789772033691406e-01
6.189789772033691406e-01
6.189789772033691406e-01
2.578496456146240234e+00
2.578496456146240234e+00
2.578496456146240234e+00
2.578496456146240234e+00
1.154364466667175293e+00
1.123892903327941895e+00
1.607802152633666992e+00
1.607802152633666992e+00
6.831226348876953125e+00
6.831226348876953125e+00
5.909921169281005859e+00
1.152240753173828125e+00
1.152240753173828125e+00
1.152240753173828125e+00
1.152240753173828125e+00
1.895917415618896484e+00
1.895917415618896484e+00
1.369161248207092285e+00
1.369161248207092285e+00
1.369161248207092285e+00
1.369161248207092285e+00
5.658183097839355469e-01
5.658183097839355469e-01
5.658183097839355469e-01
5.658183097839355469e-01
1.481590509414672852e+00
1.481590509414672852e+00
1.481590509414672852e+00
1.479143738746643066e+00
1.479143738746643066e+00
1.479143738746643066e+00
1.479143738746643066e+00
1.479143738746643066e+00
1.479143738746643066e+00
1.479143738746643066e+00
2.249273061752319336e+00
2.249273061752319336e+00
9.889173507690429688e-01
9.889173507690429688e-01
9.889173507690429688e-01
9.889173507690429688e-01
9.889173507690429688e-01
9.889173507690429688e-01
9.889173507690429688e-01
1.163962006568908691e+00
1.163962006568908691e+00
1.163962006568908691e+00
1.163962006568908691e+00
1.163962006568908691e+00
1.163962006568908691e+00
1.163962006568908691e+00
1.163962006568908691e+00
1.163962006568908691e+00
1.163962006568908691e+00
1.163962006568908691e+00
1.163962006568908691e+00
2.889558315277099609e+00
2.405406236648559570e+00
2.405406236648559570e+00
2.405406236648559570e+00
2.405406236648559570e+00
2.405406236648559570e+00
2.405406236648559570e+00
2.405406236648559570e+00
2.054444074630737305e+00
1.906661629676818848e+00
1.906661629676818848e+00
2.376499652862548828e+00
5.501422882080078125e-01
5.501422882080078125e-01
5.501422882080078125e-01
5.501422882080078125e-01
5.501422882080078125e-01
5.501422882080078125e-01
5.501422882080078125e-01
5.501422882080078125e-01
6.138535141944885254e-01
6.138535141944885254e-01
6.138535141944885254e-01
6.138535141944885254e-01
6.138535141944885254e-01
6.138535141944885254e-01
6.138535141944885254e-01
6.138535141944885254e-01
6.138535141944885254e-01
6.138535141944885254e-01
6.138535141944885254e-01
6.138535141944885254e-01
6.138535141944885254e-01
6.138535141944885254e-01
6.138535141944885254e-01
6.138535141944885254e-01
6.138535141944885254e-01
6.138535141944885254e-01
6.138535141944885254e-01
6.138535141944885254e-01
6.138535141944885254e-01
6.138535141944885254e-01
6.138535141944885254e-01
6.138535141944885254e-01
6.138535141944885254e-01
6.138535141944885254e-01
2.026094913482666016e+00
1.525810837745666504e+00
1.525810837745666504e+00
2.096123456954956055e+00
2.096123456954956055e+00
2.096123456954956055e+00
2.096123456954956055e+00
2.096123456954956055e+00
2.096123456954956055e+00
2.096123456954956055e+00
2.096123456954956055e+00
2.096123456954956055e+00
2.096123456954956055e+00
6.253652572631835938e-01
6.253652572631835938e-01
6.253652572631835938e-01
6.253652572631835938e-01
6.253652572631835938e-01
6.253652572631835938e-01
9.738452434539794922e-01
5.467545390129089355e-01
5.467545390129089355e-01
5.467545390129089355e-01
3.155765533447265625e+00
3.155765533447265625e+00
2.087511539459228516e+00
2.082087993621826172e+00
2.082087993621826172e+00
2.082087993621826172e+00
2.082087993621826172e+00
2.082087993621826172e+00
1.988920450210571289e+00
1.988920450210571289e+00
1.988920450210571289e+00
1.988920450210571289e+00
3.056416988372802734e+00
3.056416988372802734e+00
3.056416988372802734e+00
3.056416988372802734e+00
3.056416988372802734e+00
3.056416988372802734e+00
3.056416988372802734e+00
3.056416988372802734e+00
3.056416988372802734e+00
3.056416988372802734e+00
2.594702243804931641e+00
2.594702243804931641e+00
1.167512416839599609e+00
1.167512416839599609e+00
1.167512416839599609e+00
2.042371988296508789e+00
2.042371988296508789e+00
2.042371988296508789e+00
2.042371988296508789e+00
7.260093688964843750e-01
7.260093688964843750e-01
7.260093688964843750e-01
1.130872011184692383e+00
1.130872011184692383e+00
2.245334625244140625e+00
1.366174459457397461e+00
1.366174459457397461e+00
1.366174459457397461e+00
1.254013895988464355e+00
1.254013895988464355e+00
1.254013895988464355e+00
1.443943977355957031e+00
1.443943977355957031e+00
1.443943977355957031e+00
1.443943977355957031e+00
1.443943977355957031e+00
1.443943977355957031e+00
8.342910408973693848e-01
8.342910408973693848e-01
8.342910408973693848e-01
8.342910408973693848e-01
8.342910408973693848e-01
8.342910408973693848e-01
2.261822462081909180e+00
2.261822462081909180e+00
1.963632583618164062e+00
2.594977140426635742e+00
3.409887313842773438e+00
3.409887313842773438e+00
2.685140848159790039e+00
2.685140848159790039e+00
2.685140848159790039e+00
2.685140848159790039e+00
2.685140848159790039e+00
6.243008613586425781e+00
4.220576286315917969e+00
3.815477371215820312e+00
1.921411156654357910e+00
1.921411156654357910e+00
1.921411156654357910e+00
1.921411156654357910e+00
1.921411156654357910e+00
1.724057912826538086e+00
1.048929572105407715e+00
1.048929572105407715e+00
1.048929572105407715e+00
1.048929572105407715e+00
1.048929572105407715e+00
1.048929572105407715e+00
1.048929572105407715e+00
6.202366352081298828e-01
6.202366352081298828e-01
6.202366352081298828e-01
6.202366352081298828e-01
6.202366352081298828e-01
6.202366352081298828e-01
6.017764806747436523e-01
6.017764806747436523e-01
6.017764806747436523e-01
6.017764806747436523e-01
6.017764806747436523e-01
6.017764806747436523e-01
6.017764806747436523e-01
6.017764806747436523e-01
6.017764806747436523e-01
6.017764806747436523e-01
6.017764806747436523e-01
9.549545049667358398e-01
9.549545049667358398e-01
9.549545049667358398e-01
9.549545049667358398e-01
9.549545049667358398e-01
9.549545049667358398e-01
9.549545049667358398e-01
9.549545049667358398e-01
1.239534735679626465e+00
2.637354850769042969e+00
6.858066320419311523e-01
6.858066320419311523e-01
6.858066320419311523e-01
1.429562330245971680e+00
1.429562330245971680e+00
1.429562330245971680e+00
1.082227706909179688e+00
1.082227706909179688e+00
1.082227706909179688e+00
1.082227706909179688e+00
1.269093275070190430e+00
1.260044217109680176e+00
1.260044217109680176e+00
1.260044217109680176e+00
1.260044217109680176e+00
1.260044217109680176e+00
1.260044217109680176e+00
1.260044217109680176e+00
1.260044217109680176e+00
1.260044217109680176e+00
1.260044217109680176e+00
1.260044217109680176e+00
2.666120529174804688e+00
2.666120529174804688e+00
2.666120529174804688e+00
2.666120529174804688e+00
2.666120529174804688e+00
2.666120529174804688e+00
2.666120529174804688e+00
1.354459881782531738e+00
1.354459881782531738e+00
1.354459881782531738e+00
1.354459881782531738e+00
1.234159231185913086e+00
1.234159231185913086e+00
1.234159231185913086e+00
1.234159231185913086e+00
9.333193302154541016e-01
9.333193302154541016e-01
9.333193302154541016e-01
9.333193302154541016e-01
9.333193302154541016e-01
9.333193302154541016e-01
9.333193302154541016e-01
9.333193302154541016e-01
5.895876884460449219e-01
5.895876884460449219e-01
5.895876884460449219e-01
5.895876884460449219e-01
5.895876884460449219e-01
1.631913065910339355e+00
1.631913065910339355e+00
1.631913065910339355e+00
1.631913065910339355e+00
1.631913065910339355e+00
1.631913065910339355e+00
1.631913065910339355e+00
7.489905953407287598e-01
7.489905953407287598e-01
7.489905953407287598e-01
7.489905953407287598e-01
7.489905953407287598e-01
8.158941864967346191e-01
8.158941864967346191e-01
8.158941864967346191e-01
8.885092139244079590e-01
8.885092139244079590e-01
5.253943204879760742e-01
5.253943204879760742e-01
5.253943204879760742e-01
5.253943204879760742e-01
5.253943204879760742e-01
5.253943204879760742e-01
5.253943204879760742e-01
1.585636377334594727e+00
9.123852849006652832e-01
9.123852849006652832e-01
9.123852849006652832e-01
9.123852849006652832e-01
9.123852849006652832e-01
9.123852849006652832e-01
9.123852849006652832e-01
9.123852849006652832e-01
9.123852849006652832e-01
9.123852849006652832e-01
9.123852849006652832e-01
9.123852849006652832e-01
6.682593226432800293e-01
6.682593226432800293e-01
1.054448485374450684e+00
1.054448485374450684e+00
1.054448485374450684e+00
1.054448485374450684e+00
2.033695220947265625e+00
2.033695220947265625e+00
2.033695220947265625e+00
5.755785703659057617e-01
5.755785703659057617e-01
5.755785703659057617e-01
5.755785703659057617e-01
5.755785703659057617e-01
5.755785703659057617e-01
5.755785703659057617e-01
5.755785703659057617e-01
1.284117698669433594e+00
1.627303600311279297e+00
1.542886495590209961e+00
1.542886495590209961e+00
1.542886495590209961e+00
1.542886495590209961e+00
1.542886495590209961e+00
1.076447725296020508e+00
8.529345989227294922e-01
8.529345989227294922e-01
8.529345989227294922e-01
8.529345989227294922e-01
8.529345989227294922e-01
8.529345989227294922e-01
8.529345989227294922e-01
8.529345989227294922e-01
8.529345989227294922e-01
8.529345989227294922e-01
8.529345989227294922e-01
2.278118133544921875e+00
2.278118133544921875e+00
3.349526166915893555e+00
2.584350585937500000e+00
1.120906591415405273e+00
1.120906591415405273e+00
1.047578096389770508e+00
1.047578096389770508e+00
1.047578096389770508e+00
2.732200622558593750e+00
1.316248774528503418e+00
1.316248774528503418e+00
1.316248774528503418e+00
1.316248774528503418e+00
2.809670209884643555e+00
2.809670209884643555e+00
1.614871144294738770e+00
6.171733140945434570e-01
6.171733140945434570e-01
6.171733140945434570e-01
6.171733140945434570e-01
1.419540882110595703e+00
1.419540882110595703e+00
3.461970567703247070e+00
1.633640408515930176e+00
1.633640408515930176e+00
1.633640408515930176e+00
1.633640408515930176e+00
1.633640408515930176e+00
1.633640408515930176e+00
1.633640408515930176e+00
1.633640408515930176e+00
1.633640408515930176e+00
1.633640408515930176e+00
1.633640408515930176e+00
7.807734012603759766e-01
7.807734012603759766e-01
7.807734012603759766e-01
7.807734012603759766e-01
7.807734012603759766e-01
1.164753913879394531e+00
1.164753913879394531e+00
1.164753913879394531e+00
1.164753913879394531e+00
1.164753913879394531e+00
1.296782493591308594e+00
1.296782493591308594e+00
1.296782493591308594e+00
6.274074912071228027e-01
1.397848367691040039e+00
6.374657154083251953e-01
7.907739877700805664e-01
7.907739877700805664e-01
7.907739877700805664e-01
7.907739877700805664e-01
1.713421344757080078e+00
1.713421344757080078e+00
1.713421344757080078e+00
1.713421344757080078e+00
1.713421344757080078e+00
1.713421344757080078e+00
2.941767692565917969e+00
2.941767692565917969e+00
1.256436705589294434e+00
3.117696046829223633e+00
3.117696046829223633e+00
3.117696046829223633e+00
3.117696046829223633e+00
3.117696046829223633e+00
3.117696046829223633e+00
3.248025894165039062e+00
3.248025894165039062e+00
3.779626131057739258e+00
3.779626131057739258e+00
3.779626131057739258e+00
3.444755554199218750e+00
3.444755554199218750e+00
3.444755554199218750e+00
3.444755554199218750e+00
3.444755554199218750e+00
3.444755554199218750e+00
3.444755554199218750e+00
3.444755554199218750e+00
3.444755554199218750e+00
3.444755554199218750e+00
3.444755554199218750e+00
3.444755554199218750e+00
2.569925785064697266e+00
2.569925785064697266e+00
2.569925785064697266e+00
2.569925785064697266e+00
1.276096343994140625e+00
1.276096343994140625e+00
1.276096343994140625e+00
1.319423913955688477e+00
1.579005479812622070e+00
1.579005479812622070e+00
1.579005479812622070e+00
1.579005479812622070e+00
1.579005479812622070e+00
1.579005479812622070e+00
1.579005479812622070e+00
1.579005479812622070e+00
1.579005479812622070e+00
1.579005479812622070e+00
1.579005479812622070e+00
7.791837453842163086e-01
7.791837453842163086e-01
7.791837453842163086e-01
7.791837453842163086e-01
7.791837453842163086e-01
7.791837453842163086e-01
7.791837453842163086e-01
7.791837453842163086e-01
7.791837453842163086e-01
7.791837453842163086e-01
2.289905548095703125e+00
3.073679447174072266e+00
3.073679447174072266e+00
2.563809633255004883e+00
1.697729587554931641e+00
1.697729587554931641e+00
1.697729587554931641e+00
1.697729587554931641e+00
1.697729587554931641e+00
1.697729587554931641e+00
1.697729587554931641e+00
1.697729587554931641e+00
1.697729587554931641e+00
1.697729587554931641e+00
1.697729587554931641e+00
1.697729587554931641e+00
1.697729587554931641e+00
1.697729587554931641e+00
1.697729587554931641e+00
1.697729587554931641e+00
1.697729587554931641e+00
1.409962296485900879e+00
1.409962296485900879e+00
1.409962296485900879e+00
6.133203506469726562e-01
6.133203506469726562e-01
6.133203506469726562e-01
6.133203506469726562e-01
6.133203506469726562e-01
3.113323211669921875e+00
4.001637935638427734e+00
3.175025463104248047e+00
1.034329414367675781e+00
1.034329414367675781e+00
1.034329414367675781e+00
1.034329414367675781e+00
1.034329414367675781e+00
1.034329414367675781e+00
1.034329414367675781e+00
1.034329414367675781e+00
2.294429302215576172e+00
7.066335678100585938e-01
7.066335678100585938e-01
7.066335678100585938e-01
7.066335678100585938e-01
7.066335678100585938e-01
7.066335678100585938e-01
7.066335678100585938e-01
7.066335678100585938e-01
7.066335678100585938e-01
7.066335678100585938e-01
7.066335678100585938e-01
7.066335678100585938e-01
1.710791110992431641e+00
1.710791110992431641e+00
1.710791110992431641e+00
9.132324457168579102e-01
7.515047788619995117e-01
7.515047788619995117e-01
1.821354746818542480e+00
1.821354746818542480e+00
1.759492874145507812e+00
1.759492874145507812e+00
1.345954656600952148e+00
1.345954656600952148e+00
1.677868366241455078e+00
1.677868366241455078e+00
1.677868366241455078e+00
1.456583738327026367e+00
6.843948364257812500e-01
6.843948364257812500e-01
6.843948364257812500e-01
6.843948364257812500e-01
6.843948364257812500e-01
6.843948364257812500e-01
6.843948364257812500e-01
6.843948364257812500e-01
6.843948364257812500e-01
6.843948364257812500e-01
6.843948364257812500e-01
6.843948364257812500e-01
6.843948364257812500e-01
6.843948364257812500e-01
6.843948364257812500e-01
6.843948364257812500e-01
6.843948364257812500e-01
7.752683162689208984e-01
7.752683162689208984e-01
7.752683162689208984e-01
7.752683162689208984e-01
7.752683162689208984e-01
1.655317068099975586e+00
1.655317068099975586e+00
1.522801637649536133e+00
1.522801637649536133e+00
1.522801637649536133e+00
1.758110761642456055e+00
1.758110761642456055e+00
1.089467883110046387e+00
1.089467883110046387e+00
1.089467883110046387e+00
1.089467883110046387e+00
1.089467883110046387e+00
1.089467883110046387e+00
1.089467883110046387e+00
1.430062532424926758e+00
2.111550331115722656e+00
2.111550331115722656e+00
2.111550331115722656e+00
2.111550331115722656e+00
2.049647331237792969e+00
2.049647331237792969e+00
2.596872329711914062e+00
6.793061494827270508e-01
6.793061494827270508e-01
1.325517416000366211e+00
1.325517416000366211e+00
1.325517416000366211e+00
6.610029935836791992e-01
1.383015394210815430e+00
1.383015394210815430e+00
1.383015394210815430e+00
1.383015394210815430e+00
1.383015394210815430e+00
1.383015394210815430e+00
1.383015394210815430e+00
1.383015394210815430e+00
1.383015394210815430e+00
1.383015394210815430e+00
1.383015394210815430e+00
1.153821945190429688e+00
1.831603884696960449e+00
9.381248950958251953e-01
9.381248950958251953e-01
9.381248950958251953e-01
9.381248950958251953e-01
9.381248950958251953e-01
9.381248950958251953e-01
9.381248950958251953e-01
9.381248950958251953e-01
9.381248950958251953e-01
9.381248950958251953e-01
9.381248950958251953e-01
9.381248950958251953e-01
9.381248950958251953e-01
9.381248950958251953e-01
9.381248950958251953e-01
9.381248950958251953e-01
9.381248950958251953e-01
9.381248950958251953e-01
9.381248950958251953e-01
9.381248950958251953e-01
9.381248950958251953e-01
9.381248950958251953e-01
1.098820805549621582e+00
1.098820805549621582e+00
1.098820805549621582e+00
6.219139695167541504e-01
6.219139695167541504e-01
6.219139695167541504e-01
6.219139695167541504e-01
6.219139695167541504e-01
6.219139695167541504e-01
6.219139695167541504e-01
6.219139695167541504e-01
6.219139695167541504e-01
6.219139695167541504e-01
6.219139695167541504e-01
6.219139695167541504e-01
1.162855863571166992e+00
1.162855863571166992e+00
1.162855863571166992e+00
1.162855863571166992e+00
7.178523540496826172e-01
7.178523540496826172e-01
7.178523540496826172e-01
7.178523540496826172e-01
7.178523540496826172e-01
7.178523540496826172e-01
7.178523540496826172e-01
7.178523540496826172e-01
7.178523540496826172e-01
7.178523540496826172e-01
7.178523540496826172e-01
7.178523540496826172e-01
7.178523540496826172e-01
7.178523540496826172e-01
7.178523540496826172e-01
7.178523540496826172e-01
7.178523540496826172e-01
1.324055910110473633e+00
1.324055910110473633e+00
1.324055910110473633e+00
1.324055910110473633e+00
1.030678749084472656e+00
1.030678749084472656e+00
1.030678749084472656e+00
1.018182396888732910e+00
1.018182396888732910e+00
1.740483045578002930e+00
1.740483045578002930e+00
7.212440967559814453e-01
7.212440967559814453e-01
7.212440967559814453e-01
7.212440967559814453e-01
7.212440967559814453e-01
7.212440967559814453e-01
7.212440967559814453e-01
7.212440967559814453e-01
7.212440967559814453e-01
7.212440967559814453e-01
7.212440967559814453e-01
1.202058315277099609e+00
1.202058315277099609e+00
1.202058315277099609e+00
9.258213043212890625e-01
9.258213043212890625e-01
9.258213043212890625e-01
9.258213043212890625e-01
9.258213043212890625e-01
9.258213043212890625e-01
9.258213043212890625e-01
9.258213043212890625e-01
4.871696531772613525e-01
1.625481963157653809e+00
2.163623809814453125e+00
2.163623809814453125e+00
2.163623809814453125e+00
2.163623809814453125e+00
2.163623809814453125e+00
2.163623809814453125e+00
2.163623809814453125e+00
1.090628027915954590e+00
1.090628027915954590e+00
1.090628027915954590e+00
1.090628027915954590e+00
1.090628027915954590e+00
1.090628027915954590e+00
1.090628027915954590e+00
1.090628027915954590e+00
1.090628027915954590e+00
1.090628027915954590e+00
1.090628027915954590e+00
4.271149635314941406e+00
6.087584495544433594e-01
6.087584495544433594e-01
6.087584495544433594e-01
6.087584495544433594e-01
6.087584495544433594e-01
6.087584495544433594e-01
6.087584495544433594e-01
6.087584495544433594e-01
6.087584495544433594e-01
6.087584495544433594e-01
6.087584495544433594e-01
6.087584495544433594e-01
3.905230283737182617e+00
4.152323246002197266e+00
1.301435947418212891e+00
1.111888408660888672e+00
1.111888408660888672e+00
1.111888408660888672e+00
1.111888408660888672e+00
2.412474393844604492e+00
2.412474393844604492e+00
2.412474393844604492e+00
2.412474393844604492e+00
2.412474393844604492e+00
2.412474393844604492e+00
1.768024921417236328e+00
1.672487735748291016e+00
1.672487735748291016e+00
1.672487735748291016e+00
1.672487735748291016e+00
1.672487735748291016e+00
1.672487735748291016e+00
1.672487735748291016e+00
6.477605104446411133e-01
6.477605104446411133e-01
6.477605104446411133e-01
6.477605104446411133e-01
6.477605104446411133e-01
6.477605104446411133e-01
6.362150907516479492e-01
2.143181085586547852e+00
2.143181085586547852e+00
1.828526496887207031e+00
2.495443344116210938e+00
2.495443344116210938e+00
2.495443344116210938e+00
3.052628993988037109e+00
3.968828916549682617e+00
9.186038970947265625e-01
9.186038970947265625e-01
9.186038970947265625e-01
9.186038970947265625e-01
9.186038970947265625e-01
9.186038970947265625e-01
9.186038970947265625e-01
9.186038970947265625e-01
9.186038970947265625e-01
9.186038970947265625e-01
2.511099815368652344e+00
2.738638877868652344e+00
2.738638877868652344e+00
2.738638877868652344e+00
2.738638877868652344e+00
2.738638877868652344e+00
1.914650678634643555e+00
1.914650678634643555e+00
1.392708063125610352e+00
1.392708063125610352e+00
1.392708063125610352e+00
1.392708063125610352e+00
1.392708063125610352e+00
1.392708063125610352e+00
1.392708063125610352e+00
1.466103553771972656e+00
1.466103553771972656e+00
1.402935743331909180e+00
7.005494236946105957e-01
7.005494236946105957e-01
7.005494236946105957e-01
7.005494236946105957e-01
7.005494236946105957e-01
7.005494236946105957e-01
7.005494236946105957e-01
7.005494236946105957e-01
7.005494236946105957e-01
7.005494236946105957e-01
7.005494236946105957e-01
1.276030540466308594e+00
2.252130031585693359e+00
2.252130031585693359e+00
2.252130031585693359e+00
2.252130031585693359e+00
2.252130031585693359e+00
2.252130031585693359e+00
2.252130031585693359e+00
1.733076810836791992e+00
1.733076810836791992e+00
1.733076810836791992e+00
1.733076810836791992e+00
1.733076810836791992e+00
1.733076810836791992e+00
7.420111894607543945e-01
2.812075614929199219e+00
2.812075614929199219e+00
3.991253852844238281e+00
3.991253852844238281e+00
3.815632820129394531e+00
3.815632820129394531e+00
3.815632820129394531e+00
4.108686923980712891e+00
3.860064268112182617e+00
3.483369112014770508e+00
3.483369112014770508e+00
3.483369112014770508e+00
3.163592576980590820e+00
3.163592576980590820e+00
2.140265941619873047e+00
2.140265941619873047e+00
8.001718521118164062e-01
8.001718521118164062e-01
8.001718521118164062e-01
8.001718521118164062e-01
8.001718521118164062e-01
8.001718521118164062e-01
8.001718521118164062e-01
1.453561782836914062e+00
1.453561782836914062e+00
1.453561782836914062e+00
1.453561782836914062e+00
1.895823240280151367e+00
1.895823240280151367e+00
1.895823240280151367e+00
1.895823240280151367e+00
1.995815515518188477e+00
2.240784168243408203e+00
2.563074827194213867e+00
2.563074827194213867e+00
1.038588523864746094e+00
1.038588523864746094e+00
1.038588523864746094e+00
1.676865339279174805e+00
1.676865339279174805e+00
1.676865339279174805e+00
1.968126773834228516e+00
1.968126773834228516e+00
1.968126773834228516e+00
1.968126773834228516e+00
1.968126773834228516e+00
1.968126773834228516e+00
1.968126773834228516e+00
2.167000770568847656e+00
2.167000770568847656e+00
2.167000770568847656e+00
1.689006567001342773e+00
1.689006567001342773e+00
1.689006567001342773e+00
1.689006567001342773e+00
1.689006567001342773e+00
1.689006567001342773e+00
1.689006567001342773e+00
1.689006567001342773e+00
1.689006567001342773e+00
1.564400434494018555e+00
1.564400434494018555e+00
1.564400434494018555e+00
1.564400434494018555e+00
1.564400434494018555e+00
1.564400434494018555e+00
1.564400434494018555e+00
1.747942805290222168e+00
1.747942805290222168e+00
1.747942805290222168e+00
1.747942805290222168e+00
1.747942805290222168e+00
2.513389825820922852e+00
2.513389825820922852e+00
2.513389825820922852e+00
5.830217361450195312e+00
6.110946655273437500e+00
9.342617988586425781e+00
9.342617988586425781e+00
5.227407455444335938e+00
1.382695674896240234e+00
1.382695674896240234e+00
1.382695674896240234e+00
1.227028965950012207e+00
1.227028965950012207e+00
1.498978734016418457e+00
1.614379763603210449e+00
1.614379763603210449e+00
1.614379763603210449e+00
1.614379763603210449e+00
1.614379763603210449e+00
1.003392696380615234e+00
1.003392696380615234e+00
1.003392696380615234e+00
1.003392696380615234e+00
1.003392696380615234e+00
1.003392696380615234e+00
1.003392696380615234e+00
1.003392696380615234e+00
1.003392696380615234e+00
1.003392696380615234e+00
1.273346424102783203e+00
1.273346424102783203e+00
1.273346424102783203e+00
1.273346424102783203e+00
1.273346424102783203e+00
2.441384792327880859e+00
2.441384792327880859e+00
2.441384792327880859e+00
1.664021730422973633e+00
1.664021730422973633e+00
1.664021730422973633e+00
1.664021730422973633e+00
1.664021730422973633e+00
1.664021730422973633e+00
1.664021730422973633e+00
3.577693939208984375e+00
3.555464744567871094e+00
3.555464744567871094e+00
3.555464744567871094e+00
3.555464744567871094e+00
3.555464744567871094e+00
3.979142904281616211e+00
6.788885593414306641e+00
6.788885593414306641e+00
6.788885593414306641e+00
5.141668796539306641e+00
1.270606040954589844e+00
8.283714056015014648e-01
8.283714056015014648e-01
8.283714056015014648e-01
8.283714056015014648e-01
8.518031239509582520e-01
8.518031239509582520e-01
8.518031239509582520e-01
8.518031239509582520e-01
8.518031239509582520e-01
8.518031239509582520e-01
4.882080256938934326e-01
6.522980928421020508e-01
6.522980928421020508e-01
6.522980928421020508e-01
6.522980928421020508e-01
6.522980928421020508e-01
6.522980928421020508e-01
6.522980928421020508e-01
8.204365372657775879e-01
8.204365372657775879e-01
8.204365372657775879e-01
8.204365372657775879e-01
8.204365372657775879e-01
1.678864479064941406e+00
1.678864479064941406e+00
1.678864479064941406e+00
1.678864479064941406e+00
1.678864479064941406e+00
1.678864479064941406e+00
1.678864479064941406e+00
1.678864479064941406e+00
1.678864479064941406e+00
1.678864479064941406e+00
1.164818048477172852e+00
1.838660836219787598e+00
1.838660836219787598e+00
1.838660836219787598e+00
1.838660836219787598e+00
1.838660836219787598e+00
1.838660836219787598e+00
6.492866277694702148e-01
6.492866277694702148e-01
6.492866277694702148e-01
6.492866277694702148e-01
4.255821704864501953e-01
4.255821704864501953e-01
7.718271017074584961e-01
7.718271017074584961e-01
7.718271017074584961e-01
7.718271017074584961e-01
7.718271017074584961e-01
7.718271017074584961e-01
7.718271017074584961e-01
7.718271017074584961e-01
7.718271017074584961e-01
7.718271017074584961e-01
7.718271017074584961e-01
7.718271017074584961e-01
7.718271017074584961e-01
7.718271017074584961e-01
7.718271017074584961e-01
7.718271017074584961e-01
7.718271017074584961e-01
1.798464655876159668e+00
1.798464655876159668e+00
1.798464655876159668e+00
1.798464655876159668e+00
1.798464655876159668e+00
1.798464655876159668e+00
1.798464655876159668e+00
1.605222940444946289e+00
1.605222940444946289e+00
1.605222940444946289e+00
1.605222940444946289e+00
1.605222940444946289e+00
1.486744046211242676e+00
1.631467938423156738e+00
1.546666383743286133e+00
1.237809658050537109e+00
1.237809658050537109e+00
1.237809658050537109e+00
1.237809658050537109e+00
1.237809658050537109e+00
1.237809658050537109e+00
1.237809658050537109e+00
1.237809658050537109e+00
2.536130428314208984e+00
1.760852575302124023e+00
1.760852575302124023e+00
1.760852575302124023e+00
1.760852575302124023e+00
1.760852575302124023e+00
1.760852575302124023e+00
2.279223918914794922e+00
2.279223918914794922e+00
2.138978719711303711e+00
3.372966766357421875e+00
3.372966766357421875e+00
3.372966766357421875e+00
3.372966766357421875e+00
1.359060525894165039e+00
1.359060525894165039e+00
1.677174329757690430e+00
1.677174329757690430e+00
1.677174329757690430e+00
1.677174329757690430e+00
3.876691341400146484e+00
3.876691341400146484e+00
3.876691341400146484e+00
3.876691341400146484e+00
3.876691341400146484e+00
3.876691341400146484e+00
3.876691341400146484e+00
3.876691341400146484e+00
3.876691341400146484e+00
3.876691341400146484e+00
2.512412071228027344e+00
2.512412071228027344e+00
2.512412071228027344e+00
2.512412071228027344e+00
2.541284799575805664e+00
1.112176656723022461e+00
1.093296051025390625e+00
1.093296051025390625e+00
1.093296051025390625e+00
1.093296051025390625e+00
1.093296051025390625e+00
1.093296051025390625e+00
1.093296051025390625e+00
1.230798363685607910e+00
1.230798363685607910e+00
1.230798363685607910e+00
1.230798363685607910e+00
1.295220613479614258e+00
2.060086965560913086e+00
1.981827497482299805e+00
1.981827497482299805e+00
1.981827497482299805e+00
1.981827497482299805e+00
1.981827497482299805e+00
1.981827497482299805e+00
1.981827497482299805e+00
1.981827497482299805e+00
1.981827497482299805e+00
1.981827497482299805e+00
1.981827497482299805e+00
1.981827497482299805e+00
1.981827497482299805e+00
1.066525697708129883e+00
1.963369369506835938e+00
1.963369369506835938e+00
1.828579187393188477e+00
1.828579187393188477e+00
1.828579187393188477e+00
1.828579187393188477e+00
1.251488566398620605e+00
1.251488566398620605e+00
1.251488566398620605e+00
1.629361748695373535e+00
1.629361748695373535e+00
2.045623779296875000e+00
1.887922406196594238e+00
1.887922406196594238e+00
3.707997322082519531e+00
3.011670112609863281e+00
3.011670112609863281e+00
5.062837123870849609e+00
9.631519317626953125e-01
9.631519317626953125e-01
2.275596141815185547e+00
2.275596141815185547e+00
2.275596141815185547e+00
2.275596141815185547e+00
2.275596141815185547e+00
2.347969770431518555e+00
2.347969770431518555e+00
2.347969770431518555e+00
2.347969770431518555e+00
1.938771843910217285e+00
1.938771843910217285e+00
1.857833147048950195e+00
1.857833147048950195e+00
1.857833147048950195e+00
1.857833147048950195e+00
1.857833147048950195e+00
2.722517251968383789e+00
3.943967819213867188e-01
3.943967819213867188e-01
1.621305584907531738e+00
2.339066028594970703e+00
1.048153638839721680e+00
1.048153638839721680e+00
1.048153638839721680e+00
1.048153638839721680e+00
1.048153638839721680e+00
1.048153638839721680e+00
1.048153638839721680e+00
1.048153638839721680e+00
1.048153638839721680e+00
1.048153638839721680e+00
1.048153638839721680e+00
1.048153638839721680e+00
1.048153638839721680e+00
1.048153638839721680e+00
1.048153638839721680e+00
1.048153638839721680e+00
1.048153638839721680e+00
1.048153638839721680e+00
1.048153638839721680e+00
1.048153638839721680e+00
1.048153638839721680e+00
1.048153638839721680e+00
1.048153638839721680e+00
1.048153638839721680e+00
1.048153638839721680e+00
1.048153638839721680e+00
1.048153638839721680e+00
5.091627120971679688e+00
5.091627120971679688e+00
5.091627120971679688e+00
3.131145715713500977e+00
3.528850555419921875e+00
1.339073896408081055e+00
1.339073896408081055e+00
1.339073896408081055e+00
1.339073896408081055e+00
1.339073896408081055e+00
1.339073896408081055e+00
1.339073896408081055e+00
1.339073896408081055e+00
2.097269296646118164e+00
1.647537350654602051e+00
1.896734237670898438e+00
1.896734237670898438e+00
1.896734237670898438e+00
1.677174806594848633e+00
1.677174806594848633e+00
1.677174806594848633e+00
1.558563709259033203e+00
1.558563709259033203e+00
1.558563709259033203e+00
3.073436260223388672e+00
1.410846829414367676e+00
1.410846829414367676e+00
1.410846829414367676e+00
1.410846829414367676e+00
1.410846829414367676e+00
1.410846829414367676e+00
1.410846829414367676e+00
3.359796524047851562e+00
1.659487724304199219e+00
1.696600079536437988e+00
2.525869607925415039e+00
2.525869607925415039e+00
2.525869607925415039e+00
2.539825201034545898e+00
2.509590387344360352e+00
2.509590387344360352e+00
2.509590387344360352e+00
2.509590387344360352e+00
2.509590387344360352e+00
1.521995782852172852e+00
2.286661148071289062e+00
2.286661148071289062e+00
2.286661148071289062e+00
1.558610200881958008e+00
1.558610200881958008e+00
1.558610200881958008e+00
1.558610200881958008e+00
6.520132422447204590e-01
6.520132422447204590e-01
6.520132422447204590e-01
6.520132422447204590e-01
6.520132422447204590e-01
1.359677195549011230e+00
1.359677195549011230e+00
1.359677195549011230e+00
1.359677195549011230e+00
1.359677195549011230e+00
1.359677195549011230e+00
9.465509653091430664e-01
9.465509653091430664e-01
9.465509653091430664e-01
9.465509653091430664e-01
9.465509653091430664e-01
9.465509653091430664e-01
9.465509653091430664e-01
9.917935729026794434e-01
9.917935729026794434e-01
9.917935729026794434e-01
9.917935729026794434e-01
9.917935729026794434e-01
9.917935729026794434e-01
9.917935729026794434e-01
2.445926427841186523e+00
3.105569362640380859e+00
8.397929668426513672e-01
8.397929668426513672e-01
8.397929668426513672e-01
1.513267993927001953e+00
1.513267993927001953e+00
1.513267993927001953e+00
1.246683359146118164e+00
1.246683359146118164e+00
1.246683359146118164e+00
9.837325811386108398e-01
9.837325811386108398e-01
9.837325811386108398e-01
9.837325811386108398e-01
9.837325811386108398e-01
9.837325811386108398e-01
9.837325811386108398e-01
9.837325811386108398e-01
9.837325811386108398e-01
9.837325811386108398e-01
9.837325811386108398e-01
9.837325811386108398e-01
9.837325811386108398e-01
9.837325811386108398e-01
9.837325811386108398e-01
2.036898136138916016e+00
2.036898136138916016e+00
2.036898136138916016e+00
1.666306614875793457e+00
1.666306614875793457e+00
1.666306614875793457e+00
1.666306614875793457e+00
1.347294092178344727e+00
1.347294092178344727e+00
1.347294092178344727e+00
1.347294092178344727e+00
1.347294092178344727e+00
1.347294092178344727e+00
1.678666353225708008e+00
1.678666353225708008e+00
1.678666353225708008e+00
1.678666353225708008e+00
1.678666353225708008e+00
9.358643889427185059e-01
1.343978643417358398e+00
1.461008548736572266e+00
1.171317934989929199e+00
1.171317934989929199e+00
1.171317934989929199e+00
1.171317934989929199e+00
1.171317934989929199e+00
1.171317934989929199e+00
1.171317934989929199e+00
1.171317934989929199e+00
1.171317934989929199e+00
7.730923891067504883e-01
1.629691123962402344e+00
1.629691123962402344e+00
1.629691123962402344e+00
1.629691123962402344e+00
1.629691123962402344e+00
1.629691123962402344e+00
1.629691123962402344e+00
2.333085060119628906e+00
2.333085060119628906e+00
1.185230612754821777e+00
1.185230612754821777e+00
1.185230612754821777e+00
1.185230612754821777e+00
1.185230612754821777e+00
1.185230612754821777e+00
1.185230612754821777e+00
1.185230612754821777e+00
8.774333596229553223e-01
8.774333596229553223e-01
8.774333596229553223e-01
8.774333596229553223e-01
8.774333596229553223e-01
8.774333596229553223e-01
8.774333596229553223e-01
8.774333596229553223e-01
8.774333596229553223e-01
1.014109373092651367e+00
1.014109373092651367e+00
1.014109373092651367e+00
1.014109373092651367e+00
1.014109373092651367e+00
1.014109373092651367e+00
1.014109373092651367e+00
1.014109373092651367e+00
7.322244644165039062e-01
7.322244644165039062e-01
7.322244644165039062e-01
7.322244644165039062e-01
7.322244644165039062e-01
7.322244644165039062e-01
7.322244644165039062e-01
7.322244644165039062e-01
7.322244644165039062e-01
7.322244644165039062e-01
7.322244644165039062e-01
7.322244644165039062e-01
7.322244644165039062e-01
7.322244644165039062e-01
7.322244644165039062e-01
2.042828083038330078e+00
3.784307003021240234e+00
2.533417224884033203e+00
1.213887572288513184e+00
1.213887572288513184e+00
1.213887572288513184e+00
1.213887572288513184e+00
1.963170289993286133e+00
2.358549833297729492e+00
3.892214775085449219e+00
3.892214775085449219e+00
3.892214775085449219e+00
3.473278045654296875e+00
1.697999477386474609e+00
1.011405467987060547e+00
1.011405467987060547e+00
2.515209197998046875e+00
2.515209197998046875e+00
2.515209197998046875e+00
2.515209197998046875e+00
2.515209197998046875e+00
2.515209197998046875e+00
2.515209197998046875e+00
2.515209197998046875e+00
2.511597394943237305e+00
2.511597394943237305e+00
2.470057725906372070e+00
2.470057725906372070e+00
2.470057725906372070e+00
2.470057725906372070e+00
2.470057725906372070e+00
9.680309295654296875e-01
9.680309295654296875e-01
9.680309295654296875e-01
9.680309295654296875e-01
9.680309295654296875e-01
9.680309295654296875e-01
1.436213254928588867e+00
1.436213254928588867e+00
1.829398989677429199e+00
1.941186547279357910e+00
1.941186547279357910e+00
1.272186160087585449e+00
1.272186160087585449e+00
1.203118920326232910e+00
1.203118920326232910e+00
1.203118920326232910e+00
1.203118920326232910e+00
1.203118920326232910e+00
1.203118920326232910e+00
1.203118920326232910e+00
1.203118920326232910e+00
1.203118920326232910e+00
1.203118920326232910e+00
1.203118920326232910e+00
1.203118920326232910e+00
9.325843453407287598e-01
9.325843453407287598e-01
9.325843453407287598e-01
9.325843453407287598e-01
9.325843453407287598e-01
9.325843453407287598e-01
9.325843453407287598e-01
9.325843453407287598e-01
9.325843453407287598e-01
9.325843453407287598e-01
9.325843453407287598e-01
9.325843453407287598e-01
9.325843453407287598e-01
9.325843453407287598e-01
9.325843453407287598e-01
9.325843453407287598e-01
1.529683113098144531e+00
1.451922535896301270e+00
6.675955057144165039e-01
6.675955057144165039e-01
6.675955057144165039e-01
6.675955057144165039e-01
6.675955057144165039e-01
6.675955057144165039e-01
6.675955057144165039e-01
6.675955057144165039e-01
6.675955057144165039e-01
6.675955057144165039e-01
1.134894251823425293e+00
1.134894251823425293e+00
1.134894251823425293e+00
1.002522230148315430e+00
1.002522230148315430e+00
1.002522230148315430e+00
1.002522230148315430e+00
1.392343401908874512e+00
1.392343401908874512e+00
1.392343401908874512e+00
1.392343401908874512e+00
1.392343401908874512e+00
1.013187408447265625e+00
1.013187408447265625e+00
1.013187408447265625e+00
1.013187408447265625e+00
1.333651423454284668e+00
1.333651423454284668e+00
1.333651423454284668e+00
1.333651423454284668e+00
1.333651423454284668e+00
1.333651423454284668e+00
2.793493747711181641e+00
2.793493747711181641e+00
2.793493747711181641e+00
2.793493747711181641e+00
3.077714443206787109e+00
3.077714443206787109e+00
2.977861404418945312e+00
2.977861404418945312e+00
1.418048262596130371e+00
8.860076069831848145e-01
8.860076069831848145e-01
8.860076069831848145e-01
8.860076069831848145e-01
2.083456754684448242e+00
1.305510520935058594e+00
1.305510520935058594e+00
1.305510520935058594e+00
1.305510520935058594e+00
1.305510520935058594e+00
2.320199012756347656e+00
3.162501096725463867e+00
3.162501096725463867e+00
3.162501096725463867e+00
3.162501096725463867e+00
9.798245429992675781e-01
9.798245429992675781e-01
9.798245429992675781e-01
9.798245429992675781e-01
9.798245429992675781e-01
7.425030469894409180e-01
7.558100223541259766e-01
7.558100223541259766e-01
1.400125622749328613e+00
1.439263939857482910e+00
1.439263939857482910e+00
1.439263939857482910e+00
1.007568240165710449e+00
1.007568240165710449e+00
1.007568240165710449e+00
1.007568240165710449e+00
6.067916750907897949e-01
6.067916750907897949e-01
6.067916750907897949e-01
6.067916750907897949e-01
6.067916750907897949e-01
1.004247426986694336e+00
1.004247426986694336e+00
1.004247426986694336e+00
1.004247426986694336e+00
1.004247426986694336e+00
8.287496566772460938e-01
6.199553608894348145e-01
6.199553608894348145e-01
6.199553608894348145e-01
1.119440078735351562e+00
1.119440078735351562e+00
1.119440078735351562e+00
1.119440078735351562e+00
1.119440078735351562e+00
1.119440078735351562e+00
1.119440078735351562e+00
1.119440078735351562e+00
3.554363012313842773e+00
3.554363012313842773e+00
3.554363012313842773e+00
3.554363012313842773e+00
3.130220413208007812e+00
2.336021661758422852e+00
2.336021661758422852e+00
2.589591503143310547e+00
2.589591503143310547e+00
2.589591503143310547e+00
2.589591503143310547e+00
2.589591503143310547e+00
1.730829715728759766e+00
1.664499282836914062e+00
1.664499282836914062e+00
2.283564090728759766e+00
2.283564090728759766e+00
2.283564090728759766e+00
2.283564090728759766e+00
2.283564090728759766e+00
3.849680423736572266e-01
4.622653961181640625e+00
4.153383255004882812e+00
4.153383255004882812e+00
4.153383255004882812e+00
4.153383255004882812e+00
1.933481931686401367e+00
1.933481931686401367e+00
1.933481931686401367e+00
4.499369859695434570e-01
9.092853069305419922e-01
9.092853069305419922e-01
9.092853069305419922e-01
1.350674986839294434e+00
1.350674986839294434e+00
1.350674986839294434e+00
6.200730204582214355e-01
6.200730204582214355e-01
6.200730204582214355e-01
6.200730204582214355e-01
1.163002967834472656e+00
1.163002967834472656e+00
1.163002967834472656e+00
1.163002967834472656e+00
1.163002967834472656e+00
1.163002967834472656e+00
1.163002967834472656e+00
1.163002967834472656e+00
1.163002967834472656e+00
1.163002967834472656e+00
1.163002967834472656e+00
1.163002967834472656e+00
1.013972163200378418e+00
2.112260341644287109e+00
2.112260341644287109e+00
2.112260341644287109e+00
3.547315120697021484e+00
2.685427665710449219e+00
5.007853507995605469e-01
2.544268369674682617e+00
2.544268369674682617e+00
2.544268369674682617e+00
2.544268369674682617e+00
2.114136934280395508e+00
2.114136934280395508e+00
1.659471154212951660e+00
2.434824466705322266e+00
2.434824466705322266e+00
2.434824466705322266e+00
7.376439571380615234e-01
7.376439571380615234e-01
1.312247753143310547e+00
1.312247753143310547e+00
1.312247753143310547e+00
1.312247753143310547e+00
1.390399217605590820e+00
1.390399217605590820e+00
1.390399217605590820e+00
1.390399217605590820e+00
1.390399217605590820e+00
1.349629282951354980e+00
2.093434810638427734e+00
2.623569488525390625e+00
3.512356281280517578e-01
1.511846542358398438e+00
1.511846542358398438e+00
1.511846542358398438e+00
1.511846542358398438e+00
1.511846542358398438e+00
1.511846542358398438e+00
1.511846542358398438e+00
1.511846542358398438e+00
1.511846542358398438e+00
1.511846542358398438e+00
1.511846542358398438e+00
1.511846542358398438e+00
1.511846542358398438e+00
1.511846542358398438e+00
1.511846542358398438e+00
1.511846542358398438e+00
1.511846542358398438e+00
1.511846542358398438e+00
1.511846542358398438e+00
1.511846542358398438e+00
1.511846542358398438e+00
1.511846542358398438e+00
2.735354423522949219e+00
2.735354423522949219e+00
2.735354423522949219e+00
2.735354423522949219e+00
2.735354423522949219e+00
2.042155981063842773e+00
2.042155981063842773e+00
2.042155981063842773e+00
1.893682599067687988e+00
6.721857786178588867e-01
6.721857786178588867e-01
1.876002550125122070e+00
1.876002550125122070e+00
1.876002550125122070e+00
3.182513236999511719e+00
2.221033334732055664e+00
2.221033334732055664e+00
2.221033334732055664e+00
2.221033334732055664e+00
2.221033334732055664e+00
2.221033334732055664e+00
2.221033334732055664e+00
2.221033334732055664e+00
2.221033334732055664e+00
2.221033334732055664e+00
2.221033334732055664e+00
1.707971096038818359e+00
3.936706304550170898e+00
3.929793834686279297e+00
3.929793834686279297e+00
3.203521490097045898e+00
3.203521490097045898e+00
2.182580471038818359e+00
2.182580471038818359e+00
1.626662611961364746e+00
1.626662611961364746e+00
1.626662611961364746e+00
1.626662611961364746e+00
1.626662611961364746e+00
1.626662611961364746e+00
1.714017271995544434e+00
7.778404355049133301e-01
3.350100755691528320e+00
3.350100755691528320e+00
3.350100755691528320e+00
3.350100755691528320e+00
4.243785381317138672e+00
4.243785381317138672e+00
4.243785381317138672e+00
4.243785381317138672e+00
4.243785381317138672e+00
4.243785381317138672e+00
4.243785381317138672e+00
4.295087337493896484e+00
4.295087337493896484e+00
4.295087337493896484e+00
3.709053754806518555e+00
3.709053754806518555e+00
3.538497447967529297e+00
3.674998283386230469e+00
2.043248414993286133e+00
2.043248414993286133e+00
1.009775757789611816e+00
1.009775757789611816e+00
1.009775757789611816e+00
1.009775757789611816e+00
6.446659564971923828e-01
6.446659564971923828e-01
6.446659564971923828e-01
6.446659564971923828e-01
6.446659564971923828e-01
6.446659564971923828e-01
6.446659564971923828e-01
7.331742644309997559e-01
5.499696254730224609e+00
7.844171524047851562e-01
7.844171524047851562e-01
7.844171524047851562e-01
7.844171524047851562e-01
7.844171524047851562e-01
7.031741738319396973e-01
7.031741738319396973e-01
7.031741738319396973e-01
7.031741738319396973e-01
7.031741738319396973e-01
7.031741738319396973e-01
7.031741738319396973e-01
7.031741738319396973e-01
7.031741738319396973e-01
7.031741738319396973e-01
7.031741738319396973e-01
7.089885473251342773e-01
7.089885473251342773e-01
7.089885473251342773e-01
7.140229344367980957e-01
7.140229344367980957e-01
7.140229344367980957e-01
7.140229344367980957e-01
7.140229344367980957e-01
1.835383653640747070e+00
1.835383653640747070e+00
1.835383653640747070e+00
1.835383653640747070e+00
1.835383653640747070e+00
1.835383653640747070e+00
1.835383653640747070e+00
4.923944950103759766e+00
4.717283725738525391e+00
5.392960548400878906e+00
5.392960548400878906e+00
5.312409877777099609e+00
5.873656749725341797e+00
4.372840404510498047e+00
4.372840404510498047e+00
4.372840404510498047e+00
3.226016044616699219e+00
3.226016044616699219e+00
3.044758319854736328e+00
3.044758319854736328e+00
2.598683595657348633e+00
2.598683595657348633e+00
2.598683595657348633e+00
2.598683595657348633e+00
1.173232555389404297e+00
3.445018768310546875e+00
3.445018768310546875e+00
8.940634727478027344e-01
5.556287765502929688e-01
5.556287765502929688e-01
1.184853672981262207e+00
1.184853672981262207e+00
1.184853672981262207e+00
1.461306095123291016e+00
1.381463766098022461e+00
1.381463766098022461e+00
8.803029656410217285e-01
8.803029656410217285e-01
8.803029656410217285e-01
8.803029656410217285e-01
8.803029656410217285e-01
8.803029656410217285e-01
8.803029656410217285e-01
8.803029656410217285e-01
8.803029656410217285e-01
8.803029656410217285e-01
8.803029656410217285e-01
8.803029656410217285e-01
8.803029656410217285e-01
8.211649656295776367e-01
8.211649656295776367e-01
8.211649656295776367e-01
8.211649656295776367e-01
8.211649656295776367e-01
1.464493870735168457e+00
1.464493870735168457e+00
1.464493870735168457e+00
1.464493870735168457e+00
1.373699545860290527e+00
9.674447774887084961e-01
9.674447774887084961e-01
4.939955174922943115e-01
4.939955174922943115e-01
4.939955174922943115e-01
1.447014927864074707e+00
1.447014927864074707e+00
1.447014927864074707e+00
1.447014927864074707e+00
1.447014927864074707e+00
1.447014927864074707e+00
1.447014927864074707e+00
1.447014927864074707e+00
1.447014927864074707e+00
1.447014927864074707e+00
1.447014927864074707e+00
1.447014927864074707e+00
1.447014927864074707e+00
1.447014927864074707e+00
1.447014927864074707e+00
1.447014927864074707e+00
1.447014927864074707e+00
1.447014927864074707e+00
1.447014927864074707e+00
1.447014927864074707e+00
1.447014927864074707e+00
1.447014927864074707e+00
1.166899681091308594e+00
1.422111153602600098e+00
1.422111153602600098e+00
1.960940361022949219e+00
1.960940361022949219e+00
1.960940361022949219e+00
1.960940361022949219e+00
1.960940361022949219e+00
8.580275774002075195e-01
8.580275774002075195e-01
8.580275774002075195e-01
8.580275774002075195e-01
8.580275774002075195e-01
8.580275774002075195e-01
8.580275774002075195e-01
8.580275774002075195e-01
8.580275774002075195e-01
1.524420857429504395e+00
1.427853941917419434e+00
1.558389306068420410e+00
1.558389306068420410e+00
1.558389306068420410e+00
1.558389306068420410e+00
1.111116886138916016e+00
1.111116886138916016e+00
6.038783788681030273e-01
6.038783788681030273e-01
6.038783788681030273e-01
6.038783788681030273e-01
6.038783788681030273e-01
6.038783788681030273e-01
6.038783788681030273e-01
1.028399467468261719e+00
1.028399467468261719e+00
8.694096803665161133e-01
8.694096803665161133e-01
7.790708541870117188e-01
1.024343729019165039e+00
1.024343729019165039e+00
1.024343729019165039e+00
1.024343729019165039e+00
1.024343729019165039e+00
7.701503038406372070e-01
7.701503038406372070e-01
7.701503038406372070e-01
7.701503038406372070e-01
7.701503038406372070e-01
7.701503038406372070e-01
7.701503038406372070e-01
7.701503038406372070e-01
7.701503038406372070e-01
7.701503038406372070e-01
7.701503038406372070e-01
