7.869386672973632812e+00
1.248533439636230469e+01
7.500394344329833984e+00
4.834628105163574219e+00
4.834628105163574219e+00
4.834628105163574219e+00
5.589476585388183594e+00
4.199509620666503906e+00
5.062957763671875000e+00
5.247648715972900391e+00
5.420418739318847656e+00
9.343976974487304688e-01
1.596640348434448242e+00
4.901032447814941406e-01
2.266682624816894531e+00
2.266682624816894531e+00
2.266682624816894531e+00
3.672833919525146484e+00
1.898846268653869629e+00
1.898846268653869629e+00
1.898846268653869629e+00
2.086509704589843750e+00
1.540880203247070312e+00
1.540880203247070312e+00
1.540880203247070312e+00
1.228183746337890625e+00
1.689858794212341309e+00
7.361822128295898438e-01
7.361822128295898438e-01
9.604855775833129883e-01
9.604855775833129883e-01
9.604855775833129883e-01
9.604855775833129883e-01
9.604855775833129883e-01
9.604855775833129883e-01
9.604855775833129883e-01
9.604855775833129883e-01
9.604855775833129883e-01
9.604855775833129883e-01
9.604855775833129883e-01
1.187470316886901855e+00
1.187470316886901855e+00
2.112914085388183594e+00
2.112914085388183594e+00
4.270794391632080078e+00
6.728854179382324219e+00
6.117743968963623047e+00
5.935088157653808594e+00
4.825212478637695312e+00
4.825212478637695312e+00
5.317961215972900391e+00
6.946601867675781250e+00
6.946601867675781250e+00
4.196114540100097656e+00
4.196114540100097656e+00
3.093709230422973633e+00
3.488963127136230469e+00
2.782073974609375000e+00
2.782073974609375000e+00
2.782073974609375000e+00
2.782073974609375000e+00
3.629018545150756836e+00
3.629018545150756836e+00
3.328087806701660156e+00
3.328087806701660156e+00
3.328087806701660156e+00
4.713578224182128906e+00
3.759195327758789062e+00
1.324117422103881836e+00
1.324117422103881836e+00
6.394580602645874023e-01
6.394580602645874023e-01
6.394580602645874023e-01
6.394580602645874023e-01
6.366190910339355469e-01
6.366190910339355469e-01
6.366190910339355469e-01
6.366190910339355469e-01
6.366190910339355469e-01
1.081545710563659668e+00
1.081545710563659668e+00
1.081545710563659668e+00
1.081545710563659668e+00
1.465481519699096680e+00
1.465481519699096680e+00
1.465481519699096680e+00
1.465481519699096680e+00
9.043530225753784180e-01
9.043530225753784180e-01
9.043530225753784180e-01
9.043530225753784180e-01
2.981806278228759766e+00
2.096138954162597656e+00
2.096138954162597656e+00
3.514905929565429688e+00
3.938679695129394531e+00
3.938679695129394531e+00
3.938679695129394531e+00
4.328352451324462891e+00
4.328352451324462891e+00
3.974742174148559570e+00
3.974742174148559570e+00
3.974742174148559570e+00
3.974742174148559570e+00
3.974742174148559570e+00
7.027816772460937500e-01
7.027816772460937500e-01
7.027816772460937500e-01
7.027816772460937500e-01
7.027816772460937500e-01
7.027816772460937500e-01
1.161897420883178711e+00
1.161897420883178711e+00
1.604085326194763184e+00
1.604085326194763184e+00
1.604085326194763184e+00
1.604085326194763184e+00
1.386771798133850098e+00
1.386771798133850098e+00
5.402389049530029297e+00
8.002813339233398438e+00
8.002813339233398438e+00
2.322981834411621094e+00
4.505793571472167969e+00
4.505793571472167969e+00
5.530800819396972656e+00
3.674655437469482422e+00
3.674655437469482422e+00
3.547759056091308594e+00
4.664948463439941406e+00
2.541068077087402344e+00
1.597918510437011719e+00
2.222232341766357422e+00
2.222232341766357422e+00
2.222232341766357422e+00
2.222232341766357422e+00
1.602814912796020508e+00
1.602814912796020508e+00
1.254154086112976074e+00
1.254154086112976074e+00
1.578206539154052734e+00
1.578206539154052734e+00
1.578206539154052734e+00
1.578206539154052734e+00
1.578206539154052734e+00
1.578206539154052734e+00
1.578206539154052734e+00
3.055358648300170898e+00
3.055358648300170898e+00
3.059605121612548828e+00
1.938773751258850098e+00
1.938773751258850098e+00
1.938773751258850098e+00
1.938773751258850098e+00
1.938773751258850098e+00
2.285031080245971680e+00
9.647779464721679688e-01
2.693081855773925781e+00
2.693081855773925781e+00
8.158892393112182617e-01
8.158892393112182617e-01
8.158892393112182617e-01
8.158892393112182617e-01
8.158892393112182617e-01
8.158892393112182617e-01
5.049295425415039062e-01
5.049295425415039062e-01
5.049295425415039062e-01
5.049295425415039062e-01
5.049295425415039062e-01
5.049295425415039062e-01
5.049295425415039062e-01
1.478218555450439453e+00
5.764912962913513184e-01
5.764912962913513184e-01
5.764912962913513184e-01
5.764912962913513184e-01
5.764912962913513184e-01
5.764912962913513184e-01
5.764912962913513184e-01
5.764912962913513184e-01
5.926967263221740723e-01
6.321058273315429688e-01
6.321058273315429688e-01
6.321058273315429688e-01
6.321058273315429688e-01
2.917032957077026367e+00
1.672554373741149902e+00
1.672554373741149902e+00
1.672554373741149902e+00
1.672554373741149902e+00
1.672554373741149902e+00
1.672554373741149902e+00
1.672554373741149902e+00
1.672554373741149902e+00
1.672554373741149902e+00
1.672554373741149902e+00
1.672554373741149902e+00
8.459400534629821777e-01
8.459400534629821777e-01
8.459400534629821777e-01
8.459400534629821777e-01
1.163952708244323730e+00
1.163952708244323730e+00
1.163952708244323730e+00
1.624025583267211914e+00
1.624025583267211914e+00
1.624025583267211914e+00
4.639509916305541992e-01
4.639509916305541992e-01
4.639509916305541992e-01
7.806361913681030273e-01
7.806361913681030273e-01
7.806361913681030273e-01
4.870533049106597900e-01
1.565369486808776855e+00
1.380447030067443848e+00
1.380447030067443848e+00
2.393507003784179688e+00
5.687954425811767578e-01
5.687954425811767578e-01
5.687954425811767578e-01
5.687954425811767578e-01
3.231226921081542969e+00
4.528129577636718750e+00
3.892352581024169922e+00
3.633156061172485352e+00
1.685145735740661621e+00
1.685145735740661621e+00
1.685145735740661621e+00
1.685145735740661621e+00
1.685145735740661621e+00
1.685145735740661621e+00
1.196769475936889648e+00
1.196769475936889648e+00
1.196769475936889648e+00
1.196769475936889648e+00
1.196769475936889648e+00
9.203776121139526367e-01
9.203776121139526367e-01
9.203776121139526367e-01
9.203776121139526367e-01
9.203776121139526367e-01
9.203776121139526367e-01
9.203776121139526367e-01
1.392940044403076172e+00
1.392940044403076172e+00
2.172191858291625977e+00
2.172191858291625977e+00
2.172191858291625977e+00
2.172191858291625977e+00
2.172191858291625977e+00
2.172191858291625977e+00
2.172191858291625977e+00
2.172191858291625977e+00
2.172191858291625977e+00
2.172191858291625977e+00
2.172191858291625977e+00
5.812653303146362305e-01
5.812653303146362305e-01
5.812653303146362305e-01
5.812653303146362305e-01
4.195290803909301758e-01
4.195290803909301758e-01
4.788756668567657471e-01
4.788756668567657471e-01
1.906180262565612793e+00
1.906180262565612793e+00
1.906180262565612793e+00
1.906180262565612793e+00
1.906180262565612793e+00
1.906180262565612793e+00
1.906180262565612793e+00
1.906180262565612793e+00
1.906180262565612793e+00
8.346502780914306641e-01
8.346502780914306641e-01
8.346502780914306641e-01
5.046498775482177734e-01
5.046498775482177734e-01
5.046498775482177734e-01
5.046498775482177734e-01
5.046498775482177734e-01
5.046498775482177734e-01
5.046498775482177734e-01
5.046498775482177734e-01
5.046498775482177734e-01
4.565518379211425781e+00
2.610695362091064453e+00
2.610695362091064453e+00
2.534623861312866211e+00
4.355714321136474609e+00
4.930140972137451172e-01
6.810322403907775879e-01
6.810322403907775879e-01
6.810322403907775879e-01
6.810322403907775879e-01
6.810322403907775879e-01
6.810322403907775879e-01
9.599435329437255859e-01
9.599435329437255859e-01
9.599435329437255859e-01
9.599435329437255859e-01
9.599435329437255859e-01
9.599435329437255859e-01
4.651831388473510742e-01
4.651831388473510742e-01
1.323038101196289062e+00
1.323038101196289062e+00
1.323038101196289062e+00
1.323038101196289062e+00
1.435090065002441406e+00
1.435090065002441406e+00
1.435090065002441406e+00
1.435090065002441406e+00
1.600761651992797852e+00
1.600761651992797852e+00
1.600761651992797852e+00
1.600761651992797852e+00
9.615594148635864258e-01
6.778463125228881836e-01
6.778463125228881836e-01
6.778463125228881836e-01
6.778463125228881836e-01
6.778463125228881836e-01
6.778463125228881836e-01
6.778463125228881836e-01
6.778463125228881836e-01
6.778463125228881836e-01
7.452425956726074219e-01
7.452425956726074219e-01
7.452425956726074219e-01
7.452425956726074219e-01
7.452425956726074219e-01
7.452425956726074219e-01
7.452425956726074219e-01
4.421275138854980469e+00
4.421275138854980469e+00
4.421275138854980469e+00
4.421275138854980469e+00
6.103157043457031250e+00
5.112472534179687500e+00
5.112472534179687500e+00
2.257369995117187500e+00
2.257369995117187500e+00
2.257369995117187500e+00
2.257369995117187500e+00
1.595765590667724609e+00
1.595765590667724609e+00
1.595765590667724609e+00
7.926655411720275879e-01
7.926655411720275879e-01
7.926655411720275879e-01
1.998965024948120117e+00
1.681178569793701172e+00
8.053149580955505371e-01
8.053149580955505371e-01
8.053149580955505371e-01
8.053149580955505371e-01
8.053149580955505371e-01
8.053149580955505371e-01
8.053149580955505371e-01
8.053149580955505371e-01
8.727235198020935059e-01
8.727235198020935059e-01
9.481965303421020508e-01
1.144921541213989258e+00
1.144921541213989258e+00
1.144921541213989258e+00
1.283984661102294922e+00
1.283984661102294922e+00
1.448027133941650391e+00
1.448027133941650391e+00
1.448027133941650391e+00
1.448027133941650391e+00
1.448027133941650391e+00
1.448027133941650391e+00
1.448027133941650391e+00
1.448027133941650391e+00
9.713562726974487305e-01
9.713562726974487305e-01
1.642743229866027832e+00
1.699385046958923340e+00
1.699385046958923340e+00
1.699385046958923340e+00
1.699385046958923340e+00
1.699385046958923340e+00
1.699385046958923340e+00
1.699385046958923340e+00
1.699385046958923340e+00
4.940008640289306641e+00
1.961434841156005859e+00
2.067372322082519531e+00
6.748273372650146484e-01
6.748273372650146484e-01
1.190117359161376953e+00
9.956192374229431152e-01
9.956192374229431152e-01
9.956192374229431152e-01
9.956192374229431152e-01
9.956192374229431152e-01
9.956192374229431152e-01
9.956192374229431152e-01
5.758044123649597168e-01
5.758044123649597168e-01
5.758044123649597168e-01
1.164021492004394531e+00
1.164021492004394531e+00
1.164021492004394531e+00
1.164021492004394531e+00
1.164021492004394531e+00
1.197771549224853516e+00
2.116778373718261719e+00
2.116778373718261719e+00
2.822730541229248047e+00
2.822730541229248047e+00
2.822730541229248047e+00
1.528798580169677734e+00
1.528798580169677734e+00
1.528798580169677734e+00
1.528798580169677734e+00
1.261102318763732910e+00
1.261102318763732910e+00
1.261102318763732910e+00
1.261102318763732910e+00
1.261102318763732910e+00
1.261102318763732910e+00
1.261102318763732910e+00
1.261102318763732910e+00
6.827560663223266602e-01
6.827560663223266602e-01
7.242994904518127441e-01
7.242994904518127441e-01
9.482247829437255859e-01
9.482247829437255859e-01
9.482247829437255859e-01
9.482247829437255859e-01
9.482247829437255859e-01
9.482247829437255859e-01
1.283757209777832031e+00
1.283757209777832031e+00
1.283757209777832031e+00
1.283757209777832031e+00
1.605826020240783691e+00
1.605826020240783691e+00
1.605826020240783691e+00
5.968185663223266602e-01
5.968185663223266602e-01
5.968185663223266602e-01
9.281633496284484863e-01
9.281633496284484863e-01
9.281633496284484863e-01
9.281633496284484863e-01
1.342078924179077148e+00
1.342078924179077148e+00
3.211591243743896484e+00
8.512334823608398438e-01
8.512334823608398438e-01
8.512334823608398438e-01
1.850089073181152344e+00
1.850089073181152344e+00
1.850089073181152344e+00
8.197227716445922852e-01
4.942525625228881836e-01
1.016352176666259766e+00
1.016352176666259766e+00
1.016352176666259766e+00
1.016352176666259766e+00
1.016352176666259766e+00
1.016352176666259766e+00
1.016352176666259766e+00
1.016352176666259766e+00
1.016352176666259766e+00
1.016352176666259766e+00
1.016352176666259766e+00
1.016352176666259766e+00
1.965210437774658203e+00
1.965210437774658203e+00
1.965210437774658203e+00
1.965210437774658203e+00
1.965210437774658203e+00
1.965210437774658203e+00
1.965210437774658203e+00
1.965210437774658203e+00
1.646553754806518555e+00
1.646553754806518555e+00
1.646553754806518555e+00
7.575787544250488281e+00
7.575787544250488281e+00
4.188359260559082031e+00
1.979909181594848633e+00
1.979909181594848633e+00
1.979909181594848633e+00
1.979909181594848633e+00
1.979909181594848633e+00
1.979909181594848633e+00
1.979909181594848633e+00
1.979909181594848633e+00
1.979909181594848633e+00
1.979909181594848633e+00
1.979909181594848633e+00
1.979909181594848633e+00
1.979909181594848633e+00
1.979909181594848633e+00
3.339565753936767578e+00
3.339565753936767578e+00
3.339565753936767578e+00
2.226550817489624023e+00
2.226550817489624023e+00
2.754879236221313477e+00
2.754879236221313477e+00
2.754879236221313477e+00
4.781293869018554688e-01
4.781293869018554688e-01
4.781293869018554688e-01
4.781293869018554688e-01
4.781293869018554688e-01
1.051424026489257812e+00
1.051424026489257812e+00
1.051424026489257812e+00
2.633262157440185547e+00
2.633262157440185547e+00
3.462738037109375000e+00
3.462738037109375000e+00
3.462738037109375000e+00
2.565356731414794922e+00
2.565356731414794922e+00
2.565356731414794922e+00
2.565356731414794922e+00
2.565356731414794922e+00
1.237908959388732910e+00
1.237908959388732910e+00
1.243813157081604004e+00
1.243813157081604004e+00
1.243813157081604004e+00
1.243813157081604004e+00
1.243813157081604004e+00
1.243813157081604004e+00
3.863532543182373047e+00
3.863532543182373047e+00
3.863532543182373047e+00
1.811686515808105469e+00
1.811686515808105469e+00
1.811686515808105469e+00
1.811686515808105469e+00
1.811686515808105469e+00
1.811686515808105469e+00
1.811686515808105469e+00
2.056625843048095703e+00
3.329209089279174805e+00
4.298359394073486328e+00
4.552518844604492188e+00
4.937114715576171875e+00
6.989547729492187500e+00
4.129372596740722656e+00
4.129372596740722656e+00
4.129372596740722656e+00
4.129372596740722656e+00
4.129372596740722656e+00
5.008610248565673828e+00
5.008610248565673828e+00
5.008610248565673828e+00
4.190605163574218750e+00
2.424182891845703125e+00
3.311538457870483398e+00
6.076915264129638672e-01
6.076915264129638672e-01
6.076915264129638672e-01
6.076915264129638672e-01
6.878235936164855957e-01
6.878235936164855957e-01
8.327403664588928223e-01
1.075520038604736328e+00
1.075520038604736328e+00
1.075520038604736328e+00
1.075520038604736328e+00
1.075520038604736328e+00
1.075520038604736328e+00
2.142644643783569336e+00
2.142644643783569336e+00
8.210613250732421875e+00
3.926138401031494141e+00
1.153376340866088867e+00
1.153376340866088867e+00
1.153376340866088867e+00
1.153376340866088867e+00
1.226928710937500000e+00
1.226928710937500000e+00
1.226928710937500000e+00
1.226928710937500000e+00
1.226928710937500000e+00
1.226928710937500000e+00
1.226928710937500000e+00
1.226928710937500000e+00
1.226928710937500000e+00
1.226928710937500000e+00
1.473939418792724609e+00
1.473939418792724609e+00
9.038864374160766602e-01
9.038864374160766602e-01
9.038864374160766602e-01
9.038864374160766602e-01
9.038864374160766602e-01
9.038864374160766602e-01
9.038864374160766602e-01
1.398641824722290039e+00
2.759953975677490234e+00
9.799109697341918945e-01
9.799109697341918945e-01
9.799109697341918945e-01
9.799109697341918945e-01
9.799109697341918945e-01
9.799109697341918945e-01
9.799109697341918945e-01
9.799109697341918945e-01
9.799109697341918945e-01
9.799109697341918945e-01
9.799109697341918945e-01
9.799109697341918945e-01
9.799109697341918945e-01
9.799109697341918945e-01
9.799109697341918945e-01
9.799109697341918945e-01
9.799109697341918945e-01
9.799109697341918945e-01
9.799109697341918945e-01
9.799109697341918945e-01
9.799109697341918945e-01
9.799109697341918945e-01
9.799109697341918945e-01
2.038780689239501953e+00
2.038780689239501953e+00
4.200927019119262695e-01
8.156119585037231445e-01
8.156119585037231445e-01
8.156119585037231445e-01
8.156119585037231445e-01
8.156119585037231445e-01
8.156119585037231445e-01
8.156119585037231445e-01
8.156119585037231445e-01
8.156119585037231445e-01
8.156119585037231445e-01
8.156119585037231445e-01
5.505223274230957031e-01
2.538163661956787109e+00
2.538163661956787109e+00
4.111503601074218750e+00
4.111503601074218750e+00
1.882026195526123047e+00
1.882026195526123047e+00
1.882026195526123047e+00
1.882026195526123047e+00
1.882026195526123047e+00
1.882026195526123047e+00
2.539547443389892578e+00
2.539547443389892578e+00
4.406592845916748047e+00
4.406592845916748047e+00
6.681753158569335938e+00
2.800614833831787109e+00
2.800614833831787109e+00
2.800614833831787109e+00
1.099116683006286621e+00
1.099116683006286621e+00
1.099116683006286621e+00
1.099116683006286621e+00
1.099116683006286621e+00
1.099116683006286621e+00
1.099116683006286621e+00
1.099116683006286621e+00
1.099116683006286621e+00
1.099116683006286621e+00
1.099116683006286621e+00
1.169785499572753906e+00
1.169785499572753906e+00
1.169785499572753906e+00
1.169785499572753906e+00
1.169785499572753906e+00
1.169785499572753906e+00
1.169785499572753906e+00
2.663506507873535156e+00
2.663506507873535156e+00
2.663506507873535156e+00
2.663506507873535156e+00
1.674686193466186523e+00
1.674686193466186523e+00
1.609750270843505859e+00
1.609750270843505859e+00
1.609750270843505859e+00
1.609750270843505859e+00
1.609750270843505859e+00
1.609750270843505859e+00
1.104897260665893555e+00
1.104897260665893555e+00
1.104897260665893555e+00
1.104897260665893555e+00
1.386517167091369629e+00
3.291631460189819336e+00
3.415107727050781250e+00
3.415107727050781250e+00
3.730335235595703125e+00
1.117815971374511719e+00
1.117815971374511719e+00
1.117815971374511719e+00
1.117815971374511719e+00
1.341968059539794922e+00
1.341968059539794922e+00
1.341968059539794922e+00
1.341968059539794922e+00
1.341968059539794922e+00
1.341968059539794922e+00
5.522412657737731934e-01
5.522412657737731934e-01
2.069545745849609375e+00
3.927153587341308594e+00
6.983557701110839844e+00
6.983557701110839844e+00
1.421747207641601562e+00
1.421747207641601562e+00
1.421747207641601562e+00
1.421747207641601562e+00
1.421747207641601562e+00
7.802996635437011719e-01
7.802996635437011719e-01
7.802996635437011719e-01
7.802996635437011719e-01
7.802996635437011719e-01
7.802996635437011719e-01
7.802996635437011719e-01
7.802996635437011719e-01
1.052446603775024414e+00
1.052446603775024414e+00
1.052446603775024414e+00
1.116289377212524414e+00
1.022814750671386719e+00
1.022814750671386719e+00
1.022814750671386719e+00
1.022814750671386719e+00
1.022814750671386719e+00
8.832361698150634766e-01
8.832361698150634766e-01
8.832361698150634766e-01
8.832361698150634766e-01
8.832361698150634766e-01
8.832361698150634766e-01
8.832361698150634766e-01
8.832361698150634766e-01
8.832361698150634766e-01
8.832361698150634766e-01
8.832361698150634766e-01
1.892865419387817383e+00
1.892865419387817383e+00
1.892865419387817383e+00
3.523092746734619141e+00
3.447681188583374023e+00
1.235904455184936523e+00
1.235904455184936523e+00
1.235904455184936523e+00
1.235904455184936523e+00
1.235904455184936523e+00
1.235904455184936523e+00
1.259924173355102539e+00
6.060347557067871094e+00
5.280697822570800781e+00
5.280697822570800781e+00
3.690520286560058594e+00
3.690520286560058594e+00
3.690520286560058594e+00
4.099227428436279297e+00
4.099227428436279297e+00
4.099227428436279297e+00
4.689662933349609375e+00
2.141335487365722656e+00
2.089673042297363281e+00
2.341119289398193359e+00
2.341119289398193359e+00
2.341119289398193359e+00
2.341119289398193359e+00
2.341119289398193359e+00
2.341119289398193359e+00
1.686431646347045898e+00
1.686431646347045898e+00
1.686431646347045898e+00
1.686431646347045898e+00
1.686431646347045898e+00
1.686431646347045898e+00
1.686431646347045898e+00
7.030637741088867188e+00
7.309429645538330078e+00
7.309429645538330078e+00
7.309429645538330078e+00
6.704059600830078125e+00
6.704059600830078125e+00
6.108428001403808594e+00
7.981962680816650391e+00
7.981962680816650391e+00
7.981962680816650391e+00
6.908268451690673828e+00
6.908268451690673828e+00
6.908268451690673828e+00
7.208403110504150391e+00
8.129622459411621094e+00
7.895078659057617188e+00
7.756350994110107422e+00
1.529030799865722656e+00
1.529030799865722656e+00
1.529030799865722656e+00
1.529030799865722656e+00
8.346984982490539551e-01
8.346984982490539551e-01
8.346984982490539551e-01
8.346984982490539551e-01
8.346984982490539551e-01
8.346984982490539551e-01
8.346984982490539551e-01
8.346984982490539551e-01
8.346984982490539551e-01
8.346984982490539551e-01
1.817786693572998047e+00
1.817786693572998047e+00
1.817786693572998047e+00
1.817786693572998047e+00
1.817786693572998047e+00
1.817786693572998047e+00
1.817786693572998047e+00
5.707174539566040039e-01
5.707174539566040039e-01
8.535059094429016113e-01
8.535059094429016113e-01
8.535059094429016113e-01
8.535059094429016113e-01
3.069447040557861328e+00
3.069447040557861328e+00
3.794326782226562500e+00
1.403603076934814453e+00
1.403603076934814453e+00
1.947878718376159668e+00
1.947878718376159668e+00
1.313757896423339844e+00
1.313757896423339844e+00
5.494391322135925293e-01
5.494391322135925293e-01
5.494391322135925293e-01
5.494391322135925293e-01
1.369842052459716797e+00
1.369842052459716797e+00
1.369842052459716797e+00
1.369842052459716797e+00
1.369842052459716797e+00
1.369842052459716797e+00
1.369842052459716797e+00
1.369842052459716797e+00
1.583855986595153809e+00
7.274035811424255371e-01
7.274035811424255371e-01
7.274035811424255371e-01
7.274035811424255371e-01
7.274035811424255371e-01
7.274035811424255371e-01
7.274035811424255371e-01
7.274035811424255371e-01
7.274035811424255371e-01
7.274035811424255371e-01
7.274035811424255371e-01
7.754739522933959961e-01
7.754739522933959961e-01
3.982155799865722656e+00
2.101712942123413086e+00
1.233680725097656250e+00
1.233680725097656250e+00
1.233680725097656250e+00
1.233680725097656250e+00
1.233680725097656250e+00
1.233680725097656250e+00
1.233680725097656250e+00
1.233680725097656250e+00
1.233680725097656250e+00
1.233680725097656250e+00
1.233680725097656250e+00
1.233680725097656250e+00
1.233680725097656250e+00
1.233680725097656250e+00
2.765445232391357422e+00
4.241634845733642578e+00
2.368681430816650391e+00
2.368681430816650391e+00
2.368681430816650391e+00
2.368681430816650391e+00
1.705994844436645508e+00
1.705994844436645508e+00
1.214236736297607422e+00
1.214236736297607422e+00
1.214236736297607422e+00
1.214236736297607422e+00
1.214236736297607422e+00
1.214236736297607422e+00
1.427146077156066895e+00
1.427146077156066895e+00
1.427146077156066895e+00
1.427146077156066895e+00
1.427146077156066895e+00
1.427146077156066895e+00
1.427146077156066895e+00
1.427146077156066895e+00
1.427146077156066895e+00
1.427146077156066895e+00
5.708171129226684570e-01
5.708171129226684570e-01
5.708171129226684570e-01
5.708171129226684570e-01
5.708171129226684570e-01
5.708171129226684570e-01
5.708171129226684570e-01
5.708171129226684570e-01
5.708171129226684570e-01
5.708171129226684570e-01
5.708171129226684570e-01
1.776916623115539551e+00
1.776916623115539551e+00
1.776916623115539551e+00
1.776916623115539551e+00
1.776916623115539551e+00
9.496677517890930176e-01
9.496677517890930176e-01
9.496677517890930176e-01
9.496677517890930176e-01
9.496677517890930176e-01
9.496677517890930176e-01
9.496677517890930176e-01
9.496677517890930176e-01
9.496677517890930176e-01
1.164185285568237305e+00
1.164185285568237305e+00
1.164185285568237305e+00
2.153992176055908203e+00
2.153992176055908203e+00
2.153992176055908203e+00
2.591431140899658203e+00
2.947425603866577148e+00
2.741419076919555664e+00
2.929967403411865234e+00
2.929967403411865234e+00
2.929967403411865234e+00
2.929967403411865234e+00
2.929967403411865234e+00
2.929967403411865234e+00
2.929967403411865234e+00
1.687140703201293945e+00
1.687140703201293945e+00
1.687140703201293945e+00
1.687140703201293945e+00
5.353857278823852539e-01
5.353857278823852539e-01
5.353857278823852539e-01
5.353857278823852539e-01
5.353857278823852539e-01
5.353857278823852539e-01
5.353857278823852539e-01
5.353857278823852539e-01
5.353857278823852539e-01
1.039160132408142090e+00
1.039160132408142090e+00
1.039160132408142090e+00
1.039160132408142090e+00
3.684772968292236328e+00
3.684772968292236328e+00
3.684772968292236328e+00
3.307912349700927734e+00
4.113302707672119141e+00
4.113302707672119141e+00
5.251229763031005859e+00
4.478851795196533203e+00
4.478851795196533203e+00
2.421684265136718750e+00
2.421684265136718750e+00
3.255879402160644531e+00
2.162678718566894531e+00
2.162678718566894531e+00
2.162678718566894531e+00
4.765044212341308594e+00
4.765044212341308594e+00
3.285857439041137695e+00
3.218741893768310547e+00
2.956964254379272461e+00
2.956964254379272461e+00
6.517717838287353516e-01
5.485009551048278809e-01
5.485009551048278809e-01
5.485009551048278809e-01
5.485009551048278809e-01
5.485009551048278809e-01
5.485009551048278809e-01
4.338307976722717285e-01
4.338307976722717285e-01
4.338307976722717285e-01
4.338307976722717285e-01
4.338307976722717285e-01
1.962292194366455078e+00
1.962292194366455078e+00
1.962292194366455078e+00
1.865893006324768066e+00
1.865893006324768066e+00
1.865893006324768066e+00
1.865893006324768066e+00
1.865893006324768066e+00
1.865893006324768066e+00
1.718691468238830566e+00
1.718691468238830566e+00
1.718691468238830566e+00
1.718691468238830566e+00
1.718691468238830566e+00
1.664461493492126465e+00
1.664461493492126465e+00
2.700160980224609375e+00
2.700160980224609375e+00
4.545514583587646484e+00
6.963513374328613281e+00
6.963513374328613281e+00
6.963513374328613281e+00
6.746212959289550781e+00
6.746212959289550781e+00
6.746212959289550781e+00
4.968109130859375000e+00
5.030161857604980469e+00
3.194663047790527344e+00
3.194663047790527344e+00
3.194663047790527344e+00
3.194663047790527344e+00
3.194663047790527344e+00
2.498878717422485352e+00
2.498878717422485352e+00
1.880141735076904297e+00
1.880141735076904297e+00
3.017983436584472656e+00
3.017983436584472656e+00
1.774197101593017578e+00
1.774197101593017578e+00
1.774197101593017578e+00
1.774197101593017578e+00
3.497375488281250000e+00
3.497375488281250000e+00
3.815226554870605469e-01
1.506187319755554199e+00
1.506187319755554199e+00
7.420578002929687500e-01
7.420578002929687500e-01
7.420578002929687500e-01
7.420578002929687500e-01
7.420578002929687500e-01
7.420578002929687500e-01
7.420578002929687500e-01
7.420578002929687500e-01
9.304259419441223145e-01
9.304259419441223145e-01
9.304259419441223145e-01
1.224913358688354492e+00
1.224913358688354492e+00
1.224913358688354492e+00
1.224913358688354492e+00
1.224913358688354492e+00
3.497033715248107910e-01
3.497033715248107910e-01
3.497033715248107910e-01
3.998319625854492188e+00
3.998319625854492188e+00
3.394966125488281250e+00
2.450478792190551758e+00
1.089596271514892578e+00
2.567621231079101562e+00
2.567621231079101562e+00
2.567621231079101562e+00
1.711240887641906738e+00
2.256602764129638672e+00
2.632051467895507812e+00
3.184764146804809570e+00
3.184764146804809570e+00
3.184764146804809570e+00
3.184764146804809570e+00
3.184764146804809570e+00
3.184764146804809570e+00
5.445232391357421875e+00
5.277889728546142578e+00
4.171872615814208984e+00
1.754391193389892578e+00
1.754391193389892578e+00
2.558364629745483398e+00
2.247866630554199219e+00
3.004506826400756836e+00
3.004506826400756836e+00
3.004506826400756836e+00
2.015007972717285156e+00
2.015007972717285156e+00
1.291761398315429688e+00
1.291761398315429688e+00
1.291761398315429688e+00
1.291761398315429688e+00
1.077991008758544922e+00
1.077991008758544922e+00
1.077991008758544922e+00
1.077991008758544922e+00
7.533127069473266602e-01
7.533127069473266602e-01
7.533127069473266602e-01
7.533127069473266602e-01
7.533127069473266602e-01
7.533127069473266602e-01
7.533127069473266602e-01
7.533127069473266602e-01
7.533127069473266602e-01
2.196034431457519531e+00
2.519140243530273438e+00
2.519140243530273438e+00
2.519140243530273438e+00
2.009922981262207031e+00
1.094935894012451172e+00
1.094935894012451172e+00
1.094935894012451172e+00
1.614773750305175781e+00
1.614773750305175781e+00
1.614773750305175781e+00
1.614773750305175781e+00
1.614773750305175781e+00
1.614773750305175781e+00
2.080122470855712891e+00
1.630824446678161621e+00
1.630824446678161621e+00
1.630824446678161621e+00
1.630824446678161621e+00
8.144450187683105469e-01
8.144450187683105469e-01
8.144450187683105469e-01
8.144450187683105469e-01
8.144450187683105469e-01
8.144450187683105469e-01
8.144450187683105469e-01
8.144450187683105469e-01
8.144450187683105469e-01
8.144450187683105469e-01
8.144450187683105469e-01
8.144450187683105469e-01
8.841351866722106934e-01
8.841351866722106934e-01
8.841351866722106934e-01
8.841351866722106934e-01
8.841351866722106934e-01
8.841351866722106934e-01
8.841351866722106934e-01
7.633115053176879883e-01
7.633115053176879883e-01
7.633115053176879883e-01
7.633115053176879883e-01
1.174324035644531250e+00
1.174324035644531250e+00
5.849073529243469238e-01
9.613797664642333984e-01
9.613797664642333984e-01
9.829709529876708984e-01
9.829709529876708984e-01
9.829709529876708984e-01
9.829709529876708984e-01
9.829709529876708984e-01
9.829709529876708984e-01
9.829709529876708984e-01
9.829709529876708984e-01
9.829709529876708984e-01
9.829709529876708984e-01
9.829709529876708984e-01
9.829709529876708984e-01
9.829709529876708984e-01
9.829709529876708984e-01
9.829709529876708984e-01
9.829709529876708984e-01
9.829709529876708984e-01
9.829709529876708984e-01
8.087046742439270020e-01
3.049834251403808594e+00
7.245008945465087891e+00
6.812720298767089844e-01
6.812720298767089844e-01
6.812720298767089844e-01
6.812720298767089844e-01
6.812720298767089844e-01
2.797551155090332031e+00
2.797551155090332031e+00
2.797551155090332031e+00
2.797551155090332031e+00
1.259488582611083984e+00
1.226579308509826660e+00
1.749201297760009766e+00
1.749201297760009766e+00
7.390499114990234375e+00
7.390499114990234375e+00
6.395489215850830078e+00
1.257194519042968750e+00
1.257194519042968750e+00
1.257194519042968750e+00
1.257194519042968750e+00
1.257194519042968750e+00
2.060365438461303711e+00
2.060365438461303711e+00
1.491468787193298340e+00
1.491468787193298340e+00
1.491468787193298340e+00
1.491468787193298340e+00
6.238583922386169434e-01
6.238583922386169434e-01
6.238583922386169434e-01
6.238583922386169434e-01
6.238583922386169434e-01
6.238583922386169434e-01
6.238583922386169434e-01
6.238583922386169434e-01
6.238583922386169434e-01
6.238583922386169434e-01
6.238583922386169434e-01
6.238583922386169434e-01
6.238583922386169434e-01
2.478544473648071289e+00
2.478544473648071289e+00
2.478544473648071289e+00
2.478544473648071289e+00
2.478544473648071289e+00
2.478544473648071289e+00
2.478544473648071289e+00
1.061665415763854980e+00
1.061665415763854980e+00
1.061665415763854980e+00
1.061665415763854980e+00
1.250713586807250977e+00
1.250713586807250977e+00
1.250713586807250977e+00
1.250713586807250977e+00
1.250713586807250977e+00
1.250713586807250977e+00
1.250713586807250977e+00
1.250713586807250977e+00
1.250713586807250977e+00
1.250713586807250977e+00
1.250713586807250977e+00
1.870346784591674805e+00
1.347462415695190430e+00
1.347462415695190430e+00
1.347462415695190430e+00
1.347462415695190430e+00
1.347462415695190430e+00
1.347462415695190430e+00
1.347462415695190430e+00
9.684232473373413086e-01
8.088181614875793457e-01
8.088181614875793457e-01
8.088181614875793457e-01
8.088181614875793457e-01
8.088181614875793457e-01
8.088181614875793457e-01
8.088181614875793457e-01
1.584805130958557129e+00
6.142122745513916016e-01
6.142122745513916016e-01
6.142122745513916016e-01
6.830204129219055176e-01
7.170911431312561035e-01
7.170911431312561035e-01
7.170911431312561035e-01
7.170911431312561035e-01
7.170911431312561035e-01
7.170911431312561035e-01
7.170911431312561035e-01
4.613891243934631348e-01
4.613891243934631348e-01
4.613891243934631348e-01
4.613891243934631348e-01
5.277332067489624023e-01
5.277332067489624023e-01
5.277332067489624023e-01
5.277332067489624023e-01
5.277332067489624023e-01
5.277332067489624023e-01
5.277332067489624023e-01
5.277332067489624023e-01
5.277332067489624023e-01
5.277332067489624023e-01
6.546768546104431152e-01
6.546768546104431152e-01
6.546768546104431152e-01
1.642507553100585938e+00
1.642507553100585938e+00
3.167728424072265625e+00
2.627421617507934570e+00
2.627421617507934570e+00
3.243359088897705078e+00
3.243359088897705078e+00
9.881513118743896484e-01
9.881513118743896484e-01
9.881513118743896484e-01
9.881513118743896484e-01
9.881513118743896484e-01
9.881513118743896484e-01
9.881513118743896484e-01
9.881513118743896484e-01
9.881513118743896484e-01
9.881513118743896484e-01
9.881513118743896484e-01
9.881513118743896484e-01
9.881513118743896484e-01
9.881513118743896484e-01
9.881513118743896484e-01
2.476070523262023926e-01
2.476070523262023926e-01
2.476070523262023926e-01
2.476070523262023926e-01
5.113142490386962891e+00
3.959428071975708008e+00
3.953570604324340820e+00
4.948134422302246094e+00
1.865149259567260742e+00
1.865149259567260742e+00
1.865149259567260742e+00
1.764528274536132812e+00
1.764528274536132812e+00
1.764528274536132812e+00
1.764528274536132812e+00
2.917424678802490234e+00
3.976961612701416016e+00
3.976961612701416016e+00
3.976961612701416016e+00
3.976961612701416016e+00
1.840549945831298828e+00
1.840549945831298828e+00
1.840549945831298828e+00
1.840549945831298828e+00
1.840549945831298828e+00
1.341898083686828613e+00
1.341898083686828613e+00
1.341898083686828613e+00
1.190456867218017578e+00
2.204037189483642578e+00
2.204037189483642578e+00
3.148885726928710938e+00
5.359504222869873047e-01
5.359504222869873047e-01
6.580229997634887695e-01
6.580229997634887695e-01
6.580229997634887695e-01
6.580229997634887695e-01
6.580229997634887695e-01
1.095274567604064941e+00
4.859348535537719727e-01
4.859348535537719727e-01
3.211440563201904297e+00
3.211440563201904297e+00
3.211440563201904297e+00
4.178869724273681641e-01
4.178869724273681641e-01
4.178869724273681641e-01
4.178869724273681641e-01
4.178869724273681641e-01
2.081542015075683594e+00
2.081542015075683594e+00
1.423116922378540039e+00
1.423116922378540039e+00
1.423116922378540039e+00
1.423116922378540039e+00
1.423116922378540039e+00
1.423116922378540039e+00
2.964850902557373047e+00
2.964850902557373047e+00
2.642805814743041992e+00
3.324657917022705078e+00
3.324657917022705078e+00
1.328309774398803711e+00
2.670464038848876953e+00
2.670464038848876953e+00
2.670464038848876953e+00
2.670464038848876953e+00
2.670464038848876953e+00
6.512961387634277344e+00
4.328734397888183594e+00
3.891227722167968750e+00
1.845636129379272461e+00
1.845636129379272461e+00
1.845636129379272461e+00
1.845636129379272461e+00
1.473411917686462402e+00
7.442733049392700195e-01
7.442733049392700195e-01
7.442733049392700195e-01
7.442733049392700195e-01
7.442733049392700195e-01
7.442733049392700195e-01
7.442733049392700195e-01
7.442733049392700195e-01
7.442733049392700195e-01
7.442733049392700195e-01
7.442733049392700195e-01
7.442733049392700195e-01
7.442733049392700195e-01
7.442733049392700195e-01
7.243363261222839355e-01
7.243363261222839355e-01
7.243363261222839355e-01
7.243363261222839355e-01
7.243363261222839355e-01
7.243363261222839355e-01
7.243363261222839355e-01
7.243363261222839355e-01
7.243363261222839355e-01
7.243363261222839355e-01
7.243363261222839355e-01
1.105768680572509766e+00
1.105768680572509766e+00
1.105768680572509766e+00
1.105768680572509766e+00
1.105768680572509766e+00
1.105768680572509766e+00
1.105768680572509766e+00
1.105768680572509766e+00
1.413115262985229492e+00
2.922760963439941406e+00
8.150889873504638672e-01
8.150889873504638672e-01
8.150889873504638672e-01
8.150889873504638672e-01
8.150889873504638672e-01
8.150889873504638672e-01
4.399675428867340088e-01
4.399675428867340088e-01
4.399675428867340088e-01
4.399675428867340088e-01
4.399675428867340088e-01
4.399675428867340088e-01
6.173109412193298340e-01
6.173109412193298340e-01
6.173109412193298340e-01
6.173109412193298340e-01
5.051825046539306641e-01
1.437652111053466797e+00
1.437652111053466797e+00
1.437652111053466797e+00
1.437652111053466797e+00
1.437652111053466797e+00
2.956214427947998047e+00
2.956214427947998047e+00
2.956214427947998047e+00
4.061751365661621094e-01
2.657333135604858398e+00
2.657333135604858398e+00
2.657333135604858398e+00
2.657333135604858398e+00
2.784928321838378906e+00
3.095344781875610352e+00
3.095344781875610352e+00
4.583874225616455078e+00
4.583874225616455078e+00
1.483693361282348633e+00
1.483693361282348633e+00
1.483693361282348633e+00
1.483693361282348633e+00
1.483693361282348633e+00
1.483693361282348633e+00
1.608574271202087402e+00
1.608574271202087402e+00
1.608574271202087402e+00
1.237344145774841309e+00
1.237344145774841309e+00
1.237344145774841309e+00
1.237344145774841309e+00
1.237344145774841309e+00
2.363055706024169922e+00
2.363055706024169922e+00
4.800053119659423828e+00
1.388792753219604492e+00
6.641455888748168945e-01
6.641455888748168945e-01
6.641455888748168945e-01
6.641455888748168945e-01
6.641455888748168945e-01
6.641455888748168945e-01
6.641455888748168945e-01
6.641455888748168945e-01
6.641455888748168945e-01
6.641455888748168945e-01
7.425698041915893555e-01
7.425698041915893555e-01
7.425698041915893555e-01
7.425698041915893555e-01
7.425698041915893555e-01
7.425698041915893555e-01
7.425698041915893555e-01
7.425698041915893555e-01
7.425698041915893555e-01
1.887631177902221680e+00
1.160520076751708984e+00
1.160520076751708984e+00
1.160520076751708984e+00
1.160520076751708984e+00
1.160520076751708984e+00
1.160520076751708984e+00
1.160520076751708984e+00
1.160520076751708984e+00
1.160520076751708984e+00
1.160520076751708984e+00
1.160520076751708984e+00
1.160520076751708984e+00
1.160520076751708984e+00
8.968640565872192383e-01
8.968640565872192383e-01
8.968640565872192383e-01
8.968640565872192383e-01
8.968640565872192383e-01
8.968640565872192383e-01
8.968640565872192383e-01
8.968640565872192383e-01
2.172353029251098633e+00
1.527996063232421875e+00
1.527996063232421875e+00
1.527996063232421875e+00
1.527996063232421875e+00
1.527996063232421875e+00
1.527996063232421875e+00
1.527996063232421875e+00
1.527996063232421875e+00
2.429587364196777344e+00
9.434101581573486328e-01
9.434101581573486328e-01
8.522396683692932129e-01
8.522396683692932129e-01
8.522396683692932129e-01
8.522396683692932129e-01
3.714514076709747314e-01
3.714514076709747314e-01
3.714514076709747314e-01
3.714514076709747314e-01
3.714514076709747314e-01
3.714514076709747314e-01
3.714514076709747314e-01
3.714514076709747314e-01
3.714514076709747314e-01
7.040446996688842773e-01
7.040446996688842773e-01
7.040446996688842773e-01
7.040446996688842773e-01
7.040446996688842773e-01
2.243242740631103516e+00
2.243242740631103516e+00
3.400363445281982422e+00
2.573973655700683594e+00
2.573973655700683594e+00
8.352478742599487305e-01
7.560530900955200195e-01
7.560530900955200195e-01
1.015064477920532227e+00
1.015064477920532227e+00
1.015064477920532227e+00
1.015064477920532227e+00
1.015064477920532227e+00
1.015064477920532227e+00
2.627959728240966797e+00
2.627959728240966797e+00
1.337576746940612793e+00
1.337576746940612793e+00
1.337576746940612793e+00
1.337576746940612793e+00
1.337576746940612793e+00
1.337576746940612793e+00
1.337576746940612793e+00
3.543400764465332031e+00
1.568804264068603516e+00
1.568804264068603516e+00
1.568804264068603516e+00
1.568804264068603516e+00
1.568804264068603516e+00
1.568804264068603516e+00
1.568804264068603516e+00
1.568804264068603516e+00
1.568804264068603516e+00
1.568804264068603516e+00
1.568804264068603516e+00
1.568804264068603516e+00
6.477078795433044434e-01
6.477078795433044434e-01
6.477078795433044434e-01
6.477078795433044434e-01
6.477078795433044434e-01
6.477078795433044434e-01
6.477078795433044434e-01
6.477078795433044434e-01
6.477078795433044434e-01
6.477078795433044434e-01
9.545680284500122070e-01
9.545680284500122070e-01
1.097158908843994141e+00
1.097158908843994141e+00
1.097158908843994141e+00
1.097158908843994141e+00
1.097158908843994141e+00
1.097158908843994141e+00
1.262731790542602539e+00
1.262731790542602539e+00
1.262731790542602539e+00
5.575863718986511230e-01
5.575863718986511230e-01
5.575863718986511230e-01
7.672764062881469727e-01
7.672764062881469727e-01
7.672764062881469727e-01
2.093890428543090820e+00
3.378336429595947266e+00
3.378336429595947266e+00
5.388496398925781250e+00
5.388496398925781250e+00
5.388496398925781250e+00
3.812140941619873047e+00
3.812140941619873047e+00
3.812140941619873047e+00
3.952897071838378906e+00
3.952897071838378906e+00
4.527025222778320312e+00
4.527025222778320312e+00
4.827543735504150391e+00
4.465883255004882812e+00
1.412316560745239258e+00
1.412316560745239258e+00
1.412316560745239258e+00
1.412316560745239258e+00
1.412316560745239258e+00
1.412316560745239258e+00
1.412316560745239258e+00
1.412316560745239258e+00
1.412316560745239258e+00
1.412316560745239258e+00
1.412316560745239258e+00
1.225138902664184570e+00
1.225138902664184570e+00
1.225138902664184570e+00
1.225138902664184570e+00
1.225138902664184570e+00
1.287232518196105957e+00
1.287232518196105957e+00
1.334026336669921875e+00
1.614374399185180664e+00
1.614374399185180664e+00
1.614374399185180664e+00
9.427524805068969727e-01
9.427524805068969727e-01
9.427524805068969727e-01
9.427524805068969727e-01
9.427524805068969727e-01
9.427524805068969727e-01
9.427524805068969727e-01
9.427524805068969727e-01
9.427524805068969727e-01
9.427524805068969727e-01
9.427524805068969727e-01
9.427524805068969727e-01
9.427524805068969727e-01
6.649365425109863281e-01
6.649365425109863281e-01
6.649365425109863281e-01
6.649365425109863281e-01
6.649365425109863281e-01
1.511412382125854492e+00
1.511412382125854492e+00
9.607529640197753906e-01
9.607529640197753906e-01
9.607529640197753906e-01
9.607529640197753906e-01
9.607529640197753906e-01
9.607529640197753906e-01
9.607529640197753906e-01
9.607529640197753906e-01
9.607529640197753906e-01
9.607529640197753906e-01
9.607529640197753906e-01
9.210996627807617188e-01
9.210996627807617188e-01
4.552511274814605713e-01
1.420437812805175781e+00
1.420437812805175781e+00
1.420437812805175781e+00
1.420437812805175781e+00
1.420437812805175781e+00
1.420437812805175781e+00
1.420437812805175781e+00
1.420437812805175781e+00
1.420437812805175781e+00
5.352556705474853516e-01
5.352556705474853516e-01
5.352556705474853516e-01
5.352556705474853516e-01
5.352556705474853516e-01
5.352556705474853516e-01
5.352556705474853516e-01
5.352556705474853516e-01
5.352556705474853516e-01
5.352556705474853516e-01
5.352556705474853516e-01
5.352556705474853516e-01
5.352556705474853516e-01
5.352556705474853516e-01
5.352556705474853516e-01
5.352556705474853516e-01
5.352556705474853516e-01
5.352556705474853516e-01
5.352556705474853516e-01
5.352556705474853516e-01
5.352556705474853516e-01
5.352556705474853516e-01
5.352556705474853516e-01
5.352556705474853516e-01
1.567913651466369629e+00
1.567913651466369629e+00
1.567913651466369629e+00
1.567913651466369629e+00
1.567913651466369629e+00
7.065502405166625977e-01
7.065502405166625977e-01
1.282007813453674316e+00
1.282007813453674316e+00
1.282007813453674316e+00
1.852681875228881836e+00
1.852681875228881836e+00
1.406060457229614258e+00
1.406060457229614258e+00
1.764527201652526855e+00
1.764527201652526855e+00
1.764527201652526855e+00
1.525539875030517578e+00
6.915758252143859863e-01
6.915758252143859863e-01
6.915758252143859863e-01
6.915758252143859863e-01
6.915758252143859863e-01
6.915758252143859863e-01
6.915758252143859863e-01
6.915758252143859863e-01
6.915758252143859863e-01
1.178667545318603516e+00
1.178667545318603516e+00
1.178667545318603516e+00
1.178667545318603516e+00
1.178667545318603516e+00
3.965020775794982910e-01
3.965020775794982910e-01
3.965020775794982910e-01
3.965020775794982910e-01
3.965020775794982910e-01
3.965020775794982910e-01
1.346954822540283203e+00
1.346954822540283203e+00
1.203838109970092773e+00
1.203838109970092773e+00
1.203838109970092773e+00
1.457972049713134766e+00
1.457972049713134766e+00
1.457972049713134766e+00
1.457972049713134766e+00
1.457972049713134766e+00
1.457972049713134766e+00
7.881747484207153320e-01
1.823649406433105469e+00
3.285490036010742188e+00
2.248362064361572266e+00
2.248362064361572266e+00
2.984368801116943359e+00
2.984368801116943359e+00
2.984368801116943359e+00
2.984368801116943359e+00
2.984368801116943359e+00
2.984368801116943359e+00
3.575371742248535156e+00
1.504400253295898438e+00
1.504400253295898438e+00
1.504400253295898438e+00
1.504400253295898438e+00
1.504400253295898438e+00
4.815282821655273438e+00
1.878920078277587891e+00
1.878920078277587891e+00
1.878920078277587891e+00
1.878920078277587891e+00
1.878920078277587891e+00
1.878920078277587891e+00
1.878920078277587891e+00
1.878920078277587891e+00
1.878920078277587891e+00
1.878920078277587891e+00
1.878920078277587891e+00
2.469995498657226562e+00
3.997441768646240234e+00
3.711561679840087891e+00
2.746604442596435547e+00
2.746604442596435547e+00
3.396034717559814453e+00
3.396034717559814453e+00
3.396034717559814453e+00
3.396034717559814453e+00
3.396034717559814453e+00
3.396034717559814453e+00
3.396034717559814453e+00
3.396034717559814453e+00
2.564055442810058594e+00
9.763855934143066406e-01
9.763855934143066406e-01
9.763855934143066406e-01
9.763855934143066406e-01
9.763855934143066406e-01
9.763855934143066406e-01
9.763855934143066406e-01
9.763855934143066406e-01
9.763855934143066406e-01
9.763855934143066406e-01
9.763855934143066406e-01
9.763855934143066406e-01
9.763855934143066406e-01
9.763855934143066406e-01
1.671298027038574219e+00
1.671298027038574219e+00
1.671298027038574219e+00
1.671298027038574219e+00
1.671298027038574219e+00
1.671298027038574219e+00
1.671298027038574219e+00
1.671298027038574219e+00
1.671298027038574219e+00
1.671298027038574219e+00
1.671298027038574219e+00
1.671298027038574219e+00
1.190694212913513184e+00
1.190694212913513184e+00
1.190694212913513184e+00
1.190694212913513184e+00
1.190694212913513184e+00
1.190694212913513184e+00
4.894611239433288574e-01
1.599297285079956055e+00
1.599297285079956055e+00
1.599297285079956055e+00
9.773724079132080078e-01
4.170292615890502930e-01
4.170292615890502930e-01
1.929490208625793457e+00
1.991075515747070312e+00
1.991075515747070312e+00
1.991075515747070312e+00
1.991075515747070312e+00
1.991075515747070312e+00
1.674228191375732422e+00
1.674228191375732422e+00
1.674228191375732422e+00
1.660732150077819824e+00
1.660732150077819824e+00
2.440816879272460938e+00
2.440816879272460938e+00
1.340038776397705078e+00
1.340038776397705078e+00
1.340038776397705078e+00
1.340038776397705078e+00
1.340038776397705078e+00
1.340038776397705078e+00
9.045387506484985352e-01
9.045387506484985352e-01
9.045387506484985352e-01
9.045387506484985352e-01
9.045387506484985352e-01
9.045387506484985352e-01
6.062028408050537109e-01
6.062028408050537109e-01
6.062028408050537109e-01
6.062028408050537109e-01
6.062028408050537109e-01
6.062028408050537109e-01
6.062028408050537109e-01
6.062028408050537109e-01
6.062028408050537109e-01
6.062028408050537109e-01
1.187396168708801270e+00
1.187396168708801270e+00
1.187396168708801270e+00
1.187396168708801270e+00
1.187396168708801270e+00
1.187396168708801270e+00
1.187396168708801270e+00
1.187396168708801270e+00
1.187396168708801270e+00
1.187396168708801270e+00
1.187396168708801270e+00
1.187396168708801270e+00
8.670962452888488770e-01
8.670962452888488770e-01
8.670962452888488770e-01
8.670962452888488770e-01
8.670962452888488770e-01
8.670962452888488770e-01
4.302059650421142578e+00
3.466770648956298828e-01
4.880910873413085938e+00
3.389842033386230469e+00
2.293622493743896484e+00
2.735707521438598633e+00
9.466779232025146484e-01
9.466779232025146484e-01
9.466779232025146484e-01
9.466779232025146484e-01
9.466779232025146484e-01
9.466779232025146484e-01
9.466779232025146484e-01
1.213538527488708496e+00
1.213538527488708496e+00
1.213538527488708496e+00
1.213538527488708496e+00
1.213538527488708496e+00
1.213538527488708496e+00
1.213538527488708496e+00
1.213538527488708496e+00
1.213538527488708496e+00
1.213538527488708496e+00
1.213538527488708496e+00
5.175331234931945801e-01
4.143530130386352539e-01
4.143530130386352539e-01
4.143530130386352539e-01
4.143530130386352539e-01
4.143530130386352539e-01
4.143530130386352539e-01
4.143530130386352539e-01
2.822111606597900391e+00
5.813118934631347656e+00
5.813118934631347656e+00
7.666215896606445312e-01
7.666215896606445312e-01
7.666215896606445312e-01
7.666215896606445312e-01
7.666215896606445312e-01
2.291136741638183594e+00
3.011406898498535156e+00
3.011406898498535156e+00
3.011406898498535156e+00
3.613167285919189453e+00
4.602663040161132812e+00
1.308420181274414062e+00
1.308420181274414062e+00
1.308420181274414062e+00
1.308420181274414062e+00
1.308420181274414062e+00
1.308420181274414062e+00
9.877270460128784180e-01
9.877270460128784180e-01
9.877270460128784180e-01
2.707622766494750977e+00
2.953365087509155273e+00
2.953365087509155273e+00
2.953365087509155273e+00
2.953365087509155273e+00
2.953365087509155273e+00
2.063457965850830078e+00
2.063457965850830078e+00
1.499759912490844727e+00
1.499759912490844727e+00
1.499759912490844727e+00
1.499759912490844727e+00
1.499759912490844727e+00
1.499759912490844727e+00
1.579027056694030762e+00
1.579027056694030762e+00
1.510805726051330566e+00
7.522284984588623047e-01
7.522284984588623047e-01
7.522284984588623047e-01
7.522284984588623047e-01
7.522284984588623047e-01
7.522284984588623047e-01
7.522284984588623047e-01
7.522284984588623047e-01
7.522284984588623047e-01
7.522284984588623047e-01
7.522284984588623047e-01
1.373748064041137695e+00
2.427935600280761719e+00
2.427935600280761719e+00
2.427935600280761719e+00
2.427935600280761719e+00
2.427935600280761719e+00
2.427935600280761719e+00
6.869326829910278320e-01
6.869326829910278320e-01
6.869326829910278320e-01
6.869326829910278320e-01
6.869326829910278320e-01
6.869326829910278320e-01
6.869326829910278320e-01
6.869326829910278320e-01
6.869326829910278320e-01
6.869326829910278320e-01
2.922602176666259766e+00
2.922602176666259766e+00
4.196114540100097656e+00
4.196114540100097656e+00
4.006443977355957031e+00
4.006443977355957031e+00
4.006443977355957031e+00
1.769962549209594727e+00
1.769962549209594727e+00
1.880904316902160645e+00
1.880904316902160645e+00
1.880904316902160645e+00
1.535545587539672852e+00
1.535545587539672852e+00
4.303528070449829102e-01
1.683322906494140625e+00
8.701545596122741699e-01
8.701545596122741699e-01
8.701545596122741699e-01
8.701545596122741699e-01
8.701545596122741699e-01
8.701545596122741699e-01
8.701545596122741699e-01
8.701545596122741699e-01
8.701545596122741699e-01
8.701545596122741699e-01
8.701545596122741699e-01
8.701545596122741699e-01
8.701545596122741699e-01
8.701545596122741699e-01
8.701545596122741699e-01
8.701545596122741699e-01
9.781462550163269043e-01
9.781462550163269043e-01
9.781462550163269043e-01
1.949382185935974121e+00
1.070443987846374512e+00
1.070443987846374512e+00
1.070443987846374512e+00
1.070443987846374512e+00
1.070443987846374512e+00
7.972355484962463379e-01
7.972355484962463379e-01
7.972355484962463379e-01
7.972355484962463379e-01
7.972355484962463379e-01
7.972355484962463379e-01
7.972355484962463379e-01
7.972355484962463379e-01
1.012019395828247070e+00
1.012019395828247070e+00
1.012019395828247070e+00
1.012019395828247070e+00
1.012019395828247070e+00
1.012019395828247070e+00
1.012019395828247070e+00
1.012019395828247070e+00
8.845231533050537109e-01
8.845231533050537109e-01
8.845231533050537109e-01
8.845231533050537109e-01
8.845231533050537109e-01
7.499485015869140625e-01
7.499485015869140625e-01
7.499485015869140625e-01
7.499485015869140625e-01
7.499485015869140625e-01
7.499485015869140625e-01
7.499485015869140625e-01
7.499485015869140625e-01
7.499485015869140625e-01
7.499485015869140625e-01
7.499485015869140625e-01
7.499485015869140625e-01
1.576631307601928711e+00
1.576631307601928711e+00
1.576631307601928711e+00
5.158804893493652344e+00
5.461992263793945312e+00
8.952197074890136719e+00
8.952197074890136719e+00
4.507769584655761719e+00
3.554806709289550781e-01
6.743913888931274414e-01
6.743913888931274414e-01
5.062713623046875000e-01
5.062713623046875000e-01
7.999771237373352051e-01
9.246102571487426758e-01
9.246102571487426758e-01
9.246102571487426758e-01
1.840568065643310547e+00
1.840568065643310547e+00
1.840568065643310547e+00
1.316535949707031250e+00
1.030512213706970215e+00
6.439546346664428711e-01
6.439546346664428711e-01
6.439546346664428711e-01
6.439546346664428711e-01
6.439546346664428711e-01
6.439546346664428711e-01
6.439546346664428711e-01
3.463782787322998047e+00
3.463782787322998047e+00
3.463782787322998047e+00
5.768625736236572266e-01
5.768625736236572266e-01
1.507282137870788574e+00
1.507282137870788574e+00
2.768763542175292969e+00
2.768763542175292969e+00
2.768763542175292969e+00
1.929211378097534180e+00
1.929211378097534180e+00
2.638557910919189453e+00
2.638557910919189453e+00
2.638557910919189453e+00
2.638557910919189453e+00
2.931038141250610352e+00
2.354005813598632812e+00
2.329998254776000977e+00
4.280894756317138672e+00
4.280894756317138672e+00
4.280894756317138672e+00
4.280894756317138672e+00
4.738467216491699219e+00
7.772989273071289062e+00
7.772989273071289062e+00
7.772989273071289062e+00
5.993995189666748047e+00
1.813247680664062500e+00
2.992286682128906250e+00
3.205623865127563477e+00
3.205623865127563477e+00
3.205623865127563477e+00
5.891518592834472656e-01
5.891518592834472656e-01
5.891518592834472656e-01
5.891518592834472656e-01
5.891518592834472656e-01
5.891518592834472656e-01
5.891518592834472656e-01
7.663691639900207520e-01
7.663691639900207520e-01
7.663691639900207520e-01
7.663691639900207520e-01
7.668304443359375000e-01
7.668304443359375000e-01
7.668304443359375000e-01
9.484199881553649902e-01
9.484199881553649902e-01
9.484199881553649902e-01
9.484199881553649902e-01
9.484199881553649902e-01
9.484199881553649902e-01
9.484199881553649902e-01
9.484199881553649902e-01
9.484199881553649902e-01
9.484199881553649902e-01
9.484199881553649902e-01
9.484199881553649902e-01
9.484199881553649902e-01
9.484199881553649902e-01
9.484199881553649902e-01
9.484199881553649902e-01
9.484199881553649902e-01
9.484199881553649902e-01
9.484199881553649902e-01
9.484199881553649902e-01
8.175784945487976074e-01
1.536099910736083984e+00
1.536099910736083984e+00
1.536099910736083984e+00
1.242662072181701660e+00
1.242662072181701660e+00
1.242662072181701660e+00
1.242662072181701660e+00
1.242662072181701660e+00
1.616606593132019043e+00
1.616606593132019043e+00
1.616606593132019043e+00
1.631701231002807617e+00
1.631701231002807617e+00
1.631701231002807617e+00
2.899558544158935547e-01
2.899558544158935547e-01
2.899558544158935547e-01
2.899558544158935547e-01
3.143446207046508789e+00
3.308394908905029297e+00
4.620334625244140625e+00
2.040060758590698242e+00
2.040060758590698242e+00
2.040060758590698242e+00
8.244043588638305664e-01
8.244043588638305664e-01
8.244043588638305664e-01
5.895489454269409180e-01
5.895489454269409180e-01
4.971896648406982422e+00
3.386095046997070312e+00
3.386095046997070312e+00
3.386095046997070312e+00
3.386095046997070312e+00
3.177393913269042969e+00
3.177393913269042969e+00
3.177393913269042969e+00
3.177393913269042969e+00
3.177393913269042969e+00
1.388704299926757812e+00
1.388704299926757812e+00
1.388704299926757812e+00
1.388704299926757812e+00
1.388704299926757812e+00
1.388704299926757812e+00
1.388704299926757812e+00
1.388704299926757812e+00
1.388704299926757812e+00
1.388704299926757812e+00
1.617453455924987793e+00
3.019639968872070312e+00
2.182339906692504883e+00
2.182339906692504883e+00
2.182339906692504883e+00
2.182339906692504883e+00
2.182339906692504883e+00
5.062972307205200195e-01
5.062972307205200195e-01
5.062972307205200195e-01
5.062972307205200195e-01
5.062972307205200195e-01
5.062972307205200195e-01
5.062972307205200195e-01
5.062972307205200195e-01
5.062972307205200195e-01
5.062972307205200195e-01
5.062972307205200195e-01
8.498601913452148438e-01
8.498601913452148438e-01
8.498601913452148438e-01
8.498601913452148438e-01
1.074649333953857422e+00
1.074649333953857422e+00
1.074649333953857422e+00
1.074649333953857422e+00
1.074649333953857422e+00
1.074649333953857422e+00
1.074649333953857422e+00
1.074649333953857422e+00
1.074649333953857422e+00
1.074649333953857422e+00
1.074649333953857422e+00
1.074649333953857422e+00
1.004909634590148926e+00
1.004909634590148926e+00
1.004909634590148926e+00
1.004909634590148926e+00
6.084686517715454102e-01
1.540562868118286133e+00
1.540562868118286133e+00
1.540562868118286133e+00
1.540562868118286133e+00
1.540562868118286133e+00
1.540562868118286133e+00
1.689065456390380859e+00
1.689065456390380859e+00
6.859750747680664062e-01
6.859750747680664062e-01
7.555510997772216797e-01
1.581606745719909668e+00
1.497086524963378906e+00
1.497086524963378906e+00
1.423485517501831055e+00
1.423485517501831055e+00
1.423485517501831055e+00
1.423485517501831055e+00
1.423485517501831055e+00
1.423485517501831055e+00
1.423485517501831055e+00
1.423485517501831055e+00
1.423485517501831055e+00
1.423485517501831055e+00
1.423485517501831055e+00
1.423485517501831055e+00
2.392076492309570312e+00
2.392076492309570312e+00
2.392076492309570312e+00
2.392076492309570312e+00
2.392076492309570312e+00
1.768818616867065430e+00
1.768818616867065430e+00
3.281431198120117188e+00
3.281431198120117188e+00
4.304911613464355469e+00
4.304911613464355469e+00
4.304911613464355469e+00
4.304911613464355469e+00
5.940438747406005859e+00
7.008771419525146484e+00
7.323815345764160156e+00
8.259328842163085938e+00
1.241332435607910156e+01
1.235548114776611328e+01
1.033994483947753906e+01
1.130540180206298828e+01
1.130540180206298828e+01
8.733562469482421875e+00
6.257953643798828125e+00
6.257953643798828125e+00
6.257953643798828125e+00
6.257953643798828125e+00
6.257953643798828125e+00
5.816020011901855469e+00
4.014080524444580078e+00
3.926666736602783203e+00
8.115198612213134766e-01
8.115198612213134766e-01
2.127681732177734375e+00
2.127681732177734375e+00
1.114489793777465820e+00
1.839009046554565430e+00
1.266114950180053711e+00
1.266114950180053711e+00
1.266114950180053711e+00
2.041296243667602539e+00
6.471108198165893555e-01
6.471108198165893555e-01
6.471108198165893555e-01
6.471108198165893555e-01
2.096421241760253906e+00
9.468417167663574219e-01
9.468417167663574219e-01
9.840414524078369141e-01
9.840414524078369141e-01
9.840414524078369141e-01
9.840414524078369141e-01
9.840414524078369141e-01
9.840414524078369141e-01
9.840414524078369141e-01
9.840414524078369141e-01
9.840414524078369141e-01
9.840414524078369141e-01
1.524685382843017578e+00
1.524685382843017578e+00
1.524685382843017578e+00
6.777452230453491211e-01
6.777452230453491211e-01
6.777452230453491211e-01
6.777452230453491211e-01
2.185103893280029297e+00
2.185103893280029297e+00
2.185103893280029297e+00
6.552054882049560547e+00
6.552054882049560547e+00
6.709335803985595703e+00
4.220792770385742188e+00
3.870457649230957031e+00
1.459128856658935547e+00
1.459128856658935547e+00
1.459128856658935547e+00
1.459128856658935547e+00
1.459128856658935547e+00
1.459128856658935547e+00
1.459128856658935547e+00
2.277979850769042969e+00
1.792269349098205566e+00
2.061402082443237305e+00
2.061402082443237305e+00
2.061402082443237305e+00
2.061402082443237305e+00
2.061402082443237305e+00
2.061402082443237305e+00
2.061402082443237305e+00
2.061402082443237305e+00
2.061402082443237305e+00
2.061402082443237305e+00
2.061402082443237305e+00
2.061402082443237305e+00
1.845346093177795410e+00
3.352855205535888672e+00
1.841461181640625000e+00
1.841461181640625000e+00
1.841461181640625000e+00
1.841461181640625000e+00
1.841461181640625000e+00
2.768685817718505859e-01
2.768685817718505859e-01
3.169498741626739502e-01
1.212561011314392090e+00
1.212561011314392090e+00
1.212561011314392090e+00
1.227633118629455566e+00
1.194979429244995117e+00
1.194979429244995117e+00
1.194979429244995117e+00
1.194979429244995117e+00
1.194979429244995117e+00
1.194979429244995117e+00
3.042207002639770508e+00
3.042207002639770508e+00
3.042207002639770508e+00
2.255911827087402344e+00
2.255911827087402344e+00
2.255911827087402344e+00
2.346431016921997070e+00
2.346431016921997070e+00
1.367678046226501465e+00
2.659823894500732422e+00
1.543862819671630859e+00
1.543862819671630859e+00
1.543862819671630859e+00
1.543862819671630859e+00
2.035030364990234375e+00
1.588854074478149414e+00
1.588854074478149414e+00
1.588854074478149414e+00
1.588854074478149414e+00
1.588854074478149414e+00
1.588854074478149414e+00
1.588854074478149414e+00
1.637716174125671387e+00
1.637716174125671387e+00
1.637716174125671387e+00
1.637716174125671387e+00
1.637716174125671387e+00
1.637716174125671387e+00
1.637716174125671387e+00
3.208179473876953125e+00
3.920593738555908203e+00
1.473555326461791992e+00
1.473555326461791992e+00
1.473555326461791992e+00
1.473555326461791992e+00
1.473555326461791992e+00
1.473555326461791992e+00
1.185643911361694336e+00
1.185643911361694336e+00
1.185643911361694336e+00
9.016570448875427246e-01
9.016570448875427246e-01
9.016570448875427246e-01
9.016570448875427246e-01
9.016570448875427246e-01
9.016570448875427246e-01
9.016570448875427246e-01
9.016570448875427246e-01
9.016570448875427246e-01
9.016570448875427246e-01
9.016570448875427246e-01
1.559780478477478027e+00
7.462165355682373047e-01
7.462165355682373047e-01
7.462165355682373047e-01
7.462165355682373047e-01
7.462165355682373047e-01
7.462165355682373047e-01
7.462165355682373047e-01
4.016830325126647949e-01
4.016830325126647949e-01
4.016830325126647949e-01
4.016830325126647949e-01
1.492345094680786133e+00
1.492345094680786133e+00
1.492345094680786133e+00
1.595903277397155762e+00
1.595903277397155762e+00
1.595903277397155762e+00
1.370590448379516602e+00
1.370590448379516602e+00
1.370590448379516602e+00
1.370590448379516602e+00
1.370590448379516602e+00
1.370590448379516602e+00
1.370590448379516602e+00
1.370590448379516602e+00
1.370590448379516602e+00
1.370590448379516602e+00
1.370590448379516602e+00
1.370590448379516602e+00
1.370590448379516602e+00
9.405069351196289062e-01
1.865633606910705566e+00
1.865633606910705566e+00
1.865633606910705566e+00
1.865633606910705566e+00
1.865633606910705566e+00
4.257715940475463867e-01
4.257715940475463867e-01
1.185436964035034180e+00
1.185436964035034180e+00
1.185436964035034180e+00
1.185436964035034180e+00
1.185436964035034180e+00
1.185436964035034180e+00
1.185436964035034180e+00
1.185436964035034180e+00
1.185436964035034180e+00
1.185436964035034180e+00
1.185436964035034180e+00
1.185436964035034180e+00
1.185436964035034180e+00
1.185436964035034180e+00
1.185436964035034180e+00
1.185436964035034180e+00
1.185436964035034180e+00
1.185436964035034180e+00
1.333047032356262207e+00
1.333047032356262207e+00
1.509763240814208984e+00
1.509763240814208984e+00
1.509763240814208984e+00
1.509763240814208984e+00
2.390683174133300781e+00
3.122737884521484375e+00
2.818302154541015625e+00
2.818302154541015625e+00
2.818302154541015625e+00
1.713552713394165039e+00
1.713552713394165039e+00
1.713552713394165039e+00
1.713552713394165039e+00
1.278040647506713867e+00
1.278040647506713867e+00
1.278040647506713867e+00
1.278040647506713867e+00
1.278040647506713867e+00
1.278040647506713867e+00
1.278040647506713867e+00
8.730270862579345703e-01
8.730270862579345703e-01
8.730270862579345703e-01
8.730270862579345703e-01
2.753824472427368164e+00
1.402863621711730957e+00
1.402863621711730957e+00
4.363764524459838867e-01
4.363764524459838867e-01
4.363764524459838867e-01
8.413137197494506836e-01
1.268323659896850586e+00
2.924681901931762695e+00
2.924681901931762695e+00
2.924681901931762695e+00
2.472230434417724609e+00
5.549296140670776367e-01
5.549296140670776367e-01
5.549296140670776367e-01
2.179037570953369141e+00
2.179037570953369141e+00
2.179037570953369141e+00
2.179037570953369141e+00
2.179037570953369141e+00
8.440593481063842773e-01
8.440593481063842773e-01
8.440593481063842773e-01
8.440593481063842773e-01
8.401584625244140625e-01
8.401584625244140625e-01
8.401584625244140625e-01
8.401584625244140625e-01
8.401584625244140625e-01
1.937505483627319336e+00
1.937505483627319336e+00
2.147696018218994141e+00
2.147696018218994141e+00
3.039833068847656250e+00
3.039833068847656250e+00
3.039833068847656250e+00
3.545469999313354492e+00
1.006942749023437500e+01
7.051282405853271484e+00
4.639610290527343750e+00
4.315918445587158203e+00
3.286965370178222656e+00
3.286965370178222656e+00
1.023640632629394531e+00
1.023640632629394531e+00
1.023640632629394531e+00
8.164616227149963379e-01
8.164616227149963379e-01
8.164616227149963379e-01
8.164616227149963379e-01
8.164616227149963379e-01
8.164616227149963379e-01
8.164616227149963379e-01
8.164616227149963379e-01
8.164616227149963379e-01
8.164616227149963379e-01
8.164616227149963379e-01
8.164616227149963379e-01
8.164616227149963379e-01
8.164616227149963379e-01
8.164616227149963379e-01
8.164616227149963379e-01
8.164616227149963379e-01
8.164616227149963379e-01
8.164616227149963379e-01
8.164616227149963379e-01
8.164616227149963379e-01
8.164616227149963379e-01
8.164616227149963379e-01
8.164616227149963379e-01
8.164616227149963379e-01
1.461328268051147461e+00
1.377346873283386230e+00
5.302737355232238770e-01
5.302737355232238770e-01
5.302737355232238770e-01
5.302737355232238770e-01
5.302737355232238770e-01
5.302737355232238770e-01
5.302737355232238770e-01
5.302737355232238770e-01
5.302737355232238770e-01
5.302737355232238770e-01
1.034956455230712891e+00
1.034956455230712891e+00
8.919947147369384766e-01
8.919947147369384766e-01
8.919947147369384766e-01
8.919947147369384766e-01
1.313001632690429688e+00
1.313001632690429688e+00
1.313001632690429688e+00
1.313001632690429688e+00
1.313001632690429688e+00
9.035131335258483887e-01
9.035131335258483887e-01
9.035131335258483887e-01
9.035131335258483887e-01
1.249614238739013672e+00
1.249614238739013672e+00
1.249614238739013672e+00
1.249614238739013672e+00
1.249614238739013672e+00
1.249614238739013672e+00
1.249614238739013672e+00
8.428525924682617188e-01
8.428525924682617188e-01
8.428525924682617188e-01
8.428525924682617188e-01
2.052185535430908203e+00
2.052185535430908203e+00
8.681085109710693359e-01
8.681085109710693359e-01
8.681085109710693359e-01
8.681085109710693359e-01
8.681085109710693359e-01
8.681085109710693359e-01
1.857747793197631836e+00
1.857747793197631836e+00
7.077662944793701172e-01
1.402579307556152344e+00
1.402579307556152344e+00
1.402579307556152344e+00
2.498443126678466797e+00
3.408129453659057617e+00
3.408129453659057617e+00
3.408129453659057617e+00
3.408129453659057617e+00
1.050838708877563477e+00
1.050838708877563477e+00
1.050838708877563477e+00
1.050838708877563477e+00
1.050838708877563477e+00
7.945315241813659668e-01
8.089030385017395020e-01
8.089030385017395020e-01
1.504763841629028320e+00
1.547033190727233887e+00
1.547033190727233887e+00
1.547033190727233887e+00
1.080801844596862793e+00
1.080801844596862793e+00
1.080801844596862793e+00
1.080801844596862793e+00
6.479631662368774414e-01
6.479631662368774414e-01
6.479631662368774414e-01
6.479631662368774414e-01
6.479631662368774414e-01
1.077215313911437988e+00
1.077215313911437988e+00
1.077215313911437988e+00
1.077215313911437988e+00
1.387616991996765137e+00
1.387616991996765137e+00
1.387616991996765137e+00
1.387616991996765137e+00
1.387616991996765137e+00
1.387616991996765137e+00
1.387616991996765137e+00
1.387616991996765137e+00
1.387616991996765137e+00
1.387616991996765137e+00
1.387616991996765137e+00
1.387616991996765137e+00
4.017333507537841797e+00
4.017333507537841797e+00
4.017333507537841797e+00
4.017333507537841797e+00
3.559259653091430664e+00
2.701524972915649414e+00
2.701524972915649414e+00
2.975380420684814453e+00
2.975380420684814453e+00
5.379196643829345703e+00
7.276024341583251953e+00
4.666211128234863281e+00
3.738748550415039062e+00
3.667111635208129883e+00
3.667111635208129883e+00
9.889099597930908203e-01
9.889099597930908203e-01
9.889099597930908203e-01
9.889099597930908203e-01
9.889099597930908203e-01
9.889099597930908203e-01
9.889099597930908203e-01
9.889099597930908203e-01
9.889099597930908203e-01
9.889099597930908203e-01
9.889099597930908203e-01
9.889099597930908203e-01
9.889099597930908203e-01
9.889099597930908203e-01
9.889099597930908203e-01
9.889099597930908203e-01
9.889099597930908203e-01
1.736211299896240234e+00
1.736211299896240234e+00
1.736211299896240234e+00
1.736211299896240234e+00
9.471611380577087402e-01
9.471611380577087402e-01
9.471611380577087402e-01
9.471611380577087402e-01
1.533525466918945312e+00
1.533525466918945312e+00
1.533525466918945312e+00
1.533525466918945312e+00
1.551198601722717285e+00
1.551198601722717285e+00
1.551198601722717285e+00
4.117113351821899414e-01
4.117113351821899414e-01
5.978183150291442871e-01
5.978183150291442871e-01
5.978183150291442871e-01
5.978183150291442871e-01
5.978183150291442871e-01
5.978183150291442871e-01
5.978183150291442871e-01
1.456429481506347656e+00
5.255909562110900879e-01
5.255909562110900879e-01
5.255909562110900879e-01
5.255909562110900879e-01
1.789891481399536133e+00
1.789891481399536133e+00
1.789891481399536133e+00
1.325349450111389160e+00
1.325349450111389160e+00
8.343104124069213867e-01
8.343104124069213867e-01
8.661565780639648438e-01
8.661565780639648438e-01
8.661565780639648438e-01
8.661565780639648438e-01
8.661565780639648438e-01
8.661565780639648438e-01
8.661565780639648438e-01
8.661565780639648438e-01
9.505601525306701660e-01
9.505601525306701660e-01
9.505601525306701660e-01
9.505601525306701660e-01
9.505601525306701660e-01
9.065286517143249512e-01
1.709838628768920898e+00
3.397288799285888672e+00
3.969834327697753906e+00
1.515713691711425781e+00
2.769173383712768555e+00
2.769173383712768555e+00
2.769173383712768555e+00
1.567592024803161621e+00
1.567592024803161621e+00
1.567592024803161621e+00
1.567592024803161621e+00
1.567592024803161621e+00
1.567592024803161621e+00
1.567592024803161621e+00
1.567592024803161621e+00
5.329500436782836914e-01
1.826053142547607422e+00
1.826053142547607422e+00
1.826053142547607422e+00
1.826053142547607422e+00
1.826053142547607422e+00
1.826053142547607422e+00
1.826053142547607422e+00
2.608591556549072266e+00
4.336078166961669922e-01
1.754996180534362793e+00
1.754996180534362793e+00
1.754996180534362793e+00
1.754996180534362793e+00
1.754996180534362793e+00
1.006341814994812012e+00
1.006341814994812012e+00
1.006341814994812012e+00
8.459905385971069336e-01
8.459905385971069336e-01
8.459905385971069336e-01
8.459905385971069336e-01
8.459905385971069336e-01
1.321722626686096191e+00
2.732754230499267578e+00
1.694355964660644531e+00
1.694355964660644531e+00
1.694355964660644531e+00
1.694355964660644531e+00
1.694355964660644531e+00
1.694355964660644531e+00
1.694355964660644531e+00
1.371437549591064453e+00
1.371437549591064453e+00
2.520355224609375000e+00
2.520355224609375000e+00
2.512889862060546875e+00
2.512889862060546875e+00
1.728515625000000000e+00
1.728515625000000000e+00
6.258994340896606445e-01
6.258994340896606445e-01
6.258994340896606445e-01
6.258994340896606445e-01
6.258994340896606445e-01
6.258994340896606445e-01
6.258994340896606445e-01
6.258994340896606445e-01
7.202423810958862305e-01
7.202423810958862305e-01
7.202423810958862305e-01
7.202423810958862305e-01
7.202423810958862305e-01
7.202423810958862305e-01
1.685421943664550781e+00
1.685421943664550781e+00
1.685421943664550781e+00
1.685421943664550781e+00
1.685421943664550781e+00
1.685421943664550781e+00
1.685421943664550781e+00
1.740827798843383789e+00
1.740827798843383789e+00
1.740827798843383789e+00
1.107911586761474609e+00
1.107911586761474609e+00
9.237109422683715820e-01
1.071131825447082520e+00
1.071131825447082520e+00
1.071131825447082520e+00
1.071131825447082520e+00
1.071131825447082520e+00
5.895949602127075195e-01
5.895949602127075195e-01
5.895949602127075195e-01
5.895949602127075195e-01
5.895949602127075195e-01
5.895949602127075195e-01
5.895949602127075195e-01
5.895949602127075195e-01
5.895949602127075195e-01
5.895949602127075195e-01
8.922278881072998047e-01
8.922278881072998047e-01
8.922278881072998047e-01
8.922278881072998047e-01
8.922278881072998047e-01
8.922278881072998047e-01
8.922278881072998047e-01
8.044854402542114258e-01
8.044854402542114258e-01
8.044854402542114258e-01
8.044854402542114258e-01
8.044854402542114258e-01
8.044854402542114258e-01
8.044854402542114258e-01
8.044854402542114258e-01
8.044854402542114258e-01
8.044854402542114258e-01
8.044854402542114258e-01
8.107649683952331543e-01
8.107649683952331543e-01
8.107649683952331543e-01
8.162021040916442871e-01
8.162021040916442871e-01
8.162021040916442871e-01
8.162021040916442871e-01
8.162021040916442871e-01
2.027271747589111328e+00
2.027271747589111328e+00
2.027271747589111328e+00
2.027271747589111328e+00
2.027271747589111328e+00
2.027271747589111328e+00
2.027271747589111328e+00
2.027271747589111328e+00
1.174877643585205078e+00
1.904608368873596191e+00
1.904608368873596191e+00
1.817613720893859863e+00
2.423760414123535156e+00
8.028787374496459961e-01
8.028787374496459961e-01
8.028787374496459961e-01
8.028787374496459961e-01
8.028787374496459961e-01
8.028787374496459961e-01
6.071203947067260742e-01
6.071203947067260742e-01
6.071203947067260742e-01
6.071203947067260742e-01
6.071203947067260742e-01
6.071203947067260742e-01
6.071203947067260742e-01
6.071203947067260742e-01
6.071203947067260742e-01
6.019884347915649414e-01
6.019884347915649414e-01
6.019884347915649414e-01
6.019884347915649414e-01
6.019884347915649414e-01
9.005570411682128906e-01
8.143272399902343750e-01
8.143272399902343750e-01
8.143272399902343750e-01
8.143272399902343750e-01
8.143272399902343750e-01
8.143272399902343750e-01
8.143272399902343750e-01
8.143272399902343750e-01
8.143272399902343750e-01
8.143272399902343750e-01
8.143272399902343750e-01
8.143272399902343750e-01
8.143272399902343750e-01
8.143272399902343750e-01
8.143272399902343750e-01
8.143272399902343750e-01
8.143272399902343750e-01
8.143272399902343750e-01
8.143272399902343750e-01
8.143272399902343750e-01
1.509122490882873535e+00
1.509122490882873535e+00
1.509122490882873535e+00
1.509122490882873535e+00
1.509122490882873535e+00
1.509122490882873535e+00
1.509122490882873535e+00
4.028888940811157227e-01
4.028888940811157227e-01
4.028888940811157227e-01
5.247000455856323242e-01
2.350825309753417969e+00
9.249137639999389648e-01
9.249137639999389648e-01
1.837986111640930176e+00
1.860751032829284668e+00
1.860751032829284668e+00
1.860751032829284668e+00
1.860751032829284668e+00
1.860751032829284668e+00
1.860751032829284668e+00
1.860751032829284668e+00
1.860751032829284668e+00
1.860751032829284668e+00
1.860751032829284668e+00
1.860751032829284668e+00
1.860751032829284668e+00
1.860751032829284668e+00
1.860751032829284668e+00
1.860751032829284668e+00
1.558226585388183594e+00
1.833854913711547852e+00
1.833854913711547852e+00
2.415790557861328125e+00
2.415790557861328125e+00
2.415790557861328125e+00
2.415790557861328125e+00
2.415790557861328125e+00
1.224644780158996582e+00
1.224644780158996582e+00
1.224644780158996582e+00
1.224644780158996582e+00
1.224644780158996582e+00
1.224644780158996582e+00
1.224644780158996582e+00
1.224644780158996582e+00
1.224644780158996582e+00
1.224644780158996582e+00
1.224644780158996582e+00
