4.393683910369873047e+00
1.583575725555419922e+00
1.583575725555419922e+00
1.583575725555419922e+00
1.583575725555419922e+00
1.583575725555419922e+00
1.583575725555419922e+00
1.583575725555419922e+00
1.583575725555419922e+00
1.583575725555419922e+00
1.583575725555419922e+00
1.583575725555419922e+00
3.201785087585449219e+00
4.847813606262207031e+00
9.402501583099365234e-01
9.402501583099365234e-01
9.402501583099365234e-01
9.402501583099365234e-01
9.402501583099365234e-01
9.402501583099365234e-01
9.402501583099365234e-01
1.805187463760375977e+00
1.805187463760375977e+00
1.805187463760375977e+00
1.805187463760375977e+00
2.551558732986450195e+00
2.551558732986450195e+00
2.551558732986450195e+00
2.551558732986450195e+00
1.460724949836730957e+00
1.460724949836730957e+00
1.460724949836730957e+00
1.460724949836730957e+00
5.499294281005859375e+00
3.777556896209716797e+00
8.716088294982910156e+00
1.568070411682128906e+00
1.568070411682128906e+00
1.568070411682128906e+00
1.568070411682128906e+00
2.325593948364257812e+00
2.325593948364257812e+00
2.325593948364257812e+00
2.325593948364257812e+00
1.101729989051818848e+00
1.101729989051818848e+00
1.101729989051818848e+00
2.457980394363403320e+00
2.457980394363403320e+00
1.599578261375427246e+00
1.599578261375427246e+00
1.599578261375427246e+00
1.599578261375427246e+00
3.308892250061035156e+00
4.201413154602050781e+00
4.201413154602050781e+00
5.061026573181152344e+00
2.687971115112304688e+00
2.687971115112304688e+00
2.687971115112304688e+00
2.265513658523559570e+00
2.265513658523559570e+00
1.007187366485595703e+01
1.512709808349609375e+01
1.512709808349609375e+01
4.085505485534667969e+00
8.328891754150390625e+00
8.328891754150390625e+00
1.032150554656982422e+01
6.713158607482910156e+00
6.713158607482910156e+00
6.466472148895263672e+00
8.638288497924804688e+00
4.509465217590332031e+00
2.675982475280761719e+00
3.889648914337158203e+00
3.889648914337158203e+00
3.889648914337158203e+00
3.889648914337158203e+00
3.889648914337158203e+00
1.100265693664550781e+01
1.100994968414306641e+01
1.100994968414306641e+01
1.163990783691406250e+01
1.163990783691406250e+01
1.163990783691406250e+01
1.163990783691406250e+01
1.163990783691406250e+01
1.874516296386718750e+01
1.410504627227783203e+01
2.480772018432617188e+01
2.883325958251953125e+01
2.884151458740234375e+01
2.666261863708496094e+01
3.318089294433593750e+01
3.318089294433593750e+01
2.646590042114257812e+01
2.907087707519531250e+01
2.974400138854980469e+01
2.717742919921875000e+01
3.053725242614746094e+01
3.053725242614746094e+01
3.145815658569335938e+01
4.869845581054687500e+01
5.387251663208007812e+01
5.735170745849609375e+01
5.849127197265625000e+01
5.189722442626953125e+01
5.189722442626953125e+01
5.129271697998046875e+01
5.129271697998046875e+01
5.129271697998046875e+01
4.823064041137695312e+01
3.687515640258789062e+01
3.327356719970703125e+01
3.967331695556640625e+01
4.156539154052734375e+01
3.981243515014648438e+01
3.981243515014648438e+01
3.303943252563476562e+01
2.291490936279296875e+01
1.667235183715820312e+01
3.767486572265625000e+00
3.767486572265625000e+00
3.767486572265625000e+00
3.798989772796630859e+00
3.798989772796630859e+00
3.798989772796630859e+00
3.798989772796630859e+00
3.798989772796630859e+00
5.815782546997070312e+00
5.815782546997070312e+00
1.633007526397705078e+00
1.885062336921691895e+00
7.880134582519531250e-01
7.880134582519531250e-01
7.880134582519531250e-01
7.880134582519531250e-01
7.880134582519531250e-01
7.880134582519531250e-01
7.880134582519531250e-01
7.880134582519531250e-01
7.880134582519531250e-01
1.352686643600463867e+00
1.352686643600463867e+00
1.352686643600463867e+00
1.352686643600463867e+00
1.352686643600463867e+00
9.796470403671264648e-01
9.796470403671264648e-01
1.874028682708740234e+00
1.874028682708740234e+00
1.874028682708740234e+00
1.874028682708740234e+00
1.874028682708740234e+00
1.874028682708740234e+00
2.489664793014526367e+00
2.489664793014526367e+00
2.489664793014526367e+00
1.918939590454101562e+00
1.918939590454101562e+00
1.559450268745422363e+00
1.559450268745422363e+00
1.559450268745422363e+00
1.559450268745422363e+00
1.559450268745422363e+00
1.559450268745422363e+00
1.559450268745422363e+00
1.559450268745422363e+00
1.559450268745422363e+00
1.055572032928466797e+00
1.055572032928466797e+00
1.509869098663330078e+00
1.509869098663330078e+00
1.509869098663330078e+00
1.509869098663330078e+00
1.509869098663330078e+00
1.509869098663330078e+00
1.509869098663330078e+00
1.509869098663330078e+00
1.509869098663330078e+00
1.509869098663330078e+00
9.725633859634399414e-01
9.725633859634399414e-01
9.725633859634399414e-01
9.725633859634399414e-01
9.725633859634399414e-01
9.725633859634399414e-01
9.725633859634399414e-01
1.891224622726440430e+00
1.891224622726440430e+00
3.406090259552001953e+00
3.406090259552001953e+00
3.406090259552001953e+00
3.406090259552001953e+00
3.406090259552001953e+00
3.406090259552001953e+00
3.406090259552001953e+00
3.406090259552001953e+00
3.406090259552001953e+00
3.406090259552001953e+00
3.406090259552001953e+00
3.406090259552001953e+00
3.406090259552001953e+00
4.393458366394042969e-01
4.393458366394042969e-01
4.393458366394042969e-01
4.393458366394042969e-01
4.393458366394042969e-01
4.393458366394042969e-01
4.393458366394042969e-01
4.393458366394042969e-01
4.393458366394042969e-01
4.393458366394042969e-01
4.393458366394042969e-01
4.393458366394042969e-01
4.393458366394042969e-01
4.393458366394042969e-01
2.577852964401245117e+00
2.577852964401245117e+00
2.680017232894897461e+00
2.680017232894897461e+00
2.680017232894897461e+00
4.200184345245361328e+00
4.342049121856689453e+00
4.342049121856689453e+00
4.342049121856689453e+00
4.342049121856689453e+00
4.342049121856689453e+00
4.342049121856689453e+00
3.556371212005615234e+00
3.556371212005615234e+00
3.556371212005615234e+00
3.556371212005615234e+00
3.556371212005615234e+00
3.556371212005615234e+00
3.408488273620605469e+00
3.408488273620605469e+00
3.408488273620605469e+00
3.408488273620605469e+00
1.720423221588134766e+00
1.720423221588134766e+00
1.720423221588134766e+00
1.720423221588134766e+00
1.720423221588134766e+00
1.720423221588134766e+00
1.720423221588134766e+00
1.720423221588134766e+00
1.720423221588134766e+00
1.720423221588134766e+00
1.720423221588134766e+00
1.720423221588134766e+00
4.435116291046142578e+00
4.435116291046142578e+00
4.435116291046142578e+00
9.257011413574218750e-01
9.257011413574218750e-01
1.143530130386352539e+00
1.143530130386352539e+00
1.143530130386352539e+00
1.143530130386352539e+00
1.143530130386352539e+00
1.465595722198486328e+00
1.465595722198486328e+00
1.449265241622924805e+00
1.449265241622924805e+00
1.449265241622924805e+00
1.449265241622924805e+00
8.977268934249877930e-01
8.977268934249877930e-01
8.977268934249877930e-01
8.977268934249877930e-01
8.977268934249877930e-01
8.977268934249877930e-01
8.977268934249877930e-01
8.977268934249877930e-01
8.977268934249877930e-01
1.028745293617248535e+00
1.028745293617248535e+00
1.028745293617248535e+00
1.028745293617248535e+00
2.588053226470947266e+00
2.588053226470947266e+00
2.588053226470947266e+00
2.588053226470947266e+00
2.588053226470947266e+00
2.588053226470947266e+00
2.588053226470947266e+00
2.588053226470947266e+00
2.588053226470947266e+00
2.588053226470947266e+00
1.214357972145080566e+00
1.214357972145080566e+00
1.214357972145080566e+00
1.214357972145080566e+00
1.214357972145080566e+00
1.214357972145080566e+00
1.214357972145080566e+00
1.214357972145080566e+00
1.214357972145080566e+00
1.214357972145080566e+00
1.214357972145080566e+00
5.965811610221862793e-01
5.965811610221862793e-01
5.965811610221862793e-01
5.965811610221862793e-01
5.965811610221862793e-01
5.965811610221862793e-01
5.965811610221862793e-01
5.965811610221862793e-01
5.965811610221862793e-01
5.965811610221862793e-01
1.530768632888793945e+00
1.205726623535156250e+00
1.352446079254150391e+00
1.734879493713378906e+00
1.734879493713378906e+00
1.734879493713378906e+00
2.005218267440795898e+00
2.005218267440795898e+00
2.324116945266723633e+00
2.321432828903198242e+00
4.851416349411010742e-01
2.821249008178710938e+00
2.821249008178710938e+00
2.821249008178710938e+00
2.821249008178710938e+00
1.894600868225097656e+00
1.894600868225097656e+00
3.199777126312255859e+00
3.309888839721679688e+00
3.309888839721679688e+00
3.309888839721679688e+00
3.309888839721679688e+00
3.309888839721679688e+00
3.309888839721679688e+00
3.309888839721679688e+00
5.038664340972900391e-01
6.803639411926269531e+00
1.013291835784912109e+00
1.219234108924865723e+00
1.219234108924865723e+00
1.219234108924865723e+00
1.219234108924865723e+00
8.411297798156738281e-01
8.411297798156738281e-01
8.411297798156738281e-01
8.411297798156738281e-01
8.411297798156738281e-01
8.411297798156738281e-01
4.570347785949707031e+00
4.570347785949707031e+00
3.754227638244628906e+00
3.675722599029541016e+00
3.675722599029541016e+00
3.675722599029541016e+00
2.275074720382690430e+00
2.275074720382690430e+00
2.275074720382690430e+00
2.340684890747070312e+00
4.127234458923339844e+00
4.127234458923339844e+00
4.127234458923339844e+00
2.999555110931396484e+00
2.999555110931396484e+00
2.999555110931396484e+00
4.841513633728027344e-01
1.751732468605041504e+00
1.751732468605041504e+00
1.751732468605041504e+00
1.231330871582031250e+00
1.231330871582031250e+00
1.231330871582031250e+00
1.231330871582031250e+00
1.711953043937683105e+00
1.711953043937683105e+00
1.711953043937683105e+00
1.711953043937683105e+00
1.711953043937683105e+00
5.876479148864746094e-01
5.876479148864746094e-01
6.684082746505737305e-01
6.684082746505737305e-01
1.103719115257263184e+00
1.103719115257263184e+00
1.103719115257263184e+00
1.103719115257263184e+00
1.103719115257263184e+00
1.103719115257263184e+00
1.755994081497192383e+00
1.755994081497192383e+00
1.755994081497192383e+00
1.755994081497192383e+00
2.382095813751220703e+00
2.382095813751220703e+00
2.382095813751220703e+00
2.382095813751220703e+00
2.382095813751220703e+00
2.382095813751220703e+00
2.382095813751220703e+00
2.382095813751220703e+00
2.382095813751220703e+00
2.382095813751220703e+00
2.382095813751220703e+00
2.382095813751220703e+00
6.016427516937255859e+00
1.427892208099365234e+00
1.427892208099365234e+00
1.427892208099365234e+00
1.427892208099365234e+00
1.427892208099365234e+00
1.427892208099365234e+00
1.427892208099365234e+00
1.427892208099365234e+00
3.289926528930664062e+00
3.289926528930664062e+00
3.289926528930664062e+00
3.289926528930664062e+00
3.289926528930664062e+00
3.289926528930664062e+00
3.289926528930664062e+00
3.289926528930664062e+00
3.289926528930664062e+00
3.289926528930664062e+00
3.289926528930664062e+00
3.289926528930664062e+00
1.911072731018066406e+00
3.755652904510498047e+00
3.755652904510498047e+00
3.755652904510498047e+00
3.755652904510498047e+00
3.755652904510498047e+00
3.755652904510498047e+00
3.755652904510498047e+00
3.755652904510498047e+00
3.136184453964233398e+00
3.136184453964233398e+00
3.136184453964233398e+00
1.466261482238769531e+01
1.466261482238769531e+01
8.077454566955566406e+00
3.784227371215820312e+00
3.784227371215820312e+00
3.784227371215820312e+00
3.784227371215820312e+00
3.784227371215820312e+00
3.784227371215820312e+00
3.784227371215820312e+00
3.784227371215820312e+00
5.296888351440429688e+00
5.296888351440429688e+00
1.359470129013061523e+00
1.359470129013061523e+00
1.359470129013061523e+00
1.359470129013061523e+00
1.359470129013061523e+00
1.359470129013061523e+00
1.359470129013061523e+00
1.359470129013061523e+00
1.359470129013061523e+00
1.359470129013061523e+00
2.056034088134765625e+00
2.056034088134765625e+00
2.056034088134765625e+00
2.056034088134765625e+00
2.056034088134765625e+00
2.056034088134765625e+00
2.056034088134765625e+00
3.170518875122070312e+00
3.170518875122070312e+00
3.170518875122070312e+00
6.245612144470214844e+00
7.789855003356933594e+00
7.789855003356933594e+00
7.789855003356933594e+00
6.594332218170166016e+00
3.240161180496215820e+00
3.240161180496215820e+00
3.240161180496215820e+00
3.240161180496215820e+00
3.240161180496215820e+00
3.240161180496215820e+00
3.240161180496215820e+00
6.596028804779052734e-01
3.194582939147949219e+00
3.206060886383056641e+00
1.299997448921203613e+00
1.970233082771301270e+00
6.035577058792114258e-01
6.035577058792114258e-01
6.035577058792114258e-01
6.035577058792114258e-01
6.035577058792114258e-01
6.035577058792114258e-01
6.035577058792114258e-01
6.035577058792114258e-01
6.035577058792114258e-01
2.648854255676269531e+00
2.648854255676269531e+00
3.249133586883544922e+00
3.249133586883544922e+00
3.249133586883544922e+00
3.604486942291259766e+00
4.080648899078369141e+00
6.554550647735595703e+00
8.438578605651855469e+00
8.932664871215820312e+00
9.680318832397460938e+00
1.367024898529052734e+01
8.110069274902343750e+00
8.110069274902343750e+00
8.110069274902343750e+00
8.110069274902343750e+00
4.262084960937500000e-01
2.135446071624755859e+00
2.135446071624755859e+00
2.135446071624755859e+00
5.452439785003662109e-01
5.452439785003662109e-01
5.452439785003662109e-01
5.452439785003662109e-01
5.452439785003662109e-01
5.452439785003662109e-01
7.799040079116821289e-01
3.415534496307373047e+00
3.333300352096557617e+00
3.333300352096557617e+00
3.333300352096557617e+00
3.805263996124267578e+00
3.805263996124267578e+00
3.805263996124267578e+00
9.173052310943603516e-01
9.173052310943603516e-01
9.173052310943603516e-01
2.991795539855957031e+00
2.991795539855957031e+00
1.478792572021484375e+01
6.458906173706054688e+00
1.068656444549560547e+00
1.068656444549560547e+00
1.068656444549560547e+00
1.068656444549560547e+00
1.211642384529113770e+00
1.211642384529113770e+00
1.211642384529113770e+00
1.211642384529113770e+00
1.211642384529113770e+00
1.211642384529113770e+00
1.211642384529113770e+00
1.211642384529113770e+00
1.211642384529113770e+00
1.211642384529113770e+00
1.211642384529113770e+00
1.242616653442382812e+00
1.242616653442382812e+00
1.242616653442382812e+00
1.242616653442382812e+00
1.242616653442382812e+00
1.242616653442382812e+00
1.242616653442382812e+00
1.242616653442382812e+00
1.242616653442382812e+00
1.242616653442382812e+00
1.242616653442382812e+00
1.242616653442382812e+00
1.242616653442382812e+00
1.242616653442382812e+00
1.242616653442382812e+00
1.242616653442382812e+00
1.242616653442382812e+00
1.264165163040161133e+00
1.264165163040161133e+00
1.264165163040161133e+00
1.264165163040161133e+00
1.264165163040161133e+00
1.264165163040161133e+00
1.264165163040161133e+00
1.264165163040161133e+00
1.264165163040161133e+00
1.264165163040161133e+00
1.264165163040161133e+00
1.264165163040161133e+00
1.264165163040161133e+00
1.264165163040161133e+00
1.264165163040161133e+00
1.264165163040161133e+00
1.264165163040161133e+00
1.264165163040161133e+00
1.264165163040161133e+00
1.264165163040161133e+00
1.264165163040161133e+00
1.264165163040161133e+00
1.264165163040161133e+00
1.264165163040161133e+00
1.264165163040161133e+00
2.033054590225219727e+00
2.033054590225219727e+00
2.033054590225219727e+00
2.033054590225219727e+00
2.033054590225219727e+00
2.033054590225219727e+00
1.150713920593261719e+00
1.150713920593261719e+00
1.150713920593261719e+00
9.584236741065979004e-01
9.221070408821105957e-01
9.221070408821105957e-01
9.221070408821105957e-01
9.221070408821105957e-01
9.221070408821105957e-01
3.980680227279663086e+00
3.980680227279663086e+00
3.980680227279663086e+00
3.980680227279663086e+00
6.289945602416992188e+00
6.289945602416992188e+00
6.289945602416992188e+00
6.289945602416992188e+00
6.289945602416992188e+00
4.377468585968017578e+00
3.736013889312744141e+00
3.736013889312744141e+00
3.736013889312744141e+00
3.736013889312744141e+00
3.736013889312744141e+00
4.204788208007812500e+00
2.240947008132934570e+00
2.240947008132934570e+00
1.475039720535278320e+00
1.475039720535278320e+00
1.475039720535278320e+00
1.475039720535278320e+00
1.475039720535278320e+00
8.553979396820068359e-01
8.553979396820068359e-01
8.553979396820068359e-01
8.553979396820068359e-01
8.553979396820068359e-01
8.553979396820068359e-01
8.553979396820068359e-01
8.553979396820068359e-01
2.062583684921264648e+00
2.062583684921264648e+00
2.062583684921264648e+00
2.062583684921264648e+00
2.062583684921264648e+00
2.062583684921264648e+00
2.062583684921264648e+00
2.062583684921264648e+00
2.062583684921264648e+00
2.062583684921264648e+00
2.062583684921264648e+00
1.936348199844360352e+00
1.936348199844360352e+00
1.936348199844360352e+00
1.936348199844360352e+00
1.936348199844360352e+00
1.936348199844360352e+00
9.549139142036437988e-01
9.549139142036437988e-01
9.549139142036437988e-01
9.549139142036437988e-01
1.502383112907409668e+00
5.205924987792968750e+00
5.445962905883789062e+00
5.445962905883789062e+00
6.058764934539794922e+00
9.800271987915039062e-01
9.800271987915039062e-01
9.800271987915039062e-01
9.800271987915039062e-01
1.415778756141662598e+00
1.415778756141662598e+00
1.415778756141662598e+00
1.415778756141662598e+00
1.415778756141662598e+00
1.415778756141662598e+00
1.415778756141662598e+00
1.415778756141662598e+00
1.415778756141662598e+00
1.415778756141662598e+00
1.415778756141662598e+00
1.415778756141662598e+00
1.415778756141662598e+00
1.415778756141662598e+00
1.415778756141662598e+00
1.104944467544555664e+00
1.320698022842407227e+00
1.320698022842407227e+00
4.091328620910644531e+00
4.091328620910644531e+00
3.662712574005126953e+00
3.662712574005126953e+00
2.030161380767822266e+00
2.030161380767822266e+00
2.030161380767822266e+00
8.045949935913085938e-01
1.855461001396179199e+00
1.855461001396179199e+00
1.802787899971008301e+00
1.802787899971008301e+00
1.802787899971008301e+00
1.802787899971008301e+00
1.802787899971008301e+00
4.035304784774780273e-01
5.261392116546630859e+00
4.990051269531250000e+00
3.676602125167846680e+00
3.676602125167846680e+00
2.680172204971313477e+00
2.680172204971313477e+00
7.176395654678344727e-01
1.881094336509704590e+00
1.881094336509704590e+00
1.881094336509704590e+00
1.881094336509704590e+00
1.881094336509704590e+00
1.881094336509704590e+00
1.881094336509704590e+00
1.881094336509704590e+00
1.881094336509704590e+00
1.881094336509704590e+00
1.881094336509704590e+00
1.881094336509704590e+00
1.881094336509704590e+00
1.881094336509704590e+00
1.881094336509704590e+00
1.881094336509704590e+00
1.881094336509704590e+00
1.927788615226745605e+00
1.927788615226745605e+00
1.927788615226745605e+00
1.927788615226745605e+00
1.927788615226745605e+00
1.927788615226745605e+00
1.927788615226745605e+00
1.927788615226745605e+00
1.927788615226745605e+00
1.927788615226745605e+00
1.927788615226745605e+00
3.075595378875732422e+00
3.075595378875732422e+00
3.075595378875732422e+00
3.075595378875732422e+00
3.075595378875732422e+00
3.075595378875732422e+00
3.075595378875732422e+00
3.075595378875732422e+00
3.075595378875732422e+00
1.802882790565490723e+00
1.802882790565490723e+00
1.802882790565490723e+00
1.802882790565490723e+00
1.802882790565490723e+00
1.802882790565490723e+00
1.802882790565490723e+00
1.219202041625976562e+01
1.273399162292480469e+01
1.516895294189453125e+01
1.516895294189453125e+01
1.516895294189453125e+01
1.281592750549316406e+01
1.281592750549316406e+01
1.424317455291748047e+01
1.351119709014892578e+01
1.351119709014892578e+01
1.351119709014892578e+01
1.351119709014892578e+01
1.351119709014892578e+01
1.409465885162353516e+01
1.588550853729248047e+01
1.542955493927001953e+01
1.515986824035644531e+01
3.053957939147949219e+00
5.590286254882812500e-01
5.590286254882812500e-01
5.590286254882812500e-01
5.590286254882812500e-01
5.590286254882812500e-01
5.590286254882812500e-01
5.590286254882812500e-01
5.590286254882812500e-01
5.590286254882812500e-01
5.590286254882812500e-01
5.590286254882812500e-01
5.590286254882812500e-01
5.590286254882812500e-01
2.470152139663696289e+00
2.470152139663696289e+00
2.470152139663696289e+00
2.470152139663696289e+00
2.470152139663696289e+00
2.470152139663696289e+00
2.470152139663696289e+00
2.550612449645996094e+00
2.550612449645996094e+00
2.550612449645996094e+00
1.331158757209777832e+00
1.331158757209777832e+00
1.331158757209777832e+00
1.331158757209777832e+00
1.331158757209777832e+00
1.331158757209777832e+00
1.331158757209777832e+00
1.331158757209777832e+00
1.331158757209777832e+00
1.331158757209777832e+00
2.389230728149414062e+00
2.389230728149414062e+00
1.156499862670898438e+00
1.156499862670898438e+00
1.156499862670898438e+00
1.156499862670898438e+00
1.156499862670898438e+00
1.156499862670898438e+00
1.156499862670898438e+00
1.156499862670898438e+00
1.156499862670898438e+00
1.156499862670898438e+00
1.156499862670898438e+00
1.156499862670898438e+00
1.156499862670898438e+00
1.156499862670898438e+00
1.156499862670898438e+00
1.156499862670898438e+00
1.156499862670898438e+00
1.156499862670898438e+00
1.156499862670898438e+00
1.156499862670898438e+00
1.156499862670898438e+00
1.156499862670898438e+00
1.156499862670898438e+00
1.156499862670898438e+00
1.156499862670898438e+00
1.156499862670898438e+00
1.156499862670898438e+00
1.156499862670898438e+00
1.156499862670898438e+00
1.156499862670898438e+00
1.249948620796203613e+00
1.249948620796203613e+00
7.483737945556640625e+00
3.828156948089599609e+00
2.140702486038208008e+00
2.140702486038208008e+00
2.140702486038208008e+00
2.140702486038208008e+00
2.140702486038208008e+00
2.140702486038208008e+00
6.148095130920410156e+00
1.416969394683837891e+01
1.747510337829589844e+01
1.232713127136230469e+01
3.590442657470703125e+00
3.098100662231445312e+00
3.098100662231445312e+00
3.098100662231445312e+00
3.098100662231445312e+00
6.002928733825683594e+00
3.418583393096923828e+00
1.924458146095275879e+00
1.924458146095275879e+00
1.924458146095275879e+00
1.924458146095275879e+00
1.924458146095275879e+00
1.924458146095275879e+00
1.924458146095275879e+00
1.924458146095275879e+00
1.924458146095275879e+00
1.924458146095275879e+00
1.924458146095275879e+00
1.924458146095275879e+00
2.338353872299194336e+00
2.338353872299194336e+00
2.338353872299194336e+00
2.338353872299194336e+00
2.338353872299194336e+00
2.338353872299194336e+00
2.338353872299194336e+00
2.338353872299194336e+00
2.338353872299194336e+00
2.338353872299194336e+00
6.736502647399902344e-01
6.736502647399902344e-01
6.736502647399902344e-01
6.736502647399902344e-01
6.736502647399902344e-01
6.736502647399902344e-01
6.736502647399902344e-01
6.736502647399902344e-01
6.736502647399902344e-01
6.736502647399902344e-01
6.736502647399902344e-01
6.736502647399902344e-01
6.736502647399902344e-01
6.736502647399902344e-01
6.736502647399902344e-01
6.736502647399902344e-01
6.736502647399902344e-01
6.736502647399902344e-01
6.736502647399902344e-01
6.736502647399902344e-01
6.736502647399902344e-01
6.736502647399902344e-01
2.055277824401855469e+00
2.055277824401855469e+00
2.055277824401855469e+00
2.055277824401855469e+00
2.055277824401855469e+00
2.055277824401855469e+00
2.055277824401855469e+00
2.055277824401855469e+00
2.055277824401855469e+00
2.905659198760986328e+00
3.597712516784667969e+00
3.197235822677612305e+00
3.563773632049560547e+00
3.563773632049560547e+00
3.563773632049560547e+00
3.563773632049560547e+00
3.563773632049560547e+00
3.563773632049560547e+00
3.563773632049560547e+00
1.147718429565429688e+00
1.147718429565429688e+00
1.147718429565429688e+00
1.147718429565429688e+00
1.147718429565429688e+00
1.147718429565429688e+00
6.981820464134216309e-01
6.981820464134216309e-01
6.981820464134216309e-01
6.981820464134216309e-01
6.981820464134216309e-01
6.981820464134216309e-01
6.981820464134216309e-01
1.677519559860229492e+00
1.677519559860229492e+00
1.677519559860229492e+00
1.677519559860229492e+00
6.820590972900390625e+00
6.820590972900390625e+00
6.820590972900390625e+00
6.087974071502685547e+00
7.653653144836425781e+00
1.118771839141845703e+01
1.170251655578613281e+01
1.139287281036376953e+01
5.709514617919921875e-01
4.839818000793457031e+00
4.839818000793457031e+00
8.406841754913330078e-01
8.406841754913330078e-01
2.462359428405761719e+00
2.462359428405761719e+00
2.462359428405761719e+00
2.462359428405761719e+00
3.139033794403076172e+00
3.139033794403076172e+00
3.139033794403076172e+00
3.139033794403076172e+00
3.139033794403076172e+00
3.139033794403076172e+00
3.139033794403076172e+00
9.935004711151123047e-01
9.935004711151123047e-01
9.935004711151123047e-01
9.935004711151123047e-01
9.935004711151123047e-01
9.935004711151123047e-01
9.935004711151123047e-01
9.935004711151123047e-01
9.935004711151123047e-01
9.935004711151123047e-01
9.935004711151123047e-01
9.935004711151123047e-01
9.935004711151123047e-01
9.935004711151123047e-01
3.964829444885253906e+00
3.964829444885253906e+00
3.964829444885253906e+00
3.777429342269897461e+00
3.777429342269897461e+00
3.777429342269897461e+00
3.777429342269897461e+00
3.777429342269897461e+00
3.777429342269897461e+00
3.491269588470458984e+00
3.491269588470458984e+00
3.491269588470458984e+00
3.491269588470458984e+00
3.491269588470458984e+00
3.385846614837646484e+00
3.385846614837646484e+00
5.399246215820312500e+00
5.399246215820312500e+00
5.399246215820312500e+00
3.243220329284667969e+00
3.354182481765747070e+00
3.354182481765747070e+00
3.354182481765747070e+00
2.931750297546386719e+00
2.931750297546386719e+00
2.931750297546386719e+00
2.931750297546386719e+00
2.931750297546386719e+00
1.371339440345764160e+00
1.371339440345764160e+00
1.371339440345764160e+00
1.467632889747619629e+00
1.467632889747619629e+00
1.467632889747619629e+00
1.467632889747619629e+00
4.693255424499511719e+00
3.340650796890258789e+00
3.340650796890258789e+00
2.137826204299926758e+00
2.137826204299926758e+00
2.137826204299926758e+00
2.137826204299926758e+00
2.137826204299926758e+00
2.137826204299926758e+00
2.137826204299926758e+00
2.137826204299926758e+00
2.137826204299926758e+00
2.137826204299926758e+00
2.137826204299926758e+00
2.137826204299926758e+00
2.137826204299926758e+00
2.137826204299926758e+00
6.523584127426147461e-01
6.523584127426147461e-01
6.523584127426147461e-01
6.523584127426147461e-01
6.523584127426147461e-01
6.523584127426147461e-01
6.523584127426147461e-01
6.523584127426147461e-01
6.523584127426147461e-01
1.018546104431152344e+00
1.018546104431152344e+00
1.018546104431152344e+00
1.591029644012451172e+00
1.591029644012451172e+00
1.591029644012451172e+00
1.591029644012451172e+00
1.591029644012451172e+00
1.591029644012451172e+00
1.591029644012451172e+00
1.591029644012451172e+00
1.591029644012451172e+00
1.591029644012451172e+00
1.591029644012451172e+00
1.591029644012451172e+00
1.591029644012451172e+00
1.591029644012451172e+00
3.401938915252685547e+00
3.401938915252685547e+00
3.401938915252685547e+00
1.737135529518127441e+00
2.797318935394287109e+00
3.527191162109375000e+00
4.601664543151855469e+00
4.601664543151855469e+00
4.601664543151855469e+00
3.753971099853515625e+00
3.532804965972900391e+00
3.532804965972900391e+00
3.532804965972900391e+00
3.532804965972900391e+00
1.425348043441772461e+00
1.425348043441772461e+00
1.425348043441772461e+00
1.425348043441772461e+00
8.217400312423706055e-01
2.292648553848266602e+00
2.292648553848266602e+00
2.292648553848266602e+00
2.292648553848266602e+00
2.292648553848266602e+00
8.866573572158813477e-01
7.847251296043395996e-01
7.847251296043395996e-01
1.751378893852233887e+00
1.751378893852233887e+00
1.335809111595153809e+00
1.335809111595153809e+00
1.335809111595153809e+00
1.335809111595153809e+00
7.046344876289367676e-01
7.046344876289367676e-01
7.046344876289367676e-01
7.046344876289367676e-01
7.046344876289367676e-01
7.046344876289367676e-01
7.046344876289367676e-01
7.046344876289367676e-01
7.046344876289367676e-01
3.509285211563110352e+00
4.137403011322021484e+00
4.137403011322021484e+00
4.137403011322021484e+00
3.147484779357910156e+00
1.368749856948852539e+00
1.368749856948852539e+00
1.368749856948852539e+00
2.379314422607421875e+00
2.379314422607421875e+00
2.379314422607421875e+00
2.379314422607421875e+00
2.379314422607421875e+00
2.379314422607421875e+00
2.379314422607421875e+00
1.505878925323486328e+00
1.505878925323486328e+00
1.505878925323486328e+00
1.505878925323486328e+00
1.505878925323486328e+00
1.505878925323486328e+00
1.505878925323486328e+00
1.505878925323486328e+00
1.505878925323486328e+00
8.328211307525634766e-01
8.328211307525634766e-01
8.328211307525634766e-01
8.328211307525634766e-01
8.328211307525634766e-01
8.328211307525634766e-01
8.328211307525634766e-01
9.682988524436950684e-01
9.682988524436950684e-01
9.682988524436950684e-01
9.682988524436950684e-01
9.682988524436950684e-01
9.682988524436950684e-01
9.682988524436950684e-01
7.334175705909729004e-01
7.334175705909729004e-01
7.334175705909729004e-01
7.334175705909729004e-01
1.532425880432128906e+00
1.532425880432128906e+00
1.532425880432128906e+00
1.532425880432128906e+00
2.264288187026977539e+00
2.264288187026977539e+00
2.306261539459228516e+00
2.306261539459228516e+00
2.306261539459228516e+00
2.306261539459228516e+00
2.306261539459228516e+00
2.306261539459228516e+00
2.306261539459228516e+00
2.306261539459228516e+00
2.306261539459228516e+00
2.306261539459228516e+00
2.306261539459228516e+00
2.306261539459228516e+00
2.306261539459228516e+00
2.306261539459228516e+00
2.306261539459228516e+00
2.306261539459228516e+00
2.306261539459228516e+00
2.306261539459228516e+00
5.677807331085205078e-01
5.677807331085205078e-01
5.677807331085205078e-01
5.677807331085205078e-01
5.677807331085205078e-01
1.512708306312561035e+00
1.512708306312561035e+00
1.512708306312561035e+00
1.512708306312561035e+00
1.512708306312561035e+00
1.512708306312561035e+00
1.512708306312561035e+00
1.512708306312561035e+00
1.512708306312561035e+00
1.512708306312561035e+00
1.419412374496459961e+00
1.419412374496459961e+00
1.419412374496459961e+00
1.419412374496459961e+00
1.419412374496459961e+00
1.419412374496459961e+00
1.419412374496459961e+00
1.419412374496459961e+00
1.419412374496459961e+00
1.419412374496459961e+00
1.419412374496459961e+00
2.980776548385620117e+00
2.980776548385620117e+00
1.874841451644897461e+00
1.874841451644897461e+00
1.874841451644897461e+00
1.874841451644897461e+00
1.874841451644897461e+00
1.874841451644897461e+00
1.874841451644897461e+00
1.056909561157226562e+00
1.056909561157226562e+00
1.056909561157226562e+00
1.056909561157226562e+00
1.056909561157226562e+00
1.056909561157226562e+00
1.056909561157226562e+00
1.056909561157226562e+00
1.056909561157226562e+00
1.056909561157226562e+00
1.056909561157226562e+00
4.662419319152832031e+00
4.662419319152832031e+00
6.279321193695068359e+00
6.279321193695068359e+00
3.633178949356079102e+00
3.633178949356079102e+00
3.633178949356079102e+00
3.633178949356079102e+00
3.633178949356079102e+00
3.633178949356079102e+00
3.633178949356079102e+00
4.000688552856445312e+00
4.000688552856445312e+00
4.000688552856445312e+00
1.363792657852172852e+00
1.363792657852172852e+00
1.363792657852172852e+00
1.363792657852172852e+00
1.363792657852172852e+00
1.363792657852172852e+00
1.363792657852172852e+00
1.363792657852172852e+00
2.568359613418579102e+00
1.551872491836547852e+00
1.551872491836547852e+00
1.551872491836547852e+00
1.551872491836547852e+00
1.551872491836547852e+00
1.551872491836547852e+00
1.551872491836547852e+00
8.150203227996826172e-01
5.047480463981628418e-01
2.914707899093627930e+00
2.914707899093627930e+00
2.914707899093627930e+00
2.320112705230712891e+00
2.320112705230712891e+00
5.995986461639404297e-01
5.995986461639404297e-01
2.108117341995239258e+00
2.108117341995239258e+00
2.108117341995239258e+00
2.108117341995239258e+00
2.241880416870117188e+00
2.241880416870117188e+00
2.241880416870117188e+00
2.241880416870117188e+00
2.241880416870117188e+00
2.241880416870117188e+00
2.241880416870117188e+00
2.241880416870117188e+00
1.744795680046081543e+00
1.744795680046081543e+00
1.744795680046081543e+00
1.744795680046081543e+00
1.744795680046081543e+00
4.670310020446777344e-01
4.670310020446777344e-01
4.670310020446777344e-01
4.670310020446777344e-01
4.670310020446777344e-01
4.670310020446777344e-01
4.670310020446777344e-01
4.670310020446777344e-01
4.670310020446777344e-01
7.138094305992126465e-01
7.138094305992126465e-01
7.138094305992126465e-01
7.138094305992126465e-01
3.678838729858398438e+00
2.628482341766357422e+00
2.628482341766357422e+00
3.825865030288696289e+00
3.825865030288696289e+00
3.825865030288696289e+00
3.825865030288696289e+00
3.825865030288696289e+00
3.825865030288696289e+00
3.825865030288696289e+00
3.825865030288696289e+00
3.825865030288696289e+00
3.825865030288696289e+00
6.510578632354736328e+00
3.422692537307739258e+00
3.422692537307739258e+00
2.072586059570312500e+00
2.072586059570312500e+00
2.072586059570312500e+00
2.072586059570312500e+00
2.804226875305175781e+00
1.907541394233703613e+00
1.907541394233703613e+00
1.907541394233703613e+00
1.907541394233703613e+00
1.907541394233703613e+00
1.907541394233703613e+00
1.907541394233703613e+00
1.907541394233703613e+00
1.907541394233703613e+00
1.907541394233703613e+00
2.622577667236328125e+00
2.622577667236328125e+00
2.622577667236328125e+00
2.622577667236328125e+00
2.622577667236328125e+00
2.622577667236328125e+00
4.863808155059814453e+00
4.863808155059814453e+00
4.863808155059814453e+00
4.863808155059814453e+00
4.863808155059814453e+00
4.863808155059814453e+00
4.863808155059814453e+00
4.863808155059814453e+00
4.863808155059814453e+00
4.863808155059814453e+00
3.894428968429565430e+00
3.894428968429565430e+00
8.980152606964111328e-01
8.980152606964111328e-01
8.980152606964111328e-01
2.734800577163696289e+00
2.734800577163696289e+00
2.734800577163696289e+00
2.734800577163696289e+00
2.734800577163696289e+00
2.734800577163696289e+00
2.734800577163696289e+00
2.734800577163696289e+00
3.584817647933959961e+00
3.584817647933959961e+00
5.924654483795166016e+00
4.078840255737304688e+00
1.838188409805297852e+00
1.838188409805297852e+00
1.838188409805297852e+00
1.838188409805297852e+00
1.838188409805297852e+00
2.236950635910034180e+00
2.236950635910034180e+00
2.236950635910034180e+00
2.236950635910034180e+00
2.236950635910034180e+00
2.236950635910034180e+00
9.569721221923828125e-01
9.569721221923828125e-01
9.569721221923828125e-01
9.569721221923828125e-01
9.569721221923828125e-01
9.569721221923828125e-01
9.569721221923828125e-01
9.569721221923828125e-01
9.569721221923828125e-01
2.282492637634277344e+00
3.993412971496582031e+00
3.993412971496582031e+00
2.471793174743652344e+00
2.471793174743652344e+00
2.471793174743652344e+00
2.471793174743652344e+00
2.471793174743652344e+00
9.941608428955078125e+00
5.695471286773681641e+00
4.844958305358886719e+00
8.683283329010009766e-01
8.683283329010009766e-01
8.683283329010009766e-01
8.683283329010009766e-01
8.683283329010009766e-01
4.539811313152313232e-01
4.539811313152313232e-01
4.539811313152313232e-01
4.539811313152313232e-01
4.539811313152313232e-01
4.539811313152313232e-01
4.539811313152313232e-01
4.539811313152313232e-01
4.539811313152313232e-01
4.539811313152313232e-01
4.539811313152313232e-01
4.525438785552978516e+00
4.525438785552978516e+00
4.525438785552978516e+00
4.525438785552978516e+00
4.659360885620117188e+00
4.659360885620117188e+00
4.620603561401367188e+00
4.620603561401367188e+00
4.620603561401367188e+00
4.620603561401367188e+00
4.620603561401367188e+00
4.620603561401367188e+00
4.620603561401367188e+00
4.620603561401367188e+00
3.676935672760009766e+00
3.676935672760009766e+00
3.676935672760009766e+00
4.418439865112304688e+00
4.418439865112304688e+00
4.418439865112304688e+00
3.042441129684448242e+00
3.042441129684448242e+00
3.042441129684448242e+00
3.042441129684448242e+00
3.042441129684448242e+00
3.639922857284545898e+00
6.574674606323242188e+00
2.477360248565673828e+00
2.477360248565673828e+00
2.477360248565673828e+00
2.477360248565673828e+00
2.477360248565673828e+00
2.477360248565673828e+00
1.748124122619628906e+00
1.748124122619628906e+00
1.748124122619628906e+00
1.748124122619628906e+00
2.140451908111572266e+00
2.121453046798706055e+00
2.121453046798706055e+00
2.121453046798706055e+00
2.121453046798706055e+00
4.590821266174316406e-01
3.022813320159912109e+00
3.022813320159912109e+00
3.022813320159912109e+00
3.022813320159912109e+00
3.022813320159912109e+00
3.022813320159912109e+00
5.974898338317871094e+00
5.974898338317871094e+00
5.974898338317871094e+00
1.017621994018554688e+00
1.017621994018554688e+00
1.017621994018554688e+00
1.017621994018554688e+00
1.017621994018554688e+00
1.017621994018554688e+00
1.017621994018554688e+00
1.017621994018554688e+00
7.650483846664428711e-01
7.650483846664428711e-01
7.650483846664428711e-01
7.650483846664428711e-01
7.650483846664428711e-01
7.650483846664428711e-01
7.650483846664428711e-01
7.650483846664428711e-01
7.650483846664428711e-01
7.650483846664428711e-01
7.650483846664428711e-01
7.650483846664428711e-01
7.650483846664428711e-01
7.650483846664428711e-01
7.650483846664428711e-01
7.650483846664428711e-01
7.650483846664428711e-01
2.953431606292724609e+00
2.953431606292724609e+00
2.953431606292724609e+00
2.953431606292724609e+00
5.073149204254150391e+00
3.664435148239135742e+00
1.193709611892700195e+00
1.193709611892700195e+00
1.193709611892700195e+00
1.193709611892700195e+00
1.193709611892700195e+00
1.193709611892700195e+00
1.334174990653991699e+00
1.334174990653991699e+00
1.334174990653991699e+00
1.486631631851196289e+00
1.486631631851196289e+00
7.242646217346191406e-01
7.242646217346191406e-01
7.242646217346191406e-01
7.242646217346191406e-01
7.242646217346191406e-01
7.242646217346191406e-01
7.242646217346191406e-01
2.950263977050781250e+00
1.536759853363037109e+00
1.536759853363037109e+00
1.536759853363037109e+00
1.536759853363037109e+00
1.536759853363037109e+00
1.536759853363037109e+00
1.536759853363037109e+00
1.536759853363037109e+00
1.536759853363037109e+00
1.536759853363037109e+00
1.536759853363037109e+00
1.536759853363037109e+00
1.024212479591369629e+00
1.024212479591369629e+00
1.024212479591369629e+00
1.024212479591369629e+00
1.024212479591369629e+00
1.024212479591369629e+00
1.024212479591369629e+00
1.024212479591369629e+00
1.024212479591369629e+00
1.024212479591369629e+00
5.633257031440734863e-01
5.633257031440734863e-01
5.633257031440734863e-01
5.633257031440734863e-01
5.633257031440734863e-01
5.633257031440734863e-01
5.633257031440734863e-01
2.050917863845825195e+00
2.771443367004394531e+00
2.594208002090454102e+00
2.594208002090454102e+00
2.594208002090454102e+00
2.594208002090454102e+00
2.594208002090454102e+00
1.614910602569580078e+00
1.145640254020690918e+00
1.145640254020690918e+00
1.145640254020690918e+00
1.145640254020690918e+00
1.145640254020690918e+00
1.145640254020690918e+00
1.145640254020690918e+00
1.792201519012451172e+00
1.792201519012451172e+00
1.792201519012451172e+00
1.792201519012451172e+00
4.784402847290039062e+00
4.784402847290039062e+00
7.033845424652099609e+00
5.427343845367431641e+00
2.354814052581787109e+00
2.354814052581787109e+00
2.200859308242797852e+00
2.200859308242797852e+00
2.200859308242797852e+00
2.200859308242797852e+00
2.200859308242797852e+00
2.200859308242797852e+00
2.200859308242797852e+00
2.200859308242797852e+00
5.336327552795410156e+00
5.336327552795410156e+00
2.827823162078857422e+00
2.827823162078857422e+00
2.827823162078857422e+00
2.827823162078857422e+00
2.827823162078857422e+00
2.827823162078857422e+00
2.827823162078857422e+00
7.115945339202880859e+00
3.277329683303833008e+00
3.277329683303833008e+00
3.277329683303833008e+00
3.277329683303833008e+00
3.277329683303833008e+00
3.277329683303833008e+00
3.277329683303833008e+00
3.277329683303833008e+00
3.277329683303833008e+00
3.277329683303833008e+00
7.108561992645263672e-01
7.108561992645263672e-01
7.108561992645263672e-01
7.108561992645263672e-01
7.108561992645263672e-01
7.108561992645263672e-01
3.661949396133422852e+00
4.468124389648437500e+00
4.468124389648437500e+00
4.468124389648437500e+00
4.468124389648437500e+00
4.468124389648437500e+00
4.745321273803710938e+00
4.745321273803710938e+00
4.745321273803710938e+00
3.339954853057861328e+00
3.339954853057861328e+00
1.743516206741333008e+00
2.065389871597290039e+00
2.065389871597290039e+00
2.065389871597290039e+00
2.065389871597290039e+00
4.002506256103515625e+00
4.002506256103515625e+00
4.002506256103515625e+00
3.728373527526855469e+00
3.728373527526855469e+00
3.728373527526855469e+00
6.307311058044433594e+00
8.804273605346679688e+00
8.804273605346679688e+00
1.271202468872070312e+01
1.271202468872070312e+01
1.271202468872070312e+01
9.647589683532714844e+00
9.647589683532714844e+00
9.647589683532714844e+00
9.921219825744628906e+00
9.921219825744628906e+00
1.103732490539550781e+01
1.103732490539550781e+01
1.103732490539550781e+01
1.033425712585449219e+01
1.652749061584472656e+00
1.652749061584472656e+00
1.652749061584472656e+00
1.652749061584472656e+00
1.652749061584472656e+00
1.652749061584472656e+00
1.652749061584472656e+00
1.652749061584472656e+00
1.652749061584472656e+00
1.652749061584472656e+00
1.652749061584472656e+00
1.652749061584472656e+00
1.652749061584472656e+00
1.652749061584472656e+00
1.652749061584472656e+00
1.652749061584472656e+00
1.773458957672119141e+00
1.773458957672119141e+00
1.773458957672119141e+00
1.773458957672119141e+00
1.773458957672119141e+00
1.773458957672119141e+00
1.773458957672119141e+00
1.773458957672119141e+00
1.773458957672119141e+00
1.773458957672119141e+00
1.773458957672119141e+00
1.773458957672119141e+00
1.773458957672119141e+00
1.773458957672119141e+00
1.773458957672119141e+00
1.773458957672119141e+00
1.773458957672119141e+00
1.773458957672119141e+00
1.773458957672119141e+00
1.773458957672119141e+00
1.773458957672119141e+00
1.233384609222412109e+00
1.233384609222412109e+00
1.233384609222412109e+00
1.233384609222412109e+00
1.233384609222412109e+00
2.878933668136596680e+00
2.878933668136596680e+00
1.808451771736145020e+00
1.808451771736145020e+00
1.808451771736145020e+00
1.808451771736145020e+00
1.808451771736145020e+00
1.808451771736145020e+00
1.808451771736145020e+00
1.808451771736145020e+00
1.808451771736145020e+00
1.808451771736145020e+00
1.808451771736145020e+00
1.731365680694580078e+00
1.731365680694580078e+00
8.257561326026916504e-01
2.702079057693481445e+00
2.702079057693481445e+00
2.702079057693481445e+00
2.702079057693481445e+00
2.702079057693481445e+00
2.702079057693481445e+00
2.702079057693481445e+00
2.702079057693481445e+00
2.702079057693481445e+00
9.812849760055541992e-01
9.812849760055541992e-01
9.812849760055541992e-01
9.812849760055541992e-01
9.812849760055541992e-01
9.812849760055541992e-01
9.812849760055541992e-01
9.812849760055541992e-01
9.812849760055541992e-01
9.812849760055541992e-01
9.812849760055541992e-01
1.513674259185791016e+00
1.513674259185791016e+00
1.513674259185791016e+00
4.159278869628906250e+00
8.256700038909912109e-01
8.256700038909912109e-01
8.256700038909912109e-01
8.256700038909912109e-01
8.256700038909912109e-01
8.256700038909912109e-01
8.256700038909912109e-01
8.256700038909912109e-01
8.256700038909912109e-01
8.256700038909912109e-01
8.256700038909912109e-01
2.933918714523315430e+00
2.933918714523315430e+00
2.933918714523315430e+00
1.259428262710571289e+00
9.198778271675109863e-01
9.198778271675109863e-01
3.166049242019653320e+00
3.166049242019653320e+00
3.036169052124023438e+00
3.036169052124023438e+00
2.167937278747558594e+00
2.167937278747558594e+00
2.864796638488769531e+00
2.864796638488769531e+00
2.864796638488769531e+00
2.400205135345458984e+00
2.400205135345458984e+00
2.400205135345458984e+00
2.400205135345458984e+00
2.400205135345458984e+00
4.228549957275390625e+00
4.228549957275390625e+00
1.826984405517578125e+00
1.871808290481567383e+00
1.871808290481567383e+00
5.041177272796630859e-01
5.041177272796630859e-01
5.041177272796630859e-01
5.041177272796630859e-01
5.041177272796630859e-01
5.041177272796630859e-01
5.041177272796630859e-01
5.041177272796630859e-01
5.041177272796630859e-01
6.949083805084228516e-01
6.949083805084228516e-01
6.949083805084228516e-01
6.949083805084228516e-01
6.949083805084228516e-01
2.542588472366333008e+00
2.542588472366333008e+00
2.264369487762451172e+00
2.264369487762451172e+00
2.264369487762451172e+00
2.264369487762451172e+00
2.264369487762451172e+00
8.605403900146484375e-01
8.605403900146484375e-01
8.605403900146484375e-01
8.605403900146484375e-01
2.873503208160400391e+00
5.715321540832519531e+00
3.699144840240478516e+00
3.699144840240478516e+00
5.129941940307617188e+00
5.129941940307617188e+00
5.129941940307617188e+00
5.129941940307617188e+00
5.129941940307617188e+00
5.129941940307617188e+00
5.129941940307617188e+00
5.129941940307617188e+00
1.103973388671875000e+00
1.103973388671875000e+00
1.103973388671875000e+00
1.103973388671875000e+00
1.103973388671875000e+00
1.103973388671875000e+00
1.103973388671875000e+00
1.103973388671875000e+00
1.103973388671875000e+00
1.103973388671875000e+00
1.103973388671875000e+00
1.103973388671875000e+00
1.103973388671875000e+00
1.103973388671875000e+00
1.103973388671875000e+00
1.103973388671875000e+00
1.103973388671875000e+00
1.103973388671875000e+00
1.103973388671875000e+00
1.103973388671875000e+00
2.526990175247192383e+00
6.511131525039672852e-01
6.511131525039672852e-01
6.511131525039672852e-01
6.511131525039672852e-01
6.511131525039672852e-01
6.511131525039672852e-01
6.511131525039672852e-01
3.022514820098876953e+00
7.558796405792236328e-01
7.558796405792236328e-01
7.558796405792236328e-01
7.558796405792236328e-01
7.558796405792236328e-01
7.558796405792236328e-01
7.558796405792236328e-01
7.558796405792236328e-01
7.558796405792236328e-01
7.558796405792236328e-01
7.558796405792236328e-01
7.558796405792236328e-01
7.558796405792236328e-01
1.093263983726501465e+00
1.093263983726501465e+00
4.862691760063171387e-01
4.862691760063171387e-01
4.862691760063171387e-01
4.862691760063171387e-01
4.862691760063171387e-01
1.837178945541381836e+00
1.837178945541381836e+00
1.837178945541381836e+00
1.540342450141906738e+00
1.540342450141906738e+00
1.540342450141906738e+00
1.540342450141906738e+00
1.540342450141906738e+00
1.540342450141906738e+00
1.540342450141906738e+00
1.540342450141906738e+00
1.540342450141906738e+00
1.540342450141906738e+00
1.540342450141906738e+00
1.540342450141906738e+00
1.540342450141906738e+00
1.540342450141906738e+00
1.540342450141906738e+00
1.540342450141906738e+00
1.540342450141906738e+00
1.540342450141906738e+00
1.540342450141906738e+00
1.540342450141906738e+00
1.540342450141906738e+00
1.540342450141906738e+00
1.540342450141906738e+00
1.540342450141906738e+00
1.540342450141906738e+00
1.540342450141906738e+00
1.540342450141906738e+00
1.540342450141906738e+00
1.540342450141906738e+00
1.540342450141906738e+00
1.540342450141906738e+00
9.243911504745483398e-01
9.243911504745483398e-01
9.243911504745483398e-01
8.981547355651855469e-01
8.981547355651855469e-01
2.414639472961425781e+00
2.414639472961425781e+00
2.414639472961425781e+00
6.440901756286621094e-01
6.440901756286621094e-01
6.440901756286621094e-01
6.440901756286621094e-01
6.440901756286621094e-01
6.440901756286621094e-01
2.905972003936767578e+00
2.283162355422973633e+00
2.283162355422973633e+00
2.283162355422973633e+00
2.283162355422973633e+00
1.703197240829467773e+00
1.703197240829467773e+00
1.703197240829467773e+00
1.703197240829467773e+00
1.703197240829467773e+00
1.703197240829467773e+00
1.703197240829467773e+00
1.703197240829467773e+00
7.822393178939819336e-01
7.822393178939819336e-01
1.912079095840454102e+00
1.912079095840454102e+00
1.912079095840454102e+00
1.912079095840454102e+00
1.912079095840454102e+00
1.912079095840454102e+00
1.912079095840454102e+00
1.912079095840454102e+00
1.912079095840454102e+00
1.912079095840454102e+00
2.012331485748291016e+00
2.012331485748291016e+00
2.012331485748291016e+00
2.012331485748291016e+00
2.012331485748291016e+00
2.012331485748291016e+00
2.012331485748291016e+00
2.012331485748291016e+00
2.012331485748291016e+00
8.689900398254394531e+00
1.000636577606201172e+00
1.000636577606201172e+00
1.000636577606201172e+00
1.000636577606201172e+00
1.000636577606201172e+00
1.000636577606201172e+00
1.000636577606201172e+00
1.000636577606201172e+00
1.000636577606201172e+00
1.000636577606201172e+00
1.000636577606201172e+00
1.000636577606201172e+00
1.000636577606201172e+00
1.519413709640502930e+00
1.519413709640502930e+00
1.519413709640502930e+00
1.519413709640502930e+00
2.846879005432128906e+00
5.163280010223388672e+00
4.630965709686279297e+00
1.618572235107421875e+00
1.618572235107421875e+00
1.618572235107421875e+00
1.618572235107421875e+00
1.618572235107421875e+00
1.618572235107421875e+00
1.417990088462829590e+00
1.417990088462829590e+00
1.417990088462829590e+00
1.417990088462829590e+00
1.417990088462829590e+00
1.830438852310180664e+00
1.830438852310180664e+00
1.830438852310180664e+00
1.830438852310180664e+00
1.830438852310180664e+00
1.830438852310180664e+00
1.830438852310180664e+00
1.830438852310180664e+00
1.830438852310180664e+00
1.830438852310180664e+00
1.830438852310180664e+00
1.169815301895141602e+00
2.570020675659179688e+00
2.570020675659179688e+00
2.570020675659179688e+00
3.739842891693115234e+00
5.663423061370849609e+00
5.663423061370849609e+00
1.049791336059570312e+01
1.049791336059570312e+01
8.126755714416503906e+00
8.126755714416503906e+00
7.503328323364257812e+00
7.503328323364257812e+00
5.340393066406250000e+00
4.947342872619628906e+00
8.123795509338378906e+00
8.366609573364257812e+00
8.366609573364257812e+00
5.119853973388671875e+00
5.892555236816406250e+00
4.162575721740722656e+00
4.162575721740722656e+00
3.066746711730957031e+00
5.841464996337890625e-01
5.841464996337890625e-01
5.841464996337890625e-01
5.841464996337890625e-01
5.841464996337890625e-01
5.841464996337890625e-01
7.382417917251586914e-01
7.382417917251586914e-01
6.056196093559265137e-01
6.056196093559265137e-01
6.056196093559265137e-01
6.056196093559265137e-01
6.056196093559265137e-01
6.056196093559265137e-01
6.056196093559265137e-01
6.056196093559265137e-01
1.361873269081115723e+00
1.361873269081115723e+00
1.361873269081115723e+00
1.361873269081115723e+00
1.361873269081115723e+00
1.361873269081115723e+00
1.361873269081115723e+00
1.361873269081115723e+00
1.361873269081115723e+00
1.361873269081115723e+00
1.361873269081115723e+00
1.361873269081115723e+00
1.361873269081115723e+00
1.361873269081115723e+00
1.361873269081115723e+00
1.361873269081115723e+00
1.361873269081115723e+00
1.361873269081115723e+00
1.361873269081115723e+00
1.361873269081115723e+00
1.361873269081115723e+00
5.708014965057373047e+00
5.708014965057373047e+00
8.183723449707031250e+00
8.183723449707031250e+00
7.815003395080566406e+00
7.815003395080566406e+00
7.815003395080566406e+00
3.467283248901367188e+00
3.467283248901367188e+00
3.682953834533691406e+00
3.682953834533691406e+00
3.682953834533691406e+00
3.011576652526855469e+00
3.011576652526855469e+00
8.630819320678710938e-01
8.630819320678710938e-01
8.630819320678710938e-01
8.630819320678710938e-01
8.630819320678710938e-01
8.630819320678710938e-01
8.630819320678710938e-01
8.630819320678710938e-01
8.630819320678710938e-01
8.630819320678710938e-01
8.630819320678710938e-01
8.630819320678710938e-01
8.630819320678710938e-01
1.791618824005126953e+00
1.791618824005126953e+00
1.791618824005126953e+00
1.791618824005126953e+00
1.791618824005126953e+00
2.305935382843017578e+00
2.982591152191162109e+00
2.982591152191162109e+00
2.982591152191162109e+00
1.273935198783874512e+00
1.273935198783874512e+00
1.273935198783874512e+00
1.273935198783874512e+00
1.273935198783874512e+00
7.428179979324340820e-01
7.428179979324340820e-01
7.428179979324340820e-01
7.428179979324340820e-01
1.728384375572204590e+00
1.728384375572204590e+00
1.728384375572204590e+00
8.499467372894287109e-01
1.267486572265625000e+00
1.267486572265625000e+00
1.267486572265625000e+00
1.267486572265625000e+00
1.267486572265625000e+00
1.267486572265625000e+00
1.267486572265625000e+00
1.267486572265625000e+00
1.267486572265625000e+00
1.019633889198303223e+00
1.019633889198303223e+00
1.019633889198303223e+00
1.019633889198303223e+00
1.019633889198303223e+00
1.019633889198303223e+00
1.019633889198303223e+00
1.019633889198303223e+00
1.019633889198303223e+00
1.019633889198303223e+00
1.019633889198303223e+00
1.019633889198303223e+00
1.019633889198303223e+00
1.019633889198303223e+00
1.019633889198303223e+00
1.019633889198303223e+00
1.019633889198303223e+00
2.626705408096313477e+00
2.626705408096313477e+00
2.626705408096313477e+00
9.590451240539550781e+00
1.017984771728515625e+01
1.696480560302734375e+01
1.696480560302734375e+01
8.324838638305664062e+00
8.324838638305664062e+00
8.324838638305664062e+00
3.889863491058349609e+00
3.889863491058349609e+00
4.460827350616455078e+00
4.703114032745361328e+00
7.312252521514892578e-01
7.312252521514892578e-01
7.312252521514892578e-01
7.312252521514892578e-01
7.312252521514892578e-01
7.312252521514892578e-01
7.312252521514892578e-01
7.312252521514892578e-01
7.312252521514892578e-01
7.312252521514892578e-01
7.312252521514892578e-01
7.312252521514892578e-01
7.312252521514892578e-01
7.312252521514892578e-01
7.312252521514892578e-01
8.845092058181762695e-01
8.845092058181762695e-01
8.845092058181762695e-01
1.451282501220703125e+00
1.451282501220703125e+00
1.451282501220703125e+00
1.451282501220703125e+00
1.451282501220703125e+00
1.451282501220703125e+00
1.451282501220703125e+00
1.451282501220703125e+00
1.451282501220703125e+00
1.451282501220703125e+00
1.451282501220703125e+00
2.830252170562744141e+00
2.830252170562744141e+00
2.830252170562744141e+00
2.830252170562744141e+00
3.398833751678466797e+00
2.277083158493041992e+00
2.230412244796752930e+00
2.230412244796752930e+00
2.230412244796752930e+00
2.230412244796752930e+00
2.230412244796752930e+00
3.119932889938354492e+00
9.019043922424316406e+00
9.019043922424316406e+00
9.019043922424316406e+00
5.560679435729980469e+00
5.560679435729980469e+00
4.632198810577392578e+00
4.632198810577392578e+00
4.632198810577392578e+00
4.632198810577392578e+00
4.681394100189208984e+00
4.681394100189208984e+00
4.681394100189208984e+00
4.681394100189208984e+00
4.681394100189208984e+00
4.681394100189208984e+00
3.918018817901611328e+00
4.262529373168945312e+00
4.262529373168945312e+00
4.262529373168945312e+00
4.262529373168945312e+00
4.262529373168945312e+00
4.262529373168945312e+00
4.262529373168945312e+00
4.615539550781250000e+00
4.615539550781250000e+00
4.615539550781250000e+00
5.001166820526123047e+00
9.641098976135253906e-01
2.635756492614746094e+00
2.635756492614746094e+00
2.635756492614746094e+00
2.635756492614746094e+00
2.635756492614746094e+00
2.635756492614746094e+00
2.635756492614746094e+00
2.635756492614746094e+00
1.859356880187988281e+00
1.859356880187988281e+00
1.859356880187988281e+00
1.859356880187988281e+00
1.859356880187988281e+00
1.605000972747802734e+00
1.605000972747802734e+00
1.605000972747802734e+00
1.605000972747802734e+00
1.605000972747802734e+00
1.605000972747802734e+00
1.605000972747802734e+00
1.605000972747802734e+00
1.605000972747802734e+00
1.605000972747802734e+00
2.331949234008789062e+00
1.509501814842224121e+00
1.509501814842224121e+00
1.538845777511596680e+00
1.538845777511596680e+00
1.538845777511596680e+00
1.538845777511596680e+00
1.538845777511596680e+00
1.538845777511596680e+00
1.538845777511596680e+00
1.538845777511596680e+00
1.538845777511596680e+00
1.538845777511596680e+00
1.538845777511596680e+00
1.538845777511596680e+00
1.538845777511596680e+00
1.538845777511596680e+00
1.538845777511596680e+00
1.538845777511596680e+00
1.538845777511596680e+00
1.481855869293212891e+00
1.481855869293212891e+00
1.481855869293212891e+00
1.481855869293212891e+00
1.481855869293212891e+00
1.076140999794006348e+00
1.076140999794006348e+00
1.076140999794006348e+00
1.076140999794006348e+00
1.076140999794006348e+00
1.076140999794006348e+00
1.379991769790649414e+00
1.201949119567871094e+00
5.534982085227966309e-01
5.534982085227966309e-01
5.534982085227966309e-01
5.534982085227966309e-01
5.534982085227966309e-01
5.534982085227966309e-01
5.534982085227966309e-01
5.534982085227966309e-01
9.981865286827087402e-01
3.724037170410156250e+00
2.096325874328613281e+00
2.096325874328613281e+00
2.096325874328613281e+00
2.096325874328613281e+00
2.096325874328613281e+00
2.096325874328613281e+00
2.096325874328613281e+00
2.096325874328613281e+00
2.096325874328613281e+00
2.096325874328613281e+00
2.096325874328613281e+00
2.096325874328613281e+00
2.096325874328613281e+00
2.096325874328613281e+00
2.096325874328613281e+00
2.096325874328613281e+00
2.764212131500244141e+00
2.764212131500244141e+00
2.764212131500244141e+00
2.764212131500244141e+00
3.201202392578125000e+00
7.819132328033447266e+00
7.819132328033447266e+00
7.819132328033447266e+00
7.819132328033447266e+00
7.819132328033447266e+00
7.819132328033447266e+00
7.819132328033447266e+00
7.819132328033447266e+00
7.819132328033447266e+00
7.819132328033447266e+00
4.954800605773925781e+00
3.961839675903320312e-01
6.354388236999511719e+00
6.354388236999511719e+00
6.415007114410400391e+00
3.414566040039062500e+00
3.374925851821899414e+00
3.374925851821899414e+00
3.374925851821899414e+00
3.374925851821899414e+00
3.374925851821899414e+00
3.374925851821899414e+00
3.663614749908447266e+00
3.663614749908447266e+00
1.713607192039489746e+00
1.713607192039489746e+00
1.848863005638122559e+00
3.454715251922607422e+00
3.290407896041870117e+00
3.290407896041870117e+00
3.147327423095703125e+00
3.147327423095703125e+00
3.147327423095703125e+00
3.147327423095703125e+00
3.147327423095703125e+00
3.147327423095703125e+00
3.147327423095703125e+00
4.623846054077148438e+00
4.623846054077148438e+00
8.335661888122558594e+00
8.335661888122558594e+00
6.413967132568359375e+00
8.296908378601074219e+00
8.296908378601074219e+00
8.296908378601074219e+00
8.296908378601074219e+00
8.296908378601074219e+00
7.085295200347900391e+00
7.085295200347900391e+00
7.085295200347900391e+00
7.878647327423095703e+00
2.694918632507324219e+00
2.694918632507324219e+00
2.694918632507324219e+00
2.694918632507324219e+00
2.694918632507324219e+00
4.771757125854492188e+00
5.384202957153320312e+00
5.384202957153320312e+00
5.384202957153320312e+00
5.271756172180175781e+00
1.353553771972656250e+00
3.230402708053588867e+00
3.230402708053588867e+00
3.230402708053588867e+00
3.230402708053588867e+00
3.230402708053588867e+00
3.230402708053588867e+00
3.230402708053588867e+00
3.230402708053588867e+00
2.371283531188964844e+00
2.371283531188964844e+00
2.371283531188964844e+00
8.212858438491821289e-01
8.212858438491821289e-01
3.379904747009277344e+00
3.379904747009277344e+00
3.379904747009277344e+00
5.195326328277587891e+00
5.195326328277587891e+00
5.195326328277587891e+00
5.195326328277587891e+00
6.702278614044189453e+00
3.991982221603393555e+00
3.991982221603393555e+00
3.991982221603393555e+00
3.991982221603393555e+00
3.991982221603393555e+00
1.757199764251708984e+00
1.757199764251708984e+00
1.829516053199768066e+00
1.829516053199768066e+00
1.829516053199768066e+00
1.829516053199768066e+00
1.829516053199768066e+00
1.829516053199768066e+00
8.943796753883361816e-01
8.943796753883361816e-01
8.943796753883361816e-01
8.943796753883361816e-01
8.943796753883361816e-01
8.943796753883361816e-01
8.943796753883361816e-01
8.943796753883361816e-01
8.943796753883361816e-01
8.943796753883361816e-01
8.943796753883361816e-01
8.943796753883361816e-01
8.943796753883361816e-01
8.943796753883361816e-01
9.383731842041015625e+00
9.383731842041015625e+00
9.383731842041015625e+00
5.267662048339843750e+00
6.102651596069335938e+00
1.505171775817871094e+00
1.505171775817871094e+00
1.505171775817871094e+00
1.505171775817871094e+00
1.505171775817871094e+00
1.505171775817871094e+00
1.505171775817871094e+00
1.505171775817871094e+00
3.097018241882324219e+00
2.152796983718872070e+00
2.675991058349609375e+00
2.675991058349609375e+00
2.675991058349609375e+00
2.675991058349609375e+00
7.097088098526000977e-01
7.097088098526000977e-01
7.097088098526000977e-01
1.557910323143005371e+00
1.557910323143005371e+00
1.557910323143005371e+00
1.557910323143005371e+00
1.557910323143005371e+00
1.137897491455078125e+00
1.137897491455078125e+00
1.137897491455078125e+00
1.137897491455078125e+00
1.137897491455078125e+00
1.137897491455078125e+00
1.137897491455078125e+00
1.137897491455078125e+00
1.137897491455078125e+00
1.137897491455078125e+00
1.137897491455078125e+00
1.137897491455078125e+00
1.137897491455078125e+00
1.137897491455078125e+00
1.167197704315185547e+00
1.103718996047973633e+00
1.103718996047973633e+00
1.103718996047973633e+00
1.103718996047973633e+00
1.103718996047973633e+00
1.103718996047973633e+00
1.103718996047973633e+00
1.103718996047973633e+00
1.103718996047973633e+00
1.103718996047973633e+00
1.285254359245300293e+00
1.285254359245300293e+00
1.285254359245300293e+00
1.285254359245300293e+00
1.285254359245300293e+00
1.285254359245300293e+00
1.285254359245300293e+00
1.285254359245300293e+00
1.285254359245300293e+00
2.771008968353271484e+00
2.771008968353271484e+00
9.449480772018432617e-01
9.449480772018432617e-01
9.449480772018432617e-01
9.449480772018432617e-01
2.455138206481933594e+00
1.587771415710449219e+00
1.587771415710449219e+00
1.587771415710449219e+00
1.587771415710449219e+00
1.587771415710449219e+00
1.587771415710449219e+00
1.587771415710449219e+00
1.682759284973144531e+00
1.682759284973144531e+00
1.682759284973144531e+00
1.682759284973144531e+00
1.682759284973144531e+00
1.682759284973144531e+00
1.682759284973144531e+00
4.735740184783935547e+00
6.120673656463623047e+00
1.363630771636962891e+00
1.363630771636962891e+00
1.363630771636962891e+00
1.363630771636962891e+00
1.363630771636962891e+00
1.363630771636962891e+00
8.039309382438659668e-01
8.039309382438659668e-01
8.039309382438659668e-01
8.039309382438659668e-01
8.039309382438659668e-01
8.039309382438659668e-01
8.039309382438659668e-01
8.039309382438659668e-01
8.039309382438659668e-01
8.039309382438659668e-01
8.752305030822753906e+00
6.225090026855468750e+00
1.054153442382812500e+01
9.811487197875976562e-01
9.811487197875976562e-01
9.811487197875976562e-01
9.811487197875976562e-01
9.811487197875976562e-01
9.811487197875976562e-01
3.192291021347045898e+00
3.192291021347045898e+00
3.192291021347045898e+00
2.414226770401000977e+00
2.414226770401000977e+00
2.414226770401000977e+00
2.414226770401000977e+00
1.744453668594360352e+00
1.744453668594360352e+00
1.744453668594360352e+00
1.744453668594360352e+00
1.744453668594360352e+00
1.744453668594360352e+00
1.744453668594360352e+00
1.744453668594360352e+00
1.744453668594360352e+00
1.744453668594360352e+00
1.306445598602294922e+00
1.306445598602294922e+00
1.306445598602294922e+00
1.306445598602294922e+00
1.306445598602294922e+00
1.306445598602294922e+00
1.306445598602294922e+00
1.306445598602294922e+00
1.306445598602294922e+00
1.306445598602294922e+00
1.306445598602294922e+00
1.306445598602294922e+00
1.306445598602294922e+00
4.703631997108459473e-01
2.268809556961059570e+00
2.268809556961059570e+00
2.268809556961059570e+00
2.268809556961059570e+00
2.268809556961059570e+00
2.268809556961059570e+00
2.268809556961059570e+00
2.268809556961059570e+00
2.268809556961059570e+00
2.268809556961059570e+00
2.268809556961059570e+00
2.617784500122070312e+00
2.617784500122070312e+00
2.617784500122070312e+00
3.051802158355712891e+00
8.367750644683837891e-01
8.367750644683837891e-01
8.367750644683837891e-01
8.367750644683837891e-01
8.367750644683837891e-01
8.367750644683837891e-01
8.367750644683837891e-01
8.367750644683837891e-01
8.367750644683837891e-01
8.367750644683837891e-01
8.367750644683837891e-01
1.123729109764099121e+00
1.123729109764099121e+00
1.123729109764099121e+00
1.123729109764099121e+00
1.123729109764099121e+00
1.123729109764099121e+00
1.123729109764099121e+00
1.123729109764099121e+00
1.123729109764099121e+00
1.123729109764099121e+00
1.123729109764099121e+00
1.123729109764099121e+00
1.123729109764099121e+00
1.123729109764099121e+00
1.123729109764099121e+00
1.123729109764099121e+00
1.123729109764099121e+00
1.123729109764099121e+00
1.123729109764099121e+00
1.123729109764099121e+00
1.123729109764099121e+00
1.123729109764099121e+00
1.123729109764099121e+00
1.123729109764099121e+00
1.123729109764099121e+00
4.779999256134033203e+00
2.153731346130371094e+00
2.153731346130371094e+00
2.153731346130371094e+00
2.153731346130371094e+00
2.153731346130371094e+00
2.153731346130371094e+00
3.726865530014038086e+00
4.556972980499267578e+00
7.776933670043945312e+00
8.788348197937011719e+00
8.788348197937011719e+00
7.908782482147216797e+00
4.181550025939941406e+00
2.740032196044921875e+00
2.740032196044921875e+00
5.897298336029052734e+00
5.897298336029052734e+00
5.897298336029052734e+00
5.897298336029052734e+00
1.351775169372558594e+00
1.351775169372558594e+00
1.351775169372558594e+00
1.351775169372558594e+00
1.344191908836364746e+00
1.344191908836364746e+00
1.344191908836364746e+00
1.344191908836364746e+00
1.344191908836364746e+00
3.477434635162353516e+00
3.477434635162353516e+00
3.477434635162353516e+00
3.477434635162353516e+00
3.477434635162353516e+00
3.477434635162353516e+00
3.477434635162353516e+00
4.460392951965332031e+00
4.460392951965332031e+00
5.285894393920898438e+00
5.520594596862792969e+00
8.323044776916503906e-01
8.323044776916503906e-01
8.323044776916503906e-01
8.323044776916503906e-01
8.323044776916503906e-01
8.323044776916503906e-01
8.323044776916503906e-01
8.323044776916503906e-01
8.323044776916503906e-01
8.323044776916503906e-01
8.323044776916503906e-01
8.323044776916503906e-01
8.323044776916503906e-01
8.323044776916503906e-01
4.553538799285888672e+00
4.553538799285888672e+00
4.553538799285888672e+00
4.024791717529296875e-01
4.024791717529296875e-01
4.024791717529296875e-01
4.024791717529296875e-01
1.750744700431823730e+00
1.750744700431823730e+00
1.750744700431823730e+00
1.750744700431823730e+00
1.750744700431823730e+00
1.750744700431823730e+00
1.750744700431823730e+00
1.750744700431823730e+00
1.750744700431823730e+00
1.750744700431823730e+00
1.750744700431823730e+00
9.791753292083740234e-01
2.232795953750610352e+00
2.069535970687866211e+00
4.228256940841674805e-01
4.228256940841674805e-01
4.228256940841674805e-01
4.228256940841674805e-01
4.228256940841674805e-01
4.228256940841674805e-01
4.228256940841674805e-01
4.228256940841674805e-01
4.228256940841674805e-01
2.876574993133544922e+00
2.876574993133544922e+00
2.876574993133544922e+00
2.876574993133544922e+00
2.598657369613647461e+00
2.598657369613647461e+00
9.378012418746948242e-01
9.378012418746948242e-01
1.756238698959350586e+00
1.756238698959350586e+00
1.756238698959350586e+00
1.756238698959350586e+00
1.756238698959350586e+00
9.601930975914001465e-01
9.601930975914001465e-01
9.601930975914001465e-01
9.601930975914001465e-01
1.633013725280761719e+00
1.633013725280761719e+00
1.633013725280761719e+00
1.633013725280761719e+00
1.633013725280761719e+00
1.633013725280761719e+00
1.633013725280761719e+00
8.422690629959106445e-01
8.422690629959106445e-01
8.422690629959106445e-01
8.422690629959106445e-01
3.193212032318115234e+00
3.193212032318115234e+00
8.913664817810058594e-01
8.913664817810058594e-01
8.913664817810058594e-01
5.207018375396728516e+00
1.731405496597290039e+00
1.731405496597290039e+00
1.731405496597290039e+00
4.245473861694335938e+00
2.612160205841064453e+00
2.612160205841064453e+00
2.612160205841064453e+00
2.612160205841064453e+00
4.742519378662109375e+00
6.510949611663818359e+00
6.510949611663818359e+00
6.510949611663818359e+00
6.510949611663818359e+00
3.608170509338378906e+00
7.440438270568847656e-01
7.440438270568847656e-01
7.440438270568847656e-01
7.440438270568847656e-01
7.440438270568847656e-01
7.719820737838745117e-01
7.719820737838745117e-01
2.124735593795776367e+00
2.206907272338867188e+00
2.206907272338867188e+00
2.206907272338867188e+00
1.300553560256958008e+00
1.300553560256958008e+00
1.300553560256958008e+00
1.300553560256958008e+00
1.300553560256958008e+00
1.300553560256958008e+00
1.300553560256958008e+00
1.300553560256958008e+00
1.300553560256958008e+00
2.135019779205322266e+00
2.135019779205322266e+00
2.135019779205322266e+00
2.135019779205322266e+00
2.135019779205322266e+00
1.766558647155761719e+00
1.328190803527832031e+00
1.328190803527832031e+00
1.328190803527832031e+00
2.376868724822998047e+00
2.376868724822998047e+00
2.376868724822998047e+00
2.376868724822998047e+00
2.376868724822998047e+00
2.376868724822998047e+00
2.376868724822998047e+00
2.376868724822998047e+00
7.489037990570068359e+00
7.489037990570068359e+00
7.489037990570068359e+00
7.489037990570068359e+00
6.598542213439941406e+00
4.931106090545654297e+00
4.931106090545654297e+00
5.463480949401855469e+00
5.463480949401855469e+00
5.463480949401855469e+00
5.463480949401855469e+00
3.900036811828613281e-01
3.900036811828613281e-01
2.599049568176269531e+00
2.599049568176269531e+00
3.898788213729858398e+00
3.898788213729858398e+00
3.898788213729858398e+00
3.898788213729858398e+00
3.898788213729858398e+00
3.898788213729858398e+00
3.898788213729858398e+00
3.898788213729858398e+00
2.913544654846191406e+00
2.913544654846191406e+00
2.913544654846191406e+00
2.913544654846191406e+00
2.913544654846191406e+00
1.449185729026794434e+00
1.449185729026794434e+00
1.449185729026794434e+00
1.449185729026794434e+00
1.449185729026794434e+00
1.449185729026794434e+00
1.449185729026794434e+00
1.449185729026794434e+00
1.449185729026794434e+00
1.449185729026794434e+00
1.241267800331115723e+00
1.241267800331115723e+00
1.241267800331115723e+00
2.381160020828247070e+00
2.381160020828247070e+00
2.381160020828247070e+00
2.381160020828247070e+00
2.415516376495361328e+00
2.415516376495361328e+00
2.415516376495361328e+00
2.415516376495361328e+00
2.415516376495361328e+00
2.777308464050292969e+00
2.777308464050292969e+00
2.777308464050292969e+00
2.777308464050292969e+00
2.777308464050292969e+00
2.777308464050292969e+00
2.777308464050292969e+00
5.790235042572021484e+00
3.980684995651245117e+00
3.980684995651245117e+00
3.128295660018920898e+00
1.636240005493164062e+00
6.957165002822875977e-01
5.270133614540100098e-01
5.270133614540100098e-01
5.270133614540100098e-01
5.270133614540100098e-01
5.270133614540100098e-01
5.889223217964172363e-01
5.889223217964172363e-01
5.889223217964172363e-01
5.889223217964172363e-01
1.795314550399780273e+00
1.795314550399780273e+00
1.795314550399780273e+00
1.795314550399780273e+00
1.959395051002502441e+00
1.959395051002502441e+00
1.959395051002502441e+00
1.959395051002502441e+00
1.959395051002502441e+00
1.873797774314880371e+00
3.435432434082031250e+00
6.715835571289062500e+00
7.828864097595214844e+00
3.058053493499755859e+00
5.494779109954833984e+00
5.494779109954833984e+00
5.494779109954833984e+00
5.494779109954833984e+00
5.494779109954833984e+00
5.514087677001953125e-01
9.802471399307250977e-01
3.550062179565429688e+00
2.192691802978515625e+00
1.946466088294982910e+00
1.946466088294982910e+00
1.946466088294982910e+00
1.946466088294982910e+00
1.946466088294982910e+00
1.946466088294982910e+00
1.946466088294982910e+00
1.946466088294982910e+00
1.946466088294982910e+00
1.946466088294982910e+00
1.946466088294982910e+00
1.946466088294982910e+00
1.946466088294982910e+00
4.515244960784912109e+00
4.515244960784912109e+00
4.515244960784912109e+00
4.515244960784912109e+00
4.515244960784912109e+00
3.059860706329345703e+00
3.059860706329345703e+00
3.059860706329345703e+00
2.748137712478637695e+00
2.748137712478637695e+00
1.708746433258056641e+00
1.708746433258056641e+00
1.708746433258056641e+00
1.708746433258056641e+00
4.451791763305664062e+00
2.433145523071289062e+00
2.433145523071289062e+00
2.433145523071289062e+00
2.433145523071289062e+00
2.433145523071289062e+00
2.433145523071289062e+00
2.433145523071289062e+00
2.433145523071289062e+00
2.433145523071289062e+00
4.666641712188720703e+00
4.666641712188720703e+00
9.345915794372558594e+00
9.331402778625488281e+00
1.460850334167480469e+01
1.460850334167480469e+01
1.246501731872558594e+01
1.246501731872558594e+01
1.129785633087158203e+01
1.129785633087158203e+01
2.022134971618652344e+01
2.853458786010742188e+01
1.935821533203125000e+01
1.815086174011230469e+01
1.833426475524902344e+01
7.702112197875976562e+00
5.762110233306884766e+00
6.432437419891357422e+00
6.432437419891357422e+00
6.432437419891357422e+00
8.308746337890625000e+00
8.308746337890625000e+00
8.308746337890625000e+00
8.308746337890625000e+00
8.308746337890625000e+00
8.308746337890625000e+00
8.308746337890625000e+00
8.416455268859863281e+00
8.416455268859863281e+00
8.416455268859863281e+00
7.186066150665283203e+00
7.186066150665283203e+00
6.827980041503906250e+00
7.114566326141357422e+00
3.688674926757812500e+00
3.688674926757812500e+00
1.518878221511840820e+00
1.518878221511840820e+00
1.518878221511840820e+00
1.518878221511840820e+00
7.523229718208312988e-01
7.523229718208312988e-01
7.523229718208312988e-01
7.523229718208312988e-01
7.523229718208312988e-01
7.523229718208312988e-01
7.523229718208312988e-01
9.381479620933532715e-01
1.094555568695068359e+01
1.045732498168945312e+00
1.045732498168945312e+00
1.045732498168945312e+00
1.045732498168945312e+00
1.045732498168945312e+00
8.751611709594726562e-01
8.751611709594726562e-01
8.751611709594726562e-01
8.751611709594726562e-01
8.751611709594726562e-01
8.751611709594726562e-01
8.751611709594726562e-01
8.751611709594726562e-01
8.751611709594726562e-01
8.751611709594726562e-01
8.751611709594726562e-01
8.873685598373413086e-01
8.873685598373413086e-01
8.873685598373413086e-01
8.979383707046508789e-01
8.979383707046508789e-01
8.979383707046508789e-01
8.979383707046508789e-01
8.979383707046508789e-01
8.979383707046508789e-01
8.979383707046508789e-01
8.979383707046508789e-01
8.979383707046508789e-01
8.979383707046508789e-01
8.979383707046508789e-01
8.979383707046508789e-01
8.979383707046508789e-01
4.640491902828216553e-01
1.882645726203918457e+00
1.882645726203918457e+00
1.713528156280517578e+00
2.891877412796020508e+00
2.891877412796020508e+00
2.891877412796020508e+00
2.891877412796020508e+00
2.891877412796020508e+00
3.610714435577392578e+00
3.610714435577392578e+00
3.649067401885986328e+00
2.726027011871337891e+00
3.042730331420898438e+00
3.042730331420898438e+00
2.906376123428344727e+00
2.906376123428344727e+00
2.906376123428344727e+00
2.906376123428344727e+00
2.906376123428344727e+00
2.896399497985839844e+00
2.896399497985839844e+00
2.896399497985839844e+00
2.896399497985839844e+00
2.896399497985839844e+00
2.896399497985839844e+00
2.728768825531005859e+00
4.046792984008789062e-01
4.734861373901367188e+00
3.682664394378662109e+00
3.682664394378662109e+00
2.699531555175781250e+00
2.699531555175781250e+00
2.699531555175781250e+00
2.699531555175781250e+00
2.699531555175781250e+00
2.699531555175781250e+00
2.699531555175781250e+00
2.699531555175781250e+00
2.699531555175781250e+00
2.699531555175781250e+00
2.699531555175781250e+00
7.319579124450683594e-01
1.122309088706970215e+00
1.561496615409851074e+00
1.561496615409851074e+00
2.912178516387939453e+00
2.912178516387939453e+00
2.912178516387939453e+00
2.912178516387939453e+00
2.721554040908813477e+00
1.868614077568054199e+00
1.868614077568054199e+00
8.745979070663452148e-01
8.745979070663452148e-01
8.745979070663452148e-01
8.745979070663452148e-01
1.111398816108703613e+00
1.111398816108703613e+00
1.111398816108703613e+00
3.060747623443603516e+00
1.194744944572448730e+00
1.194744944572448730e+00
1.238999843597412109e+00
1.238999843597412109e+00
1.238999843597412109e+00
