6.839592456817626953e-01
1.109066486358642578e+00
1.109066486358642578e+00
1.109066486358642578e+00
1.109066486358642578e+00
1.109066486358642578e+00
9.078502655029296875e-01
9.078502655029296875e-01
9.078502655029296875e-01
3.315649986267089844e+00
3.315649986267089844e+00
3.315649986267089844e+00
2.953689813613891602e+00
5.158443450927734375e-01
5.158443450927734375e-01
5.158443450927734375e-01
5.158443450927734375e-01
5.158443450927734375e-01
1.550278902053833008e+00
1.550278902053833008e+00
8.362008333206176758e-01
8.362008333206176758e-01
8.362008333206176758e-01
8.362008333206176758e-01
8.362008333206176758e-01
8.362008333206176758e-01
8.362008333206176758e-01
8.362008333206176758e-01
5.133666992187500000e-01
5.133666992187500000e-01
8.134152889251708984e-01
2.513610839843750000e+00
2.513610839843750000e+00
2.513610839843750000e+00
2.513610839843750000e+00
2.513610839843750000e+00
2.513610839843750000e+00
2.513610839843750000e+00
2.513610839843750000e+00
2.513610839843750000e+00
7.558436393737792969e-01
7.558436393737792969e-01
7.558436393737792969e-01
7.558436393737792969e-01
7.558436393737792969e-01
1.076452255249023438e+00
1.076452255249023438e+00
1.076452255249023438e+00
1.076452255249023438e+00
1.515077829360961914e+00
1.515077829360961914e+00
1.515077829360961914e+00
1.515077829360961914e+00
1.515077829360961914e+00
1.515077829360961914e+00
8.940972089767456055e-01
6.061715483665466309e-01
6.061715483665466309e-01
6.061715483665466309e-01
6.061715483665466309e-01
6.061715483665466309e-01
6.061715483665466309e-01
6.061715483665466309e-01
1.507365107536315918e+00
6.724324226379394531e-01
6.724324226379394531e-01
6.724324226379394531e-01
6.724324226379394531e-01
6.724324226379394531e-01
6.724324226379394531e-01
6.724324226379394531e-01
6.724324226379394531e-01
6.874374151229858398e-01
6.874374151229858398e-01
6.874374151229858398e-01
6.874374151229858398e-01
6.874374151229858398e-01
6.874374151229858398e-01
6.874374151229858398e-01
6.874374151229858398e-01
6.874374151229858398e-01
6.874374151229858398e-01
6.874374151229858398e-01
6.874374151229858398e-01
6.874374151229858398e-01
6.874374151229858398e-01
6.874374151229858398e-01
6.874374151229858398e-01
6.874374151229858398e-01
6.874374151229858398e-01
9.563908576965332031e-01
9.563908576965332031e-01
9.563908576965332031e-01
9.563908576965332031e-01
9.563908576965332031e-01
9.563908576965332031e-01
9.563908576965332031e-01
9.563908576965332031e-01
9.392267465591430664e-01
9.392267465591430664e-01
9.392267465591430664e-01
9.392267465591430664e-01
1.232453823089599609e+00
1.232453823089599609e+00
1.232453823089599609e+00
9.606177806854248047e-01
9.606177806854248047e-01
7.893932461738586426e-01
7.893932461738586426e-01
7.893932461738586426e-01
7.893932461738586426e-01
7.893932461738586426e-01
7.893932461738586426e-01
7.893932461738586426e-01
1.990229368209838867e+00
1.401546955108642578e+00
1.161550045013427734e+00
1.161550045013427734e+00
1.377931356430053711e+00
1.377931356430053711e+00
1.377931356430053711e+00
1.377931356430053711e+00
1.377931356430053711e+00
9.257311820983886719e-01
9.257311820983886719e-01
9.257311820983886719e-01
1.604004144668579102e+00
1.604004144668579102e+00
1.348085761070251465e+00
1.348085761070251465e+00
1.348085761070251465e+00
1.348085761070251465e+00
1.348085761070251465e+00
1.348085761070251465e+00
1.348085761070251465e+00
1.785643577575683594e+00
1.785643577575683594e+00
2.507173061370849609e+00
2.507173061370849609e+00
2.507173061370849609e+00
2.507173061370849609e+00
2.507173061370849609e+00
2.507173061370849609e+00
2.507173061370849609e+00
2.507173061370849609e+00
2.507173061370849609e+00
2.507173061370849609e+00
2.507173061370849609e+00
2.507173061370849609e+00
2.507173061370849609e+00
1.094114542007446289e+00
9.443587064743041992e-01
9.443587064743041992e-01
9.443587064743041992e-01
7.445967197418212891e-01
7.445967197418212891e-01
7.445967197418212891e-01
7.445967197418212891e-01
7.445967197418212891e-01
7.445967197418212891e-01
7.445967197418212891e-01
7.445967197418212891e-01
7.445967197418212891e-01
7.445967197418212891e-01
7.445967197418212891e-01
7.932574152946472168e-01
7.932574152946472168e-01
7.932574152946472168e-01
1.517312049865722656e+00
1.584882140159606934e+00
1.584882140159606934e+00
1.584882140159606934e+00
1.584882140159606934e+00
1.584882140159606934e+00
1.584882140159606934e+00
1.210664272308349609e+00
1.210664272308349609e+00
1.210664272308349609e+00
1.210664272308349609e+00
1.210664272308349609e+00
1.210664272308349609e+00
1.140227794647216797e+00
1.140227794647216797e+00
1.140227794647216797e+00
1.140227794647216797e+00
1.140227794647216797e+00
1.140227794647216797e+00
1.140227794647216797e+00
1.140227794647216797e+00
1.140227794647216797e+00
1.140227794647216797e+00
4.451770186424255371e-01
4.451770186424255371e-01
1.061959743499755859e+00
1.061959743499755859e+00
6.038482785224914551e-01
6.038482785224914551e-01
1.398158431053161621e+00
1.398158431053161621e+00
1.398158431053161621e+00
1.398158431053161621e+00
1.501910209655761719e+00
1.501910209655761719e+00
1.501910209655761719e+00
1.501910209655761719e+00
1.655309796333312988e+00
1.655309796333312988e+00
1.655309796333312988e+00
1.655309796333312988e+00
1.063455820083618164e+00
8.007584810256958008e-01
8.007584810256958008e-01
8.007584810256958008e-01
8.007584810256958008e-01
8.007584810256958008e-01
8.007584810256958008e-01
8.007584810256958008e-01
8.007584810256958008e-01
8.007584810256958008e-01
1.428201198577880859e+00
9.364235401153564453e-01
9.364235401153564453e-01
9.364235401153564453e-01
9.364235401153564453e-01
9.364235401153564453e-01
9.364235401153564453e-01
9.364235401153564453e-01
9.364235401153564453e-01
9.048894643783569336e-01
9.048894643783569336e-01
9.048894643783569336e-01
9.048894643783569336e-01
9.048894643783569336e-01
9.048894643783569336e-01
9.048894643783569336e-01
9.048894643783569336e-01
9.048894643783569336e-01
9.048894643783569336e-01
9.048894643783569336e-01
9.048894643783569336e-01
9.048894643783569336e-01
9.048894643783569336e-01
6.106427907943725586e-01
6.106427907943725586e-01
6.106427907943725586e-01
6.106427907943725586e-01
6.106427907943725586e-01
6.106427907943725586e-01
6.106427907943725586e-01
6.106427907943725586e-01
6.106427907943725586e-01
6.106427907943725586e-01
6.106427907943725586e-01
6.805251836776733398e-01
8.626779317855834961e-01
8.626779317855834961e-01
8.626779317855834961e-01
9.914400577545166016e-01
9.914400577545166016e-01
1.143331289291381836e+00
1.143331289291381836e+00
1.143331289291381836e+00
1.143331289291381836e+00
1.143331289291381836e+00
1.143331289291381836e+00
1.143331289291381836e+00
1.143331289291381836e+00
7.019693851470947266e-01
7.019693851470947266e-01
1.323623895645141602e+00
1.376070022583007812e+00
1.376070022583007812e+00
1.376070022583007812e+00
1.376070022583007812e+00
1.376070022583007812e+00
1.376070022583007812e+00
1.376070022583007812e+00
1.376070022583007812e+00
1.376070022583007812e+00
1.376070022583007812e+00
1.376070022583007812e+00
1.376070022583007812e+00
1.376070022583007812e+00
1.376070022583007812e+00
1.195979237556457520e+00
1.195979237556457520e+00
1.195979237556457520e+00
1.195979237556457520e+00
1.195979237556457520e+00
1.195979237556457520e+00
1.195979237556457520e+00
8.072618246078491211e-01
8.072618246078491211e-01
8.072618246078491211e-01
1.351907253265380859e+00
6.821300983428955078e-01
6.821300983428955078e-01
6.821300983428955078e-01
1.334812641143798828e+00
1.366062641143798828e+00
2.216994762420654297e+00
2.216994762420654297e+00
2.870654344558715820e+00
2.870654344558715820e+00
2.870654344558715820e+00
1.672569155693054199e+00
1.672569155693054199e+00
1.672569155693054199e+00
1.672569155693054199e+00
1.424702167510986328e+00
1.424702167510986328e+00
1.424702167510986328e+00
5.752224326133728027e-01
5.752224326133728027e-01
5.752224326133728027e-01
5.752224326133728027e-01
5.752224326133728027e-01
5.752224326133728027e-01
5.752224326133728027e-01
6.136885285377502441e-01
6.136885285377502441e-01
8.210268020629882812e-01
8.210268020629882812e-01
8.210268020629882812e-01
8.210268020629882812e-01
8.210268020629882812e-01
8.210268020629882812e-01
1.131704926490783691e+00
1.131704926490783691e+00
1.131704926490783691e+00
1.131704926490783691e+00
1.429916858673095703e+00
1.429916858673095703e+00
1.429916858673095703e+00
4.956507682800292969e-01
4.956507682800292969e-01
4.956507682800292969e-01
8.024514913558959961e-01
8.024514913558959961e-01
8.024514913558959961e-01
8.024514913558959961e-01
1.185706734657287598e+00
1.185706734657287598e+00
2.916736602783203125e+00
7.312202453613281250e-01
7.312202453613281250e-01
7.312202453613281250e-01
1.656086444854736328e+00
1.656086444854736328e+00
1.656086444854736328e+00
7.020435929298400879e-01
7.020435929298400879e-01
1.185469150543212891e+00
1.185469150543212891e+00
1.185469150543212891e+00
1.413412809371948242e+00
1.413412809371948242e+00
1.413412809371948242e+00
2.188627481460571289e+00
2.188627481460571289e+00
1.814079284667968750e+00
1.814079284667968750e+00
1.157332181930541992e+00
2.035904645919799805e+00
2.035904645919799805e+00
2.035904645919799805e+00
2.035904645919799805e+00
2.035904645919799805e+00
2.035904645919799805e+00
2.035904645919799805e+00
2.035904645919799805e+00
1.740852236747741699e+00
1.740852236747741699e+00
1.740852236747741699e+00
1.740852236747741699e+00
1.740852236747741699e+00
1.740852236747741699e+00
1.740852236747741699e+00
1.740852236747741699e+00
1.740852236747741699e+00
1.740852236747741699e+00
1.740852236747741699e+00
1.740852236747741699e+00
1.740852236747741699e+00
1.740852236747741699e+00
2.461331844329833984e+00
2.461331844329833984e+00
2.461331844329833984e+00
5.859420299530029297e-01
1.174462318420410156e+00
2.433403491973876953e+00
2.433403491973876953e+00
2.433403491973876953e+00
1.402834057807922363e+00
1.402834057807922363e+00
1.402834057807922363e+00
1.402834057807922363e+00
1.402834057807922363e+00
1.279544591903686523e+00
1.279544591903686523e+00
1.279544591903686523e+00
1.279544591903686523e+00
1.279544591903686523e+00
1.279544591903686523e+00
1.810372948646545410e+00
1.810372948646545410e+00
1.810372948646545410e+00
3.275037765502929688e+00
3.275037765502929688e+00
4.043070793151855469e+00
4.043070793151855469e+00
4.043070793151855469e+00
3.212162256240844727e+00
3.212162256240844727e+00
3.212162256240844727e+00
3.212162256240844727e+00
7.545042037963867188e-01
1.032593727111816406e+00
1.032593727111816406e+00
1.032593727111816406e+00
1.038060665130615234e+00
1.038060665130615234e+00
1.357293486595153809e+00
7.063468694686889648e-01
7.063468694686889648e-01
3.132012844085693359e+00
3.132012844085693359e+00
3.132012844085693359e+00
1.232155442237854004e+00
1.232155442237854004e+00
1.232155442237854004e+00
1.232155442237854004e+00
1.232155442237854004e+00
1.232155442237854004e+00
1.232155442237854004e+00
1.458951115608215332e+00
1.458951115608215332e+00
1.458951115608215332e+00
1.694283843040466309e+00
2.050391197204589844e+00
2.050391197204589844e+00
2.050391197204589844e+00
2.050391197204589844e+00
2.050391197204589844e+00
2.050391197204589844e+00
2.050391197204589844e+00
2.050391197204589844e+00
2.050391197204589844e+00
2.050391197204589844e+00
1.292979001998901367e+00
1.292979001998901367e+00
1.292979001998901367e+00
1.292979001998901367e+00
1.292979001998901367e+00
5.684822797775268555e-01
6.802507042884826660e-01
1.935599803924560547e+00
1.896431684494018555e+00
1.896431684494018555e+00
1.391989946365356445e+00
1.616785883903503418e+00
1.616785883903503418e+00
1.616785883903503418e+00
1.616785883903503418e+00
1.616785883903503418e+00
1.616785883903503418e+00
2.604864120483398438e+00
2.604864120483398438e+00
2.604864120483398438e+00
2.604864120483398438e+00
1.169707417488098145e+00
1.169707417488098145e+00
1.169707417488098145e+00
1.169707417488098145e+00
1.237811565399169922e+00
1.237811565399169922e+00
1.237811565399169922e+00
1.237811565399169922e+00
1.237811565399169922e+00
1.237811565399169922e+00
1.237811565399169922e+00
1.237811565399169922e+00
1.237811565399169922e+00
1.237811565399169922e+00
1.466525197029113770e+00
1.466525197029113770e+00
9.386983513832092285e-01
9.386983513832092285e-01
9.386983513832092285e-01
9.386983513832092285e-01
9.386983513832092285e-01
9.386983513832092285e-01
9.386983513832092285e-01
1.396805167198181152e+00
2.657279491424560547e+00
1.009091496467590332e+00
1.009091496467590332e+00
1.009091496467590332e+00
1.009091496467590332e+00
1.009091496467590332e+00
1.009091496467590332e+00
1.009091496467590332e+00
1.009091496467590332e+00
1.009091496467590332e+00
1.009091496467590332e+00
1.009091496467590332e+00
1.009091496467590332e+00
1.009091496467590332e+00
1.009091496467590332e+00
1.009091496467590332e+00
1.009091496467590332e+00
1.009091496467590332e+00
1.009091496467590332e+00
1.009091496467590332e+00
1.009091496467590332e+00
1.009091496467590332e+00
1.009091496467590332e+00
1.009091496467590332e+00
1.989526271820068359e+00
1.989526271820068359e+00
1.989526271820068359e+00
3.113224506378173828e-01
1.475220918655395508e+00
1.475220918655395508e+00
1.475220918655395508e+00
1.475220918655395508e+00
1.475220918655395508e+00
1.475220918655395508e+00
9.277554154396057129e-01
9.277554154396057129e-01
9.277554154396057129e-01
9.277554154396057129e-01
6.823020577430725098e-01
6.823020577430725098e-01
6.823020577430725098e-01
2.139098405838012695e+00
2.139098405838012695e+00
2.139098405838012695e+00
6.473739147186279297e-01
6.473739147186279297e-01
6.473739147186279297e-01
6.473739147186279297e-01
6.473739147186279297e-01
6.473739147186279297e-01
6.473739147186279297e-01
6.473739147186279297e-01
6.473739147186279297e-01
6.473739147186279297e-01
6.473739147186279297e-01
8.706508874893188477e-01
8.706508874893188477e-01
8.706508874893188477e-01
8.706508874893188477e-01
1.186576128005981445e+00
1.186576128005981445e+00
1.186576128005981445e+00
7.770990133285522461e-01
7.770990133285522461e-01
7.770990133285522461e-01
7.770990133285522461e-01
7.770990133285522461e-01
7.770990133285522461e-01
8.425331115722656250e-01
8.425331115722656250e-01
1.417514801025390625e+00
1.417514801025390625e+00
1.417514801025390625e+00
1.417514801025390625e+00
1.417514801025390625e+00
1.417514801025390625e+00
1.417514801025390625e+00
1.417514801025390625e+00
1.417514801025390625e+00
5.019404292106628418e-01
5.019404292106628418e-01
5.019404292106628418e-01
5.019404292106628418e-01
5.019404292106628418e-01
5.019404292106628418e-01
5.019404292106628418e-01
5.019404292106628418e-01
5.019404292106628418e-01
5.019404292106628418e-01
5.019404292106628418e-01
1.095681667327880859e+00
1.356440901756286621e+00
3.120435714721679688e+00
3.234765768051147461e+00
3.234765768051147461e+00
3.526643037796020508e+00
1.107643604278564453e+00
1.107643604278564453e+00
1.107643604278564453e+00
1.107643604278564453e+00
1.315191745758056641e+00
1.315191745758056641e+00
1.315191745758056641e+00
1.315191745758056641e+00
1.315191745758056641e+00
1.315191745758056641e+00
5.839632153511047363e-01
5.839632153511047363e-01
5.839632153511047363e-01
2.303970575332641602e+00
2.303970575332641602e+00
2.303970575332641602e+00
2.303970575332641602e+00
2.303970575332641602e+00
2.155920505523681641e+00
2.258683681488037109e+00
1.664750814437866211e+00
1.664750814437866211e+00
1.664750814437866211e+00
1.664750814437866211e+00
1.664750814437866211e+00
1.664750814437866211e+00
6.413217782974243164e-01
6.413217782974243164e-01
8.933097124099731445e-01
8.933097124099731445e-01
8.933097124099731445e-01
9.524233937263488770e-01
8.658727407455444336e-01
8.658727407455444336e-01
8.658727407455444336e-01
8.658727407455444336e-01
8.658727407455444336e-01
7.366333007812500000e-01
7.366333007812500000e-01
7.366333007812500000e-01
7.366333007812500000e-01
7.366333007812500000e-01
7.366333007812500000e-01
7.366333007812500000e-01
7.366333007812500000e-01
7.366333007812500000e-01
7.366333007812500000e-01
1.671475172042846680e+00
1.671475172042846680e+00
1.671475172042846680e+00
1.671475172042846680e+00
1.671475172042846680e+00
1.671475172042846680e+00
1.671475172042846680e+00
2.341323852539062500e+00
2.341323852539062500e+00
2.341323852539062500e+00
2.341323852539062500e+00
2.341323852539062500e+00
2.363564252853393555e+00
2.363564252853393555e+00
1.641666173934936523e+00
1.641666173934936523e+00
1.641666173934936523e+00
1.641666173934936523e+00
1.641666173934936523e+00
2.020098686218261719e+00
2.020098686218261719e+00
2.020098686218261719e+00
2.020098686218261719e+00
8.145529031753540039e-01
8.145529031753540039e-01
8.145529031753540039e-01
8.145529031753540039e-01
8.145529031753540039e-01
8.145529031753540039e-01
8.145529031753540039e-01
8.145529031753540039e-01
8.145529031753540039e-01
8.145529031753540039e-01
8.145529031753540039e-01
8.145529031753540039e-01
8.145529031753540039e-01
1.786365270614624023e+00
1.786365270614624023e+00
1.786365270614624023e+00
1.045868873596191406e+00
1.045868873596191406e+00
1.045868873596191406e+00
1.045868873596191406e+00
1.045868873596191406e+00
1.045868873596191406e+00
1.725665569305419922e+00
1.377025008201599121e+00
1.377025008201599121e+00
1.377025008201599121e+00
1.377025008201599121e+00
1.377025008201599121e+00
1.654927492141723633e+00
2.507908105850219727e+00
2.290737628936767578e+00
2.162286043167114258e+00
2.162286043167114258e+00
2.558963775634765625e+00
2.558963775634765625e+00
2.558963775634765625e+00
2.558963775634765625e+00
2.558963775634765625e+00
2.558963775634765625e+00
9.235867261886596680e-01
3.816691637039184570e-01
3.816691637039184570e-01
3.816691637039184570e-01
1.660874843597412109e+00
1.660874843597412109e+00
1.660874843597412109e+00
1.290146350860595703e+00
1.290146350860595703e+00
1.290146350860595703e+00
1.290146350860595703e+00
1.290146350860595703e+00
1.290146350860595703e+00
1.290146350860595703e+00
1.290146350860595703e+00
1.290146350860595703e+00
1.290146350860595703e+00
7.093213200569152832e-01
7.093213200569152832e-01
7.093213200569152832e-01
7.093213200569152832e-01
7.093213200569152832e-01
7.093213200569152832e-01
7.093213200569152832e-01
7.093213200569152832e-01
7.093213200569152832e-01
7.093213200569152832e-01
1.213280200958251953e+00
1.213280200958251953e+00
6.261312961578369141e-01
6.261312961578369141e-01
6.261312961578369141e-01
6.261312961578369141e-01
6.261312961578369141e-01
6.261312961578369141e-01
6.261312961578369141e-01
6.261312961578369141e-01
7.198978662490844727e-01
7.198978662490844727e-01
7.198978662490844727e-01
7.198978662490844727e-01
7.198978662490844727e-01
7.198978662490844727e-01
9.180589318275451660e-01
9.180589318275451660e-01
9.180589318275451660e-01
9.180589318275451660e-01
9.180589318275451660e-01
9.180589318275451660e-01
9.180589318275451660e-01
9.180589318275451660e-01
9.180589318275451660e-01
9.180589318275451660e-01
9.180589318275451660e-01
9.180589318275451660e-01
9.625685214996337891e-01
9.625685214996337891e-01
3.931718349456787109e+00
2.190567493438720703e+00
1.386834025382995605e+00
1.386834025382995605e+00
5.756310224533081055e-01
5.756310224533081055e-01
5.756310224533081055e-01
5.756310224533081055e-01
5.756310224533081055e-01
5.756310224533081055e-01
5.756310224533081055e-01
5.756310224533081055e-01
5.756310224533081055e-01
5.756310224533081055e-01
5.756310224533081055e-01
5.756310224533081055e-01
5.756310224533081055e-01
5.756310224533081055e-01
5.756310224533081055e-01
5.756310224533081055e-01
5.756310224533081055e-01
5.756310224533081055e-01
5.756310224533081055e-01
5.756310224533081055e-01
5.756310224533081055e-01
5.756310224533081055e-01
5.756310224533081055e-01
5.756310224533081055e-01
5.756310224533081055e-01
1.577827215194702148e+00
6.965088248252868652e-01
6.965088248252868652e-01
6.965088248252868652e-01
1.398715972900390625e+00
1.398715972900390625e+00
1.398715972900390625e+00
1.398715972900390625e+00
1.398715972900390625e+00
1.398715972900390625e+00
1.398715972900390625e+00
1.398715972900390625e+00
1.398715972900390625e+00
1.398715972900390625e+00
1.398715972900390625e+00
1.398715972900390625e+00
1.398715972900390625e+00
5.391116142272949219e-01
5.391116142272949219e-01
5.391116142272949219e-01
1.655870437622070312e+00
1.655870437622070312e+00
1.655870437622070312e+00
1.655870437622070312e+00
1.655870437622070312e+00
8.898992538452148438e-01
8.898992538452148438e-01
8.898992538452148438e-01
8.898992538452148438e-01
8.898992538452148438e-01
8.898992538452148438e-01
8.898992538452148438e-01
8.898992538452148438e-01
8.898992538452148438e-01
8.898992538452148438e-01
8.898992538452148438e-01
8.898992538452148438e-01
8.898992538452148438e-01
8.898992538452148438e-01
8.898992538452148438e-01
8.898992538452148438e-01
1.294935345649719238e+00
1.624559879302978516e+00
1.433813095092773438e+00
1.608394861221313477e+00
1.608394861221313477e+00
1.608394861221313477e+00
1.608394861221313477e+00
1.608394861221313477e+00
1.608394861221313477e+00
1.608394861221313477e+00
4.576293230056762695e-01
4.576293230056762695e-01
8.052285909652709961e-01
8.052285909652709961e-01
8.052285909652709961e-01
8.052285909652709961e-01
8.052285909652709961e-01
5.228582620620727539e-01
5.228582620620727539e-01
5.228582620620727539e-01
5.228582620620727539e-01
5.228582620620727539e-01
5.228582620620727539e-01
5.228582620620727539e-01
1.437657594680786133e+00
1.437657594680786133e+00
1.437657594680786133e+00
1.437657594680786133e+00
1.088712692260742188e+00
1.088712692260742188e+00
1.088712692260742188e+00
1.088712692260742188e+00
1.088712692260742188e+00
1.088712692260742188e+00
1.088712692260742188e+00
1.088712692260742188e+00
1.088712692260742188e+00
1.088712692260742188e+00
1.088712692260742188e+00
1.088712692260742188e+00
1.088712692260742188e+00
1.411012291908264160e+00
1.411012291908264160e+00
1.411012291908264160e+00
1.411012291908264160e+00
1.411012291908264160e+00
1.411012291908264160e+00
1.411012291908264160e+00
1.411012291908264160e+00
1.411012291908264160e+00
1.411012291908264160e+00
1.411012291908264160e+00
1.411012291908264160e+00
1.200446248054504395e+00
5.920088291168212891e-01
5.920088291168212891e-01
5.920088291168212891e-01
5.920088291168212891e-01
5.920088291168212891e-01
5.920088291168212891e-01
5.920088291168212891e-01
5.920088291168212891e-01
2.007250785827636719e+00
2.007250785827636719e+00
2.007250785827636719e+00
2.007250785827636719e+00
2.860372543334960938e+00
2.860372543334960938e+00
2.860372543334960938e+00
2.860372543334960938e+00
2.860372543334960938e+00
2.724074840545654297e+00
7.672957181930541992e-01
8.856043815612792969e-01
8.856043815612792969e-01
1.969205141067504883e+00
1.918992280960083008e+00
1.918992280960083008e+00
1.918992280960083008e+00
1.918992280960083008e+00
1.918992280960083008e+00
1.918992280960083008e+00
1.918992280960083008e+00
1.918992280960083008e+00
1.918992280960083008e+00
1.918992280960083008e+00
1.747106194496154785e+00
1.747106194496154785e+00
1.003883600234985352e+00
1.003883600234985352e+00
1.049748182296752930e+00
1.049748182296752930e+00
1.049748182296752930e+00
1.049748182296752930e+00
2.586110115051269531e+00
1.941865444183349609e+00
1.941865444183349609e+00
1.368960857391357422e+00
1.368960857391357422e+00
1.368960857391357422e+00
1.368960857391357422e+00
1.368960857391357422e+00
1.368960857391357422e+00
1.368960857391357422e+00
1.368960857391357422e+00
1.368960857391357422e+00
4.954823255538940430e-01
4.954823255538940430e-01
4.954823255538940430e-01
4.954823255538940430e-01
4.954823255538940430e-01
4.954823255538940430e-01
4.954823255538940430e-01
4.954823255538940430e-01
4.954823255538940430e-01
4.954823255538940430e-01
4.954823255538940430e-01
6.698973178863525391e-01
6.698973178863525391e-01
6.698973178863525391e-01
9.425708055496215820e-01
9.425708055496215820e-01
9.425708055496215820e-01
9.425708055496215820e-01
9.425708055496215820e-01
9.425708055496215820e-01
9.425708055496215820e-01
9.425708055496215820e-01
9.425708055496215820e-01
9.425708055496215820e-01
9.425708055496215820e-01
9.425708055496215820e-01
9.425708055496215820e-01
1.805105686187744141e+00
1.805105686187744141e+00
1.805105686187744141e+00
1.012161016464233398e+00
1.517125606536865234e+00
1.864763259887695312e+00
2.376534223556518555e+00
2.376534223556518555e+00
2.376534223556518555e+00
2.376534223556518555e+00
2.376534223556518555e+00
2.376534223556518555e+00
2.376534223556518555e+00
2.221587419509887695e+00
1.197497606277465820e+00
1.197497606277465820e+00
1.197497606277465820e+00
1.197497606277465820e+00
1.197497606277465820e+00
9.099994897842407227e-01
1.610592365264892578e+00
1.610592365264892578e+00
1.610592365264892578e+00
6.943897008895874023e-01
6.943897008895874023e-01
6.943897008895874023e-01
6.458394527435302734e-01
6.458394527435302734e-01
6.458394527435302734e-01
6.458394527435302734e-01
6.458394527435302734e-01
6.458394527435302734e-01
6.458394527435302734e-01
6.458394527435302734e-01
3.452113866806030273e-01
3.260941028594970703e+00
3.260941028594970703e+00
3.260941028594970703e+00
3.260941028594970703e+00
3.260941028594970703e+00
3.260941028594970703e+00
3.260941028594970703e+00
3.260941028594970703e+00
3.260941028594970703e+00
3.560113191604614258e+00
3.560113191604614258e+00
3.560113191604614258e+00
3.088615894317626953e+00
2.241405487060546875e+00
1.102068185806274414e+00
1.102068185806274414e+00
1.583399534225463867e+00
1.583399534225463867e+00
1.583399534225463867e+00
1.583399534225463867e+00
1.583399534225463867e+00
1.583399534225463867e+00
2.014277935028076172e+00
2.014277935028076172e+00
2.014277935028076172e+00
2.014277935028076172e+00
2.014277935028076172e+00
1.258371114730834961e+00
1.258371114730834961e+00
1.258371114730834961e+00
1.258371114730834961e+00
1.258371114730834961e+00
9.377940893173217773e-01
9.377940893173217773e-01
9.377940893173217773e-01
9.377940893173217773e-01
9.377940893173217773e-01
9.377940893173217773e-01
9.377940893173217773e-01
1.002322077751159668e+00
1.002322077751159668e+00
1.002322077751159668e+00
1.002322077751159668e+00
1.002322077751159668e+00
1.002322077751159668e+00
1.002322077751159668e+00
8.904482722282409668e-01
8.904482722282409668e-01
8.904482722282409668e-01
8.904482722282409668e-01
1.271015405654907227e+00
1.271015405654907227e+00
7.252591848373413086e-01
1.073844671249389648e+00
1.073844671249389648e+00
1.093836545944213867e+00
1.093836545944213867e+00
1.093836545944213867e+00
1.093836545944213867e+00
1.093836545944213867e+00
1.093836545944213867e+00
1.093836545944213867e+00
1.093836545944213867e+00
1.093836545944213867e+00
1.093836545944213867e+00
1.093836545944213867e+00
1.093836545944213867e+00
1.093836545944213867e+00
1.093836545944213867e+00
1.093836545944213867e+00
1.093836545944213867e+00
1.093836545944213867e+00
1.093836545944213867e+00
9.324789047241210938e-01
9.324789047241210938e-01
9.324789047241210938e-01
9.324789047241210938e-01
1.891753673553466797e+00
2.167959213256835938e+00
7.784606218338012695e-01
7.784606218338012695e-01
7.784606218338012695e-01
7.784606218338012695e-01
7.784606218338012695e-01
7.784606218338012695e-01
7.784606218338012695e-01
7.784606218338012695e-01
7.784606218338012695e-01
7.340238094329833984e-01
7.340238094329833984e-01
1.047073364257812500e+00
1.761398077011108398e+00
1.761398077011108398e+00
6.196850538253784180e-01
6.196850538253784180e-01
6.196850538253784180e-01
6.196850538253784180e-01
6.196850538253784180e-01
6.196850538253784180e-01
6.196850538253784180e-01
6.196850538253784180e-01
6.196850538253784180e-01
6.196850538253784180e-01
6.196850538253784180e-01
6.196850538253784180e-01
6.196850538253784180e-01
6.196850538253784180e-01
6.196850538253784180e-01
6.196850538253784180e-01
1.535457253456115723e+00
1.535457253456115723e+00
1.535457253456115723e+00
1.533010482788085938e+00
1.533010482788085938e+00
1.320393085479736328e+00
1.320393085479736328e+00
1.320393085479736328e+00
3.037694931030273438e+00
3.037694931030273438e+00
3.037694931030273438e+00
3.037694931030273438e+00
1.777339220046997070e+00
1.777339220046997070e+00
1.777339220046997070e+00
1.777339220046997070e+00
1.777339220046997070e+00
1.777339220046997070e+00
1.777339220046997070e+00
1.777339220046997070e+00
1.777339220046997070e+00
1.777339220046997070e+00
5.213874578475952148e-01
5.213874578475952148e-01
5.213874578475952148e-01
5.213874578475952148e-01
5.213874578475952148e-01
5.213874578475952148e-01
5.213874578475952148e-01
5.213874578475952148e-01
1.185801506042480469e+00
1.185801506042480469e+00
7.016493678092956543e-01
7.016493678092956543e-01
7.016493678092956543e-01
7.016493678092956543e-01
7.016493678092956543e-01
1.623045206069946289e+00
1.623045206069946289e+00
1.272083044052124023e+00
1.124300599098205566e+00
1.124300599098205566e+00
1.124300599098205566e+00
1.124300599098205566e+00
1.124300599098205566e+00
1.124300599098205566e+00
1.569337368011474609e+00
2.075978755950927734e+00
2.075978755950927734e+00
1.978704452514648438e+00
1.065004110336303711e+00
1.128715276718139648e+00
1.128715276718139648e+00
1.128715276718139648e+00
1.128715276718139648e+00
1.512262701988220215e+00
1.512262701988220215e+00
1.512262701988220215e+00
3.326529502868652344e+00
3.565587997436523438e+00
4.807952404022216797e+00
3.786159753799438477e+00
3.786159753799438477e+00
3.786159753799438477e+00
3.177561283111572266e+00
8.344352245330810547e-01
8.344352245330810547e-01
1.049015164375305176e+00
1.407250165939331055e+00
1.250859260559082031e+00
1.250859260559082031e+00
9.017295837402343750e-01
9.017295837402343750e-01
9.017295837402343750e-01
9.017295837402343750e-01
9.017295837402343750e-01
1.816387653350830078e+00
1.816387653350830078e+00
3.228629112243652344e+00
2.728344917297363281e+00
2.728344917297363281e+00
3.298657417297363281e+00
3.298657417297363281e+00
1.210501909255981445e+00
1.210501909255981445e+00
1.210501909255981445e+00
1.210501909255981445e+00
1.210501909255981445e+00
1.210501909255981445e+00
1.210501909255981445e+00
1.210501909255981445e+00
1.210501909255981445e+00
1.210501909255981445e+00
1.210501909255981445e+00
1.210501909255981445e+00
1.210501909255981445e+00
1.210501909255981445e+00
1.558981895446777344e+00
1.131891250610351562e+00
1.131891250610351562e+00
1.131891250610351562e+00
1.131891250610351562e+00
1.131891250610351562e+00
1.131891250610351562e+00
1.126467704772949219e+00
1.126467704772949219e+00
1.126467704772949219e+00
1.126467704772949219e+00
1.126467704772949219e+00
1.033300161361694336e+00
1.033300161361694336e+00
1.033300161361694336e+00
1.033300161361694336e+00
1.033300161361694336e+00
2.014352798461914062e+00
2.014352798461914062e+00
2.014352798461914062e+00
2.014352798461914062e+00
2.014352798461914062e+00
2.285169601440429688e+00
2.285169601440429688e+00
2.285169601440429688e+00
2.285169601440429688e+00
1.823454976081848145e+00
1.823454976081848145e+00
3.962651491165161133e-01
3.962651491165161133e-01
3.962651491165161133e-01
1.271124839782714844e+00
1.271124839782714844e+00
1.271124839782714844e+00
1.271124839782714844e+00
1.271124839782714844e+00
1.271124839782714844e+00
1.271124839782714844e+00
1.271124839782714844e+00
1.675987482070922852e+00
1.111783981323242188e+00
1.111783981323242188e+00
2.328078746795654297e+00
2.328078746795654297e+00
2.328078746795654297e+00
2.328078746795654297e+00
2.328078746795654297e+00
1.330275058746337891e+00
1.330275058746337891e+00
1.330275058746337891e+00
1.330275058746337891e+00
1.330275058746337891e+00
1.330275058746337891e+00
1.330275058746337891e+00
1.330275058746337891e+00
1.330275058746337891e+00
1.330275058746337891e+00
1.330275058746337891e+00
1.330275058746337891e+00
1.330275058746337891e+00
1.032085180282592773e+00
1.663429737091064453e+00
2.478339910507202148e+00
2.478339910507202148e+00
2.478339910507202148e+00
2.478339910507202148e+00
2.478339910507202148e+00
2.478339910507202148e+00
2.478339910507202148e+00
2.478339910507202148e+00
2.478339910507202148e+00
2.478339910507202148e+00
2.478339910507202148e+00
2.478339910507202148e+00
2.478339910507202148e+00
2.280986547470092773e+00
1.605858206748962402e+00
1.605858206748962402e+00
5.889018774032592773e-01
5.889018774032592773e-01
5.889018774032592773e-01
5.889018774032592773e-01
5.889018774032592773e-01
5.889018774032592773e-01
5.889018774032592773e-01
5.889018774032592773e-01
5.889018774032592773e-01
5.889018774032592773e-01
5.889018774032592773e-01
5.704417228698730469e-01
5.704417228698730469e-01
5.704417228698730469e-01
5.704417228698730469e-01
5.704417228698730469e-01
5.704417228698730469e-01
5.704417228698730469e-01
5.704417228698730469e-01
5.704417228698730469e-01
5.704417228698730469e-01
5.704417228698730469e-01
9.236197471618652344e-01
9.236197471618652344e-01
9.236197471618652344e-01
9.236197471618652344e-01
9.236197471618652344e-01
9.236197471618652344e-01
9.236197471618652344e-01
9.236197471618652344e-01
1.208199977874755859e+00
2.606020212173461914e+00
6.544719934463500977e-01
6.544719934463500977e-01
6.544719934463500977e-01
6.544719934463500977e-01
1.302617192268371582e+00
1.302617192268371582e+00
9.552825689315795898e-01
9.552825689315795898e-01
9.552825689315795898e-01
9.552825689315795898e-01
9.552825689315795898e-01
9.552825689315795898e-01
1.119489431381225586e+00
1.119489431381225586e+00
1.119489431381225586e+00
1.119489431381225586e+00
1.119489431381225586e+00
1.119489431381225586e+00
1.119489431381225586e+00
1.119489431381225586e+00
1.119489431381225586e+00
1.119489431381225586e+00
2.525565624237060547e+00
2.525565624237060547e+00
2.525565624237060547e+00
2.525565624237060547e+00
2.525565624237060547e+00
2.525565624237060547e+00
2.525565624237060547e+00
2.525565624237060547e+00
2.643709421157836914e+00
2.931132078170776367e+00
3.259458541870117188e-01
1.704213857650756836e+00
1.704213857650756836e+00
1.704213857650756836e+00
1.704213857650756836e+00
1.403373956680297852e+00
1.403373956680297852e+00
1.403373956680297852e+00
1.403373956680297852e+00
1.403373956680297852e+00
1.403373956680297852e+00
1.403373956680297852e+00
1.403373956680297852e+00
1.403373956680297852e+00
1.403373956680297852e+00
1.403373956680297852e+00
1.403373956680297852e+00
2.445699214935302734e+00
2.445699214935302734e+00
2.445699214935302734e+00
9.981175661087036133e-01
9.981175661087036133e-01
9.981175661087036133e-01
9.981175661087036133e-01
9.981175661087036133e-01
9.981175661087036133e-01
9.981175661087036133e-01
9.981175661087036133e-01
1.065021157264709473e+00
5.970845222473144531e-01
5.970845222473144531e-01
6.696995496749877930e-01
6.696995496749877930e-01
6.696995496749877930e-01
6.696995496749877930e-01
2.474069118499755859e+00
2.474069118499755859e+00
2.474069118499755859e+00
2.474069118499755859e+00
1.421831846237182617e+00
1.421831846237182617e+00
1.421831846237182617e+00
1.421831846237182617e+00
1.421831846237182617e+00
1.421831846237182617e+00
5.080996751785278320e-01
5.080996751785278320e-01
5.080996751785278320e-01
5.080996751785278320e-01
5.080996751785278320e-01
5.080996751785278320e-01
2.415455341339111328e+00
2.415455341339111328e+00
2.171329259872436523e+00
2.171329259872436523e+00
2.171329259872436523e+00
5.796759128570556641e-01
5.796759128570556641e-01
5.796759128570556641e-01
5.796759128570556641e-01
5.796759128570556641e-01
5.796759128570556641e-01
5.796759128570556641e-01
5.796759128570556641e-01
5.796759128570556641e-01
5.796759128570556641e-01
5.796759128570556641e-01
5.796759128570556641e-01
5.796759128570556641e-01
5.796759128570556641e-01
5.796759128570556641e-01
1.414482712745666504e+00
1.414482712745666504e+00
1.414482712745666504e+00
1.330065608024597168e+00
1.330065608024597168e+00
1.330065608024597168e+00
1.330065608024597168e+00
8.848912715911865234e-01
8.848912715911865234e-01
6.613781452178955078e-01
6.613781452178955078e-01
6.613781452178955078e-01
6.613781452178955078e-01
6.613781452178955078e-01
6.613781452178955078e-01
6.613781452178955078e-01
9.693348407745361328e-01
9.693348407745361328e-01
9.693348407745361328e-01
9.693348407745361328e-01
2.394518375396728516e+00
2.394518375396728516e+00
3.465926408767700195e+00
2.700750827789306641e+00
1.237306833267211914e+00
1.237306833267211914e+00
1.163978338241577148e+00
1.163978338241577148e+00
1.163978338241577148e+00
1.163978338241577148e+00
1.163978338241577148e+00
1.163978338241577148e+00
1.163978338241577148e+00
1.163978338241577148e+00
2.657399654388427734e+00
2.657399654388427734e+00
1.462600588798522949e+00
1.462600588798522949e+00
1.462600588798522949e+00
1.462600588798522949e+00
1.462600588798522949e+00
1.462600588798522949e+00
1.462600588798522949e+00
1.462600588798522949e+00
1.462600588798522949e+00
1.462600588798522949e+00
1.462600588798522949e+00
1.462600588798522949e+00
1.462600588798522949e+00
1.462600588798522949e+00
1.462600588798522949e+00
1.462600588798522949e+00
1.462600588798522949e+00
1.462600588798522949e+00
1.462600588798522949e+00
1.462600588798522949e+00
1.462600588798522949e+00
1.462600588798522949e+00
1.462600588798522949e+00
1.462600588798522949e+00
1.462600588798522949e+00
1.462600588798522949e+00
1.462600588798522949e+00
1.462600588798522949e+00
1.462600588798522949e+00
1.462600588798522949e+00
1.594629168510437012e+00
9.831118583679199219e-01
9.831118583679199219e-01
9.831118583679199219e-01
9.831118583679199219e-01
1.136420130729675293e+00
1.136420130729675293e+00
1.136420130729675293e+00
1.136420130729675293e+00
2.059067487716674805e+00
2.059067487716674805e+00
2.059067487716674805e+00
1.928498268127441406e+00
1.928498268127441406e+00
1.928498268127441406e+00
1.928498268127441406e+00
3.117799997329711914e+00
3.117799997329711914e+00
3.117799997329711914e+00
3.117799997329711914e+00
3.117799997329711914e+00
1.658211469650268555e+00
1.658211469650268555e+00
1.658211469650268555e+00
1.788541316986083984e+00
1.788541316986083984e+00
1.788541316986083984e+00
1.788541316986083984e+00
1.788541316986083984e+00
1.453670740127563477e+00
1.453670740127563477e+00
1.453670740127563477e+00
1.453670740127563477e+00
1.453670740127563477e+00
1.453670740127563477e+00
1.453670740127563477e+00
1.453670740127563477e+00
1.453670740127563477e+00
1.453670740127563477e+00
1.453670740127563477e+00
1.453670740127563477e+00
1.453670740127563477e+00
1.280358076095581055e+00
1.280358076095581055e+00
1.280358076095581055e+00
1.280358076095581055e+00
1.280358076095581055e+00
1.337852120399475098e+00
1.337852120399475098e+00
1.381179690361022949e+00
1.640761256217956543e+00
1.640761256217956543e+00
1.640761256217956543e+00
1.018889188766479492e+00
1.018889188766479492e+00
1.018889188766479492e+00
1.018889188766479492e+00
1.018889188766479492e+00
1.018889188766479492e+00
1.018889188766479492e+00
1.018889188766479492e+00
1.018889188766479492e+00
1.018889188766479492e+00
1.018889188766479492e+00
1.018889188766479492e+00
1.018889188766479492e+00
7.616521716117858887e-01
7.616521716117858887e-01
7.616521716117858887e-01
7.616521716117858887e-01
7.616521716117858887e-01
1.545426130294799805e+00
1.545426130294799805e+00
1.035556316375732422e+00
1.035556316375732422e+00
1.035556316375732422e+00
1.035556316375732422e+00
1.035556316375732422e+00
1.035556316375732422e+00
1.035556316375732422e+00
1.035556316375732422e+00
1.035556316375732422e+00
1.035556316375732422e+00
1.035556316375732422e+00
9.988402724266052246e-01
9.988402724266052246e-01
5.674990415573120117e-01
1.461190462112426758e+00
1.461190462112426758e+00
1.461190462112426758e+00
1.461190462112426758e+00
1.461190462112426758e+00
1.461190462112426758e+00
1.461190462112426758e+00
6.645485162734985352e-01
6.645485162734985352e-01
6.645485162734985352e-01
6.645485162734985352e-01
6.645485162734985352e-01
6.645485162734985352e-01
6.645485162734985352e-01
6.645485162734985352e-01
6.645485162734985352e-01
6.645485162734985352e-01
6.645485162734985352e-01
6.645485162734985352e-01
6.645485162734985352e-01
6.645485162734985352e-01
6.645485162734985352e-01
6.645485162734985352e-01
1.924648284912109375e+00
1.924648284912109375e+00
1.924648284912109375e+00
1.450399279594421387e+00
4.607063531875610352e-01
4.607063531875610352e-01
4.607063531875610352e-01
4.607063531875610352e-01
4.607063531875610352e-01
4.607063531875610352e-01
1.416871190071105957e+00
2.421028614044189453e+00
2.421028614044189453e+00
2.421028614044189453e+00
1.623469948768615723e+00
1.461742281913757324e+00
1.994573354721069336e+00
1.994573354721069336e+00
1.994573354721069336e+00
1.994573354721069336e+00
1.932711482048034668e+00
1.932711482048034668e+00
1.519173145294189453e+00
1.519173145294189453e+00
1.851086854934692383e+00
1.851086854934692383e+00
1.851086854934692383e+00
1.629802227020263672e+00
8.576133251190185547e-01
8.576133251190185547e-01
8.576133251190185547e-01
8.576133251190185547e-01
8.576133251190185547e-01
8.576133251190185547e-01
8.789629340171813965e-01
8.789629340171813965e-01
8.789629340171813965e-01
8.789629340171813965e-01
8.789629340171813965e-01
8.789629340171813965e-01
8.789629340171813965e-01
8.789629340171813965e-01
8.789629340171813965e-01
8.789629340171813965e-01
8.789629340171813965e-01
8.789629340171813965e-01
8.789629340171813965e-01
8.789629340171813965e-01
8.789629340171813965e-01
8.789629340171813965e-01
8.789629340171813965e-01
8.789629340171813965e-01
7.464474439620971680e-01
7.464474439620971680e-01
7.464474439620971680e-01
9.817566275596618652e-01
9.817566275596618652e-01
9.817566275596618652e-01
9.817566275596618652e-01
9.817566275596618652e-01
9.817566275596618652e-01
9.817566275596618652e-01
9.817566275596618652e-01
9.817566275596618652e-01
1.322351217269897461e+00
1.322351217269897461e+00
1.322351217269897461e+00
1.322351217269897461e+00
1.322351217269897461e+00
1.322351217269897461e+00
1.322351217269897461e+00
1.322351217269897461e+00
1.322351217269897461e+00
1.322351217269897461e+00
1.322351217269897461e+00
1.322351217269897461e+00
1.322351217269897461e+00
1.322351217269897461e+00
1.177294969558715820e+00
1.899307489395141602e+00
1.899307489395141602e+00
1.899307489395141602e+00
4.130932092666625977e-01
4.130932092666625977e-01
4.130932092666625977e-01
4.130932092666625977e-01
4.130932092666625977e-01
4.130932092666625977e-01
7.160980701446533203e-01
7.160980701446533203e-01
1.393880009651184082e+00
5.004010200500488281e-01
5.004010200500488281e-01
5.004010200500488281e-01
5.004010200500488281e-01
5.004010200500488281e-01
5.294528603553771973e-01
1.658949851989746094e+00
5.793529748916625977e-01
5.793529748916625977e-01
5.793529748916625977e-01
5.793529748916625977e-01
5.793529748916625977e-01
5.793529748916625977e-01
5.793529748916625977e-01
5.793529748916625977e-01
5.793529748916625977e-01
5.793529748916625977e-01
5.793529748916625977e-01
7.400488853454589844e-01
7.400488853454589844e-01
4.509376585483551025e-01
4.509376585483551025e-01
4.509376585483551025e-01
4.509376585483551025e-01
4.509376585483551025e-01
1.094375014305114746e+00
1.094375014305114746e+00
1.094375014305114746e+00
9.529919624328613281e-01
9.529919624328613281e-01
9.529919624328613281e-01
9.529919624328613281e-01
9.529919624328613281e-01
9.529919624328613281e-01
9.529919624328613281e-01
9.529919624328613281e-01
9.529919624328613281e-01
9.529919624328613281e-01
9.529919624328613281e-01
9.529919624328613281e-01
9.529919624328613281e-01
9.529919624328613281e-01
9.529919624328613281e-01
9.529919624328613281e-01
9.529919624328613281e-01
9.529919624328613281e-01
9.529919624328613281e-01
9.529919624328613281e-01
9.529919624328613281e-01
9.529919624328613281e-01
9.529919624328613281e-01
9.529919624328613281e-01
9.529919624328613281e-01
9.529919624328613281e-01
9.529919624328613281e-01
9.529919624328613281e-01
9.529919624328613281e-01
9.529919624328613281e-01
9.529919624328613281e-01
9.529919624328613281e-01
9.529919624328613281e-01
9.529919624328613281e-01
9.404955506324768066e-01
9.404955506324768066e-01
1.662796258926391602e+00
1.662796258926391602e+00
6.435573101043701172e-01
6.435573101043701172e-01
6.435573101043701172e-01
6.435573101043701172e-01
6.435573101043701172e-01
6.435573101043701172e-01
6.435573101043701172e-01
6.435573101043701172e-01
6.435573101043701172e-01
6.435573101043701172e-01
1.124371528625488281e+00
1.124371528625488281e+00
1.124371528625488281e+00
8.481345176696777344e-01
8.481345176696777344e-01
8.481345176696777344e-01
8.481345176696777344e-01
8.481345176696777344e-01
8.481345176696777344e-01
8.481345176696777344e-01
8.481345176696777344e-01
8.481345176696777344e-01
8.481345176696777344e-01
1.386276483535766602e+00
1.386276483535766602e+00
1.386276483535766602e+00
1.386276483535766602e+00
1.386276483535766602e+00
1.386276483535766602e+00
1.386276483535766602e+00
1.386276483535766602e+00
1.386276483535766602e+00
1.386276483535766602e+00
1.386276483535766602e+00
1.386276483535766602e+00
1.089702486991882324e+00
1.089702486991882324e+00
1.089702486991882324e+00
1.089702486991882324e+00
1.089702486991882324e+00
1.089702486991882324e+00
1.089702486991882324e+00
1.089702486991882324e+00
1.089702486991882324e+00
1.089702486991882324e+00
1.089702486991882324e+00
1.089702486991882324e+00
9.231733679771423340e-01
9.231733679771423340e-01
9.231733679771423340e-01
9.231733679771423340e-01
9.231733679771423340e-01
9.231733679771423340e-01
9.231733679771423340e-01
1.170266509056091309e+00
1.170266509056091309e+00
1.170266509056091309e+00
1.170266509056091309e+00
1.802537322044372559e+00
2.905837535858154297e+00
2.652296543121337891e+00
1.217495441436767578e+00
1.217495441436767578e+00
1.217495441436767578e+00
1.217495441436767578e+00
1.217495441436767578e+00
5.730459690093994141e-01
4.775088429450988770e-01
4.775088429450988770e-01
4.775088429450988770e-01
4.775088429450988770e-01
4.775088429450988770e-01
4.775088429450988770e-01
1.276521921157836914e+00
1.276521921157836914e+00
1.276521921157836914e+00
1.276521921157836914e+00
1.276521921157836914e+00
1.276521921157836914e+00
1.276521921157836914e+00
1.276521921157836914e+00
9.058285355567932129e-01
9.058285355567932129e-01
2.317416667938232422e+00
2.984333515167236328e+00
2.984333515167236328e+00
2.984333515167236328e+00
2.359696865081787109e+00
2.359696865081787109e+00
2.359696865081787109e+00
2.359696865081787109e+00
2.359696865081787109e+00
1.230315923690795898e+00
1.230315923690795898e+00
9.333778023719787598e-01
9.333778023719787598e-01
9.333778023719787598e-01
2.525873899459838867e+00
2.753412961959838867e+00
2.753412961959838867e+00
2.753412961959838867e+00
2.753412961959838867e+00
2.753412961959838867e+00
1.929424762725830078e+00
1.929424762725830078e+00
1.407482147216796875e+00
1.407482147216796875e+00
1.407482147216796875e+00
1.407482147216796875e+00
1.407482147216796875e+00
1.407482147216796875e+00
1.407482147216796875e+00
1.407482147216796875e+00
1.407482147216796875e+00
1.407482147216796875e+00
1.407482147216796875e+00
1.407482147216796875e+00
1.407482147216796875e+00
1.407482147216796875e+00
1.407482147216796875e+00
1.407482147216796875e+00
1.407482147216796875e+00
1.407482147216796875e+00
1.407482147216796875e+00
1.407482147216796875e+00
1.407482147216796875e+00
2.383581638336181641e+00
2.383581638336181641e+00
2.383581638336181641e+00
4.068504571914672852e-01
4.068504571914672852e-01
4.068504571914672852e-01
4.068504571914672852e-01
4.068504571914672852e-01
4.068504571914672852e-01
4.068504571914672852e-01
4.068504571914672852e-01
4.068504571914672852e-01
2.230957031250000000e+00
2.230957031250000000e+00
1.239891409873962402e+00
1.239891409873962402e+00
1.239891409873962402e+00
1.239891409873962402e+00
1.239891409873962402e+00
1.064270257949829102e+00
1.064270257949829102e+00
1.064270257949829102e+00
1.064270257949829102e+00
1.064270257949829102e+00
1.064270257949829102e+00
1.064270257949829102e+00
1.064270257949829102e+00
1.064270257949829102e+00
2.068161725997924805e+00
2.068161725997924805e+00
2.068161725997924805e+00
1.315227985382080078e+00
1.315227985382080078e+00
1.315227985382080078e+00
1.315227985382080078e+00
1.315227985382080078e+00
1.315227985382080078e+00
1.315227985382080078e+00
1.315227985382080078e+00
1.315227985382080078e+00
1.315227985382080078e+00
1.315227985382080078e+00
1.315227985382080078e+00
1.315227985382080078e+00
1.315227985382080078e+00
1.315227985382080078e+00
1.315227985382080078e+00
1.315227985382080078e+00
1.315227985382080078e+00
5.624727606773376465e-01
5.624727606773376465e-01
5.624727606773376465e-01
5.624727606773376465e-01
5.624727606773376465e-01
5.624727606773376465e-01
1.566492080688476562e+00
1.566492080688476562e+00
1.313521385192871094e+00
1.313521385192871094e+00
1.313521385192871094e+00
1.313521385192871094e+00
1.313521385192871094e+00
1.313521385192871094e+00
8.951221108436584473e-01
1.093996047973632812e+00
1.093996047973632812e+00
1.093996047973632812e+00
1.093996047973632812e+00
1.093996047973632812e+00
1.093996047973632812e+00
1.093996047973632812e+00
1.093996047973632812e+00
9.759439826011657715e-01
1.381217479705810547e+00
1.381217479705810547e+00
1.381217479705810547e+00
1.381217479705810547e+00
1.256611347198486328e+00
1.256611347198486328e+00
1.256611347198486328e+00
1.256611347198486328e+00
1.256611347198486328e+00
1.256611347198486328e+00
1.256611347198486328e+00
1.256611347198486328e+00
1.256611347198486328e+00
1.256611347198486328e+00
1.256611347198486328e+00
1.256611347198486328e+00
2.022058486938476562e+00
2.022058486938476562e+00
2.022058486938476562e+00
2.022058486938476562e+00
2.302787542343139648e+00
2.302787542343139648e+00
2.302787542343139648e+00
2.302787542343139648e+00
2.302787542343139648e+00
2.302787542343139648e+00
2.302787542343139648e+00
2.302787542343139648e+00
2.574737310409545898e+00
2.690138339996337891e+00
7.983303070068359375e-01
7.983303070068359375e-01
7.983303070068359375e-01
7.983303070068359375e-01
7.983303070068359375e-01
5.334935188293457031e-01
5.334935188293457031e-01
5.334935188293457031e-01
5.334935188293457031e-01
5.334935188293457031e-01
5.334935188293457031e-01
5.334935188293457031e-01
5.334935188293457031e-01
3.144445419311523438e+00
3.144445419311523438e+00
2.836469888687133789e+00
3.106423616409301758e+00
9.914441108703613281e-01
9.914441108703613281e-01
9.914441108703613281e-01
9.914441108703613281e-01
2.159482479095458984e+00
2.159482479095458984e+00
2.159482479095458984e+00
1.382119417190551758e+00
1.382119417190551758e+00
2.038921833038330078e+00
2.038921833038330078e+00
2.038921833038330078e+00
2.038921833038330078e+00
2.038921833038330078e+00
2.016692638397216797e+00
2.016692638397216797e+00
2.016692638397216797e+00
2.016692638397216797e+00
2.016692638397216797e+00
2.016692638397216797e+00
2.016692638397216797e+00
2.016692638397216797e+00
3.694758415222167969e-01
3.694758415222167969e-01
3.694758415222167969e-01
2.111113548278808594e+00
2.111113548278808594e+00
2.111113548278808594e+00
2.111113548278808594e+00
2.111113548278808594e+00
2.111113548278808594e+00
1.542906284332275391e+00
1.542906284332275391e+00
1.542906284332275391e+00
1.542906284332275391e+00
1.179311156272888184e+00
1.343401193618774414e+00
1.343401193618774414e+00
1.343401193618774414e+00
1.343401193618774414e+00
1.343828320503234863e+00
9.089749455451965332e-01
9.089749455451965332e-01
1.077113389968872070e+00
1.077113389968872070e+00
1.077113389968872070e+00
1.077113389968872070e+00
1.077113389968872070e+00
1.077113389968872070e+00
1.077113389968872070e+00
1.077113389968872070e+00
1.077113389968872070e+00
1.077113389968872070e+00
1.077113389968872070e+00
1.077113389968872070e+00
1.077113389968872070e+00
1.077113389968872070e+00
1.077113389968872070e+00
1.077113389968872070e+00
1.077113389968872070e+00
1.077113389968872070e+00
1.077113389968872070e+00
1.077113389968872070e+00
9.559638500213623047e-01
9.559638500213623047e-01
9.559638500213623047e-01
9.559638500213623047e-01
9.559638500213623047e-01
9.086806178092956543e-01
9.086806178092956543e-01
9.086806178092956543e-01
9.086806178092956543e-01
9.086806178092956543e-01
1.254925608634948730e+00
1.254925608634948730e+00
1.254925608634948730e+00
1.254925608634948730e+00
1.254925608634948730e+00
1.254925608634948730e+00
1.254925608634948730e+00
1.254925608634948730e+00
1.254925608634948730e+00
1.407655715942382812e+00
2.622414588928222656e+00
2.622414588928222656e+00
2.622414588928222656e+00
2.622414588928222656e+00
7.646826505661010742e-01
7.646826505661010742e-01
7.646826505661010742e-01
7.646826505661010742e-01
7.646826505661010742e-01
7.375383973121643066e-01
7.375383973121643066e-01
7.375383973121643066e-01
7.375383973121643066e-01
7.375383973121643066e-01
5.442966818809509277e-01
5.442966818809509277e-01
5.442966818809509277e-01
5.442966818809509277e-01
5.442966818809509277e-01
5.442966818809509277e-01
6.890206336975097656e-01
6.042190790176391602e-01
6.042190790176391602e-01
6.042190790176391602e-01
6.042190790176391602e-01
6.042190790176391602e-01
6.042190790176391602e-01
6.042190790176391602e-01
6.042190790176391602e-01
6.042190790176391602e-01
8.160238265991210938e-01
2.114344596862792969e+00
1.339066743850708008e+00
1.339066743850708008e+00
1.339066743850708008e+00
1.339066743850708008e+00
1.339066743850708008e+00
1.339066743850708008e+00
1.339066743850708008e+00
1.339066743850708008e+00
1.339066743850708008e+00
1.339066743850708008e+00
1.339066743850708008e+00
1.339066743850708008e+00
1.339066743850708008e+00
1.339066743850708008e+00
1.339066743850708008e+00
1.339066743850708008e+00
1.657180547714233398e+00
1.657180547714233398e+00
1.657180547714233398e+00
1.657180547714233398e+00
1.865318655967712402e+00
1.865318655967712402e+00
1.865318655967712402e+00
1.865318655967712402e+00
1.865318655967712402e+00
1.865318655967712402e+00
1.865318655967712402e+00
1.865318655967712402e+00
2.642912149429321289e+00
1.750722408294677734e+00
1.750722408294677734e+00
1.750722408294677734e+00
1.750722408294677734e+00
1.750722408294677734e+00
1.779595136642456055e+00
1.779595136642456055e+00
1.760714530944824219e+00
1.760714530944824219e+00
1.760714530944824219e+00
1.760714530944824219e+00
1.760714530944824219e+00
1.760714530944824219e+00
1.898216843605041504e+00
1.898216843605041504e+00
9.694294929504394531e-01
9.694294929504394531e-01
1.033851742744445801e+00
1.798718094825744629e+00
1.720458626747131348e+00
1.720458626747131348e+00
1.720458626747131348e+00
1.720458626747131348e+00
1.720458626747131348e+00
1.720458626747131348e+00
1.720458626747131348e+00
1.720458626747131348e+00
1.720458626747131348e+00
1.720458626747131348e+00
1.720458626747131348e+00
1.720458626747131348e+00
8.051567673683166504e-01
1.702000379562377930e+00
1.702000379562377930e+00
1.702000379562377930e+00
1.702000379562377930e+00
1.702000379562377930e+00
1.124909758567810059e+00
1.124909758567810059e+00
1.124909758567810059e+00
1.124909758567810059e+00
2.072576522827148438e+00
2.072576522827148438e+00
2.072576522827148438e+00
2.072576522827148438e+00
2.072576522827148438e+00
2.072576522827148438e+00
2.072576522827148438e+00
2.072576522827148438e+00
2.072576522827148438e+00
2.019018173217773438e+00
2.019018173217773438e+00
2.912960052490234375e+00
2.912960052490234375e+00
5.316276550292968750e-01
5.316276550292968750e-01
5.316276550292968750e-01
6.040012240409851074e-01
6.040012240409851074e-01
6.040012240409851074e-01
6.040012240409851074e-01
6.040012240409851074e-01
6.040012240409851074e-01
6.040012240409851074e-01
6.040012240409851074e-01
6.040012240409851074e-01
6.040012240409851074e-01
6.040012240409851074e-01
6.040012240409851074e-01
6.040012240409851074e-01
6.040012240409851074e-01
6.040012240409851074e-01
1.321761608123779297e+00
1.321761608123779297e+00
1.321761608123779297e+00
1.321761608123779297e+00
1.321761608123779297e+00
1.321761608123779297e+00
1.321761608123779297e+00
1.321761608123779297e+00
1.321761608123779297e+00
8.404344320297241211e-01
8.404344320297241211e-01
8.404344320297241211e-01
8.404344320297241211e-01
8.404344320297241211e-01
8.404344320297241211e-01
8.404344320297241211e-01
8.404344320297241211e-01
8.404344320297241211e-01
8.404344320297241211e-01
8.404344320297241211e-01
8.404344320297241211e-01
8.404344320297241211e-01
8.404344320297241211e-01
8.404344320297241211e-01
8.404344320297241211e-01
8.404344320297241211e-01
8.404344320297241211e-01
8.404344320297241211e-01
8.404344320297241211e-01
8.404344320297241211e-01
8.404344320297241211e-01
8.404344320297241211e-01
8.404344320297241211e-01
8.404344320297241211e-01
8.404344320297241211e-01
8.404344320297241211e-01
8.404344320297241211e-01
8.404344320297241211e-01
8.404344320297241211e-01
8.404344320297241211e-01
8.404344320297241211e-01
8.404344320297241211e-01
8.404344320297241211e-01
8.404344320297241211e-01
8.404344320297241211e-01
8.404344320297241211e-01
8.404344320297241211e-01
8.404344320297241211e-01
1.178682327270507812e+00
1.178682327270507812e+00
1.178682327270507812e+00
1.178682327270507812e+00
1.178682327270507812e+00
1.178682327270507812e+00
9.786304235458374023e-01
9.786304235458374023e-01
9.786304235458374023e-01
9.786304235458374023e-01
9.786304235458374023e-01
9.786304235458374023e-01
9.786304235458374023e-01
9.786304235458374023e-01
9.786304235458374023e-01
1.015742778778076172e+00
1.845012426376342773e+00
1.845012426376342773e+00
1.845012426376342773e+00
1.858968138694763184e+00
1.828733325004577637e+00
1.828733325004577637e+00
1.828733325004577637e+00
1.828733325004577637e+00
7.122884988784790039e-01
7.122884988784790039e-01
7.122884988784790039e-01
7.122884988784790039e-01
1.168824911117553711e+00
1.168824911117553711e+00
1.255290031433105469e+00
1.255290031433105469e+00
1.255290031433105469e+00
1.255290031433105469e+00
1.255290031433105469e+00
1.255290031433105469e+00
1.255290031433105469e+00
5.718677639961242676e-01
5.718677639961242676e-01
5.718677639961242676e-01
5.718677639961242676e-01
1.026652574539184570e+00
6.135263442993164062e-01
6.135263442993164062e-01
6.135263442993164062e-01
1.696215867996215820e+00
1.696215867996215820e+00
1.580666780471801758e+00
5.220456123352050781e-01
5.220456123352050781e-01
5.220456123352050781e-01
5.220456123352050781e-01
5.220456123352050781e-01
5.220456123352050781e-01
5.220456123352050781e-01
1.976178407669067383e+00
2.635821342468261719e+00
3.700449466705322266e-01
3.700449466705322266e-01
3.700449466705322266e-01
1.043519973754882812e+00
1.043519973754882812e+00
1.043519973754882812e+00
7.769353389739990234e-01
7.769353389739990234e-01
7.769353389739990234e-01
5.139845609664916992e-01
5.139845609664916992e-01
5.139845609664916992e-01
5.139845609664916992e-01
5.139845609664916992e-01
5.139845609664916992e-01
5.139845609664916992e-01
5.139845609664916992e-01
5.139845609664916992e-01
5.139845609664916992e-01
5.139845609664916992e-01
5.139845609664916992e-01
5.139845609664916992e-01
5.139845609664916992e-01
5.139845609664916992e-01
5.139845609664916992e-01
5.139845609664916992e-01
5.139845609664916992e-01
5.139845609664916992e-01
5.139845609664916992e-01
1.300666093826293945e+00
1.300666093826293945e+00
1.300666093826293945e+00
1.300666093826293945e+00
1.300666093826293945e+00
1.300666093826293945e+00
1.300666093826293945e+00
1.396553277969360352e+00
1.396553277969360352e+00
1.396553277969360352e+00
1.187930345535278320e+00
1.187930345535278320e+00
1.187930345535278320e+00
1.187930345535278320e+00
1.187930345535278320e+00
1.187930345535278320e+00
1.187930345535278320e+00
1.187930345535278320e+00
1.187930345535278320e+00
1.187930345535278320e+00
1.187930345535278320e+00
1.187930345535278320e+00
1.187930345535278320e+00
7.897047996520996094e-01
1.646303653717041016e+00
1.646303653717041016e+00
1.646303653717041016e+00
1.646303653717041016e+00
1.646303653717041016e+00
1.646303653717041016e+00
1.646303653717041016e+00
1.646303653717041016e+00
1.646303653717041016e+00
4.984492063522338867e-01
4.984492063522338867e-01
4.984492063522338867e-01
4.984492063522338867e-01
4.984492063522338867e-01
4.984492063522338867e-01
4.984492063522338867e-01
4.984492063522338867e-01
4.984492063522338867e-01
4.984492063522338867e-01
4.984492063522338867e-01
4.984492063522338867e-01
4.984492063522338867e-01
4.984492063522338867e-01
4.984492063522338867e-01
4.984492063522338867e-01
1.741682171821594238e+00
1.878358244895935059e+00
1.878358244895935059e+00
2.041984319686889648e+00
2.041984319686889648e+00
2.041984319686889648e+00
2.041984319686889648e+00
5.200437307357788086e-01
5.200437307357788086e-01
5.200437307357788086e-01
5.200437307357788086e-01
5.200437307357788086e-01
5.200437307357788086e-01
1.267270684242248535e+00
1.267270684242248535e+00
8.640187382698059082e-01
8.640187382698059082e-01
8.640187382698059082e-01
2.964218854904174805e+00
1.383885860443115234e+00
1.383885860443115234e+00
1.008873343467712402e+00
1.008873343467712402e+00
1.008873343467712402e+00
1.008873343467712402e+00
1.008873343467712402e+00
2.750352382659912109e+00
1.499462723731994629e+00
1.499462723731994629e+00
1.499462723731994629e+00
1.499462723731994629e+00
1.499462723731994629e+00
2.248745441436767578e+00
2.644124984741210938e+00
2.644124984741210938e+00
2.644124984741210938e+00
2.644124984741210938e+00
2.225188255310058594e+00
4.499096870422363281e-01
4.499096870422363281e-01
1.953713417053222656e+00
1.953713417053222656e+00
1.953713417053222656e+00
1.953713417053222656e+00
1.953713417053222656e+00
7.176225185394287109e-01
7.176225185394287109e-01
7.176225185394287109e-01
7.140105962753295898e-01
7.140105962753295898e-01
7.140105962753295898e-01
7.140105962753295898e-01
7.140105962753295898e-01
1.730072617530822754e+00
1.730072617530822754e+00
1.924693346023559570e+00
1.924693346023559570e+00
2.750746250152587891e+00
2.750746250152587891e+00
2.750746250152587891e+00
3.218928575515747070e+00
3.218928575515747070e+00
4.243497848510742188e-01
4.243497848510742188e-01
4.243497848510742188e-01
4.243497848510742188e-01
4.243497848510742188e-01
4.243497848510742188e-01
4.243497848510742188e-01
4.243497848510742188e-01
4.243497848510742188e-01
4.243497848510742188e-01
4.243497848510742188e-01
5.486004352569580078e-01
1.902940034866333008e+00
8.040928840637207031e-01
8.040928840637207031e-01
8.040928840637207031e-01
8.040928840637207031e-01
8.040928840637207031e-01
8.040928840637207031e-01
8.040928840637207031e-01
8.040928840637207031e-01
8.040928840637207031e-01
8.040928840637207031e-01
8.040928840637207031e-01
8.040928840637207031e-01
8.040928840637207031e-01
8.040928840637207031e-01
8.040928840637207031e-01
8.040928840637207031e-01
8.040928840637207031e-01
8.040928840637207031e-01
8.040928840637207031e-01
1.401191592216491699e+00
1.323431015014648438e+00
5.391039848327636719e-01
5.391039848327636719e-01
5.391039848327636719e-01
5.391039848327636719e-01
5.391039848327636719e-01
5.391039848327636719e-01
5.391039848327636719e-01
5.391039848327636719e-01
5.391039848327636719e-01
5.391039848327636719e-01
1.006402730941772461e+00
1.006402730941772461e+00
8.740307092666625977e-01
8.740307092666625977e-01
8.740307092666625977e-01
8.740307092666625977e-01
1.263851881027221680e+00
1.263851881027221680e+00
1.263851881027221680e+00
1.263851881027221680e+00
1.263851881027221680e+00
8.846958875656127930e-01
8.846958875656127930e-01
8.846958875656127930e-01
8.846958875656127930e-01
8.846958875656127930e-01
7.254197597503662109e-01
7.254197597503662109e-01
7.254197597503662109e-01
7.254197597503662109e-01
7.254197597503662109e-01
7.254197597503662109e-01
7.254197597503662109e-01
7.254197597503662109e-01
7.254197597503662109e-01
7.254197597503662109e-01
7.254197597503662109e-01
1.845172405242919922e+00
1.845172405242919922e+00
7.488048076629638672e-01
7.488048076629638672e-01
7.488048076629638672e-01
7.488048076629638672e-01
7.488048076629638672e-01
7.488048076629638672e-01
1.946253895759582520e+00
1.168307781219482422e+00
1.168307781219482422e+00
1.168307781219482422e+00
1.168307781219482422e+00
2.182996273040771484e+00
2.182996273040771484e+00
2.182996273040771484e+00
2.182996273040771484e+00
2.182996273040771484e+00
2.182996273040771484e+00
8.188146352767944336e-01
8.188146352767944336e-01
8.188146352767944336e-01
8.188146352767944336e-01
5.814931392669677734e-01
5.948001146316528320e-01
5.948001146316528320e-01
1.239115715026855469e+00
1.278254032135009766e+00
1.278254032135009766e+00
1.278254032135009766e+00
8.465583324432373047e-01
8.465583324432373047e-01
8.465583324432373047e-01
8.465583324432373047e-01
8.465583324432373047e-01
8.465583324432373047e-01
8.465583324432373047e-01
8.465583324432373047e-01
1.244014024734497070e+00
1.244014024734497070e+00
1.244014024734497070e+00
1.244014024734497070e+00
1.531422972679138184e+00
1.531422972679138184e+00
1.531422972679138184e+00
1.531422972679138184e+00
1.531422972679138184e+00
1.531422972679138184e+00
1.531422972679138184e+00
1.531422972679138184e+00
1.531422972679138184e+00
1.531422972679138184e+00
1.531422972679138184e+00
1.531422972679138184e+00
3.966345787048339844e+00
3.966345787048339844e+00
3.966345787048339844e+00
3.966345787048339844e+00
3.966345787048339844e+00
3.966345787048339844e+00
3.966345787048339844e+00
7.918331623077392578e-01
7.918331623077392578e-01
7.918331623077392578e-01
7.918331623077392578e-01
7.918331623077392578e-01
7.255027294158935547e-01
7.255027294158935547e-01
1.344567418098449707e+00
1.344567418098449707e+00
1.344567418098449707e+00
1.344567418098449707e+00
1.344567418098449707e+00
1.344567418098449707e+00
1.344567418098449707e+00
1.344567418098449707e+00
8.752965927124023438e-01
8.752965927124023438e-01
8.752965927124023438e-01
8.752965927124023438e-01
8.752965927124023438e-01
8.752965927124023438e-01
8.752965927124023438e-01
8.752965927124023438e-01
8.752965927124023438e-01
8.752965927124023438e-01
1.567242383956909180e+00
1.567242383956909180e+00
1.567242383956909180e+00
1.567242383956909180e+00
8.366404175758361816e-01
8.366404175758361816e-01
8.366404175758361816e-01
8.366404175758361816e-01
1.379570364952087402e+00
1.379570364952087402e+00
1.379570364952087402e+00
1.379570364952087402e+00
1.395934343338012695e+00
1.395934343338012695e+00
1.395934343338012695e+00
1.395934343338012695e+00
1.395934343338012695e+00
1.395934343338012695e+00
1.395934343338012695e+00
1.395934343338012695e+00
1.246903538703918457e+00
1.246903538703918457e+00
1.246903538703918457e+00
1.246903538703918457e+00
2.681958436965942383e+00
1.820070981979370117e+00
1.820070981979370117e+00
1.414078474044799805e+00
7.034133672714233398e-01
7.034133672714233398e-01
6.230601668357849121e-01
6.230601668357849121e-01
6.230601668357849121e-01
6.230601668357849121e-01
6.230601668357849121e-01
6.525473594665527344e-01
1.646256446838378906e+00
4.193462133407592773e-01
4.193462133407592773e-01
4.193462133407592773e-01
4.193462133407592773e-01
1.772369146347045898e+00
1.772369146347045898e+00
1.772369146347045898e+00
1.772369146347045898e+00
1.772369146347045898e+00
1.772369146347045898e+00
1.731599211692810059e+00
2.475404739379882812e+00
2.475404739379882812e+00
2.137161254882812500e+00
2.137161254882812500e+00
2.137161254882812500e+00
2.137161254882812500e+00
2.137161254882812500e+00
2.137161254882812500e+00
2.137161254882812500e+00
2.137161254882812500e+00
9.379516839981079102e-01
9.379516839981079102e-01
2.161952972412109375e+00
2.161952972412109375e+00
2.923548221588134766e-01
2.923548221588134766e-01
1.965245842933654785e+00
1.965245842933654785e+00
1.965245842933654785e+00
1.965245842933654785e+00
1.965245842933654785e+00
1.965245842933654785e+00
1.965245842933654785e+00
1.965245842933654785e+00
1.965245842933654785e+00
1.965245842933654785e+00
1.965245842933654785e+00
1.965245842933654785e+00
6.221861839294433594e-01
6.221861839294433594e-01
6.221861839294433594e-01
6.221861839294433594e-01
6.221861839294433594e-01
6.221861839294433594e-01
6.221861839294433594e-01
6.221861839294433594e-01
6.221861839294433594e-01
6.221861839294433594e-01
6.221861839294433594e-01
1.062678813934326172e+00
2.369189500808715820e+00
1.407709598541259766e+00
1.407709598541259766e+00
1.407709598541259766e+00
1.407709598541259766e+00
1.407709598541259766e+00
1.407709598541259766e+00
1.407709598541259766e+00
1.108711004257202148e+00
1.108711004257202148e+00
2.172523975372314453e+00
2.172523975372314453e+00
4.401259422302246094e+00
4.394347190856933594e+00
4.394347190856933594e+00
3.668074846267700195e+00
3.668074846267700195e+00
2.647133827209472656e+00
2.647133827209472656e+00
2.091216087341308594e+00
2.091216087341308594e+00
2.091216087341308594e+00
2.091216087341308594e+00
2.091216087341308594e+00
2.091216087341308594e+00
2.178570747375488281e+00
2.178570747375488281e+00
2.178570747375488281e+00
2.178570747375488281e+00
2.178570747375488281e+00
2.178570747375488281e+00
2.178570747375488281e+00
2.178570747375488281e+00
2.178570747375488281e+00
2.178570747375488281e+00
2.178570747375488281e+00
2.178570747375488281e+00
2.178570747375488281e+00
2.178570747375488281e+00
2.178570747375488281e+00
2.178570747375488281e+00
1.592537164688110352e+00
1.592537164688110352e+00
1.421980977058410645e+00
1.558481812477111816e+00
1.558481812477111816e+00
1.558481812477111816e+00
1.558481812477111816e+00
1.558481812477111816e+00
1.558481812477111816e+00
1.193372011184692383e+00
7.232854366302490234e-01
7.232854366302490234e-01
7.232854366302490234e-01
7.232854366302490234e-01
7.232854366302490234e-01
7.232854366302490234e-01
7.232854366302490234e-01
7.232854366302490234e-01
7.232854366302490234e-01
7.232854366302490234e-01
7.232854366302490234e-01
7.232854366302490234e-01
6.420424580574035645e-01
6.420424580574035645e-01
6.420424580574035645e-01
8.994293212890625000e-01
8.994293212890625000e-01
8.994293212890625000e-01
8.994293212890625000e-01
8.994293212890625000e-01
8.994293212890625000e-01
1.637993693351745605e+00
1.637993693351745605e+00
1.637993693351745605e+00
1.637993693351745605e+00
1.637993693351745605e+00
1.643028140068054199e+00
1.643028140068054199e+00
1.643028140068054199e+00
1.643028140068054199e+00
1.643028140068054199e+00
1.643028140068054199e+00
1.643028140068054199e+00
1.643028140068054199e+00
1.643028140068054199e+00
1.643028140068054199e+00
1.643028140068054199e+00
1.100890398025512695e+00
1.100890398025512695e+00
1.100890398025512695e+00
1.100890398025512695e+00
1.020339727401733398e+00
1.581586718559265137e+00
1.581586718559265137e+00
1.581586718559265137e+00
1.581586718559265137e+00
1.923968315124511719e+00
1.923968315124511719e+00
1.742710590362548828e+00
1.742710590362548828e+00
1.296635985374450684e+00
1.296635985374450684e+00
1.088608503341674805e+00
1.088608503341674805e+00
1.088608503341674805e+00
1.088608503341674805e+00
1.088608503341674805e+00
1.083856701850891113e+00
1.083856701850891113e+00
1.083856701850891113e+00
1.083856701850891113e+00
1.083856701850891113e+00
1.083856701850891113e+00
1.004014253616333008e+00
1.004014253616333008e+00
1.004014253616333008e+00
1.004014253616333008e+00
1.004014253616333008e+00
1.004014253616333008e+00
1.004014253616333008e+00
1.004014253616333008e+00
1.004014253616333008e+00
1.004014253616333008e+00
1.004014253616333008e+00
1.004014253616333008e+00
1.004014253616333008e+00
1.004014253616333008e+00
1.004014253616333008e+00
1.062855362892150879e+00
1.062855362892150879e+00
1.062855362892150879e+00
1.062855362892150879e+00
1.706184267997741699e+00
1.706184267997741699e+00
1.706184267997741699e+00
1.706184267997741699e+00
1.615389943122863770e+00
1.209135174751281738e+00
1.209135174751281738e+00
1.209135174751281738e+00
1.209135174751281738e+00
1.209135174751281738e+00
1.321923255920410156e+00
1.321923255920410156e+00
1.321923255920410156e+00
1.321923255920410156e+00
1.321923255920410156e+00
1.343001842498779297e+00
1.343001842498779297e+00
1.343001842498779297e+00
1.343001842498779297e+00
1.343001842498779297e+00
1.749546170234680176e+00
1.749546170234680176e+00
1.749546170234680176e+00
1.749546170234680176e+00
1.749546170234680176e+00
1.749546170234680176e+00
1.749546170234680176e+00
1.749546170234680176e+00
1.749546170234680176e+00
1.749546170234680176e+00
1.469430923461914062e+00
1.724642395973205566e+00
1.724642395973205566e+00
2.263471603393554688e+00
2.263471603393554688e+00
2.263471603393554688e+00
2.263471603393554688e+00
2.263471603393554688e+00
1.160558819770812988e+00
1.160558819770812988e+00
1.160558819770812988e+00
1.160558819770812988e+00
1.160558819770812988e+00
1.160558819770812988e+00
1.160558819770812988e+00
1.160558819770812988e+00
1.160558819770812988e+00
1.160558819770812988e+00
1.160558819770812988e+00
1.160558819770812988e+00
7.132863402366638184e-01
7.132863402366638184e-01
7.132863402366638184e-01
7.132863402366638184e-01
7.132863402366638184e-01
7.132863402366638184e-01
7.132863402366638184e-01
7.132863402366638184e-01
1.137807369232177734e+00
1.137807369232177734e+00
9.788175821304321289e-01
5.214590430259704590e-01
5.214590430259704590e-01
5.214590430259704590e-01
5.214590430259704590e-01
5.214590430259704590e-01
5.214590430259704590e-01
5.214590430259704590e-01
5.214590430259704590e-01
1.301054358482360840e+00
1.301054358482360840e+00
8.005576133728027344e-01
8.005576133728027344e-01
8.005576133728027344e-01
8.005576133728027344e-01
8.005576133728027344e-01
8.005576133728027344e-01
8.005576133728027344e-01
8.005576133728027344e-01
1.320847153663635254e+00
1.751931667327880859e+00
1.751931667327880859e+00
1.751931667327880859e+00
1.751931667327880859e+00
1.751931667327880859e+00
6.953870058059692383e-01
6.953870058059692383e-01
6.953870058059692383e-01
6.953870058059692383e-01
6.953870058059692383e-01
1.655691385269165039e+00
5.248463153839111328e-01
5.248463153839111328e-01
5.248463153839111328e-01
5.248463153839111328e-01
5.248463153839111328e-01
5.248463153839111328e-01
5.248463153839111328e-01
7.489014863967895508e-01
7.489014863967895508e-01
7.489014863967895508e-01
5.019148588180541992e-01
1.179404377937316895e+00
1.179404377937316895e+00
1.179404377937316895e+00
1.179404377937316895e+00
1.179404377937316895e+00
1.521058320999145508e+00
1.521058320999145508e+00
1.105549931526184082e+00
1.281699657440185547e+00
1.281699657440185547e+00
1.281699657440185547e+00
1.281699657440185547e+00
1.281699657440185547e+00
1.281699657440185547e+00
1.281699657440185547e+00
1.281699657440185547e+00
1.281699657440185547e+00
1.281699657440185547e+00
1.281699657440185547e+00
1.281699657440185547e+00
1.281699657440185547e+00
1.281699657440185547e+00
1.281699657440185547e+00
1.281699657440185547e+00
1.281699657440185547e+00
1.281699657440185547e+00
9.154773950576782227e-01
1.127970695495605469e+00
1.127970695495605469e+00
1.127970695495605469e+00
1.127970695495605469e+00
1.127970695495605469e+00
1.127970695495605469e+00
1.127970695495605469e+00
1.127970695495605469e+00
1.127970695495605469e+00
1.127970695495605469e+00
1.127970695495605469e+00
1.127970695495605469e+00
1.295674800872802734e+00
7.405701875686645508e-01
7.405701875686645508e-01
7.405701875686645508e-01
7.405701875686645508e-01
7.405701875686645508e-01
7.405701875686645508e-01
7.405701875686645508e-01
7.405701875686645508e-01
7.405701875686645508e-01
7.405701875686645508e-01
7.405701875686645508e-01
7.405701875686645508e-01
1.388482689857482910e+00
1.388482689857482910e+00
1.388482689857482910e+00
1.388482689857482910e+00
1.388482689857482910e+00
2.799046039581298828e+00
3.307102203369140625e+00
1.242831230163574219e+00
9.391108751296997070e-01
9.391108751296997070e-01
1.684405088424682617e+00
1.039113759994506836e+00
1.039113759994506836e+00
1.039113759994506836e+00
1.039113759994506836e+00
