5.691074728965759277e-01
5.691074728965759277e-01
5.691074728965759277e-01
5.691074728965759277e-01
5.691074728965759277e-01
5.691074728965759277e-01
5.691074728965759277e-01
5.691074728965759277e-01
6.391061544418334961e-01
1.002784490585327148e+00
1.002784490585327148e+00
1.075418114662170410e+00
1.185327768325805664e+00
1.185327768325805664e+00
3.679480552673339844e-01
3.679480552673339844e-01
3.679480552673339844e-01
6.449373960494995117e-01
6.449373960494995117e-01
9.216083288192749023e-01
9.216083288192749023e-01
9.216083288192749023e-01
6.878391504287719727e-01
6.878391504287719727e-01
6.878391504287719727e-01
6.878391504287719727e-01
6.878391504287719727e-01
6.878391504287719727e-01
5.428582429885864258e-01
5.428582429885864258e-01
5.428582429885864258e-01
9.209966659545898438e-01
9.624109268188476562e-01
9.624109268188476562e-01
9.624109268188476562e-01
9.624109268188476562e-01
5.378637313842773438e-01
6.835760474205017090e-01
6.835760474205017090e-01
4.388147890567779541e-01
4.101492166519165039e-01
4.238157272338867188e-01
4.238157272338867188e-01
4.238157272338867188e-01
4.238157272338867188e-01
8.828401565551757812e-01
9.038599133491516113e-01
9.038599133491516113e-01
9.038599133491516113e-01
9.038599133491516113e-01
9.038599133491516113e-01
9.038599133491516113e-01
9.038599133491516113e-01
9.038599133491516113e-01
9.038599133491516113e-01
9.038599133491516113e-01
9.744505286216735840e-01
9.744505286216735840e-01
9.744505286216735840e-01
9.744505286216735840e-01
9.744505286216735840e-01
9.081904292106628418e-01
9.081904292106628418e-01
8.156676888465881348e-01
8.156676888465881348e-01
9.570586681365966797e-01
1.346093893051147461e+00
8.373938798904418945e-01
8.373938798904418945e-01
8.373938798904418945e-01
8.373938798904418945e-01
8.405616283416748047e-01
9.574082493782043457e-01
9.574082493782043457e-01
9.574082493782043457e-01
1.085666537284851074e+00
1.085666537284851074e+00
1.085666537284851074e+00
1.085666537284851074e+00
4.763453006744384766e-01
4.763453006744384766e-01
4.763453006744384766e-01
4.763453006744384766e-01
4.763453006744384766e-01
6.530877351760864258e-01
4.046045541763305664e-01
9.695441722869873047e-01
3.404255509376525879e-01
3.404255509376525879e-01
3.404255509376525879e-01
1.680938005447387695e+00
1.680938005447387695e+00
1.162973880767822266e+00
1.162973880767822266e+00
1.162973880767822266e+00
1.162973880767822266e+00
1.162973880767822266e+00
1.162973880767822266e+00
1.033264517784118652e+00
1.033264517784118652e+00
1.033264517784118652e+00
1.004996657371520996e+00
9.996578693389892578e-01
9.996578693389892578e-01
9.996578693389892578e-01
9.996578693389892578e-01
9.996578693389892578e-01
9.996578693389892578e-01
9.996578693389892578e-01
5.392490625381469727e-01
5.392490625381469727e-01
5.392490625381469727e-01
5.392490625381469727e-01
5.392490625381469727e-01
5.392490625381469727e-01
5.392490625381469727e-01
5.392490625381469727e-01
5.392490625381469727e-01
5.392490625381469727e-01
5.392490625381469727e-01
6.081616878509521484e-01
6.081616878509521484e-01
6.081616878509521484e-01
6.081616878509521484e-01
7.056694626808166504e-01
7.056694626808166504e-01
7.056694626808166504e-01
9.729529619216918945e-01
7.173169851303100586e-01
7.173169851303100586e-01
7.173169851303100586e-01
7.173169851303100586e-01
5.171518325805664062e-01
5.373475551605224609e-01
5.373475551605224609e-01
7.148110866546630859e-01
7.148110866546630859e-01
7.148110866546630859e-01
7.148110866546630859e-01
7.148110866546630859e-01
1.141686081886291504e+00
1.141686081886291504e+00
1.141686081886291504e+00
1.141686081886291504e+00
8.591014146804809570e-01
8.591014146804809570e-01
8.405440449714660645e-01
8.405440449714660645e-01
8.405440449714660645e-01
8.405440449714660645e-01
3.798384368419647217e-01
3.798384368419647217e-01
3.798384368419647217e-01
3.798384368419647217e-01
4.603196680545806885e-01
1.004762411117553711e+00
1.040049433708190918e+00
1.040049433708190918e+00
1.130135059356689453e+00
3.835303187370300293e-01
7.122777700424194336e-01
7.122777700424194336e-01
7.122777700424194336e-01
7.763358354568481445e-01
7.763358354568481445e-01
7.763358354568481445e-01
7.763358354568481445e-01
7.763358354568481445e-01
7.763358354568481445e-01
7.763358354568481445e-01
9.373745322227478027e-01
9.373745322227478027e-01
5.360848307609558105e-01
5.360848307609558105e-01
5.360848307609558105e-01
5.360848307609558105e-01
5.360848307609558105e-01
4.903903305530548096e-01
5.221073627471923828e-01
5.221073627471923828e-01
5.221073627471923828e-01
5.221073627471923828e-01
5.221073627471923828e-01
7.436575293540954590e-01
7.436575293540954590e-01
4.277843832969665527e-01
6.836030483245849609e-01
7.613770961761474609e-01
5.526552200317382812e-01
5.526552200317382812e-01
5.709002017974853516e-01
5.441870689392089844e-01
5.441870689392089844e-01
5.441870689392089844e-01
5.441870689392089844e-01
5.441870689392089844e-01
7.096672654151916504e-01
7.096672654151916504e-01
7.096672654151916504e-01
5.631861090660095215e-01
5.631861090660095215e-01
5.631861090660095215e-01
7.342209219932556152e-01
7.342209219932556152e-01
7.342209219932556152e-01
7.342209219932556152e-01
7.342209219932556152e-01
7.342209219932556152e-01
7.342209219932556152e-01
7.342209219932556152e-01
7.342209219932556152e-01
7.342209219932556152e-01
4.922072887420654297e-01
6.082575321197509766e-01
6.082575321197509766e-01
6.082575321197509766e-01
6.082575321197509766e-01
6.082575321197509766e-01
6.151218414306640625e-01
6.151218414306640625e-01
6.151218414306640625e-01
6.151218414306640625e-01
6.151218414306640625e-01
6.151218414306640625e-01
6.151218414306640625e-01
7.319219708442687988e-01
7.319219708442687988e-01
7.319219708442687988e-01
9.006564617156982422e-01
9.006564617156982422e-01
8.858923912048339844e-01
9.577506184577941895e-01
9.577506184577941895e-01
9.577506184577941895e-01
9.577506184577941895e-01
9.577506184577941895e-01
9.577506184577941895e-01
7.706542611122131348e-01
7.706542611122131348e-01
7.706542611122131348e-01
7.706542611122131348e-01
7.706542611122131348e-01
7.706542611122131348e-01
7.706542611122131348e-01
7.727941274642944336e-01
7.727941274642944336e-01
7.727941274642944336e-01
7.727941274642944336e-01
5.997916460037231445e-01
5.997916460037231445e-01
4.295723438262939453e-01
9.649903178215026855e-01
9.649903178215026855e-01
9.649903178215026855e-01
6.581504344940185547e-01
6.581504344940185547e-01
6.581504344940185547e-01
6.581504344940185547e-01
6.581504344940185547e-01
6.581504344940185547e-01
6.581504344940185547e-01
7.805818319320678711e-01
7.805818319320678711e-01
7.805818319320678711e-01
7.805818319320678711e-01
5.821558237075805664e-01
5.821558237075805664e-01
5.821558237075805664e-01
5.821558237075805664e-01
5.821558237075805664e-01
5.821558237075805664e-01
5.821558237075805664e-01
5.587607622146606445e-01
5.587607622146606445e-01
5.587607622146606445e-01
5.587607622146606445e-01
5.587607622146606445e-01
5.587607622146606445e-01
5.587607622146606445e-01
5.587607622146606445e-01
1.046103239059448242e+00
1.046103239059448242e+00
1.046103239059448242e+00
8.959820270538330078e-01
8.959820270538330078e-01
8.959820270538330078e-01
7.063526511192321777e-01
7.063526511192321777e-01
8.672494292259216309e-01
8.886348009109497070e-01
8.886348009109497070e-01
8.886348009109497070e-01
8.886348009109497070e-01
7.074159979820251465e-01
7.074159979820251465e-01
4.889892935752868652e-01
4.889892935752868652e-01
4.889892935752868652e-01
4.889892935752868652e-01
7.234437465667724609e-01
7.234437465667724609e-01
7.234437465667724609e-01
7.234437465667724609e-01
7.234437465667724609e-01
7.234437465667724609e-01
7.234437465667724609e-01
7.234437465667724609e-01
7.234437465667724609e-01
7.234437465667724609e-01
7.234437465667724609e-01
7.234437465667724609e-01
7.234437465667724609e-01
7.234437465667724609e-01
7.234437465667724609e-01
7.234437465667724609e-01
7.234437465667724609e-01
7.234437465667724609e-01
7.234437465667724609e-01
7.234437465667724609e-01
7.234437465667724609e-01
7.371812462806701660e-01
7.371812462806701660e-01
1.653585433959960938e+00
1.116193175315856934e+00
8.681272864341735840e-01
8.681272864341735840e-01
6.177560091018676758e-01
6.177560091018676758e-01
6.177560091018676758e-01
6.177560091018676758e-01
6.177560091018676758e-01
6.177560091018676758e-01
6.177560091018676758e-01
6.177560091018676758e-01
6.177560091018676758e-01
6.177560091018676758e-01
6.177560091018676758e-01
6.177560091018676758e-01
1.055503129959106445e+00
1.477367997169494629e+00
9.421160817146301270e-01
9.421160817146301270e-01
9.421160817146301270e-01
9.421160817146301270e-01
5.589491724967956543e-01
5.589491724967956543e-01
5.589491724967956543e-01
5.589491724967956543e-01
5.589491724967956543e-01
5.589491724967956543e-01
5.589491724967956543e-01
6.197943091392517090e-01
6.197943091392517090e-01
6.197943091392517090e-01
6.197943091392517090e-01
6.197943091392517090e-01
6.197943091392517090e-01
6.197943091392517090e-01
6.197943091392517090e-01
6.197943091392517090e-01
6.197943091392517090e-01
6.197943091392517090e-01
6.197943091392517090e-01
6.197943091392517090e-01
6.197943091392517090e-01
6.197943091392517090e-01
3.544843196868896484e-01
3.544843196868896484e-01
3.544843196868896484e-01
3.544843196868896484e-01
1.524361014366149902e+00
1.235487461090087891e+00
1.625784158706665039e+00
9.925320148468017578e-01
9.925320148468017578e-01
7.561211585998535156e-01
7.561211585998535156e-01
7.561211585998535156e-01
7.561211585998535156e-01
6.795729994773864746e-01
6.795729994773864746e-01
6.795729994773864746e-01
6.795729994773864746e-01
1.019347190856933594e+00
1.080651879310607910e+00
3.835043311119079590e-01
3.835043311119079590e-01
1.020838975906372070e+00
6.828811168670654297e-01
6.828811168670654297e-01
7.630251049995422363e-01
7.630251049995422363e-01
7.630251049995422363e-01
7.630251049995422363e-01
7.630251049995422363e-01
5.050013065338134766e-01
5.050013065338134766e-01
5.050013065338134766e-01
5.050013065338134766e-01
5.050013065338134766e-01
5.050013065338134766e-01
5.050013065338134766e-01
6.122850179672241211e-01
6.122850179672241211e-01
6.122850179672241211e-01
5.411927103996276855e-01
4.751081764698028564e-01
3.879568278789520264e-01
3.879568278789520264e-01
3.879568278789520264e-01
3.879568278789520264e-01
5.319253206253051758e-01
5.319253206253051758e-01
5.319253206253051758e-01
5.319253206253051758e-01
1.287987470626831055e+00
1.287987470626831055e+00
1.287987470626831055e+00
1.180288434028625488e+00
1.180288434028625488e+00
1.180288434028625488e+00
1.180288434028625488e+00
9.595586061477661133e-01
9.595586061477661133e-01
3.716620206832885742e-01
3.716620206832885742e-01
6.100579500198364258e-01
6.100579500198364258e-01
6.100579500198364258e-01
6.100579500198364258e-01
6.100579500198364258e-01
6.100579500198364258e-01
6.100579500198364258e-01
6.100579500198364258e-01
6.100579500198364258e-01
8.296203613281250000e-01
5.142141580581665039e-01
5.142141580581665039e-01
5.142141580581665039e-01
5.142141580581665039e-01
6.849408149719238281e-01
6.199513077735900879e-01
4.321619868278503418e-01
4.321619868278503418e-01
3.245854675769805908e-01
2.918150722980499268e-01
2.918150722980499268e-01
1.499663591384887695e+00
1.499663591384887695e+00
1.397029161453247070e+00
1.833832263946533203e+00
1.833832263946533203e+00
1.833832263946533203e+00
1.537718653678894043e+00
1.801027894020080566e+00
1.801027894020080566e+00
1.801027894020080566e+00
1.801027894020080566e+00
1.801027894020080566e+00
1.758960723876953125e+00
1.155016541481018066e+00
1.191531538963317871e+00
1.191531538963317871e+00
8.910061120986938477e-01
8.910061120986938477e-01
8.910061120986938477e-01
8.910061120986938477e-01
8.910061120986938477e-01
8.910061120986938477e-01
8.910061120986938477e-01
8.910061120986938477e-01
8.910061120986938477e-01
8.910061120986938477e-01
8.910061120986938477e-01
8.379548788070678711e-01
8.379548788070678711e-01
6.085651516914367676e-01
1.074385523796081543e+00
1.088541269302368164e+00
5.868674516677856445e-01
5.868674516677856445e-01
5.868674516677856445e-01
5.868674516677856445e-01
5.868674516677856445e-01
5.868674516677856445e-01
5.868674516677856445e-01
9.120393991470336914e-01
9.120393991470336914e-01
5.565906763076782227e-01
5.565906763076782227e-01
5.565906763076782227e-01
5.565906763076782227e-01
5.565906763076782227e-01
5.565906763076782227e-01
8.779969215393066406e-01
8.779969215393066406e-01
8.779969215393066406e-01
8.779969215393066406e-01
8.779969215393066406e-01
8.779969215393066406e-01
8.779969215393066406e-01
8.779969215393066406e-01
8.779969215393066406e-01
6.500164866447448730e-01
6.500164866447448730e-01
6.500164866447448730e-01
6.606985330581665039e-01
6.606985330581665039e-01
6.606985330581665039e-01
6.606985330581665039e-01
6.606985330581665039e-01
4.105813801288604736e-01
4.105813801288604736e-01
4.105813801288604736e-01
4.105813801288604736e-01
4.105813801288604736e-01
4.105813801288604736e-01
4.105813801288604736e-01
4.105813801288604736e-01
8.329707980155944824e-01
8.329707980155944824e-01
8.329707980155944824e-01
5.882347822189331055e-01
7.440880537033081055e-01
8.513836264610290527e-01
1.009337663650512695e+00
1.009337663650512695e+00
1.009337663650512695e+00
1.009337663650512695e+00
1.009337663650512695e+00
1.009337663650512695e+00
1.009337663650512695e+00
9.615145325660705566e-01
4.540711045265197754e-01
5.639409422874450684e-01
5.639409422874450684e-01
5.639409422874450684e-01
5.639409422874450684e-01
5.639409422874450684e-01
5.639409422874450684e-01
5.639409422874450684e-01
5.639409422874450684e-01
5.639409422874450684e-01
5.639409422874450684e-01
5.639409422874450684e-01
5.639409422874450684e-01
5.639409422874450684e-01
5.028496980667114258e-01
5.028496980667114258e-01
5.028496980667114258e-01
5.028496980667114258e-01
4.100632667541503906e-01
1.309979915618896484e+00
1.309979915618896484e+00
1.309979915618896484e+00
1.309979915618896484e+00
1.309979915618896484e+00
1.309979915618896484e+00
1.309979915618896484e+00
1.309979915618896484e+00
1.309979915618896484e+00
1.402316927909851074e+00
1.402316927909851074e+00
1.402316927909851074e+00
1.256793022155761719e+00
9.953083992004394531e-01
6.436611413955688477e-01
6.436611413955688477e-01
7.922201752662658691e-01
7.922201752662658691e-01
7.922201752662658691e-01
4.574871957302093506e-01
7.749734520912170410e-01
7.749734520912170410e-01
6.465732455253601074e-01
6.465732455253601074e-01
6.465732455253601074e-01
6.465732455253601074e-01
4.132686555385589600e-01
4.132686555385589600e-01
4.132686555385589600e-01
4.132686555385589600e-01
4.132686555385589600e-01
4.132686555385589600e-01
5.630783438682556152e-01
5.630783438682556152e-01
5.630783438682556152e-01
5.630783438682556152e-01
8.423460721969604492e-01
8.423460721969604492e-01
8.622621297836303711e-01
8.622621297836303711e-01
8.622621297836303711e-01
8.622621297836303711e-01
6.517552733421325684e-01
6.517552733421325684e-01
4.917458891868591309e-01
4.917458891868591309e-01
4.207220971584320068e-01
5.428180098533630371e-01
5.428180098533630371e-01
6.602770090103149414e-01
6.602770090103149414e-01
4.918337464332580566e-01
5.994218587875366211e-01
5.994218587875366211e-01
6.055921912193298340e-01
6.055921912193298340e-01
6.055921912193298340e-01
6.055921912193298340e-01
6.055921912193298340e-01
6.055921912193298340e-01
6.055921912193298340e-01
6.055921912193298340e-01
8.398489952087402344e-01
8.398489952087402344e-01
8.398489952087402344e-01
8.398489952087402344e-01
8.398489952087402344e-01
8.398489952087402344e-01
5.222653150558471680e-01
5.222653150558471680e-01
5.222653150558471680e-01
8.531072139739990234e-01
8.531072139739990234e-01
8.531072139739990234e-01
8.531072139739990234e-01
1.149179697036743164e+00
1.234428405761718750e+00
8.055708408355712891e-01
8.055708408355712891e-01
7.217028737068176270e-01
7.217028737068176270e-01
7.217028737068176270e-01
7.217028737068176270e-01
7.217028737068176270e-01
7.217028737068176270e-01
7.217028737068176270e-01
7.122980356216430664e-01
8.616527318954467773e-01
8.616527318954467773e-01
2.473820686340332031e+00
2.473820686340332031e+00
2.189467191696166992e+00
7.210472822189331055e-01
7.210472822189331055e-01
7.210472822189331055e-01
7.210472822189331055e-01
7.210472822189331055e-01
9.505771398544311523e-01
9.505771398544311523e-01
7.879980802536010742e-01
7.879980802536010742e-01
7.879980802536010742e-01
7.879980802536010742e-01
7.879980802536010742e-01
7.879980802536010742e-01
7.879980802536010742e-01
6.677572131156921387e-01
6.677572131156921387e-01
6.677572131156921387e-01
9.304003715515136719e-01
9.296451807022094727e-01
9.296451807022094727e-01
9.296451807022094727e-01
9.296451807022094727e-01
9.296451807022094727e-01
1.459676742553710938e+00
1.459676742553710938e+00
1.697371006011962891e+00
1.697371006011962891e+00
1.308372259140014648e+00
1.308372259140014648e+00
1.308372259140014648e+00
1.308372259140014648e+00
1.308372259140014648e+00
7.427238821983337402e-01
7.272220253944396973e-01
7.812481522560119629e-01
7.812481522560119629e-01
7.812481522560119629e-01
7.812481522560119629e-01
7.812481522560119629e-01
5.933784246444702148e-01
5.933784246444702148e-01
5.933784246444702148e-01
6.690652370452880859e-01
6.690652370452880859e-01
8.461437821388244629e-01
6.967141032218933105e-01
6.967141032218933105e-01
6.967141032218933105e-01
6.967141032218933105e-01
7.142499685287475586e-01
5.790266394615173340e-01
5.790266394615173340e-01
5.790266394615173340e-01
5.334147810935974121e-01
5.334147810935974121e-01
5.334147810935974121e-01
5.334147810935974121e-01
5.334147810935974121e-01
5.334147810935974121e-01
6.707718372344970703e-01
8.271426558494567871e-01
8.271426558494567871e-01
7.971197366714477539e-01
5.151134729385375977e-01
5.151134729385375977e-01
3.217247724533081055e-01
2.354217052459716797e+00
2.354217052459716797e+00
2.354217052459716797e+00
1.682018518447875977e+00
1.682018518447875977e+00
1.682018518447875977e+00
1.755801916122436523e+00
1.755801916122436523e+00
2.931803464889526367e-01
3.242820799350738525e-01
3.242820799350738525e-01
3.242820799350738525e-01
3.242820799350738525e-01
7.068707942962646484e-01
7.730991840362548828e-01
7.730991840362548828e-01
7.248303890228271484e-01
4.163509905338287354e-01
4.163509905338287354e-01
9.101963639259338379e-01
9.101963639259338379e-01
9.101963639259338379e-01
9.101963639259338379e-01
1.346073389053344727e+00
1.191664695739746094e+00
1.191664695739746094e+00
1.367687106132507324e+00
1.367687106132507324e+00
7.231947183609008789e-01
7.231947183609008789e-01
7.231947183609008789e-01
7.231947183609008789e-01
7.231947183609008789e-01
7.231947183609008789e-01
7.231947183609008789e-01
8.432424068450927734e-01
8.432424068450927734e-01
8.432424068450927734e-01
6.447686553001403809e-01
6.447686553001403809e-01
6.447686553001403809e-01
7.523242235183715820e-01
6.205061078071594238e-01
6.205061078071594238e-01
6.205061078071594238e-01
6.205061078071594238e-01
6.205061078071594238e-01
6.205061078071594238e-01
6.188321709632873535e-01
9.030581712722778320e-01
9.030581712722778320e-01
9.030581712722778320e-01
9.030581712722778320e-01
8.743027448654174805e-01
8.743027448654174805e-01
8.743027448654174805e-01
8.743027448654174805e-01
8.743027448654174805e-01
1.177096843719482422e+00
1.177096843719482422e+00
1.177096843719482422e+00
1.177096843719482422e+00
1.177096843719482422e+00
1.177096843719482422e+00
1.177096843719482422e+00
1.177096843719482422e+00
1.177096843719482422e+00
1.623288273811340332e+00
1.623288273811340332e+00
1.182797551155090332e+00
1.182797551155090332e+00
4.890531897544860840e-01
1.253666400909423828e+00
5.069428086280822754e-01
5.069428086280822754e-01
5.418286323547363281e-01
5.418286323547363281e-01
5.418286323547363281e-01
5.418286323547363281e-01
5.418286323547363281e-01
6.667861938476562500e-01
4.926493167877197266e-01
4.926493167877197266e-01
8.680489063262939453e-01
8.680489063262939453e-01
8.680489063262939453e-01
8.680489063262939453e-01
4.530978202819824219e-01
7.059717178344726562e-01
7.059717178344726562e-01
7.059717178344726562e-01
7.059717178344726562e-01
5.178072452545166016e-01
5.178072452545166016e-01
5.178072452545166016e-01
5.178072452545166016e-01
5.178072452545166016e-01
5.178072452545166016e-01
9.584033489227294922e-01
9.584033489227294922e-01
8.663694262504577637e-01
8.663694262504577637e-01
8.663694262504577637e-01
6.426821947097778320e-01
6.426821947097778320e-01
7.992832660675048828e-01
7.992832660675048828e-01
7.992832660675048828e-01
7.992832660675048828e-01
7.992832660675048828e-01
6.742527484893798828e-01
6.742527484893798828e-01
6.742527484893798828e-01
6.742527484893798828e-01
6.742527484893798828e-01
5.678786635398864746e-01
5.678786635398864746e-01
5.678786635398864746e-01
5.678786635398864746e-01
5.678786635398864746e-01
5.678786635398864746e-01
5.678786635398864746e-01
5.678786635398864746e-01
5.678786635398864746e-01
4.355660080909729004e-01
4.355660080909729004e-01
4.355660080909729004e-01
9.501820802688598633e-01
9.698694348335266113e-01
9.698694348335266113e-01
9.641718864440917969e-01
9.641718864440917969e-01
9.641718864440917969e-01
9.641718864440917969e-01
4.769142270088195801e-01
4.769142270088195801e-01
4.769142270088195801e-01
4.769142270088195801e-01
4.769142270088195801e-01
4.769142270088195801e-01
5.859197974205017090e-01
5.859197974205017090e-01
5.859197974205017090e-01
5.859197974205017090e-01
5.859197974205017090e-01
5.859197974205017090e-01
5.859197974205017090e-01
5.859197974205017090e-01
6.737532019615173340e-01
1.105179190635681152e+00
5.028495192527770996e-01
5.028495192527770996e-01
5.028495192527770996e-01
7.324037551879882812e-01
7.324037551879882812e-01
7.324037551879882812e-01
6.252017021179199219e-01
6.252017021179199219e-01
7.576848864555358887e-01
7.576848864555358887e-01
7.576848864555358887e-01
7.576848864555358887e-01
7.576848864555358887e-01
7.576848864555358887e-01
7.576848864555358887e-01
5.133064389228820801e-01
5.133064389228820801e-01
5.133064389228820801e-01
5.133064389228820801e-01
5.133064389228820801e-01
5.133064389228820801e-01
9.911882877349853516e-01
1.425162434577941895e+00
1.425162434577941895e+00
1.425162434577941895e+00
6.964132189750671387e-01
6.964132189750671387e-01
6.964132189750671387e-01
6.964132189750671387e-01
6.964132189750671387e-01
7.328773140907287598e-01
8.215879797935485840e-01
8.215879797935485840e-01
1.246979355812072754e+00
1.246979355812072754e+00
3.610109090805053711e-01
7.395282387733459473e-01
6.466764211654663086e-01
6.466764211654663086e-01
6.466764211654663086e-01
6.466764211654663086e-01
6.466764211654663086e-01
6.466764211654663086e-01
6.466764211654663086e-01
6.466764211654663086e-01
5.405864119529724121e-01
5.405864119529724121e-01
5.405864119529724121e-01
5.405864119529724121e-01
5.405864119529724121e-01
8.622918128967285156e-01
8.622918128967285156e-01
8.622918128967285156e-01
4.155073463916778564e-01
4.155073463916778564e-01
4.155073463916778564e-01
4.155073463916778564e-01
4.155073463916778564e-01
4.155073463916778564e-01
4.155073463916778564e-01
4.155073463916778564e-01
4.155073463916778564e-01
4.155073463916778564e-01
4.379193782806396484e-01
4.379193782806396484e-01
4.379193782806396484e-01
4.379193782806396484e-01
9.948235750198364258e-01
9.948235750198364258e-01
9.948235750198364258e-01
9.948235750198364258e-01
9.948235750198364258e-01
9.948235750198364258e-01
5.336079001426696777e-01
5.336079001426696777e-01
5.336079001426696777e-01
5.336079001426696777e-01
5.336079001426696777e-01
5.336079001426696777e-01
5.336079001426696777e-01
5.336079001426696777e-01
6.879725456237792969e-01
6.879725456237792969e-01
6.879725456237792969e-01
6.126250028610229492e-01
6.126250028610229492e-01
7.318192124366760254e-01
7.318192124366760254e-01
7.318192124366760254e-01
7.318192124366760254e-01
7.318192124366760254e-01
7.318192124366760254e-01
7.318192124366760254e-01
7.318192124366760254e-01
7.318192124366760254e-01
7.318192124366760254e-01
7.318192124366760254e-01
4.556799829006195068e-01
4.556799829006195068e-01
4.556799829006195068e-01
7.133364081382751465e-01
7.133364081382751465e-01
7.133364081382751465e-01
7.133364081382751465e-01
7.133364081382751465e-01
7.133364081382751465e-01
5.759369134902954102e-01
5.759369134902954102e-01
5.069513916969299316e-01
5.069513916969299316e-01
5.069513916969299316e-01
5.069513916969299316e-01
5.069513916969299316e-01
5.069513916969299316e-01
5.069513916969299316e-01
5.069513916969299316e-01
1.200871944427490234e+00
5.290815830230712891e-01
5.290815830230712891e-01
5.290815830230712891e-01
5.290815830230712891e-01
5.290815830230712891e-01
5.290815830230712891e-01
5.064493417739868164e-01
5.064493417739868164e-01
5.804695487022399902e-01
5.804695487022399902e-01
5.804695487022399902e-01
5.804695487022399902e-01
5.804695487022399902e-01
5.804695487022399902e-01
1.041402101516723633e+00
1.041402101516723633e+00
6.726369857788085938e-01
6.726369857788085938e-01
6.726369857788085938e-01
6.726369857788085938e-01
7.979255914688110352e-01
7.979255914688110352e-01
7.979255914688110352e-01
7.979255914688110352e-01
3.377971351146697998e-01
3.377971351146697998e-01
3.377971351146697998e-01
3.377971351146697998e-01
3.377971351146697998e-01
1.122355937957763672e+00
1.122355937957763672e+00
7.450690269470214844e-01
4.818384647369384766e-01
4.818384647369384766e-01
8.998106718063354492e-01
8.998106718063354492e-01
8.293383121490478516e-01
8.293383121490478516e-01
8.293383121490478516e-01
8.293383121490478516e-01
7.187629342079162598e-01
8.064572811126708984e-01
8.064572811126708984e-01
8.064572811126708984e-01
8.064572811126708984e-01
5.998600721359252930e-01
5.998600721359252930e-01
5.998600721359252930e-01
6.471774578094482422e-01
6.471774578094482422e-01
1.022119283676147461e+00
8.206031322479248047e-01
8.206031322479248047e-01
8.206031322479248047e-01
8.805282711982727051e-01
8.805282711982727051e-01
8.805282711982727051e-01
1.259647488594055176e+00
1.626715898513793945e+00
1.626715898513793945e+00
2.201178550720214844e+00
2.201178550720214844e+00
2.201178550720214844e+00
1.750688314437866211e+00
1.750688314437866211e+00
1.750688314437866211e+00
1.790913581848144531e+00
1.790913581848144531e+00
1.954987764358520508e+00
1.954987764358520508e+00
2.040869951248168945e+00
1.937514781951904297e+00
1.064867734909057617e+00
1.064867734909057617e+00
1.064867734909057617e+00
1.064867734909057617e+00
1.064867734909057617e+00
1.064867734909057617e+00
1.064867734909057617e+00
1.064867734909057617e+00
1.064867734909057617e+00
1.064867734909057617e+00
7.948585152626037598e-01
7.948585152626037598e-01
7.948585152626037598e-01
7.948585152626037598e-01
7.948585152626037598e-01
4.842757582664489746e-01
8.357300162315368652e-01
6.295690536499023438e-01
6.295690536499023438e-01
3.783169090747833252e-01
3.783169090747833252e-01
4.512445330619812012e-01
4.512445330619812012e-01
4.512445330619812012e-01
4.512445330619812012e-01
4.512445330619812012e-01
4.512445330619812012e-01
1.036454796791076660e+00
7.986696362495422363e-01
7.986696362495422363e-01
1.187777876853942871e+00
7.331713438034057617e-01
7.331713438034057617e-01
6.537771821022033691e-01
6.537771821022033691e-01
6.537771821022033691e-01
6.537771821022033691e-01
6.537771821022033691e-01
6.537771821022033691e-01
6.537771821022033691e-01
6.537771821022033691e-01
6.537771821022033691e-01
6.537771821022033691e-01
6.537771821022033691e-01
6.537771821022033691e-01
6.537771821022033691e-01
6.537771821022033691e-01
6.537771821022033691e-01
6.537771821022033691e-01
6.467044949531555176e-01
6.467044949531555176e-01
6.467044949531555176e-01
6.467044949531555176e-01
5.135744810104370117e-01
7.894051671028137207e-01
7.894051671028137207e-01
7.894051671028137207e-01
7.894051671028137207e-01
3.717228472232818604e-01
3.717228472232818604e-01
7.089208364486694336e-01
4.630436897277832031e-01
1.146029233932495117e+00
8.930622339248657227e-01
8.930622339248657227e-01
8.930622339248657227e-01
8.930622339248657227e-01
7.548257112503051758e-01
7.548257112503051758e-01
7.548257112503051758e-01
7.548257112503051758e-01
6.333308815956115723e-01
4.995358586311340332e-01
5.778002738952636719e-01
5.778002738952636719e-01
5.778002738952636719e-01
5.778002738952636719e-01
5.778002738952636719e-01
5.778002738952636719e-01
4.314271211624145508e-01
4.314271211624145508e-01
4.314271211624145508e-01
9.423106908798217773e-01
9.423106908798217773e-01
9.423106908798217773e-01
9.423106908798217773e-01
9.423106908798217773e-01
1.252235889434814453e+00
1.252235889434814453e+00
3.701627254486083984e-01
3.701627254486083984e-01
1.029057741165161133e+00
1.029057741165161133e+00
6.125483512878417969e-01
7.756353616714477539e-01
7.756353616714477539e-01
6.480001211166381836e-01
6.480001211166381836e-01
6.480001211166381836e-01
6.480001211166381836e-01
6.480001211166381836e-01
6.480001211166381836e-01
6.480001211166381836e-01
6.480001211166381836e-01
6.480001211166381836e-01
9.167777299880981445e-01
9.167777299880981445e-01
5.637332201004028320e-01
5.703226327896118164e-01
5.703226327896118164e-01
5.703226327896118164e-01
5.703226327896118164e-01
5.703226327896118164e-01
5.703226327896118164e-01
5.703226327896118164e-01
5.703226327896118164e-01
5.703226327896118164e-01
5.703226327896118164e-01
5.703226327896118164e-01
5.703226327896118164e-01
5.703226327896118164e-01
4.935073852539062500e-01
4.935073852539062500e-01
7.651274204254150391e-01
7.651274204254150391e-01
7.242276072502136230e-01
7.242276072502136230e-01
7.242276072502136230e-01
7.968538999557495117e-01
7.968538999557495117e-01
5.904826521873474121e-01
5.904826521873474121e-01
5.904826521873474121e-01
3.001850843429565430e-01
9.290513992309570312e-01
9.290513992309570312e-01
4.709526300430297852e-01
4.709526300430297852e-01
4.709526300430297852e-01
6.177780628204345703e-01
6.177780628204345703e-01
7.027249336242675781e-01
7.027249336242675781e-01
7.027249336242675781e-01
7.027249336242675781e-01
7.027249336242675781e-01
7.027249336242675781e-01
7.027249336242675781e-01
7.027249336242675781e-01
7.027249336242675781e-01
1.648907661437988281e+00
8.097550868988037109e-01
8.097550868988037109e-01
8.097550868988037109e-01
8.097550868988037109e-01
8.097550868988037109e-01
8.097550868988037109e-01
6.545830368995666504e-01
6.545830368995666504e-01
5.267774462699890137e-01
5.267774462699890137e-01
6.202974319458007812e-01
5.495586991310119629e-01
7.587506771087646484e-01
4.829855561256408691e-01
4.829855561256408691e-01
4.829855561256408691e-01
4.829855561256408691e-01
4.829855561256408691e-01
4.919521808624267578e-01
4.919521808624267578e-01
4.919521808624267578e-01
4.919521808624267578e-01
4.919521808624267578e-01
4.919521808624267578e-01
4.919521808624267578e-01
4.919521808624267578e-01
4.919521808624267578e-01
4.919521808624267578e-01
4.919521808624267578e-01
4.919521808624267578e-01
4.919521808624267578e-01
4.919521808624267578e-01
6.550388336181640625e-01
6.550388336181640625e-01
6.550388336181640625e-01
5.078454017639160156e-01
5.078454017639160156e-01
5.078454017639160156e-01
8.397981524467468262e-01
8.397981524467468262e-01
8.397981524467468262e-01
8.397981524467468262e-01
8.397981524467468262e-01
8.397981524467468262e-01
8.397981524467468262e-01
8.397981524467468262e-01
8.397981524467468262e-01
8.397981524467468262e-01
3.955621421337127686e-01
3.955621421337127686e-01
3.955621421337127686e-01
3.955621421337127686e-01
3.955621421337127686e-01
8.464601039886474609e-01
8.464601039886474609e-01
6.593763828277587891e-01
6.593763828277587891e-01
6.593763828277587891e-01
6.593763828277587891e-01
6.593763828277587891e-01
6.593763828277587891e-01
6.593763828277587891e-01
6.593763828277587891e-01
6.593763828277587891e-01
4.839792549610137939e-01
4.839792549610137939e-01
4.839792549610137939e-01
6.710791587829589844e-01
6.710791587829589844e-01
6.710791587829589844e-01
6.710791587829589844e-01
5.805306434631347656e-01
5.805306434631347656e-01
5.805306434631347656e-01
4.828361868858337402e-01
4.828361868858337402e-01
7.057684659957885742e-01
7.057684659957885742e-01
7.057684659957885742e-01
4.454871416091918945e-01
4.454871416091918945e-01
4.454871416091918945e-01
9.907462000846862793e-01
9.907462000846862793e-01
9.907462000846862793e-01
4.357397556304931641e-01
4.357397556304931641e-01
4.357397556304931641e-01
4.357397556304931641e-01
4.357397556304931641e-01
3.504814207553863525e-01
3.504814207553863525e-01
3.504814207553863525e-01
3.504814207553863525e-01
9.667180776596069336e-01
6.638663411140441895e-01
6.638663411140441895e-01
6.638663411140441895e-01
5.284800529479980469e-01
8.798110485076904297e-01
1.045904278755187988e+00
1.045904278755187988e+00
1.045904278755187988e+00
1.045904278755187988e+00
1.045904278755187988e+00
1.045904278755187988e+00
1.045904278755187988e+00
7.147327661514282227e-01
7.147327661514282227e-01
7.147327661514282227e-01
7.147327661514282227e-01
7.147327661514282227e-01
6.231975555419921875e-01
6.231975555419921875e-01
6.231975555419921875e-01
6.231975555419921875e-01
6.231975555419921875e-01
6.231975555419921875e-01
6.231975555419921875e-01
6.231975555419921875e-01
6.231975555419921875e-01
6.231975555419921875e-01
5.717996954917907715e-01
5.717996954917907715e-01
5.717996954917907715e-01
5.717996954917907715e-01
5.717996954917907715e-01
5.717996954917907715e-01
5.717996954917907715e-01
6.480630040168762207e-01
4.154582619667053223e-01
6.057241559028625488e-01
6.057241559028625488e-01
6.057241559028625488e-01
6.057241559028625488e-01
6.057241559028625488e-01
6.057241559028625488e-01
6.057241559028625488e-01
6.057241559028625488e-01
6.057241559028625488e-01
4.068199992179870605e-01
3.773332238197326660e-01
3.773332238197326660e-01
1.506899595260620117e+00
7.328887581825256348e-01
7.935211658477783203e-01
7.935211658477783203e-01
7.935211658477783203e-01
7.935211658477783203e-01
7.935211658477783203e-01
7.935211658477783203e-01
5.136176347732543945e-01
5.136176347732543945e-01
5.136176347732543945e-01
3.992061018943786621e-01
3.992061018943786621e-01
6.113706827163696289e-01
6.113706827163696289e-01
6.113706827163696289e-01
6.113706827163696289e-01
4.185816049575805664e-01
7.013593912124633789e-01
7.013593912124633789e-01
7.013593912124633789e-01
7.013593912124633789e-01
7.013593912124633789e-01
7.013593912124633789e-01
6.097118258476257324e-01
6.097118258476257324e-01
6.097118258476257324e-01
6.097118258476257324e-01
6.799399852752685547e-01
6.799399852752685547e-01
6.799399852752685547e-01
6.799399852752685547e-01
6.799399852752685547e-01
6.799399852752685547e-01
6.799399852752685547e-01
5.188465714454650879e-01
5.188465714454650879e-01
5.188465714454650879e-01
5.188465714454650879e-01
5.188465714454650879e-01
5.188465714454650879e-01
5.188465714454650879e-01
5.414994955062866211e-01
5.414994955062866211e-01
5.414994955062866211e-01
5.414994955062866211e-01
5.414994955062866211e-01
5.414994955062866211e-01
5.414994955062866211e-01
5.414994955062866211e-01
5.414994955062866211e-01
5.414994955062866211e-01
5.414994955062866211e-01
5.414994955062866211e-01
5.414994955062866211e-01
5.414994955062866211e-01
7.191171050071716309e-01
1.020382404327392578e+00
3.393880128860473633e-01
1.343303322792053223e+00
7.332010865211486816e-01
7.332010865211486816e-01
7.332010865211486816e-01
7.332010865211486816e-01
7.332010865211486816e-01
7.332010865211486816e-01
7.332010865211486816e-01
7.332010865211486816e-01
7.332010865211486816e-01
7.332010865211486816e-01
7.332010865211486816e-01
7.332010865211486816e-01
7.332010865211486816e-01
7.332010865211486816e-01
1.097145080566406250e+00
1.097145080566406250e+00
1.042941093444824219e+00
1.042941093444824219e+00
1.042941093444824219e+00
4.038003087043762207e-01
4.038003087043762207e-01
4.355051815509796143e-01
4.355051815509796143e-01
4.355051815509796143e-01
4.355051815509796143e-01
4.355051815509796143e-01
4.355051815509796143e-01
4.355051815509796143e-01
4.355051815509796143e-01
4.355051815509796143e-01
4.355051815509796143e-01
4.355051815509796143e-01
4.355051815509796143e-01
4.355051815509796143e-01
4.355051815509796143e-01
6.371687650680541992e-01
6.371687650680541992e-01
6.371687650680541992e-01
6.371687650680541992e-01
7.736692428588867188e-01
7.736692428588867188e-01
7.736692428588867188e-01
7.736692428588867188e-01
8.045310974121093750e-01
8.801386952400207520e-01
9.796110987663269043e-01
9.796110987663269043e-01
5.090906620025634766e-01
5.090906620025634766e-01
5.090906620025634766e-01
5.090906620025634766e-01
5.090906620025634766e-01
8.117332458496093750e-01
9.016287922859191895e-01
9.016287922859191895e-01
9.016287922859191895e-01
9.016287922859191895e-01
3.824791312217712402e-01
3.824791312217712402e-01
3.824791312217712402e-01
3.824791312217712402e-01
3.824791312217712402e-01
6.503113508224487305e-01
8.606100082397460938e-01
4.439077079296112061e-01
4.439077079296112061e-01
4.439077079296112061e-01
5.689921379089355469e-01
5.689921379089355469e-01
5.689921379089355469e-01
5.689921379089355469e-01
5.305334329605102539e-01
5.305334329605102539e-01
5.305334329605102539e-01
5.305334329605102539e-01
5.305334329605102539e-01
5.305334329605102539e-01
5.305334329605102539e-01
5.305334329605102539e-01
5.305334329605102539e-01
5.305334329605102539e-01
7.667825222015380859e-01
7.667825222015380859e-01
7.667825222015380859e-01
1.790494799613952637e+00
1.877139568328857422e+00
2.874568939208984375e+00
2.874568939208984375e+00
1.604442238807678223e+00
4.178028106689453125e-01
5.089409947395324707e-01
5.089409947395324707e-01
4.608957171440124512e-01
4.608957171440124512e-01
5.448308587074279785e-01
5.804484486579895020e-01
5.804484486579895020e-01
5.804484486579895020e-01
8.422105312347412109e-01
8.422105312347412109e-01
6.536342501640319824e-01
6.536342501640319824e-01
6.536342501640319824e-01
6.536342501640319824e-01
6.536342501640319824e-01
6.536342501640319824e-01
3.438047766685485840e-01
3.438047766685485840e-01
3.663384318351745605e-01
3.663384318351745605e-01
3.663384318351745605e-01
3.663384318351745605e-01
1.052628993988037109e+00
1.052628993988037109e+00
1.052628993988037109e+00
1.052628993988037109e+00
1.052628993988037109e+00
1.052628993988037109e+00
1.052628993988037109e+00
1.052628993988037109e+00
1.052628993988037109e+00
1.052628993988037109e+00
1.052628993988037109e+00
1.052628993988037109e+00
1.052628993988037109e+00
1.643268585205078125e+00
1.636407732963562012e+00
2.193934202194213867e+00
2.193934202194213867e+00
1.605816006660461426e+00
1.014153480529785156e+00
1.881358027458190918e+00
1.881358027458190918e+00
1.881358027458190918e+00
1.372957706451416016e+00
1.372957706451416016e+00
1.709903001785278320e+00
1.770870447158813477e+00
1.770870447158813477e+00
1.770870447158813477e+00
1.023136138916015625e+00
1.023136138916015625e+00
8.477635383605957031e-01
8.477635383605957031e-01
8.477635383605957031e-01
8.477635383605957031e-01
7.355428338050842285e-01
7.861879467964172363e-01
7.861879467964172363e-01
7.861879467964172363e-01
7.861879467964172363e-01
7.863197922706604004e-01
6.521058082580566406e-01
6.521058082580566406e-01
6.521058082580566406e-01
1.326758861541748047e+00
1.326758861541748047e+00
3.311356306076049805e-01
3.311356306076049805e-01
5.960825681686401367e-01
5.960825681686401367e-01
5.960825681686401367e-01
5.960825681686401367e-01
5.960825681686401367e-01
5.960825681686401367e-01
5.960825681686401367e-01
5.960825681686401367e-01
4.819471836090087891e-01
4.819471836090087891e-01
4.819471836090087891e-01
4.819471836090087891e-01
4.819471836090087891e-01
4.819471836090087891e-01
1.057443737983703613e+00
1.108161807060241699e+00
5.834537744522094727e-01
4.995952248573303223e-01
4.995952248573303223e-01
4.995952248573303223e-01
4.995952248573303223e-01
4.995952248573303223e-01
6.064609289169311523e-01
6.064609289169311523e-01
6.064609289169311523e-01
6.064609289169311523e-01
6.064609289169311523e-01
6.064609289169311523e-01
6.064609289169311523e-01
6.064609289169311523e-01
6.064609289169311523e-01
6.064609289169311523e-01
6.064609289169311523e-01
6.064609289169311523e-01
6.064609289169311523e-01
6.064609289169311523e-01
6.064609289169311523e-01
6.064609289169311523e-01
6.064609289169311523e-01
5.055994391441345215e-01
5.055994391441345215e-01
5.055994391441345215e-01
5.055994391441345215e-01
4.972215890884399414e-01
4.972215890884399414e-01
4.972215890884399414e-01
4.972215890884399414e-01
4.972215890884399414e-01
4.375790953636169434e-01
4.375790953636169434e-01
4.375790953636169434e-01
4.375790953636169434e-01
4.375790953636169434e-01
4.010115563869476318e-01
4.010115563869476318e-01
4.010115563869476318e-01
4.010115563869476318e-01
4.010115563869476318e-01
8.860512971878051758e-01
8.860512971878051758e-01
8.860512971878051758e-01
8.860512971878051758e-01
8.860512971878051758e-01
3.869021534919738770e-01
8.924176692962646484e-01
7.839848399162292480e-01
8.716545701026916504e-01
8.716545701026916504e-01
8.716545701026916504e-01
8.716545701026916504e-01
8.716545701026916504e-01
8.283690214157104492e-01
1.209229469299316406e+00
1.209229469299316406e+00
1.209229469299316406e+00
1.209229469299316406e+00
1.209229469299316406e+00
7.924243211746215820e-01
7.924243211746215820e-01
7.924243211746215820e-01
7.924243211746215820e-01
7.924243211746215820e-01
8.566644787788391113e-01
8.566644787788391113e-01
8.566644787788391113e-01
8.566644787788391113e-01
8.566644787788391113e-01
8.566644787788391113e-01
8.566644787788391113e-01
8.566644787788391113e-01
8.566644787788391113e-01
8.566644787788391113e-01
4.355906546115875244e-01
7.080440521240234375e-01
7.080440521240234375e-01
7.080440521240234375e-01
7.169553637504577637e-01
7.169553637504577637e-01
7.111279964447021484e-01
7.111279964447021484e-01
7.111279964447021484e-01
7.111279964447021484e-01
7.111279964447021484e-01
7.111279964447021484e-01
7.111279964447021484e-01
7.111279964447021484e-01
4.244652390480041504e-01
4.244652390480041504e-01
4.443486630916595459e-01
6.804184913635253906e-01
6.562643647193908691e-01
6.562643647193908691e-01
6.562643647193908691e-01
6.562643647193908691e-01
6.562643647193908691e-01
6.562643647193908691e-01
6.562643647193908691e-01
1.026607275009155273e+00
1.026607275009155273e+00
1.026607275009155273e+00
1.026607275009155273e+00
1.026607275009155273e+00
7.441067099571228027e-01
1.020910263061523438e+00
1.020910263061523438e+00
1.020910263061523438e+00
1.020910263061523438e+00
1.020910263061523438e+00
8.427958488464355469e-01
8.427958488464355469e-01
1.135719895362854004e+00
1.252347469329833984e+00
4.903084039688110352e-01
4.416351318359375000e-01
4.416351318359375000e-01
9.090354442596435547e-01
9.090354442596435547e-01
9.090354442596435547e-01
9.090354442596435547e-01
9.090354442596435547e-01
8.925050497055053711e-01
3.165059089660644531e-01
5.924139022827148438e-01
5.924139022827148438e-01
5.924139022827148438e-01
5.924139022827148438e-01
5.924139022827148438e-01
5.924139022827148438e-01
5.924139022827148438e-01
5.924139022827148438e-01
4.661182761192321777e-01
4.661182761192321777e-01
4.661182761192321777e-01
4.661182761192321777e-01
4.661182761192321777e-01
4.661182761192321777e-01
4.661182761192321777e-01
7.329961061477661133e-01
7.329961061477661133e-01
7.329961061477661133e-01
7.329961061477661133e-01
9.545270800590515137e-01
5.560973286628723145e-01
5.560973286628723145e-01
5.560973286628723145e-01
5.560973286628723145e-01
5.560973286628723145e-01
5.560973286628723145e-01
5.560973286628723145e-01
5.667282342910766602e-01
5.667282342910766602e-01
5.667282342910766602e-01
5.667282342910766602e-01
5.667282342910766602e-01
8.329101800918579102e-01
6.954395771026611328e-01
6.954395771026611328e-01
6.954395771026611328e-01
6.954395771026611328e-01
8.499445915222167969e-01
3.714816868305206299e-01
3.714816868305206299e-01
3.714816868305206299e-01
3.714816868305206299e-01
3.714816868305206299e-01
3.714816868305206299e-01
8.022540807723999023e-01
8.022540807723999023e-01
8.022540807723999023e-01
8.022540807723999023e-01
8.022540807723999023e-01
8.022540807723999023e-01
8.022540807723999023e-01
8.022540807723999023e-01
4.645491540431976318e-01
4.645491540431976318e-01
4.645491540431976318e-01
4.645491540431976318e-01
4.645491540431976318e-01
7.281942963600158691e-01
7.281942963600158691e-01
7.281942963600158691e-01
7.281942963600158691e-01
7.856021523475646973e-01
8.625147938728332520e-01
8.625147938728332520e-01
8.625147938728332520e-01
8.625147938728332520e-01
5.734595656394958496e-01
5.734595656394958496e-01
5.734595656394958496e-01
5.734595656394958496e-01
5.734595656394958496e-01
5.734595656394958496e-01
5.734595656394958496e-01
5.734595656394958496e-01
5.117151737213134766e-01
5.117151737213134766e-01
5.117151737213134766e-01
5.117151737213134766e-01
5.117151737213134766e-01
7.246399521827697754e-01
7.246399521827697754e-01
1.326167583465576172e+00
8.013809323310852051e-01
8.013809323310852051e-01
8.013809323310852051e-01
8.056882619857788086e-01
7.963564991950988770e-01
7.963564991950988770e-01
7.963564991950988770e-01
7.963564991950988770e-01
7.963564991950988770e-01
4.915433526039123535e-01
7.275512218475341797e-01
7.275512218475341797e-01
7.275512218475341797e-01
5.028441548347473145e-01
5.028441548347473145e-01
5.028441548347473145e-01
5.028441548347473145e-01
5.028441548347473145e-01
5.028441548347473145e-01
5.028441548347473145e-01
5.028441548347473145e-01
5.028441548347473145e-01
9.743606448173522949e-01
9.743606448173522949e-01
6.078124046325683594e-01
6.078124046325683594e-01
6.078124046325683594e-01
6.078124046325683594e-01
6.078124046325683594e-01
6.078124046325683594e-01
5.721490979194641113e-01
5.721490979194641113e-01
5.861128568649291992e-01
5.861128568649291992e-01
5.861128568649291992e-01
5.861128568649291992e-01
5.861128568649291992e-01
5.861128568649291992e-01
5.861128568649291992e-01
1.034919261932373047e+00
1.238512754440307617e+00
5.391990542411804199e-01
5.391990542411804199e-01
5.391990542411804199e-01
7.470617294311523438e-01
7.470617294311523438e-01
7.470617294311523438e-01
6.647825241088867188e-01
6.647825241088867188e-01
6.647825241088867188e-01
5.836248397827148438e-01
5.836248397827148438e-01
5.836248397827148438e-01
5.836248397827148438e-01
5.836248397827148438e-01
5.836248397827148438e-01
5.836248397827148438e-01
5.836248397827148438e-01
5.836248397827148438e-01
5.836248397827148438e-01
5.836248397827148438e-01
5.836248397827148438e-01
5.836248397827148438e-01
5.836248397827148438e-01
5.836248397827148438e-01
5.836248397827148438e-01
4.777892827987670898e-01
4.777892827987670898e-01
4.777892827987670898e-01
4.777892827987670898e-01
7.205922603607177734e-01
6.221315860748291016e-01
6.221315860748291016e-01
6.221315860748291016e-01
6.221315860748291016e-01
6.221315860748291016e-01
6.221315860748291016e-01
6.221315860748291016e-01
6.517263650894165039e-01
6.517263650894165039e-01
6.517263650894165039e-01
6.517263650894165039e-01
4.224665164947509766e-01
5.484277009963989258e-01
5.845480561256408691e-01
4.951373934745788574e-01
4.951373934745788574e-01
4.951373934745788574e-01
1.161011695861816406e+00
1.161011695861816406e+00
1.161011695861816406e+00
8.296811580657958984e-01
8.296811580657958984e-01
7.067720293998718262e-01
9.711543321609497070e-01
9.711543321609497070e-01
9.711543321609497070e-01
9.711543321609497070e-01
5.596711635589599609e-01
5.596711635589599609e-01
7.767680287361145020e-01
7.767680287361145020e-01
4.224919676780700684e-01
4.224919676780700684e-01
7.850437760353088379e-01
7.850437760353088379e-01
7.850437760353088379e-01
7.850437760353088379e-01
7.850437760353088379e-01
7.850437760353088379e-01
6.900446414947509766e-01
6.900446414947509766e-01
6.900446414947509766e-01
6.076039075851440430e-01
6.076039075851440430e-01
6.076039075851440430e-01
6.076039075851440430e-01
6.076039075851440430e-01
6.497878432273864746e-01
6.497878432273864746e-01
7.002897262573242188e-01
3.644041419029235840e-01
3.644041419029235840e-01
3.644041419029235840e-01
3.644041419029235840e-01
3.644041419029235840e-01
3.644041419029235840e-01
3.644041419029235840e-01
3.644041419029235840e-01
3.644041419029235840e-01
3.644041419029235840e-01
5.950297117233276367e-01
5.950297117233276367e-01
4.705692529678344727e-01
4.705692529678344727e-01
4.705692529678344727e-01
1.118779182434082031e+00
6.310220956802368164e-01
6.310220956802368164e-01
5.152775049209594727e-01
5.152775049209594727e-01
5.152775049209594727e-01
9.197847843170166016e-01
1.457278251647949219e+00
1.071201205253601074e+00
6.639389395713806152e-01
6.639389395713806152e-01
6.639389395713806152e-01
6.639389395713806152e-01
8.951990604400634766e-01
1.017229795455932617e+00
1.490583181381225586e+00
1.490583181381225586e+00
1.490583181381225586e+00
1.361281752586364746e+00
8.133562803268432617e-01
8.133562803268432617e-01
1.277493238449096680e+00
4.053679108619689941e-01
4.053679108619689941e-01
4.053679108619689941e-01
4.053679108619689941e-01
4.053679108619689941e-01
4.053679108619689941e-01
4.053679108619689941e-01
4.053679108619689941e-01
4.053679108619689941e-01
4.053679108619689941e-01
4.053679108619689941e-01
4.053679108619689941e-01
7.189673185348510742e-01
7.189673185348510742e-01
7.790354490280151367e-01
7.790354490280151367e-01
1.033990025520324707e+00
1.033990025520324707e+00
6.487473249435424805e-01
7.932480573654174805e-01
7.932480573654174805e-01
7.932480573654174805e-01
7.932480573654174805e-01
7.932480573654174805e-01
7.932480573654174805e-01
4.991942346096038818e-01
4.991942346096038818e-01
4.991942346096038818e-01
4.991942346096038818e-01
4.991942346096038818e-01
4.991942346096038818e-01
4.991942346096038818e-01
5.375431776046752930e-01
9.555492401123046875e-01
6.163988709449768066e-01
6.163988709449768066e-01
6.163988709449768066e-01
6.163988709449768066e-01
6.163988709449768066e-01
6.163988709449768066e-01
6.163988709449768066e-01
6.163988709449768066e-01
6.163988709449768066e-01
6.163988709449768066e-01
6.163988709449768066e-01
6.163988709449768066e-01
6.163988709449768066e-01
6.163988709449768066e-01
6.163988709449768066e-01
6.163988709449768066e-01
6.163988709449768066e-01
5.029735565185546875e-01
6.872632503509521484e-01
6.632630825042724609e-01
4.211868643760681152e-01
4.211868643760681152e-01
4.211868643760681152e-01
4.211868643760681152e-01
4.211868643760681152e-01
4.211868643760681152e-01
4.211868643760681152e-01
4.211868643760681152e-01
4.211868643760681152e-01
4.211868643760681152e-01
4.211868643760681152e-01
4.211868643760681152e-01
4.211868643760681152e-01
4.211868643760681152e-01
4.211868643760681152e-01
5.415020585060119629e-01
5.415020585060119629e-01
7.123353481292724609e-01
7.123353481292724609e-01
7.123353481292724609e-01
5.953118801116943359e-01
5.953118801116943359e-01
5.953118801116943359e-01
5.953118801116943359e-01
5.461525917053222656e-01
6.638882160186767578e-01
6.638882160186767578e-01
6.638882160186767578e-01
6.638882160186767578e-01
3.109720051288604736e-01
3.109720051288604736e-01
3.109720051288604736e-01
3.109720051288604736e-01
9.289883375167846680e-01
9.289883375167846680e-01
9.289883375167846680e-01
1.274590969085693359e+00
5.741134285926818848e-01
5.741134285926818848e-01
5.741134285926818848e-01
5.741134285926818848e-01
5.741134285926818848e-01
5.741134285926818848e-01
9.436964988708496094e-01
7.035896778106689453e-01
7.035896778106689453e-01
7.035896778106689453e-01
7.035896778106689453e-01
1.112549185752868652e+00
1.425724744796752930e+00
1.685694575309753418e+00
1.685694575309753418e+00
4.515850543975830078e-01
4.515850543975830078e-01
4.515850543975830078e-01
5.046254396438598633e-01
5.046254396438598633e-01
5.046254396438598633e-01
5.046254396438598633e-01
5.046254396438598633e-01
5.087325572967529297e-01
5.087325572967529297e-01
7.075954079627990723e-01
7.196751236915588379e-01
7.196751236915588379e-01
7.196751236915588379e-01
5.864356756210327148e-01
5.864356756210327148e-01
5.864356756210327148e-01
5.864356756210327148e-01
4.000527262687683105e-01
4.000527262687683105e-01
4.000527262687683105e-01
9.008873701095581055e-01
1.023558855056762695e+00
1.023558855056762695e+00
1.023558855056762695e+00
1.023558855056762695e+00
1.023558855056762695e+00
9.693928956985473633e-01
9.049502015113830566e-01
9.049502015113830566e-01
9.049502015113830566e-01
9.049502015113830566e-01
9.049502015113830566e-01
9.049502015113830566e-01
9.049502015113830566e-01
9.049502015113830566e-01
9.049502015113830566e-01
9.049502015113830566e-01
1.656469583511352539e+00
1.656469583511352539e+00
1.656469583511352539e+00
4.536452293395996094e-01
9.076043367385864258e-01
9.076043367385864258e-01
9.076043367385864258e-01
9.076043367385864258e-01
9.076043367385864258e-01
9.076043367385864258e-01
9.076043367385864258e-01
6.425544023513793945e-01
6.220820546150207520e-01
6.220820546150207520e-01
6.220820546150207520e-01
6.220820546150207520e-01
6.220820546150207520e-01
6.220820546150207520e-01
6.220820546150207520e-01
6.220820546150207520e-01
6.220820546150207520e-01
6.220820546150207520e-01
6.220820546150207520e-01
6.220820546150207520e-01
6.220820546150207520e-01
6.220820546150207520e-01
4.068125486373901367e-01
4.068125486373901367e-01
4.068125486373901367e-01
4.068125486373901367e-01
4.068125486373901367e-01
4.068125486373901367e-01
7.233636379241943359e-01
7.233636379241943359e-01
7.233636379241943359e-01
7.233636379241943359e-01
7.233636379241943359e-01
4.066545069217681885e-01
4.066545069217681885e-01
4.066545069217681885e-01
1.086184024810791016e+00
1.086184024810791016e+00
1.086184024810791016e+00
1.086184024810791016e+00
1.086184024810791016e+00
1.086184024810791016e+00
1.086184024810791016e+00
1.086184024810791016e+00
1.086184024810791016e+00
1.086184024810791016e+00
1.040186882019042969e+00
1.040186882019042969e+00
5.009171366691589355e-01
1.104912757873535156e+00
1.547830939292907715e+00
1.281816244125366211e+00
6.075439453125000000e-01
6.075439453125000000e-01
6.075439453125000000e-01
6.075439453125000000e-01
6.075439453125000000e-01
6.075439453125000000e-01
6.075439453125000000e-01
6.075439453125000000e-01
6.075439453125000000e-01
6.166449189186096191e-01
9.233452677726745605e-01
5.446692705154418945e-01
5.446692705154418945e-01
5.446692705154418945e-01
5.446692705154418945e-01
5.446692705154418945e-01
1.140238523483276367e+00
1.140238523483276367e+00
1.140238523483276367e+00
1.140238523483276367e+00
1.140238523483276367e+00
1.127655267715454102e+00
1.357224941253662109e+00
1.357224941253662109e+00
1.252828836441040039e+00
3.609300851821899414e-01
3.609300851821899414e-01
3.609300851821899414e-01
3.609300851821899414e-01
1.035256624221801758e+00
3.085516691207885742e-01
3.715934753417968750e-01
7.493716478347778320e-01
5.498300790786743164e-01
5.136334300041198730e-01
5.136334300041198730e-01
5.136334300041198730e-01
5.136334300041198730e-01
5.136334300041198730e-01
5.136334300041198730e-01
5.136334300041198730e-01
6.702790856361389160e-01
6.702790856361389160e-01
6.702790856361389160e-01
8.939126133918762207e-01
8.939126133918762207e-01
1.271538496017456055e+00
1.271538496017456055e+00
8.570139408111572266e-01
8.570139408111572266e-01
8.570139408111572266e-01
6.430637836456298828e-01
6.430637836456298828e-01
6.430637836456298828e-01
5.972386598587036133e-01
5.972386598587036133e-01
5.199528932571411133e-01
5.199528932571411133e-01
5.199528932571411133e-01
5.199528932571411133e-01
6.559073925018310547e-01
1.059151411056518555e+00
7.623983621597290039e-01
7.623983621597290039e-01
7.623983621597290039e-01
7.623983621597290039e-01
7.623983621597290039e-01
7.623983621597290039e-01
7.623983621597290039e-01
6.701148748397827148e-01
6.701148748397827148e-01
9.984521865844726562e-01
9.984521865844726562e-01
9.963187575340270996e-01
9.963187575340270996e-01
7.721605896949768066e-01
7.721605896949768066e-01
4.570553600788116455e-01
4.570553600788116455e-01
4.570553600788116455e-01
4.570553600788116455e-01
4.570553600788116455e-01
4.570553600788116455e-01
4.570553600788116455e-01
4.570553600788116455e-01
4.840166568756103516e-01
4.840166568756103516e-01
1.277924180030822754e+00
1.277924180030822754e+00
1.277924180030822754e+00
1.277924180030822754e+00
3.555569648742675781e-01
3.555569648742675781e-01
4.800718426704406738e-01
6.611141562461853027e-01
6.611141562461853027e-01
6.611141562461853027e-01
6.611141562461853027e-01
6.769480109214782715e-01
6.769480109214782715e-01
7.309589982032775879e-01
5.500844717025756836e-01
5.500844717025756836e-01
4.974436759948730469e-01
5.395735502243041992e-01
5.395735502243041992e-01
5.395735502243041992e-01
5.395735502243041992e-01
5.395735502243041992e-01
8.710548877716064453e-01
7.583667039871215820e-01
6.132782697677612305e-01
6.132782697677612305e-01
6.132782697677612305e-01
6.132782697677612305e-01
6.132782697677612305e-01
6.132782697677612305e-01
6.132782697677612305e-01
6.132782697677612305e-01
6.132782697677612305e-01
6.132782697677612305e-01
6.132782697677612305e-01
6.132782697677612305e-01
6.132782697677612305e-01
6.132782697677612305e-01
6.132782697677612305e-01
6.132782697677612305e-01
6.132782697677612305e-01
6.132782697677612305e-01
6.132782697677612305e-01
6.132782697677612305e-01
1.004682183265686035e+00
1.004682183265686035e+00
1.004682183265686035e+00
1.004682183265686035e+00
3.704295158386230469e-01
3.704295158386230469e-01
3.704295158386230469e-01
3.719833493232727051e-01
3.719833493232727051e-01
3.719833493232727051e-01
3.719833493232727051e-01
3.719833493232727051e-01
7.180823683738708496e-01
7.180823683738708496e-01
4.996469616889953613e-01
4.996469616889953613e-01
4.996469616889953613e-01
4.996469616889953613e-01
4.996469616889953613e-01
4.996469616889953613e-01
4.996469616889953613e-01
4.996469616889953613e-01
4.747856557369232178e-01
6.480100154876708984e-01
6.480100154876708984e-01
6.480100154876708984e-01
6.480100154876708984e-01
7.536833286285400391e-01
7.536833286285400391e-01
6.977396011352539062e-01
6.977396011352539062e-01
5.600622296333312988e-01
5.600622296333312988e-01
5.600622296333312988e-01
5.600622296333312988e-01
5.600622296333312988e-01
5.600622296333312988e-01
5.600622296333312988e-01
5.585955977439880371e-01
5.585955977439880371e-01
5.585955977439880371e-01
5.585955977439880371e-01
5.585955977439880371e-01
6.439204216003417969e-01
6.192777156829833984e-01
6.192777156829833984e-01
1.255840301513671875e+00
1.101161003112792969e+00
1.101161003112792969e+00
9.566345810890197754e-01
9.566345810890197754e-01
9.566345810890197754e-01
9.566345810890197754e-01
9.566345810890197754e-01
9.566345810890197754e-01
9.566345810890197754e-01
9.566345810890197754e-01
9.566345810890197754e-01
6.756851673126220703e-01
6.756851673126220703e-01
6.938459873199462891e-01
6.938459873199462891e-01
6.938459873199462891e-01
6.938459873199462891e-01
8.924043178558349609e-01
8.924043178558349609e-01
8.924043178558349609e-01
8.924043178558349609e-01
8.924043178558349609e-01
4.358120858669281006e-01
4.358120858669281006e-01
4.358120858669281006e-01
4.358120858669281006e-01
1.130323171615600586e+00
2.635296583175659180e-01
2.635296583175659180e-01
5.244671106338500977e-01
5.244671106338500977e-01
5.244671106338500977e-01
5.244671106338500977e-01
5.244671106338500977e-01
5.244671106338500977e-01
5.244671106338500977e-01
9.504221677780151367e-01
9.504221677780151367e-01
9.504221677780151367e-01
6.329333186149597168e-01
6.329333186149597168e-01
6.329333186149597168e-01
6.329333186149597168e-01
8.727542161941528320e-01
7.862988710403442383e-01
7.862988710403442383e-01
9.526041746139526367e-01
9.526041746139526367e-01
9.526041746139526367e-01
9.526041746139526367e-01
9.526041746139526367e-01
6.121990084648132324e-01
6.121990084648132324e-01
6.121990084648132324e-01
6.121990084648132324e-01
6.121990084648132324e-01
6.121990084648132324e-01
6.121990084648132324e-01
8.178759217262268066e-01
7.880713343620300293e-01
8.283600211143493652e-01
8.283600211143493652e-01
8.283600211143493652e-01
6.903129816055297852e-01
6.903129816055297852e-01
6.903129816055297852e-01
6.903129816055297852e-01
6.903129816055297852e-01
6.903129816055297852e-01
6.903129816055297852e-01
6.903129816055297852e-01
6.903129816055297852e-01
6.903129816055297852e-01
6.412420272827148438e-01
5.000820159912109375e-01
4.721996784210205078e-01
5.479011535644531250e-01
5.479011535644531250e-01
5.479011535644531250e-01
5.479011535644531250e-01
5.479011535644531250e-01
4.694464206695556641e-01
4.694464206695556641e-01
4.694464206695556641e-01
7.518510222434997559e-01
5.973767042160034180e-01
5.973767042160034180e-01
5.973767042160034180e-01
5.973767042160034180e-01
4.391967654228210449e-01
4.391967654228210449e-01
4.391967654228210449e-01
4.391967654228210449e-01
4.391967654228210449e-01
5.722475647926330566e-01
5.722475647926330566e-01
5.722475647926330566e-01
5.722475647926330566e-01
5.722475647926330566e-01
5.722475647926330566e-01
5.722475647926330566e-01
5.722475647926330566e-01
5.722475647926330566e-01
2.815136313438415527e-01
5.779038667678833008e-01
5.779038667678833008e-01
5.779038667678833008e-01
5.779038667678833008e-01
5.779038667678833008e-01
5.779038667678833008e-01
5.779038667678833008e-01
5.779038667678833008e-01
6.470566987991333008e-01
6.923720836639404297e-01
6.923720836639404297e-01
6.161416769027709961e-01
8.252433538436889648e-01
8.252433538436889648e-01
8.252433538436889648e-01
8.252433538436889648e-01
8.252433538436889648e-01
8.252433538436889648e-01
8.252433538436889648e-01
6.970000267028808594e-01
7.513672113418579102e-01
7.513672113418579102e-01
9.798060655593872070e-01
6.315355300903320312e-01
9.943776726722717285e-01
9.943776726722717285e-01
9.943776726722717285e-01
9.943776726722717285e-01
9.943776726722717285e-01
1.173825263977050781e+00
1.173825263977050781e+00
4.839465022087097168e-01
4.839465022087097168e-01
4.839465022087097168e-01
4.839465022087097168e-01
5.309733748435974121e-01
5.322318673133850098e-01
7.932978868484497070e-01
6.802663207054138184e-01
6.802663207054138184e-01
6.802663207054138184e-01
7.622110247611999512e-01
7.622110247611999512e-01
7.622110247611999512e-01
4.822210371494293213e-01
4.822210371494293213e-01
4.822210371494293213e-01
4.822210371494293213e-01
4.822210371494293213e-01
4.822210371494293213e-01
4.822210371494293213e-01
5.724726915359497070e-01
5.724726915359497070e-01
5.724726915359497070e-01
5.724726915359497070e-01
9.261342287063598633e-01
9.261342287063598633e-01
9.261342287063598633e-01
9.261342287063598633e-01
9.261342287063598633e-01
9.261342287063598633e-01
5.859316587448120117e-01
5.859316587448120117e-01
5.859316587448120117e-01
5.859316587448120117e-01
5.859316587448120117e-01
5.859316587448120117e-01
5.859316587448120117e-01
1.021290659904479980e+00
1.178098082542419434e+00
5.409774184226989746e-01
5.409774184226989746e-01
5.409774184226989746e-01
7.710064649581909180e-01
5.718424916267395020e-01
8.540533185005187988e-01
8.540533185005187988e-01
8.540533185005187988e-01
8.540533185005187988e-01
6.475360393524169922e-01
5.249994397163391113e-01
5.249994397163391113e-01
5.249994397163391113e-01
4.153904914855957031e-01
9.497125148773193359e-01
9.497125148773193359e-01
9.497125148773193359e-01
9.497125148773193359e-01
9.497125148773193359e-01
1.082680344581604004e+00
1.082680344581604004e+00
8.536280989646911621e-01
8.536280989646911621e-01
8.536280989646911621e-01
1.083801031112670898e+00
7.074660658836364746e-01
7.074660658836364746e-01
7.074660658836364746e-01
7.074660658836364746e-01
7.074660658836364746e-01
7.269707918167114258e-01
5.296977162361145020e-01
5.296977162361145020e-01
6.781601309776306152e-01
6.781601309776306152e-01
9.973164796829223633e-01
4.178337454795837402e-01
4.178337454795837402e-01
6.110205650329589844e-01
6.110205650329589844e-01
6.110205650329589844e-01
6.110205650329589844e-01
6.110205650329589844e-01
4.478302001953125000e-01
4.478302001953125000e-01
4.478302001953125000e-01
4.478302001953125000e-01
4.478302001953125000e-01
4.478302001953125000e-01
4.478302001953125000e-01
4.478302001953125000e-01
4.478302001953125000e-01
8.532325029373168945e-01
8.532325029373168945e-01
8.532325029373168945e-01
7.157446146011352539e-01
7.157446146011352539e-01
6.681282520294189453e-01
6.681282520294189453e-01
6.681282520294189453e-01
6.681282520294189453e-01
6.681282520294189453e-01
6.681282520294189453e-01
6.681282520294189453e-01
9.209306240081787109e-01
1.071414828300476074e+00
1.071414828300476074e+00
4.625093340873718262e-01
4.442541003227233887e-01
4.442541003227233887e-01
4.442541003227233887e-01
5.629337430000305176e-01
3.748904764652252197e-01
3.748904764652252197e-01
3.748904764652252197e-01
3.748904764652252197e-01
4.456923007965087891e-01
4.456923007965087891e-01
4.456923007965087891e-01
4.456923007965087891e-01
4.456923007965087891e-01
4.456923007965087891e-01
4.456923007965087891e-01
4.456923007965087891e-01
4.345501959323883057e-01
4.345501959323883057e-01
4.345501959323883057e-01
4.345501959323883057e-01
1.128457427024841309e+00
1.122508406639099121e+00
1.122508406639099121e+00
1.101128101348876953e+00
6.801894903182983398e-01
6.801894903182983398e-01
7.318408489227294922e-01
7.318408489227294922e-01
7.318408489227294922e-01
7.318408489227294922e-01
7.318408489227294922e-01
7.318408489227294922e-01
5.992268323898315430e-01
5.992268323898315430e-01
5.992268323898315430e-01
5.992268323898315430e-01
5.984206795692443848e-01
5.984206795692443848e-01
5.984206795692443848e-01
5.984206795692443848e-01
5.984206795692443848e-01
5.984206795692443848e-01
5.984206795692443848e-01
5.984206795692443848e-01
5.984206795692443848e-01
5.984206795692443848e-01
5.984206795692443848e-01
5.984206795692443848e-01
1.117852687835693359e+00
1.114886999130249023e+00
1.114886999130249023e+00
1.114886999130249023e+00
1.114886999130249023e+00
1.114886999130249023e+00
1.394220113754272461e+00
1.394220113754272461e+00
8.312397003173828125e-01
8.312397003173828125e-01
9.909907579421997070e-01
9.909907579421997070e-01
6.870604753494262695e-01
7.704728841781616211e-01
7.704728841781616211e-01
7.704728841781616211e-01
7.704728841781616211e-01
7.704728841781616211e-01
1.566238284111022949e+00
1.495594978332519531e+00
1.284290432929992676e+00
1.284290432929992676e+00
1.809017658233642578e+00
1.426632642745971680e+00
1.372189164161682129e+00
1.372189164161682129e+00
8.199644684791564941e-01
8.199644684791564941e-01
8.199644684791564941e-01
4.391795098781585693e-01
5.235083103179931641e-01
5.235083103179931641e-01
1.330600738525390625e+00
1.330600738525390625e+00
5.718965530395507812e-01
5.718965530395507812e-01
5.718965530395507812e-01
5.718965530395507812e-01
5.718965530395507812e-01
5.718965530395507812e-01
5.718965530395507812e-01
5.718965530395507812e-01
8.605644106864929199e-01
8.605644106864929199e-01
8.605644106864929199e-01
8.605644106864929199e-01
8.605644106864929199e-01
7.150209546089172363e-01
7.150209546089172363e-01
7.150209546089172363e-01
7.150209546089172363e-01
7.150209546089172363e-01
7.150209546089172363e-01
7.150209546089172363e-01
7.150209546089172363e-01
7.150209546089172363e-01
7.150209546089172363e-01
7.150209546089172363e-01
7.150209546089172363e-01
7.150209546089172363e-01
7.150209546089172363e-01
7.150209546089172363e-01
9.782043099403381348e-01
9.782043099403381348e-01
9.782043099403381348e-01
2.234085083007812500e+00
2.234085083007812500e+00
2.234085083007812500e+00
2.234085083007812500e+00
2.056124448776245117e+00
4.165344238281250000e-01
4.165344238281250000e-01
1.263372898101806641e+00
1.337042808532714844e+00
1.337042808532714844e+00
1.337042808532714844e+00
1.337042808532714844e+00
1.337042808532714844e+00
1.337042808532714844e+00
1.337042808532714844e+00
9.822139739990234375e-01
5.927078723907470703e-01
5.927078723907470703e-01
5.927078723907470703e-01
5.927078723907470703e-01
5.927078723907470703e-01
5.927078723907470703e-01
5.030001997947692871e-01
5.030001997947692871e-01
5.030001997947692871e-01
5.030001997947692871e-01
5.030001997947692871e-01
5.030001997947692871e-01
5.828444957733154297e-01
5.828444957733154297e-01
5.828444957733154297e-01
6.397302746772766113e-01
6.397302746772766113e-01
6.397302746772766113e-01
6.397302746772766113e-01
6.397302746772766113e-01
1.140489578247070312e+00
1.425944924354553223e+00
1.425944924354553223e+00
1.549575567245483398e+00
1.440163254737854004e+00
7.127156853675842285e-01
6.021358966827392578e-01
6.021358966827392578e-01
6.021358966827392578e-01
6.021358966827392578e-01
6.021358966827392578e-01
6.513149738311767578e-01
6.513149738311767578e-01
6.513149738311767578e-01
6.513149738311767578e-01
6.513149738311767578e-01
6.513149738311767578e-01
6.513149738311767578e-01
6.513149738311767578e-01
7.546368837356567383e-01
7.546368837356567383e-01
7.546368837356567383e-01
7.546368837356567383e-01
7.546368837356567383e-01
7.546368837356567383e-01
7.546368837356567383e-01
7.546368837356567383e-01
7.546368837356567383e-01
7.546368837356567383e-01
7.546368837356567383e-01
7.546368837356567383e-01
7.546368837356567383e-01
7.546368837356567383e-01
7.546368837356567383e-01
7.546368837356567383e-01
7.984373569488525391e-01
7.984373569488525391e-01
7.984373569488525391e-01
7.984373569488525391e-01
1.041286468505859375e+00
4.316344261169433594e-01
4.316344261169433594e-01
9.036058187484741211e-01
9.036058187484741211e-01
1.087372422218322754e+00
1.087372422218322754e+00
1.087372422218322754e+00
1.087372422218322754e+00
6.116342544555664062e-01
6.116342544555664062e-01
6.116342544555664062e-01
6.116342544555664062e-01
6.116342544555664062e-01
1.026118278503417969e+00
1.026118278503417969e+00
1.026118278503417969e+00
1.026118278503417969e+00
1.026118278503417969e+00
1.026118278503417969e+00
1.026118278503417969e+00
1.026118278503417969e+00
1.050544381141662598e+00
1.050544381141662598e+00
6.395430564880371094e-01
6.395430564880371094e-01
6.395430564880371094e-01
6.395430564880371094e-01
6.395430564880371094e-01
6.395430564880371094e-01
6.395430564880371094e-01
6.395430564880371094e-01
6.395430564880371094e-01
6.395430564880371094e-01
6.395430564880371094e-01
6.395430564880371094e-01
6.354046463966369629e-01
9.592990875244140625e-01
9.592990875244140625e-01
9.592990875244140625e-01
7.561733722686767578e-01
7.561733722686767578e-01
7.561733722686767578e-01
7.561733722686767578e-01
7.561733722686767578e-01
7.561733722686767578e-01
7.561733722686767578e-01
7.561733722686767578e-01
7.561733722686767578e-01
7.561733722686767578e-01
5.637211203575134277e-01
5.637211203575134277e-01
5.637211203575134277e-01
5.637211203575134277e-01
5.637211203575134277e-01
1.156920671463012695e+00
1.156920671463012695e+00
1.156920671463012695e+00
1.156920671463012695e+00
1.131554365158081055e+00
1.131554365158081055e+00
1.131554365158081055e+00
1.131554365158081055e+00
1.305410146713256836e+00
1.305410146713256836e+00
1.277011871337890625e+00
6.622820496559143066e-01
6.622820496559143066e-01
6.622820496559143066e-01
6.622820496559143066e-01
6.622820496559143066e-01
6.622820496559143066e-01
6.622820496559143066e-01
6.622820496559143066e-01
6.622820496559143066e-01
6.622820496559143066e-01
6.622820496559143066e-01
8.258568048477172852e-01
8.258568048477172852e-01
8.258568048477172852e-01
8.258568048477172852e-01
6.257972121238708496e-01
6.257972121238708496e-01
6.257972121238708496e-01
6.257972121238708496e-01
6.257972121238708496e-01
6.257972121238708496e-01
6.257972121238708496e-01
1.062235116958618164e+00
1.062235116958618164e+00
1.062235116958618164e+00
1.062235116958618164e+00
1.054131865501403809e+00
1.054131865501403809e+00
8.521105051040649414e-01
8.090491890907287598e-01
8.090491890907287598e-01
8.090491890907287598e-01
6.896544098854064941e-01
6.896544098854064941e-01
6.896544098854064941e-01
6.896544098854064941e-01
6.896544098854064941e-01
6.896544098854064941e-01
6.896544098854064941e-01
6.896544098854064941e-01
6.896544098854064941e-01
6.896544098854064941e-01
5.623753070831298828e-01
5.623753070831298828e-01
5.623753070831298828e-01
5.520726442337036133e-01
5.520726442337036133e-01
5.520726442337036133e-01
7.141964435577392578e-01
7.141964435577392578e-01
7.141964435577392578e-01
7.141964435577392578e-01
7.141964435577392578e-01
7.141964435577392578e-01
8.376873135566711426e-01
8.376873135566711426e-01
8.376873135566711426e-01
8.376873135566711426e-01
8.376873135566711426e-01
8.376873135566711426e-01
8.376873135566711426e-01
8.376873135566711426e-01
6.362100839614868164e-01
6.362100839614868164e-01
6.362100839614868164e-01
6.362100839614868164e-01
6.362100839614868164e-01
6.362100839614868164e-01
5.525168180465698242e-01
4.422400593757629395e-01
4.422400593757629395e-01
4.422400593757629395e-01
3.549211919307708740e-01
3.549211919307708740e-01
4.493513703346252441e-01
4.493513703346252441e-01
4.493513703346252441e-01
4.589386880397796631e-01
9.997135400772094727e-01
4.843672513961791992e-01
4.843672513961791992e-01
4.843672513961791992e-01
4.235184490680694580e-01
4.235184490680694580e-01
4.235184490680694580e-01
4.235184490680694580e-01
4.235184490680694580e-01
4.235184490680694580e-01
7.727292776107788086e-01
4.875342547893524170e-01
4.875342547893524170e-01
8.423392176628112793e-01
8.423392176628112793e-01
8.423392176628112793e-01
1.397681951522827148e+00
1.397681951522827148e+00
1.104170203208923340e+00
1.104170203208923340e+00
1.104170203208923340e+00
5.088251233100891113e-01
5.088251233100891113e-01
5.088251233100891113e-01
5.088251233100891113e-01
5.088251233100891113e-01
5.088251233100891113e-01
5.088251233100891113e-01
5.088251233100891113e-01
6.984518170356750488e-01
6.984518170356750488e-01
6.984518170356750488e-01
5.057197809219360352e-01
5.057197809219360352e-01
5.057197809219360352e-01
5.057197809219360352e-01
5.057197809219360352e-01
5.057197809219360352e-01
5.057197809219360352e-01
5.057197809219360352e-01
5.057197809219360352e-01
5.057197809219360352e-01
4.816884100437164307e-01
4.816884100437164307e-01
4.816884100437164307e-01
3.943544030189514160e-01
3.943544030189514160e-01
4.619752764701843262e-01
4.619752764701843262e-01
4.619752764701843262e-01
4.619752764701843262e-01
4.619752764701843262e-01
1.160344600677490234e+00
1.160344600677490234e+00
5.212985277175903320e-01
5.212985277175903320e-01
8.675367832183837891e-01
4.818405508995056152e-01
4.818405508995056152e-01
4.818405508995056152e-01
4.818405508995056152e-01
4.190016090869903564e-01
1.118829607963562012e+00
1.118829607963562012e+00
1.118829607963562012e+00
1.118829607963562012e+00
1.118829607963562012e+00
5.798453688621520996e-01
5.798453688621520996e-01
5.798453688621520996e-01
4.737017452716827393e-01
4.737017452716827393e-01
4.737017452716827393e-01
4.737017452716827393e-01
4.737017452716827393e-01
5.899648666381835938e-01
6.040180921554565430e-01
5.159754157066345215e-01
5.159754157066345215e-01
5.159754157066345215e-01
5.159754157066345215e-01
5.159754157066345215e-01
8.465520739555358887e-01
8.465520739555358887e-01
8.465520739555358887e-01
8.465520739555358887e-01
8.465520739555358887e-01
8.465520739555358887e-01
8.465520739555358887e-01
8.465520739555358887e-01
1.165902137756347656e+00
1.144852638244628906e+00
3.989951610565185547e-01
3.989951610565185547e-01
9.158719182014465332e-01
9.158719182014465332e-01
9.158719182014465332e-01
8.657198548316955566e-01
3.751748800277709961e-01
7.810017466545104980e-01
7.810017466545104980e-01
7.810017466545104980e-01
7.810017466545104980e-01
7.810017466545104980e-01
