9.810879230499267578e-01
9.810879230499267578e-01
1.702617406845092773e+00
1.702617406845092773e+00
1.702617406845092773e+00
1.702617406845092773e+00
1.702617406845092773e+00
1.702617406845092773e+00
1.702617406845092773e+00
1.702617406845092773e+00
1.702617406845092773e+00
1.702617406845092773e+00
1.702617406845092773e+00
1.702617406845092773e+00
1.702617406845092773e+00
1.702617406845092773e+00
1.552861571311950684e+00
1.552861571311950684e+00
1.552861571311950684e+00
1.353099584579467773e+00
1.353099584579467773e+00
1.353099584579467773e+00
1.353099584579467773e+00
1.353099584579467773e+00
1.353099584579467773e+00
1.353099584579467773e+00
1.353099584579467773e+00
1.081744670867919922e+00
1.081744670867919922e+00
1.130405426025390625e+00
1.130405426025390625e+00
1.130405426025390625e+00
1.854460000991821289e+00
1.922030091285705566e+00
1.922030091285705566e+00
1.922030091285705566e+00
1.922030091285705566e+00
1.922030091285705566e+00
1.922030091285705566e+00
1.547812223434448242e+00
1.547812223434448242e+00
5.307875633239746094e+00
3.497854471206665039e+00
1.357294797897338867e+00
1.286858320236206055e+00
1.286858320236206055e+00
1.286858320236206055e+00
1.286858320236206055e+00
4.828340411186218262e-01
4.828340411186218262e-01
4.828340411186218262e-01
4.828340411186218262e-01
4.828340411186218262e-01
4.828340411186218262e-01
4.828340411186218262e-01
4.828340411186218262e-01
8.474557399749755859e-01
8.474557399749755859e-01
8.474557399749755859e-01
3.893442749977111816e-01
3.893442749977111816e-01
1.183654427528381348e+00
1.183654427528381348e+00
1.183654427528381348e+00
1.183654427528381348e+00
1.287406206130981445e+00
1.287406206130981445e+00
1.287406206130981445e+00
1.287406206130981445e+00
1.440805792808532715e+00
1.440805792808532715e+00
1.440805792808532715e+00
1.440805792808532715e+00
8.489518761634826660e-01
5.862545371055603027e-01
5.862545371055603027e-01
5.862545371055603027e-01
5.862545371055603027e-01
5.862545371055603027e-01
5.862545371055603027e-01
5.862545371055603027e-01
5.862545371055603027e-01
5.862545371055603027e-01
6.486585140228271484e-01
6.486585140228271484e-01
6.486585140228271484e-01
6.486585140228271484e-01
6.486585140228271484e-01
6.486585140228271484e-01
6.486585140228271484e-01
4.052392482757568359e+00
4.052392482757568359e+00
4.052392482757568359e+00
4.052392482757568359e+00
5.609690666198730469e+00
4.692389965057373047e+00
4.692389965057373047e+00
2.048776388168334961e+00
2.048776388168334961e+00
2.048776388168334961e+00
2.048776388168334961e+00
1.436179637908935547e+00
1.436179637908935547e+00
1.436179637908935547e+00
1.044314742088317871e+00
1.044314742088317871e+00
1.044314742088317871e+00
7.500680685043334961e-01
7.500680685043334961e-01
7.500680685043334961e-01
7.500680685043334961e-01
7.500680685043334961e-01
7.500680685043334961e-01
7.500680685043334961e-01
7.500680685043334961e-01
7.500680685043334961e-01
8.124833703041076660e-01
6.576660871505737305e-01
7.275484800338745117e-01
9.097012281417846680e-01
9.097012281417846680e-01
9.097012281417846680e-01
1.038463354110717773e+00
1.038463354110717773e+00
1.190354585647583008e+00
1.189076185226440430e+00
1.189076185226440430e+00
1.189076185226440430e+00
1.189076185226440430e+00
1.189076185226440430e+00
1.189076185226440430e+00
7.477142810821533203e-01
7.477142810821533203e-01
1.369368791580200195e+00
1.421814918518066406e+00
1.421814918518066406e+00
1.421814918518066406e+00
1.421814918518066406e+00
1.421814918518066406e+00
1.421814918518066406e+00
1.421814918518066406e+00
1.421814918518066406e+00
4.422392368316650391e+00
1.664453744888305664e+00
1.762543916702270508e+00
4.731503725051879883e-01
4.731503725051879883e-01
9.502707719802856445e-01
7.701799273490905762e-01
7.701799273490905762e-01
7.701799273490905762e-01
7.701799273490905762e-01
7.701799273490905762e-01
7.701799273490905762e-01
7.701799273490905762e-01
7.701799273490905762e-01
7.701799273490905762e-01
7.701799273490905762e-01
7.701799273490905762e-01
7.701799273490905762e-01
7.701799273490905762e-01
7.701799273490905762e-01
7.701799273490905762e-01
7.701799273490905762e-01
8.014299869537353516e-01
1.652362227439880371e+00
1.652362227439880371e+00
2.306021690368652344e+00
2.306021690368652344e+00
2.306021690368652344e+00
1.107936501502990723e+00
1.107936501502990723e+00
1.107936501502990723e+00
1.107936501502990723e+00
8.600695729255676270e-01
8.600695729255676270e-01
8.600695729255676270e-01
8.600695729255676270e-01
8.600695729255676270e-01
8.600695729255676270e-01
8.600695729255676270e-01
8.600695729255676270e-01
8.600695729255676270e-01
5.906869173049926758e-01
6.291530132293701172e-01
6.291530132293701172e-01
8.364912867546081543e-01
8.364912867546081543e-01
8.364912867546081543e-01
8.364912867546081543e-01
8.364912867546081543e-01
8.364912867546081543e-01
1.147169470787048340e+00
1.147169470787048340e+00
1.147169470787048340e+00
1.147169470787048340e+00
1.445381402969360352e+00
1.445381402969360352e+00
1.445381402969360352e+00
5.111153125762939453e-01
5.111153125762939453e-01
5.111153125762939453e-01
5.111153125762939453e-01
5.111153125762939453e-01
5.111153125762939453e-01
5.111153125762939453e-01
8.943705558776855469e-01
8.943705558776855469e-01
2.625400543212890625e+00
4.398841857910156250e-01
4.398841857910156250e-01
4.398841857910156250e-01
4.398841857910156250e-01
4.398841857910156250e-01
4.398841857910156250e-01
4.398841857910156250e-01
4.398841857910156250e-01
2.884243488311767578e+00
3.771129131317138672e+00
1.902958154678344727e+00
1.902958154678344727e+00
5.253754615783691406e+00
4.280764579772949219e+00
6.233639717102050781e-01
1.398578643798828125e+00
1.398578643798828125e+00
1.398578643798828125e+00
1.398578643798828125e+00
7.418314814567565918e-01
7.418314814567565918e-01
1.293539524078369141e+00
1.293539524078369141e+00
1.293539524078369141e+00
1.293539524078369141e+00
1.293539524078369141e+00
1.293539524078369141e+00
1.293539524078369141e+00
9.984871149063110352e-01
9.984871149063110352e-01
9.984871149063110352e-01
6.488518238067626953e+00
6.488518238067626953e+00
3.352010726928710938e+00
1.307149410247802734e+00
1.307149410247802734e+00
1.307149410247802734e+00
1.307149410247802734e+00
1.307149410247802734e+00
1.307149410247802734e+00
1.307149410247802734e+00
1.307149410247802734e+00
2.027628898620605469e+00
2.027628898620605469e+00
2.027628898620605469e+00
2.027628898620605469e+00
2.027628898620605469e+00
3.286570072174072266e+00
3.286570072174072266e+00
3.286570072174072266e+00
2.256000518798828125e+00
2.256000518798828125e+00
2.745193481445312500e+00
3.234886646270751953e+00
3.566659450531005859e+00
3.566659450531005859e+00
3.566659450531005859e+00
3.566659450531005859e+00
1.585240721702575684e+00
1.585240721702575684e+00
1.585240721702575684e+00
2.116069078445434570e+00
2.116069078445434570e+00
2.116069078445434570e+00
3.580733776092529297e+00
4.316255569458007812e+00
5.084288597106933594e+00
5.084288597106933594e+00
5.084288597106933594e+00
4.253379821777343750e+00
4.253379821777343750e+00
4.253379821777343750e+00
4.253379821777343750e+00
4.253379821777343750e+00
4.531469345092773438e+00
2.186041355133056641e+00
2.186041355133056641e+00
2.191508293151855469e+00
1.283651590347290039e+00
1.602884411811828613e+00
9.519377946853637695e-01
9.519377946853637695e-01
3.377604007720947266e+00
3.377604007720947266e+00
3.377604007720947266e+00
1.477746605873107910e+00
1.477746605873107910e+00
1.477746605873107910e+00
1.477746605873107910e+00
1.477746605873107910e+00
1.477746605873107910e+00
1.477746605873107910e+00
1.704542279243469238e+00
2.882860183715820312e+00
3.780221462249755859e+00
4.015554428100585938e+00
4.371661663055419922e+00
6.272062778472900391e+00
3.623752593994140625e+00
3.623752593994140625e+00
3.623752593994140625e+00
4.521197795867919922e+00
8.613798618316650391e-01
8.613798618316650391e-01
8.613798618316650391e-01
8.613798618316650391e-01
8.613798618316650391e-01
8.613798618316650391e-01
8.613798618316650391e-01
8.613798618316650391e-01
8.613798618316650391e-01
8.613798618316650391e-01
8.613798618316650391e-01
9.731482863426208496e-01
2.228497266769409180e+00
2.189329147338867188e+00
2.880852222442626953e+00
2.376410484313964844e+00
2.601206541061401367e+00
2.601206541061401367e+00
2.601206541061401367e+00
1.225673675537109375e+00
1.225673675537109375e+00
1.225673675537109375e+00
2.213752031326293945e+00
2.213752031326293945e+00
7.832241058349609375e+00
3.865134716033935547e+00
1.297762393951416016e+00
6.503288149833679199e-01
6.503288149833679199e-01
6.503288149833679199e-01
7.184329032897949219e-01
7.184329032897949219e-01
7.184329032897949219e-01
7.184329032897949219e-01
7.184329032897949219e-01
7.184329032897949219e-01
7.184329032897949219e-01
7.184329032897949219e-01
7.184329032897949219e-01
7.184329032897949219e-01
9.471465349197387695e-01
9.471465349197387695e-01
9.471465349197387695e-01
9.471465349197387695e-01
9.471465349197387695e-01
9.471465349197387695e-01
3.554122924804687500e+00
4.000090599060058594e+00
2.078444004058837891e+00
1.778670310974121094e+00
1.778670310974121094e+00
2.236777067184448242e+00
3.497251510620117188e+00
1.849063515663146973e+00
1.849063515663146973e+00
1.849063515663146973e+00
1.849063515663146973e+00
1.859327077865600586e+00
2.237910270690917969e+00
2.237910270690917969e+00
2.237910270690917969e+00
2.653467178344726562e+00
2.653467178344726562e+00
2.653467178344726562e+00
2.653467178344726562e+00
6.792663335800170898e-01
6.792663335800170898e-01
6.792663335800170898e-01
6.792663335800170898e-01
6.792663335800170898e-01
6.792663335800170898e-01
6.792663335800170898e-01
6.792663335800170898e-01
6.792663335800170898e-01
6.792663335800170898e-01
6.792663335800170898e-01
6.792663335800170898e-01
6.792663335800170898e-01
6.792663335800170898e-01
6.792663335800170898e-01
6.792663335800170898e-01
6.792663335800170898e-01
6.792663335800170898e-01
6.792663335800170898e-01
6.792663335800170898e-01
6.792663335800170898e-01
6.792663335800170898e-01
6.792663335800170898e-01
6.792663335800170898e-01
6.792663335800170898e-01
6.792663335800170898e-01
6.792663335800170898e-01
4.338129758834838867e-01
4.338129758834838867e-01
4.338129758834838867e-01
1.890609383583068848e+00
3.884497880935668945e+00
3.884497880935668945e+00
3.884497880935668945e+00
2.660128831863403320e+00
2.660128831863403320e+00
2.660128831863403320e+00
2.660128831863403320e+00
3.268944978713989258e+00
5.016577243804931641e-01
5.016577243804931641e-01
5.016577243804931641e-01
5.016577243804931641e-01
7.249346971511840820e-01
7.249346971511840820e-01
7.249346971511840820e-01
7.249346971511840820e-01
1.040859937667846680e+00
1.040859937667846680e+00
1.040859937667846680e+00
6.313828229904174805e-01
6.313828229904174805e-01
6.313828229904174805e-01
6.313828229904174805e-01
6.313828229904174805e-01
6.313828229904174805e-01
6.313828229904174805e-01
6.313828229904174805e-01
6.313828229904174805e-01
6.313828229904174805e-01
6.313828229904174805e-01
6.313828229904174805e-01
6.313828229904174805e-01
6.313828229904174805e-01
6.313828229904174805e-01
6.313828229904174805e-01
5.188696980476379395e-01
5.188696980476379395e-01
5.188696980476379395e-01
5.188696980476379395e-01
5.188696980476379395e-01
5.188696980476379395e-01
5.188696980476379395e-01
5.188696980476379395e-01
5.188696980476379395e-01
5.188696980476379395e-01
5.188696980476379395e-01
5.188696980476379395e-01
5.188696980476379395e-01
7.796288728713989258e-01
2.543623447418212891e+00
2.657953500747680664e+00
2.657953500747680664e+00
2.949830770492553711e+00
5.308313369750976562e-01
5.308313369750976562e-01
5.308313369750976562e-01
5.308313369750976562e-01
7.383795380592346191e-01
7.383795380592346191e-01
7.383795380592346191e-01
7.383795380592346191e-01
7.383795380592346191e-01
7.383795380592346191e-01
7.383795380592346191e-01
7.383795380592346191e-01
7.383795380592346191e-01
2.458386898040771484e+00
5.288390159606933594e+00
5.288390159606933594e+00
5.288390159606933594e+00
5.288390159606933594e+00
3.947104930877685547e+00
4.049868106842041016e+00
3.455935239791870117e+00
3.455935239791870117e+00
3.455935239791870117e+00
3.455935239791870117e+00
3.455935239791870117e+00
1.946139693260192871e+00
9.227106571197509766e-01
9.227106571197509766e-01
9.227106571197509766e-01
9.227106571197509766e-01
9.227106571197509766e-01
9.818243384361267090e-01
8.952736854553222656e-01
8.952736854553222656e-01
8.952736854553222656e-01
8.952736854553222656e-01
8.952736854553222656e-01
7.660342454910278320e-01
7.660342454910278320e-01
7.660342454910278320e-01
7.660342454910278320e-01
7.660342454910278320e-01
7.660342454910278320e-01
7.660342454910278320e-01
7.660342454910278320e-01
7.660342454910278320e-01
7.660342454910278320e-01
7.660342454910278320e-01
7.660342454910278320e-01
7.660342454910278320e-01
7.660342454910278320e-01
7.660342454910278320e-01
7.660342454910278320e-01
7.660342454910278320e-01
7.660342454910278320e-01
1.435882806777954102e+00
1.435882806777954102e+00
1.435882806777954102e+00
1.435882806777954102e+00
1.435882806777954102e+00
1.458123207092285156e+00
5.902959823608398438e+00
5.181061744689941406e+00
5.181061744689941406e+00
3.708675384521484375e+00
3.708675384521484375e+00
3.708675384521484375e+00
4.087107658386230469e+00
4.087107658386230469e+00
7.388493537902832031e+00
5.412345409393310547e+00
4.206799507141113281e+00
1.847237110137939453e+00
1.847237110137939453e+00
1.847237110137939453e+00
1.847237110137939453e+00
1.847237110137939453e+00
1.847237110137939453e+00
1.847237110137939453e+00
1.847237110137939453e+00
1.241044998168945312e+00
1.241044998168945312e+00
1.241044998168945312e+00
1.241044998168945312e+00
1.241044998168945312e+00
1.241044998168945312e+00
1.241044998168945312e+00
6.189383983612060547e+00
6.447524547576904297e+00
6.447524547576904297e+00
6.447524547576904297e+00
5.886996269226074219e+00
5.886996269226074219e+00
5.335485935211181641e+00
7.070240020751953125e+00
7.070240020751953125e+00
7.070240020751953125e+00
6.076078891754150391e+00
6.076078891754150391e+00
6.076078891754150391e+00
6.353981494903564453e+00
7.206962108612060547e+00
6.989791870117187500e+00
6.861340045928955078e+00
1.095303058624267578e+00
1.095303058624267578e+00
1.095303058624267578e+00
1.095303058624267578e+00
1.095303058624267578e+00
1.095303058624267578e+00
1.095303058624267578e+00
1.095303058624267578e+00
1.095303058624267578e+00
1.095303058624267578e+00
1.095303058624267578e+00
1.095303058624267578e+00
1.095303058624267578e+00
1.095303058624267578e+00
1.095303058624267578e+00
1.095303058624267578e+00
1.095303058624267578e+00
1.095303058624267578e+00
1.095303058624267578e+00
1.095303058624267578e+00
1.095303058624267578e+00
1.095303058624267578e+00
1.133626341819763184e+00
1.133626341819763184e+00
4.905020236968994141e+00
5.166861534118652344e+00
4.680468559265136719e+00
1.591261386871337891e+00
1.313912153244018555e+00
1.313912153244018555e+00
4.299538731575012207e-01
9.512594342231750488e-01
1.020548105239868164e+00
1.020548105239868164e+00
1.020548105239868164e+00
1.524507045745849609e+00
1.524507045745849609e+00
9.373581409454345703e-01
9.373581409454345703e-01
9.373581409454345703e-01
6.516841650009155273e-01
6.516841650009155273e-01
6.516841650009155273e-01
6.516841650009155273e-01
6.516841650009155273e-01
6.516841650009155273e-01
6.516841650009155273e-01
6.516841650009155273e-01
6.516841650009155273e-01
6.516841650009155273e-01
6.516841650009155273e-01
6.516841650009155273e-01
8.498452305793762207e-01
8.498452305793762207e-01
8.498452305793762207e-01
8.498452305793762207e-01
8.498452305793762207e-01
8.498452305793762207e-01
8.498452305793762207e-01
8.498452305793762207e-01
8.498452305793762207e-01
8.498452305793762207e-01
8.498452305793762207e-01
8.498452305793762207e-01
8.943548202514648438e-01
8.943548202514648438e-01
3.863504648208618164e+00
2.122353792190551758e+00
1.318620324134826660e+00
1.318620324134826660e+00
5.074173212051391602e-01
5.074173212051391602e-01
5.074173212051391602e-01
5.074173212051391602e-01
2.416136026382446289e+00
6.236818313598632812e+00
7.811182498931884766e+00
5.359207153320312500e+00
4.765361785888671875e+00
3.309640407562255859e+00
2.844661951065063477e+00
2.844661951065063477e+00
1.613739967346191406e+00
9.020891189575195312e-01
9.020891189575195312e-01
9.020891189575195312e-01
9.020891189575195312e-01
9.020891189575195312e-01
9.020891189575195312e-01
4.467575848102569580e-01
4.467575848102569580e-01
4.467575848102569580e-01
1.448953747749328613e+00
5.676353573799133301e-01
5.676353573799133301e-01
5.676353573799133301e-01
1.269842505455017090e+00
1.269842505455017090e+00
1.269842505455017090e+00
1.269842505455017090e+00
1.269842505455017090e+00
1.269842505455017090e+00
1.269842505455017090e+00
4.769452810287475586e-01
4.769452810287475586e-01
4.769452810287475586e-01
4.769452810287475586e-01
4.769452810287475586e-01
4.769452810287475586e-01
4.769452810287475586e-01
4.769452810287475586e-01
4.769452810287475586e-01
4.769452810287475586e-01
4.769452810287475586e-01
4.769452810287475586e-01
4.769452810287475586e-01
4.769452810287475586e-01
4.769452810287475586e-01
4.769452810287475586e-01
4.769452810287475586e-01
4.769452810287475586e-01
4.769452810287475586e-01
4.769452810287475586e-01
4.769452810287475586e-01
4.769452810287475586e-01
4.769452810287475586e-01
1.135013580322265625e+00
1.135013580322265625e+00
1.333640933036804199e+00
1.333640933036804199e+00
1.333640933036804199e+00
2.250128746032714844e+00
2.250128746032714844e+00
2.250128746032714844e+00
2.509795188903808594e+00
2.509795188903808594e+00
2.509795188903808594e+00
2.509795188903808594e+00
2.509795188903808594e+00
1.673797965049743652e+00
1.673797965049743652e+00
1.673797965049743652e+00
1.673797965049743652e+00
1.673797965049743652e+00
5.230324268341064453e-01
5.230324268341064453e-01
8.706316947937011719e-01
8.706316947937011719e-01
8.706316947937011719e-01
5.439766883850097656e+00
9.578066825866699219e+00
9.578066825866699219e+00
5.543051719665527344e+00
2.596827983856201172e+00
2.005255937576293945e+00
2.005255937576293945e+00
2.005255937576293945e+00
2.471713781356811523e+00
2.471713781356811523e+00
2.471713781356811523e+00
2.471713781356811523e+00
4.921355247497558594e+00
4.921355247497558594e+00
4.921355247497558594e+00
4.572410106658935547e+00
5.318141937255859375e+00
5.318141937255859375e+00
6.371778011322021484e+00
5.656613349914550781e+00
5.656613349914550781e+00
3.751828670501708984e+00
9.739556312561035156e-01
9.739556312561035156e-01
9.739556312561035156e-01
9.739556312561035156e-01
1.296255230903625488e+00
1.296255230903625488e+00
1.296255230903625488e+00
1.534150838851928711e+00
1.534150838851928711e+00
1.534150838851928711e+00
1.534150838851928711e+00
5.122346878051757812e-01
5.122346878051757812e-01
5.122346878051757812e-01
5.122346878051757812e-01
1.065389156341552734e+00
8.548231720924377441e-01
8.548231720924377441e-01
8.548231720924377441e-01
5.062752366065979004e-01
5.062752366065979004e-01
5.062752366065979004e-01
5.062752366065979004e-01
5.062752366065979004e-01
5.062752366065979004e-01
1.921517372131347656e+00
1.921517372131347656e+00
1.921517372131347656e+00
1.832258820533752441e+00
1.832258820533752441e+00
1.832258820533752441e+00
1.832258820533752441e+00
1.832258820533752441e+00
1.832258820533752441e+00
1.695961117744445801e+00
1.695961117744445801e+00
1.695961117744445801e+00
1.695961117744445801e+00
1.695961117744445801e+00
1.645748257637023926e+00
1.645748257637023926e+00
2.604729175567626953e+00
2.604729175567626953e+00
4.313390254974365234e+00
6.552278041839599609e+00
6.552278041839599609e+00
6.552278041839599609e+00
6.351073741912841797e+00
6.351073741912841797e+00
6.351073741912841797e+00
4.704681396484375000e+00
4.762137413024902344e+00
3.062601566314697266e+00
3.062601566314697266e+00
3.062601566314697266e+00
3.062601566314697266e+00
3.062601566314697266e+00
2.418356895446777344e+00
4.110009670257568359e+00
3.537105083465576172e+00
5.741081237792968750e-01
5.741081237792968750e-01
5.741081237792968750e-01
5.741081237792968750e-01
5.741081237792968750e-01
5.741081237792968750e-01
5.741081237792968750e-01
5.741081237792968750e-01
5.741081237792968750e-01
5.741081237792968750e-01
5.741081237792968750e-01
5.741081237792968750e-01
5.741081237792968750e-01
5.741081237792968750e-01
5.741081237792968750e-01
5.741081237792968750e-01
5.741081237792968750e-01
5.741081237792968750e-01
5.741081237792968750e-01
7.485231161117553711e-01
7.485231161117553711e-01
7.485231161117553711e-01
1.021196603775024414e+00
1.021196603775024414e+00
1.021196603775024414e+00
1.021196603775024414e+00
1.021196603775024414e+00
1.021196603775024414e+00
1.021196603775024414e+00
1.021196603775024414e+00
1.021196603775024414e+00
1.021196603775024414e+00
4.625359773635864258e-01
4.625359773635864258e-01
4.625359773635864258e-01
1.110200166702270508e+00
1.110200166702270508e+00
1.110200166702270508e+00
1.110200166702270508e+00
1.615164756774902344e+00
1.962802410125732422e+00
2.474573373794555664e+00
2.474573373794555664e+00
2.474573373794555664e+00
2.474573373794555664e+00
2.474573373794555664e+00
4.795343399047851562e+00
4.795343399047851562e+00
6.167049407958984375e-01
6.167049407958984375e-01
6.167049407958984375e-01
6.167049407958984375e-01
6.167049407958984375e-01
6.167049407958984375e-01
1.317297697067260742e+00
1.317297697067260742e+00
1.317297697067260742e+00
1.317297697067260742e+00
1.317297697067260742e+00
6.476250290870666504e-01
6.476250290870666504e-01
6.476250290870666504e-01
6.476250290870666504e-01
4.496894478797912598e-01
4.496894478797912598e-01
4.496894478797912598e-01
4.496894478797912598e-01
4.496894478797912598e-01
4.496894478797912598e-01
4.496894478797912598e-01
4.496894478797912598e-01
4.496894478797912598e-01
4.496894478797912598e-01
4.496894478797912598e-01
4.496894478797912598e-01
4.496894478797912598e-01
1.785542726516723633e+00
2.084714889526367188e+00
2.084714889526367188e+00
2.084714889526367188e+00
1.613217592239379883e+00
7.660073041915893555e-01
7.660073041915893555e-01
7.660073041915893555e-01
1.247338533401489258e+00
1.247338533401489258e+00
1.247338533401489258e+00
1.247338533401489258e+00
1.247338533401489258e+00
1.247338533401489258e+00
1.678216934204101562e+00
1.678216934204101562e+00
1.678216934204101562e+00
1.678216934204101562e+00
1.678216934204101562e+00
9.223100543022155762e-01
9.223100543022155762e-01
9.223100543022155762e-01
9.223100543022155762e-01
9.223100543022155762e-01
6.017330884933471680e-01
1.087116479873657227e+00
1.087116479873657227e+00
1.087116479873657227e+00
1.087116479873657227e+00
1.087116479873657227e+00
1.087116479873657227e+00
1.151644468307495117e+00
3.276712417602539062e+00
3.276712417602539062e+00
3.276712417602539062e+00
2.594670295715332031e+00
1.182805895805358887e+00
6.643754839897155762e-01
6.643754839897155762e-01
6.643754839897155762e-01
1.588884234428405762e+00
1.588884234428405762e+00
1.588884234428405762e+00
1.588884234428405762e+00
1.588884234428405762e+00
1.043128013610839844e+00
1.391713619232177734e+00
1.391713619232177734e+00
1.411705493927001953e+00
1.411705493927001953e+00
1.411705493927001953e+00
1.411705493927001953e+00
1.411705493927001953e+00
1.411705493927001953e+00
1.411705493927001953e+00
1.411705493927001953e+00
1.411705493927001953e+00
1.411705493927001953e+00
1.411705493927001953e+00
1.411705493927001953e+00
4.372977614402770996e-01
4.372977614402770996e-01
4.372977614402770996e-01
4.372977614402770996e-01
4.372977614402770996e-01
4.372977614402770996e-01
4.372977614402770996e-01
2.512417793273925781e+00
6.396838665008544922e+00
3.193044662475585938e-01
2.675914049148559570e+00
2.675914049148559570e+00
5.968608856201171875e-01
5.968608856201171875e-01
5.968608856201171875e-01
5.968608856201171875e-01
5.968608856201171875e-01
5.968608856201171875e-01
5.968608856201171875e-01
5.524240732192993164e-01
5.524240732192993164e-01
8.654736280441284180e-01
8.654736280441284180e-01
8.654736280441284180e-01
8.654736280441284180e-01
8.654736280441284180e-01
4.896344840526580811e-01
4.896344840526580811e-01
4.896344840526580811e-01
1.233311176300048828e+00
1.233311176300048828e+00
7.065550088882446289e-01
7.065550088882446289e-01
7.065550088882446289e-01
7.065550088882446289e-01
7.065550088882446289e-01
7.065550088882446289e-01
7.065550088882446289e-01
7.065550088882446289e-01
7.065550088882446289e-01
7.065550088882446289e-01
7.065550088882446289e-01
7.065550088882446289e-01
7.065550088882446289e-01
7.065550088882446289e-01
7.065550088882446289e-01
7.065550088882446289e-01
7.065550088882446289e-01
2.423856973648071289e+00
2.423856973648071289e+00
3.193986177444458008e+00
3.193986177444458008e+00
1.933630466461181641e+00
1.933630466461181641e+00
1.933630466461181641e+00
1.933630466461181641e+00
1.933630466461181641e+00
1.933630466461181641e+00
1.933630466461181641e+00
2.108675003051757812e+00
2.108675003051757812e+00
2.108675003051757812e+00
8.527232408523559570e-01
8.527232408523559570e-01
8.527232408523559570e-01
8.527232408523559570e-01
8.527232408523559570e-01
8.527232408523559570e-01
8.527232408523559570e-01
8.527232408523559570e-01
1.426457643508911133e+00
9.423055052757263184e-01
9.423055052757263184e-01
9.423055052757263184e-01
9.423055052757263184e-01
9.423055052757263184e-01
9.423055052757263184e-01
9.423055052757263184e-01
5.913432836532592773e-01
4.435607790946960449e-01
1.591423034667968750e+00
1.591423034667968750e+00
1.591423034667968750e+00
1.308217644691467285e+00
1.308217644691467285e+00
4.887379407882690430e-01
4.887379407882690430e-01
1.207244396209716797e+00
1.207244396209716797e+00
1.207244396209716797e+00
1.207244396209716797e+00
1.270955562591552734e+00
1.270955562591552734e+00
1.270955562591552734e+00
1.270955562591552734e+00
1.270955562591552734e+00
1.270955562591552734e+00
1.270955562591552734e+00
1.270955562591552734e+00
1.034194469451904297e+00
1.034194469451904297e+00
1.034194469451904297e+00
1.034194469451904297e+00
1.034194469451904297e+00
1.034194469451904297e+00
4.255959391593933105e-01
4.255959391593933105e-01
4.255959391593933105e-01
6.401758790016174316e-01
6.401758790016174316e-01
4.837849140167236328e-01
4.837849140167236328e-01
4.837849140167236328e-01
6.013253331184387207e-01
6.013253331184387207e-01
6.013253331184387207e-01
6.013253331184387207e-01
2.013566732406616211e+00
1.513282656669616699e+00
1.513282656669616699e+00
2.083595275878906250e+00
2.083595275878906250e+00
2.083595275878906250e+00
2.083595275878906250e+00
2.083595275878906250e+00
2.083595275878906250e+00
2.083595275878906250e+00
2.083595275878906250e+00
2.083595275878906250e+00
2.083595275878906250e+00
3.362322568893432617e+00
1.891564369201660156e+00
4.460048675537109375e-01
4.460048675537109375e-01
4.460048675537109375e-01
4.460048675537109375e-01
4.460048675537109375e-01
4.460048675537109375e-01
4.460048675537109375e-01
4.460048675537109375e-01
4.460048675537109375e-01
4.460048675537109375e-01
4.460048675537109375e-01
4.460048675537109375e-01
7.800793647766113281e-01
7.800793647766113281e-01
7.800793647766113281e-01
7.800793647766113281e-01
6.869118213653564453e-01
6.869118213653564453e-01
6.869118213653564453e-01
6.869118213653564453e-01
6.869118213653564453e-01
1.667964577674865723e+00
1.667964577674865723e+00
1.667964577674865723e+00
1.667964577674865723e+00
1.667964577674865723e+00
1.315338134765625000e+00
1.315338134765625000e+00
1.315338134765625000e+00
1.315338134765625000e+00
1.315338134765625000e+00
8.536235094070434570e-01
8.536235094070434570e-01
8.536235094070434570e-01
7.134001851081848145e-01
1.651900529861450195e+00
2.382846832275390625e+00
4.860193729400634766e+00
2.440809249877929688e+00
2.081365585327148438e+00
2.081365585327148438e+00
2.081365585327148438e+00
2.081365585327148438e+00
2.081365585327148438e+00
2.081365585327148438e+00
2.486228227615356445e+00
1.922024726867675781e+00
1.057106494903564453e+00
2.273401260375976562e+00
2.273401260375976562e+00
2.273401260375976562e+00
2.273401260375976562e+00
2.273401260375976562e+00
1.275597572326660156e+00
1.275597572326660156e+00
1.275597572326660156e+00
1.275597572326660156e+00
1.275597572326660156e+00
1.275597572326660156e+00
1.275597572326660156e+00
1.275597572326660156e+00
1.275597572326660156e+00
1.275597572326660156e+00
1.275597572326660156e+00
2.703129053115844727e+00
2.703129053115844727e+00
2.404939174652099609e+00
3.036283731460571289e+00
3.851193904876708984e+00
3.851193904876708984e+00
5.093929290771484375e+00
1.766794443130493164e+00
1.766794443130493164e+00
1.766794443130493164e+00
1.766794443130493164e+00
3.554225444793701172e+00
1.372295379638671875e+00
1.372295379638671875e+00
1.372295379638671875e+00
1.372295379638671875e+00
1.372295379638671875e+00
1.174942016601562500e+00
4.998136758804321289e-01
4.998136758804321289e-01
4.998136758804321289e-01
4.998136758804321289e-01
4.998136758804321289e-01
4.998136758804321289e-01
4.998136758804321289e-01
4.998136758804321289e-01
4.998136758804321289e-01
4.998136758804321289e-01
4.998136758804321289e-01
4.998136758804321289e-01
4.998136758804321289e-01
5.636007785797119141e-01
5.636007785797119141e-01
5.451406240463256836e-01
5.451406240463256836e-01
5.451406240463256836e-01
5.451406240463256836e-01
5.451406240463256836e-01
5.451406240463256836e-01
5.451406240463256836e-01
5.451406240463256836e-01
5.451406240463256836e-01
5.451406240463256836e-01
5.451406240463256836e-01
8.983186483383178711e-01
8.983186483383178711e-01
8.983186483383178711e-01
8.983186483383178711e-01
8.983186483383178711e-01
8.983186483383178711e-01
8.983186483383178711e-01
8.983186483383178711e-01
1.182898879051208496e+00
2.580718994140625000e+00
6.291707754135131836e-01
6.291707754135131836e-01
6.291707754135131836e-01
6.291707754135131836e-01
6.291707754135131836e-01
6.291707754135131836e-01
6.291707754135131836e-01
6.291707754135131836e-01
6.291707754135131836e-01
6.291707754135131836e-01
6.291707754135131836e-01
6.291707754135131836e-01
7.933776378631591797e-01
7.933776378631591797e-01
7.933776378631591797e-01
7.933776378631591797e-01
7.933776378631591797e-01
7.933776378631591797e-01
7.933776378631591797e-01
7.933776378631591797e-01
7.933776378631591797e-01
7.933776378631591797e-01
2.199453830718994141e+00
2.199453830718994141e+00
2.199453830718994141e+00
2.199453830718994141e+00
2.199453830718994141e+00
2.199453830718994141e+00
2.199453830718994141e+00
8.877931833267211914e-01
1.005936861038208008e+00
1.293359518051147461e+00
1.293359518051147461e+00
1.173058867454528809e+00
1.173058867454528809e+00
1.173058867454528809e+00
1.173058867454528809e+00
8.722189664840698242e-01
8.722189664840698242e-01
8.722189664840698242e-01
8.722189664840698242e-01
8.722189664840698242e-01
8.722189664840698242e-01
8.722189664840698242e-01
8.722189664840698242e-01
5.284873247146606445e-01
5.284873247146606445e-01
5.284873247146606445e-01
5.284873247146606445e-01
5.284873247146606445e-01
1.570812702178955078e+00
1.570812702178955078e+00
3.827291965484619141e+00
6.687176227569580078e-01
6.687176227569580078e-01
6.687176227569580078e-01
6.687176227569580078e-01
6.687176227569580078e-01
6.687176227569580078e-01
6.687176227569580078e-01
6.687176227569580078e-01
6.687176227569580078e-01
6.687176227569580078e-01
6.687176227569580078e-01
6.687176227569580078e-01
7.413326501846313477e-01
7.413326501846313477e-01
7.413326501846313477e-01
7.413326501846313477e-01
7.413326501846313477e-01
7.413326501846313477e-01
7.413326501846313477e-01
7.413326501846313477e-01
7.413326501846313477e-01
1.801574707031250000e+00
1.128323554992675781e+00
1.128323554992675781e+00
1.128323554992675781e+00
1.128323554992675781e+00
1.128323554992675781e+00
1.128323554992675781e+00
1.128323554992675781e+00
1.128323554992675781e+00
1.128323554992675781e+00
1.128323554992675781e+00
1.128323554992675781e+00
1.128323554992675781e+00
1.128323554992675781e+00
8.841975927352905273e-01
8.841975927352905273e-01
8.841975927352905273e-01
8.841975927352905273e-01
8.841975927352905273e-01
8.841975927352905273e-01
8.841975927352905273e-01
8.841975927352905273e-01
8.841975927352905273e-01
8.841975927352905273e-01
6.646775007247924805e-01
6.646775007247924805e-01
6.646775007247924805e-01
6.646775007247924805e-01
6.646775007247924805e-01
6.646775007247924805e-01
6.646775007247924805e-01
6.646775007247924805e-01
1.499484300613403320e+00
1.499484300613403320e+00
1.499484300613403320e+00
1.415067195892333984e+00
1.415067195892333984e+00
1.415067195892333984e+00
1.415067195892333984e+00
9.698928594589233398e-01
5.034540891647338867e-01
5.034540891647338867e-01
5.034540891647338867e-01
5.034540891647338867e-01
5.034540891647338867e-01
5.034540891647338867e-01
3.913410902023315430e-01
3.913410902023315430e-01
3.913410902023315430e-01
2.639643669128417969e+00
4.630429744720458984e-01
4.630429744720458984e-01
4.630429744720458984e-01
4.630429744720458984e-01
4.630429744720458984e-01
4.630429744720458984e-01
4.630429744720458984e-01
4.630429744720458984e-01
4.630429744720458984e-01
4.630429744720458984e-01
4.630429744720458984e-01
4.630429744720458984e-01
4.630429744720458984e-01
4.630429744720458984e-01
1.956464409828186035e+00
1.956464409828186035e+00
7.616653442382812500e-01
7.616653442382812500e-01
7.616653442382812500e-01
7.616653442382812500e-01
7.616653442382812500e-01
7.616653442382812500e-01
7.616653442382812500e-01
2.804095029830932617e+00
9.757648706436157227e-01
9.757648706436157227e-01
9.757648706436157227e-01
9.757648706436157227e-01
9.757648706436157227e-01
9.757648706436157227e-01
9.757648706436157227e-01
9.757648706436157227e-01
9.757648706436157227e-01
9.757648706436157227e-01
9.757648706436157227e-01
9.757648706436157227e-01
9.757648706436157227e-01
9.757648706436157227e-01
5.193642377853393555e-01
5.193642377853393555e-01
5.193642377853393555e-01
5.193642377853393555e-01
5.193642377853393555e-01
5.193642377853393555e-01
5.193642377853393555e-01
5.193642377853393555e-01
5.193642377853393555e-01
5.193642377853393555e-01
6.513928174972534180e-01
6.513928174972534180e-01
6.513928174972534180e-01
6.513928174972534180e-01
6.513928174972534180e-01
4.044899940490722656e+00
4.044899940490722656e+00
5.259711265563964844e+00
4.606799125671386719e+00
3.297786712646484375e-01
8.681353330612182617e-01
7.375661134719848633e-01
7.375661134719848633e-01
7.375661134719848633e-01
1.965912342071533203e+00
3.155214071273803711e+00
3.155214071273803711e+00
5.016473293304443359e+00
5.016473293304443359e+00
5.016473293304443359e+00
3.556884765625000000e+00
3.556884765625000000e+00
3.556884765625000000e+00
3.687214612960815430e+00
3.687214612960815430e+00
4.218814849853515625e+00
4.218814849853515625e+00
4.218814849853515625e+00
3.883944272994995117e+00
3.883944272994995117e+00
3.883944272994995117e+00
2.475366592407226562e+00
2.475366592407226562e+00
2.475366592407226562e+00
2.475366592407226562e+00
2.475366592407226562e+00
2.475366592407226562e+00
2.475366592407226562e+00
2.475366592407226562e+00
2.475366592407226562e+00
6.039965629577636719e+00
5.866652965545654297e+00
3.583050727844238281e+00
3.583050727844238281e+00
3.583050727844238281e+00
2.289221286773681641e+00
1.282933235168457031e+00
1.282933235168457031e+00
1.326260805130004883e+00
1.326260805130004883e+00
1.326260805130004883e+00
1.326260805130004883e+00
7.043886780738830566e-01
7.043886780738830566e-01
7.043886780738830566e-01
7.043886780738830566e-01
7.043886780738830566e-01
7.043886780738830566e-01
7.043886780738830566e-01
7.043886780738830566e-01
7.043886780738830566e-01
7.043886780738830566e-01
7.043886780738830566e-01
7.043886780738830566e-01
7.043886780738830566e-01
7.043886780738830566e-01
7.043886780738830566e-01
7.043886780738830566e-01
7.043886780738830566e-01
7.043886780738830566e-01
1.488162517547607422e+00
1.488162517547607422e+00
9.782927036285400391e-01
9.782927036285400391e-01
9.782927036285400391e-01
9.782927036285400391e-01
9.782927036285400391e-01
9.782927036285400391e-01
9.782927036285400391e-01
9.782927036285400391e-01
9.782927036285400391e-01
9.782927036285400391e-01
9.782927036285400391e-01
9.415766596794128418e-01
9.415766596794128418e-01
5.102354288101196289e-01
1.403926849365234375e+00
1.403926849365234375e+00
1.403926849365234375e+00
1.403926849365234375e+00
1.403926849365234375e+00
1.403926849365234375e+00
1.403926849365234375e+00
6.072849035263061523e-01
6.072849035263061523e-01
6.072849035263061523e-01
6.072849035263061523e-01
6.072849035263061523e-01
6.072849035263061523e-01
6.072849035263061523e-01
6.072849035263061523e-01
6.072849035263061523e-01
6.072849035263061523e-01
6.072849035263061523e-01
6.072849035263061523e-01
5.125735402107238770e-01
5.125735402107238770e-01
5.125735402107238770e-01
5.125735402107238770e-01
5.125735402107238770e-01
5.125735402107238770e-01
5.125735402107238770e-01
5.125735402107238770e-01
5.125735402107238770e-01
5.125735402107238770e-01
5.125735402107238770e-01
5.125735402107238770e-01
5.125735402107238770e-01
5.125735402107238770e-01
5.125735402107238770e-01
5.125735402107238770e-01
5.125735402107238770e-01
1.516731023788452148e+00
1.516731023788452148e+00
1.516731023788452148e+00
7.191723585128784180e-01
5.574446916580200195e-01
1.090275764465332031e+00
1.090275764465332031e+00
1.090275764465332031e+00
1.090275764465332031e+00
1.028413891792297363e+00
1.028413891792297363e+00
6.148756146430969238e-01
6.148756146430969238e-01
9.467892646789550781e-01
9.467892646789550781e-01
9.467892646789550781e-01
7.255046367645263672e-01
7.255046367645263672e-01
7.255046367645263672e-01
7.255046367645263672e-01
7.255046367645263672e-01
7.255046367645263672e-01
7.255046367645263672e-01
7.255046367645263672e-01
7.255046367645263672e-01
7.255046367645263672e-01
7.255046367645263672e-01
7.255046367645263672e-01
7.255046367645263672e-01
7.255046367645263672e-01
7.255046367645263672e-01
7.255046367645263672e-01
7.255046367645263672e-01
7.255046367645263672e-01
7.255046367645263672e-01
7.255046367645263672e-01
7.255046367645263672e-01
7.255046367645263672e-01
7.255046367645263672e-01
7.255046367645263672e-01
5.929892063140869141e-01
5.929892063140869141e-01
5.929892063140869141e-01
5.929892063140869141e-01
5.929892063140869141e-01
5.929892063140869141e-01
5.929892063140869141e-01
5.929892063140869141e-01
5.929892063140869141e-01
1.551762104034423828e+00
2.905318260192871094e+00
1.945014595985412598e+00
1.945014595985412598e+00
1.945014595985412598e+00
1.945014595985412598e+00
1.945014595985412598e+00
2.220242261886596680e+00
2.220242261886596680e+00
2.220242261886596680e+00
2.220242261886596680e+00
2.220242261886596680e+00
2.220242261886596680e+00
2.220242261886596680e+00
2.220242261886596680e+00
8.317836523056030273e-01
3.897415637969970703e+00
1.178561449050903320e+00
1.178561449050903320e+00
1.178561449050903320e+00
1.178561449050903320e+00
1.178561449050903320e+00
1.178561449050903320e+00
1.178561449050903320e+00
1.178561449050903320e+00
1.178561449050903320e+00
1.178561449050903320e+00
1.725853681564331055e+00
3.140155792236328125e+00
2.875452041625976562e+00
1.981973052024841309e+00
1.981973052024841309e+00
1.981973052024841309e+00
1.981973052024841309e+00
1.981973052024841309e+00
2.011024951934814453e+00
3.140522003173828125e+00
2.060925006866455078e+00
2.060925006866455078e+00
5.815911293029785156e-01
5.815911293029785156e-01
5.815911293029785156e-01
5.815911293029785156e-01
5.815911293029785156e-01
5.815911293029785156e-01
5.815911293029785156e-01
5.815911293029785156e-01
5.815911293029785156e-01
7.422870397567749023e-01
7.422870397567749023e-01
4.531758129596710205e-01
4.531758129596710205e-01
4.531758129596710205e-01
4.531758129596710205e-01
4.531758129596710205e-01
1.096613168716430664e+00
1.096613168716430664e+00
1.096613168716430664e+00
9.552301168441772461e-01
9.552301168441772461e-01
9.552301168441772461e-01
9.552301168441772461e-01
9.552301168441772461e-01
9.552301168441772461e-01
9.552301168441772461e-01
9.552301168441772461e-01
9.552301168441772461e-01
9.552301168441772461e-01
9.552301168441772461e-01
9.552301168441772461e-01
9.552301168441772461e-01
9.552301168441772461e-01
9.552301168441772461e-01
9.552301168441772461e-01
9.552301168441772461e-01
9.552301168441772461e-01
9.552301168441772461e-01
9.552301168441772461e-01
9.552301168441772461e-01
9.552301168441772461e-01
9.552301168441772461e-01
9.552301168441772461e-01
9.552301168441772461e-01
9.552301168441772461e-01
9.552301168441772461e-01
9.552301168441772461e-01
9.552301168441772461e-01
9.552301168441772461e-01
9.552301168441772461e-01
6.618529558181762695e-01
6.618529558181762695e-01
6.618529558181762695e-01
6.493565440177917480e-01
6.493565440177917480e-01
1.371657133102416992e+00
1.371657133102416992e+00
1.371657133102416992e+00
5.283456444740295410e-01
5.283456444740295410e-01
5.283456444740295410e-01
5.283456444740295410e-01
5.283456444740295410e-01
5.283456444740295410e-01
1.605678558349609375e+00
1.309034824371337891e+00
1.309034824371337891e+00
1.309034824371337891e+00
1.309034824371337891e+00
1.032797813415527344e+00
1.032797813415527344e+00
1.032797813415527344e+00
4.898038506507873535e-01
4.898038506507873535e-01
4.898038506507873535e-01
4.898038506507873535e-01
4.898038506507873535e-01
4.898038506507873535e-01
4.898038506507873535e-01
1.027945756912231445e+00
1.027945756912231445e+00
1.027945756912231445e+00
1.027945756912231445e+00
1.027945756912231445e+00
1.027945756912231445e+00
1.027945756912231445e+00
1.027945756912231445e+00
1.027945756912231445e+00
1.027945756912231445e+00
1.075695991516113281e+00
1.075695991516113281e+00
1.075695991516113281e+00
7.791219949722290039e-01
7.791219949722290039e-01
7.791219949722290039e-01
7.791219949722290039e-01
7.791219949722290039e-01
7.791219949722290039e-01
3.959643840789794922e+00
2.972526550292968750e-01
4.495617389678955078e+00
3.114997863769531250e+00
2.099979639053344727e+00
2.509317636489868164e+00
8.528087139129638672e-01
8.528087139129638672e-01
8.528087139129638672e-01
8.528087139129638672e-01
8.528087139129638672e-01
8.528087139129638672e-01
8.528087139129638672e-01
8.528087139129638672e-01
8.528087139129638672e-01
6.632611751556396484e-01
6.632611751556396484e-01
6.632611751556396484e-01
6.632611751556396484e-01
6.632611751556396484e-01
6.632611751556396484e-01
6.632611751556396484e-01
6.632611751556396484e-01
6.632611751556396484e-01
6.632611751556396484e-01
5.677240490913391113e-01
5.677240490913391113e-01
5.677240490913391113e-01
5.677240490913391113e-01
5.677240490913391113e-01
5.677240490913391113e-01
5.677240490913391113e-01
5.677240490913391113e-01
5.677240490913391113e-01
5.677240490913391113e-01
5.677240490913391113e-01
5.677240490913391113e-01
5.677240490913391113e-01
5.677240490913391113e-01
5.677240490913391113e-01
5.677240490913391113e-01
5.677240490913391113e-01
1.234640836715698242e+00
1.234640836715698242e+00
1.234640836715698242e+00
1.791826486587524414e+00
2.708026409149169922e+00
2.708026409149169922e+00
5.010691165924072266e+00
5.010691165924072266e+00
3.881310224533081055e+00
3.881310224533081055e+00
3.584372043609619141e+00
3.584372043609619141e+00
2.554167509078979492e+00
2.366957902908325195e+00
2.594496965408325195e+00
2.594496965408325195e+00
2.594496965408325195e+00
2.594496965408325195e+00
2.594496965408325195e+00
1.770508766174316406e+00
1.770508766174316406e+00
1.248566150665283203e+00
1.248566150665283203e+00
1.248566150665283203e+00
1.248566150665283203e+00
1.248566150665283203e+00
1.248566150665283203e+00
1.248566150665283203e+00
1.248566150665283203e+00
1.248566150665283203e+00
1.248566150665283203e+00
1.248566150665283203e+00
1.248566150665283203e+00
1.248566150665283203e+00
2.480413913726806641e+00
2.480413913726806641e+00
2.480413913726806641e+00
2.480413913726806641e+00
2.480413913726806641e+00
3.331913948059082031e+00
3.331913948059082031e+00
3.331913948059082031e+00
3.907395124435424805e+00
4.883494377136230469e+00
2.677072525024414062e+00
2.677072525024414062e+00
7.003413438796997070e-01
7.003413438796997070e-01
7.003413438796997070e-01
7.003413438796997070e-01
7.003413438796997070e-01
7.003413438796997070e-01
7.003413438796997070e-01
7.003413438796997070e-01
7.003413438796997070e-01
7.003413438796997070e-01
7.003413438796997070e-01
7.003413438796997070e-01
2.770405769348144531e+00
2.770405769348144531e+00
3.949584007263183594e+00
3.949584007263183594e+00
3.773962974548339844e+00
3.773962974548339844e+00
3.773962974548339844e+00
4.067017078399658203e+00
3.818394422531127930e+00
3.441699266433715820e+00
3.441699266433715820e+00
3.441699266433715820e+00
3.121922731399536133e+00
3.121922731399536133e+00
2.098596096038818359e+00
2.098596096038818359e+00
7.585020065307617188e-01
7.585020065307617188e-01
7.585020065307617188e-01
7.585020065307617188e-01
7.585020065307617188e-01
7.585020065307617188e-01
7.585020065307617188e-01
7.585020065307617188e-01
7.585020065307617188e-01
7.585020065307617188e-01
7.585020065307617188e-01
7.585020065307617188e-01
7.585020065307617188e-01
7.585020065307617188e-01
7.585020065307617188e-01
7.585020065307617188e-01
8.584943413734436035e-01
8.584943413734436035e-01
8.584943413734436035e-01
1.757786870002746582e+00
9.439551830291748047e-01
9.439551830291748047e-01
9.439551830291748047e-01
9.439551830291748047e-01
9.439551830291748047e-01
1.235216617584228516e+00
1.235216617584228516e+00
1.235216617584228516e+00
1.235216617584228516e+00
1.235216617584228516e+00
1.235216617584228516e+00
1.235216617584228516e+00
1.235216617584228516e+00
1.235216617584228516e+00
1.235216617584228516e+00
7.572224140167236328e-01
7.572224140167236328e-01
7.572224140167236328e-01
7.572224140167236328e-01
7.572224140167236328e-01
6.391703486442565918e-01
6.391703486442565918e-01
6.391703486442565918e-01
6.391703486442565918e-01
6.391703486442565918e-01
6.391703486442565918e-01
6.391703486442565918e-01
6.391703486442565918e-01
6.391703486442565918e-01
6.391703486442565918e-01
6.391703486442565918e-01
6.391703486442565918e-01
6.391703486442565918e-01
6.391703486442565918e-01
6.391703486442565918e-01
6.391703486442565918e-01
6.391703486442565918e-01
6.391703486442565918e-01
6.391703486442565918e-01
6.391703486442565918e-01
3.955997943878173828e+00
4.236727237701416016e+00
7.468398094177246094e+00
7.468398094177246094e+00
3.353187561035156250e+00
3.353187561035156250e+00
3.353187561035156250e+00
3.353187561035156250e+00
3.353187561035156250e+00
3.353187561035156250e+00
1.461379528045654297e+00
1.461379528045654297e+00
1.461379528045654297e+00
3.756326198577880859e+00
3.271111249923706055e+00
3.006274461746215820e+00
2.648350715637207031e+00
1.821785688400268555e+00
1.821785688400268555e+00
1.821785688400268555e+00
8.179382085800170898e-01
8.179382085800170898e-01
8.909472227096557617e-01
8.909472227096557617e-01
8.909472227096557617e-01
8.909472227096557617e-01
8.909472227096557617e-01
8.909472227096557617e-01
8.909472227096557617e-01
8.909472227096557617e-01
8.909472227096557617e-01
8.909472227096557617e-01
8.909472227096557617e-01
8.909472227096557617e-01
1.547749519348144531e+00
1.547749519348144531e+00
1.547749519348144531e+00
1.547749519348144531e+00
3.461421728134155273e+00
3.439192533493041992e+00
3.439192533493041992e+00
3.439192533493041992e+00
1.533689618110656738e+00
1.533689618110656738e+00
1.533689618110656738e+00
1.524069309234619141e+00
1.524069309234619141e+00
1.524069309234619141e+00
1.524069309234619141e+00
1.524069309234619141e+00
1.524069309234619141e+00
1.721603870391845703e+00
1.721603870391845703e+00
1.721603870391845703e+00
1.721603870391845703e+00
1.721603870391845703e+00
1.721603870391845703e+00
1.153396606445312500e+00
1.153396606445312500e+00
1.153396606445312500e+00
1.153396606445312500e+00
7.898014783859252930e-01
9.538915753364562988e-01
9.538915753364562988e-01
9.538915753364562988e-01
9.538915753364562988e-01
9.538915753364562988e-01
9.538915753364562988e-01
9.538915753364562988e-01
1.122030019760131836e+00
1.122030019760131836e+00
1.122030019760131836e+00
1.122030019760131836e+00
1.122030019760131836e+00
1.122030019760131836e+00
1.122030019760131836e+00
1.122030019760131836e+00
1.122030019760131836e+00
1.122030019760131836e+00
1.122030019760131836e+00
1.122030019760131836e+00
1.122030019760131836e+00
1.122030019760131836e+00
7.522313594818115234e-01
7.522313594818115234e-01
7.522313594818115234e-01
7.522313594818115234e-01
7.522313594818115234e-01
7.522313594818115234e-01
2.616840362548828125e+00
2.781167030334472656e+00
1.081112980842590332e+00
8.094112873077392578e-01
8.094112873077392578e-01
8.094112873077392578e-01
8.094112873077392578e-01
8.094112873077392578e-01
1.155656218528747559e+00
1.155656218528747559e+00
1.155656218528747559e+00
1.155656218528747559e+00
1.155656218528747559e+00
1.155656218528747559e+00
1.155656218528747559e+00
1.155656218528747559e+00
1.155656218528747559e+00
1.308386325836181641e+00
2.523145198822021484e+00
2.523145198822021484e+00
2.523145198822021484e+00
2.523145198822021484e+00
6.654132604598999023e-01
6.654132604598999023e-01
6.654132604598999023e-01
6.654132604598999023e-01
6.654132604598999023e-01
6.382690072059631348e-01
6.382690072059631348e-01
6.382690072059631348e-01
6.382690072059631348e-01
6.382690072059631348e-01
4.450272917747497559e-01
4.450272917747497559e-01
4.450272917747497559e-01
4.450272917747497559e-01
4.450272917747497559e-01
4.450272917747497559e-01
5.897512435913085938e-01
5.049496889114379883e-01
5.049496889114379883e-01
5.049496889114379883e-01
5.049496889114379883e-01
5.049496889114379883e-01
5.049496889114379883e-01
5.049496889114379883e-01
5.049496889114379883e-01
5.049496889114379883e-01
7.167544364929199219e-01
2.015075206756591797e+00
1.239797353744506836e+00
1.239797353744506836e+00
1.239797353744506836e+00
1.239797353744506836e+00
1.239797353744506836e+00
1.239797353744506836e+00
1.239797353744506836e+00
1.239797353744506836e+00
1.239797353744506836e+00
1.239797353744506836e+00
1.239797353744506836e+00
1.239797353744506836e+00
1.239797353744506836e+00
1.239797353744506836e+00
1.239797353744506836e+00
1.239797353744506836e+00
1.557911157608032227e+00
1.557911157608032227e+00
1.557911157608032227e+00
1.557911157608032227e+00
1.766049265861511230e+00
5.665438175201416016e+00
5.665438175201416016e+00
5.665438175201416016e+00
5.665438175201416016e+00
7.547301769256591797e+00
7.547301769256591797e+00
7.547301769256591797e+00
7.547301769256591797e+00
8.324894905090332031e+00
7.432705402374267578e+00
3.314573764801025391e+00
3.314573764801025391e+00
6.152462482452392578e+00
2.983631134033203125e+00
2.616556167602539062e+00
3.479606151580810547e+00
3.479606151580810547e+00
3.479606151580810547e+00
3.479606151580810547e+00
3.479606151580810547e+00
1.654471874237060547e+00
1.654471874237060547e+00
1.654471874237060547e+00
7.256845235824584961e-01
7.256845235824584961e-01
7.901067733764648438e-01
1.554973125457763672e+00
1.476713657379150391e+00
1.476713657379150391e+00
1.408564567565917969e+00
1.408564567565917969e+00
1.408564567565917969e+00
1.408564567565917969e+00
1.408564567565917969e+00
1.408564567565917969e+00
1.408564567565917969e+00
1.408564567565917969e+00
1.408564567565917969e+00
1.408564567565917969e+00
4.932627081871032715e-01
1.390106320381164551e+00
1.390106320381164551e+00
1.390106320381164551e+00
1.390106320381164551e+00
1.390106320381164551e+00
8.130156993865966797e-01
8.130156993865966797e-01
8.130156993865966797e-01
8.130156993865966797e-01
1.760682463645935059e+00
1.760682463645935059e+00
1.760682463645935059e+00
1.760682463645935059e+00
1.760682463645935059e+00
2.749879360198974609e+00
3.041586875915527344e+00
3.041586875915527344e+00
3.041586875915527344e+00
2.988028526306152344e+00
1.121791243553161621e+00
2.015733242034912109e+00
2.015733242034912109e+00
2.015733242034912109e+00
2.015733242034912109e+00
2.015733242034912109e+00
2.088106870651245117e+00
2.088106870651245117e+00
2.088106870651245117e+00
2.088106870651245117e+00
1.678908944129943848e+00
1.678908944129943848e+00
1.597970247268676758e+00
1.597970247268676758e+00
1.597970247268676758e+00
1.597970247268676758e+00
1.597970247268676758e+00
2.462654352188110352e+00
2.462654352188110352e+00
2.462654352188110352e+00
2.462654352188110352e+00
3.180414676666259766e+00
1.889502286911010742e+00
1.889502286911010742e+00
1.889502286911010742e+00
1.889502286911010742e+00
3.231456279754638672e+00
2.167030811309814453e+00
2.167030811309814453e+00
2.201474905014038086e+00
6.566721916198730469e+00
6.566721916198730469e+00
6.566721916198730469e+00
5.016463279724121094e+00
5.878892898559570312e+00
5.433487892150878906e+00
2.331975698471069336e+00
2.331975698471069336e+00
2.331975698471069336e+00
7.817558050155639648e-01
7.817558050155639648e-01
7.817558050155639648e-01
7.817558050155639648e-01
7.817558050155639648e-01
7.817558050155639648e-01
7.817558050155639648e-01
7.817558050155639648e-01
7.817558050155639648e-01
7.817558050155639648e-01
7.817558050155639648e-01
7.817558050155639648e-01
7.817558050155639648e-01
1.179460644721984863e+00
1.179460644721984863e+00
1.179460644721984863e+00
1.179460644721984863e+00
1.179460644721984863e+00
1.179460644721984863e+00
1.179460644721984863e+00
1.179460644721984863e+00
1.179460644721984863e+00
5.049482583999633789e-01
5.049482583999633789e-01
5.049482583999633789e-01
5.049482583999633789e-01
5.049482583999633789e-01
5.049482583999633789e-01
5.049482583999633789e-01
5.049482583999633789e-01
5.049482583999633789e-01
9.089460968971252441e-01
9.089460968971252441e-01
2.423818588256835938e+00
7.612291574478149414e-01
7.612291574478149414e-01
7.612291574478149414e-01
7.612291574478149414e-01
7.612291574478149414e-01
7.612291574478149414e-01
7.612291574478149414e-01
7.612291574478149414e-01
7.612291574478149414e-01
7.612291574478149414e-01
7.612291574478149414e-01
7.612291574478149414e-01
7.612291574478149414e-01
7.612291574478149414e-01
7.751848101615905762e-01
7.449499368667602539e-01
7.449499368667602539e-01
7.449499368667602539e-01
7.449499368667602539e-01
7.449499368667602539e-01
7.449499368667602539e-01
2.455345869064331055e+00
2.455345869064331055e+00
2.455345869064331055e+00
1.727294921875000000e+00
1.727294921875000000e+00
1.727294921875000000e+00
1.727294921875000000e+00
8.206979632377624512e-01
8.206979632377624512e-01
8.206979632377624512e-01
8.206979632377624512e-01
1.528361916542053223e+00
1.528361916542053223e+00
6.586102843284606934e-01
6.586102843284606934e-01
6.586102843284606934e-01
1.377912878990173340e+00
9.647866487503051758e-01
9.647866487503051758e-01
9.647866487503051758e-01
9.647866487503051758e-01
9.647866487503051758e-01
9.647866487503051758e-01
9.647866487503051758e-01
1.010029315948486328e+00
1.010029315948486328e+00
1.010029315948486328e+00
1.010029315948486328e+00
1.010029315948486328e+00
1.010029315948486328e+00
1.010029315948486328e+00
2.464162111282348633e+00
3.123805046081542969e+00
8.580286502838134766e-01
8.580286502838134766e-01
8.580286502838134766e-01
8.580286502838134766e-01
8.580286502838134766e-01
8.580286502838134766e-01
5.914440155029296875e-01
5.914440155029296875e-01
5.914440155029296875e-01
3.284932076930999756e-01
3.284932076930999756e-01
3.284932076930999756e-01
3.284932076930999756e-01
3.284932076930999756e-01
2.940876483917236328e+00
2.940876483917236328e+00
1.737165570259094238e+00
3.793085098266601562e+00
3.793085098266601562e+00
3.793085098266601562e+00
1.314818620681762695e+00
5.615186691284179688e-01
5.615186691284179688e-01
5.615186691284179688e-01
5.615186691284179688e-01
5.615186691284179688e-01
5.615186691284179688e-01
5.615186691284179688e-01
5.615186691284179688e-01
5.615186691284179688e-01
5.615186691284179688e-01
5.615186691284179688e-01
5.615186691284179688e-01
5.615186691284179688e-01
5.615186691284179688e-01
6.574058532714843750e-01
6.574058532714843750e-01
6.574058532714843750e-01
6.574058532714843750e-01
6.574058532714843750e-01
6.574058532714843750e-01
6.574058532714843750e-01
6.574058532714843750e-01
6.574058532714843750e-01
6.574058532714843750e-01
6.574058532714843750e-01
6.574058532714843750e-01
6.574058532714843750e-01
6.574058532714843750e-01
6.574058532714843750e-01
6.574058532714843750e-01
6.574058532714843750e-01
6.574058532714843750e-01
1.514004707336425781e+00
1.514004707336425781e+00
1.514004707336425781e+00
1.514004707336425781e+00
1.514004707336425781e+00
1.514004707336425781e+00
1.514004707336425781e+00
2.217398643493652344e+00
2.217398643493652344e+00
1.069544196128845215e+00
1.069544196128845215e+00
1.069544196128845215e+00
1.069544196128845215e+00
1.069544196128845215e+00
1.069544196128845215e+00
1.069544196128845215e+00
1.069544196128845215e+00
7.617469429969787598e-01
7.617469429969787598e-01
7.617469429969787598e-01
4.946388900279998779e-01
4.946388900279998779e-01
4.946388900279998779e-01
4.946388900279998779e-01
4.946388900279998779e-01
6.313149333000183105e-01
6.313149333000183105e-01
6.313149333000183105e-01
6.313149333000183105e-01
6.313149333000183105e-01
6.313149333000183105e-01
6.313149333000183105e-01
6.313149333000183105e-01
6.313149333000183105e-01
6.313149333000183105e-01
6.313149333000183105e-01
6.313149333000183105e-01
6.313149333000183105e-01
6.313149333000183105e-01
6.313149333000183105e-01
6.313149333000183105e-01
6.313149333000183105e-01
6.313149333000183105e-01
6.313149333000183105e-01
6.313149333000183105e-01
6.313149333000183105e-01
6.313149333000183105e-01
6.313149333000183105e-01
6.313149333000183105e-01
2.372793912887573242e+00
1.121904253959655762e+00
1.121904253959655762e+00
1.121904253959655762e+00
1.121904253959655762e+00
1.121904253959655762e+00
1.121904253959655762e+00
1.871186971664428711e+00
2.266566514968872070e+00
3.800231456756591797e+00
4.281967639923095703e+00
4.281967639923095703e+00
3.863030910491943359e+00
2.087752342224121094e+00
2.087752342224121094e+00
2.087752342224121094e+00
2.065634489059448242e+00
2.065634489059448242e+00
2.065634489059448242e+00
2.065634489059448242e+00
2.065634489059448242e+00
8.295435905456542969e-01
8.295435905456542969e-01
8.295435905456542969e-01
8.259316682815551758e-01
8.259316682815551758e-01
7.843919992446899414e-01
7.843919992446899414e-01
7.843919992446899414e-01
7.843919992446899414e-01
1.800454020500183105e+00
1.800454020500183105e+00
1.995074748992919922e+00
1.995074748992919922e+00
2.821127414703369141e+00
2.821127414703369141e+00
2.821127414703369141e+00
3.289309740066528320e+00
3.289309740066528320e+00
4.947309494018554688e-01
4.947309494018554688e-01
4.947309494018554688e-01
4.947309494018554688e-01
1.169330358505249023e+00
1.169330358505249023e+00
1.169330358505249023e+00
1.169330358505249023e+00
1.169330358505249023e+00
9.774979352951049805e-01
9.774979352951049805e-01
9.774979352951049805e-01
9.774979352951049805e-01
9.774979352951049805e-01
9.774979352951049805e-01
9.774979352951049805e-01
2.749919414520263672e+00
2.749919414520263672e+00
2.749919414520263672e+00
7.727724313735961914e-01
7.727724313735961914e-01
7.727724313735961914e-01
7.727724313735961914e-01
7.727724313735961914e-01
7.727724313735961914e-01
7.727724313735961914e-01
7.727724313735961914e-01
7.727724313735961914e-01
7.727724313735961914e-01
7.727724313735961914e-01
7.727724313735961914e-01
7.727724313735961914e-01
7.727724313735961914e-01
7.727724313735961914e-01
6.950118541717529297e-01
6.950118541717529297e-01
6.950118541717529297e-01
6.950118541717529297e-01
6.950118541717529297e-01
6.950118541717529297e-01
6.950118541717529297e-01
6.950118541717529297e-01
6.950118541717529297e-01
6.950118541717529297e-01
6.950118541717529297e-01
1.162310600280761719e+00
1.162310600280761719e+00
1.029938578605651855e+00
1.029938578605651855e+00
1.029938578605651855e+00
1.029938578605651855e+00
1.419759750366210938e+00
1.419759750366210938e+00
1.419759750366210938e+00
1.419759750366210938e+00
1.419759750366210938e+00
1.040603756904602051e+00
1.040603756904602051e+00
1.040603756904602051e+00
1.040603756904602051e+00
1.361067771911621094e+00
1.361067771911621094e+00
1.361067771911621094e+00
1.361067771911621094e+00
1.361067771911621094e+00
1.361067771911621094e+00
1.361067771911621094e+00
9.844366312026977539e-01
9.844366312026977539e-01
9.844366312026977539e-01
9.844366312026977539e-01
2.104189395904541016e+00
2.104189395904541016e+00
1.007821798324584961e+00
1.007821798324584961e+00
1.007821798324584961e+00
1.007821798324584961e+00
1.007821798324584961e+00
1.007821798324584961e+00
2.205270767211914062e+00
1.427324533462524414e+00
1.427324533462524414e+00
1.427324533462524414e+00
1.427324533462524414e+00
7.235116958618164062e+00
8.249805450439453125e+00
9.092107772827148438e+00
2.881572246551513672e+00
2.881572246551513672e+00
6.988956928253173828e-01
6.988956928253173828e-01
6.988956928253173828e-01
6.988956928253173828e-01
6.988956928253173828e-01
6.988956928253173828e-01
7.122026681900024414e-01
7.122026681900024414e-01
1.356518268585205078e+00
1.395656585693359375e+00
1.395656585693359375e+00
1.395656585693359375e+00
9.639608860015869141e-01
9.639608860015869141e-01
9.639608860015869141e-01
9.639608860015869141e-01
5.631843209266662598e-01
5.631843209266662598e-01
5.631843209266662598e-01
5.631843209266662598e-01
5.631843209266662598e-01
9.606400728225708008e-01
9.606400728225708008e-01
9.606400728225708008e-01
9.606400728225708008e-01
1.248049020767211914e+00
1.248049020767211914e+00
1.248049020767211914e+00
1.248049020767211914e+00
1.248049020767211914e+00
1.248049020767211914e+00
1.248049020767211914e+00
1.248049020767211914e+00
1.248049020767211914e+00
1.248049020767211914e+00
1.248049020767211914e+00
1.248049020767211914e+00
3.682971954345703125e+00
3.682971954345703125e+00
3.682971954345703125e+00
3.682971954345703125e+00
3.258829355239868164e+00
2.464630603790283203e+00
3.419683456420898438e+00
3.673253297805786133e+00
3.673253297805786133e+00
5.899009227752685547e+00
7.655331134796142578e+00
5.238837242126464844e+00
4.380075454711914062e+00
4.313745021820068359e+00
4.313745021820068359e+00
1.833928823471069336e+00
1.833928823471069336e+00
1.833928823471069336e+00
1.833928823471069336e+00
1.833928823471069336e+00
1.833928823471069336e+00
1.833928823471069336e+00
1.364657998085021973e+00
1.364657998085021973e+00
1.364657998085021973e+00
1.364657998085021973e+00
1.364657998085021973e+00
6.671847701072692871e-01
6.671847701072692871e-01
6.671847701072692871e-01
6.671847701072692871e-01
6.671847701072692871e-01
6.671847701072692871e-01
6.671847701072692871e-01
6.671847701072692871e-01
6.671847701072692871e-01
6.671847701072692871e-01
5.681536197662353516e-01
5.681536197662353516e-01
5.681536197662353516e-01
1.111083507537841797e+00
1.111083507537841797e+00
1.111083507537841797e+00
1.111083507537841797e+00
1.127447485923767090e+00
1.127447485923767090e+00
1.127447485923767090e+00
1.127447485923767090e+00
1.127447485923767090e+00
1.127447485923767090e+00
1.127447485923767090e+00
1.127447485923767090e+00
1.127447485923767090e+00
1.127447485923767090e+00
1.127447485923767090e+00
1.127447485923767090e+00
1.922457695007324219e+00
1.060570240020751953e+00
1.060570240020751953e+00
6.545777320861816406e-01
6.545777320861816406e-01
6.545777320861816406e-01
6.545777320861816406e-01
5.742245316505432129e-01
5.742245316505432129e-01
5.742245316505432129e-01
5.742245316505432129e-01
5.742245316505432129e-01
6.037117242813110352e-01
6.037117242813110352e-01
6.037117242813110352e-01
6.037117242813110352e-01
6.037117242813110352e-01
6.037117242813110352e-01
6.037117242813110352e-01
6.037117242813110352e-01
6.818631887435913086e-01
6.818631887435913086e-01
6.818631887435913086e-01
6.818631887435913086e-01
6.818631887435913086e-01
6.410932540893554688e-01
1.384898781776428223e+00
2.947352409362792969e+00
3.477487087249755859e+00
1.205153226852416992e+00
2.365764141082763672e+00
2.365764141082763672e+00
2.365764141082763672e+00
1.253188729286193848e+00
1.253188729286193848e+00
1.253188729286193848e+00
1.253188729286193848e+00
1.253188729286193848e+00
1.253188729286193848e+00
1.253188729286193848e+00
1.253188729286193848e+00
1.253188729286193848e+00
1.253188729286193848e+00
1.253188729286193848e+00
1.253188729286193848e+00
1.253188729286193848e+00
1.253188729286193848e+00
1.253188729286193848e+00
1.253188729286193848e+00
1.977761387825012207e+00
1.977761387825012207e+00
1.977761387825012207e+00
1.977761387825012207e+00
6.347017288208007812e-01
6.347017288208007812e-01
6.347017288208007812e-01
6.347017288208007812e-01
6.347017288208007812e-01
6.347017288208007812e-01
6.347017288208007812e-01
6.347017288208007812e-01
6.347017288208007812e-01
6.347017288208007812e-01
6.347017288208007812e-01
6.347017288208007812e-01
1.941212415695190430e+00
9.797325134277343750e-01
9.797325134277343750e-01
9.797325134277343750e-01
9.797325134277343750e-01
9.797325134277343750e-01
9.797325134277343750e-01
9.797325134277343750e-01
6.807339787483215332e-01
6.807339787483215332e-01
1.744546890258789062e+00
1.744546890258789062e+00
1.744546890258789062e+00
4.750145673751831055e-01
9.892529845237731934e-01
9.892529845237731934e-01
9.892529845237731934e-01
9.892529845237731934e-01
9.892529845237731934e-01
4.333351254463195801e-01
4.333351254463195801e-01
4.683589458465576172e+00
8.643178939819335938e+00
4.272478103637695312e+00
3.697416305541992188e+00
2.281420707702636719e+00
2.281420707702636719e+00
2.600697278976440430e+00
2.600697278976440430e+00
2.600697278976440430e+00
3.494381904602050781e+00
3.494381904602050781e+00
3.494381904602050781e+00
3.494381904602050781e+00
3.494381904602050781e+00
3.494381904602050781e+00
3.494381904602050781e+00
3.545683622360229492e+00
3.545683622360229492e+00
3.720679283142089844e+00
3.134645700454711914e+00
3.134645700454711914e+00
2.964089393615722656e+00
3.100590229034423828e+00
1.468840360641479492e+00
1.468840360641479492e+00
4.353677034378051758e-01
4.353677034378051758e-01
4.353677034378051758e-01
4.353677034378051758e-01
2.681939601898193359e+00
2.681939601898193359e+00
2.681939601898193359e+00
2.681939601898193359e+00
7.010438442230224609e-01
7.010438442230224609e-01
7.010438442230224609e-01
7.010438442230224609e-01
7.010438442230224609e-01
7.010438442230224609e-01
7.010438442230224609e-01
7.010438442230224609e-01
7.010438442230224609e-01
7.010438442230224609e-01
6.198008656501770020e-01
6.198008656501770020e-01
6.198008656501770020e-01
6.198008656501770020e-01
6.198008656501770020e-01
6.198008656501770020e-01
6.198008656501770020e-01
6.198008656501770020e-01
6.198008656501770020e-01
6.198008656501770020e-01
6.198008656501770020e-01
6.256152391433715820e-01
6.256152391433715820e-01
6.256152391433715820e-01
6.306496262550354004e-01
6.306496262550354004e-01
6.306496262550354004e-01
6.306496262550354004e-01
6.306496262550354004e-01
6.306496262550354004e-01
6.306496262550354004e-01
6.306496262550354004e-01
6.306496262550354004e-01
6.306496262550354004e-01
6.306496262550354004e-01
6.306496262550354004e-01
6.306496262550354004e-01
6.306496262550354004e-01
1.306326150894165039e+00
3.382766008377075195e+00
3.302215337753295898e+00
3.863462448120117188e+00
2.362646102905273438e+00
2.362646102905273438e+00
7.978000640869140625e-01
1.140181660652160645e+00
1.140181660652160645e+00
1.158449172973632812e+00
7.188056707382202148e-01
8.696511983871459961e-01
8.696511983871459961e-01
8.047057390213012695e-01
8.047057390213012695e-01
8.047057390213012695e-01
8.047057390213012695e-01
8.047057390213012695e-01
7.999539375305175781e-01
7.999539375305175781e-01
7.999539375305175781e-01
7.999539375305175781e-01
7.999539375305175781e-01
7.999539375305175781e-01
7.201115489006042480e-01
7.201115489006042480e-01
7.201115489006042480e-01
7.201115489006042480e-01
7.201115489006042480e-01
7.201115489006042480e-01
7.201115489006042480e-01
7.201115489006042480e-01
7.201115489006042480e-01
7.201115489006042480e-01
7.201115489006042480e-01
7.201115489006042480e-01
7.201115489006042480e-01
7.201115489006042480e-01
7.201115489006042480e-01
7.201115489006042480e-01
7.201115489006042480e-01
7.201115489006042480e-01
7.201115489006042480e-01
7.201115489006042480e-01
1.363440513610839844e+00
1.363440513610839844e+00
1.363440513610839844e+00
1.363440513610839844e+00
1.272646188735961914e+00
8.663914203643798828e-01
8.663914203643798828e-01
8.663914203643798828e-01
8.663914203643798828e-01
8.663914203643798828e-01
9.791795015335083008e-01
9.791795015335083008e-01
9.791795015335083008e-01
1.907653093338012695e+00
1.018877267837524414e+00
1.018877267837524414e+00
1.039955854415893555e+00
1.039955854415893555e+00
1.039955854415893555e+00
1.039955854415893555e+00
1.039955854415893555e+00
1.039955854415893555e+00
1.039955854415893555e+00
5.450553894042968750e-01
5.450553894042968750e-01
5.450553894042968750e-01
5.450553894042968750e-01
5.450553894042968750e-01
1.248005151748657227e+00
1.248005151748657227e+00
1.248005151748657227e+00
1.248005151748657227e+00
9.678898453712463379e-01
9.678898453712463379e-01
1.506719112396240234e+00
1.506719112396240234e+00
1.506719112396240234e+00
1.506719112396240234e+00
1.506719112396240234e+00
4.038063287734985352e-01
4.038063287734985352e-01
4.038063287734985352e-01
4.038063287734985352e-01
4.038063287734985352e-01
4.038063287734985352e-01
4.038063287734985352e-01
4.038063287734985352e-01
1.633077621459960938e+00
8.539837598800659180e-01
8.539837598800659180e-01
8.539837598800659180e-01
4.067112803459167480e-01
4.067112803459167480e-01
4.067112803459167480e-01
4.067112803459167480e-01
4.067112803459167480e-01
4.067112803459167480e-01
4.067112803459167480e-01
4.067112803459167480e-01
8.312323093414306641e-01
8.312323093414306641e-01
6.722425222396850586e-01
6.722425222396850586e-01
5.819036960601806641e-01
8.271765708923339844e-01
8.271765708923339844e-01
8.271765708923339844e-01
8.271765708923339844e-01
8.271765708923339844e-01
5.729831457138061523e-01
5.729831457138061523e-01
5.729831457138061523e-01
5.729831457138061523e-01
5.729831457138061523e-01
5.729831457138061523e-01
5.729831457138061523e-01
5.729831457138061523e-01
5.729831457138061523e-01
5.729831457138061523e-01
5.729831457138061523e-01
5.729831457138061523e-01
5.729831457138061523e-01
5.729831457138061523e-01
1.004067659378051758e+00
1.004067659378051758e+00
1.004067659378051758e+00
1.004067659378051758e+00
1.004067659378051758e+00
1.004067659378051758e+00
1.004067659378051758e+00
1.004067659378051758e+00
1.004067659378051758e+00
1.004067659378051758e+00
1.004067659378051758e+00
1.004067659378051758e+00
1.004067659378051758e+00
1.004067659378051758e+00
1.004067659378051758e+00
1.004067659378051758e+00
1.004067659378051758e+00
1.004067659378051758e+00
1.004067659378051758e+00
1.004067659378051758e+00
1.150889396667480469e+00
1.150889396667480469e+00
9.039027690887451172e-01
1.581392288208007812e+00
1.581392288208007812e+00
1.581392288208007812e+00
1.581392288208007812e+00
1.581392288208007812e+00
1.923046350479125977e+00
1.923046350479125977e+00
1.507537961006164551e+00
1.683687686920166016e+00
1.683687686920166016e+00
1.683687686920166016e+00
5.552911758422851562e-01
5.552911758422851562e-01
5.552911758422851562e-01
5.552911758422851562e-01
5.552911758422851562e-01
5.552911758422851562e-01
5.552911758422851562e-01
5.552911758422851562e-01
5.552911758422851562e-01
5.552911758422851562e-01
5.552911758422851562e-01
5.818172693252563477e-01
5.818172693252563477e-01
5.818172693252563477e-01
7.341842651367187500e-01
7.382617592811584473e-01
7.382617592811584473e-01
7.382617592811584473e-01
7.382617592811584473e-01
7.382617592811584473e-01
7.382617592811584473e-01
7.382617592811584473e-01
7.382617592811584473e-01
7.382617592811584473e-01
7.382617592811584473e-01
7.382617592811584473e-01
7.382617592811584473e-01
7.382617592811584473e-01
7.382617592811584473e-01
7.382617592811584473e-01
7.382617592811584473e-01
7.382617592811584473e-01
7.382617592811584473e-01
7.382617592811584473e-01
7.382617592811584473e-01
7.382617592811584473e-01
7.382617592811584473e-01
7.382617592811584473e-01
7.382617592811584473e-01
7.382617592811584473e-01
7.382617592811584473e-01
7.382617592811584473e-01
7.382617592811584473e-01
7.382617592811584473e-01
7.382617592811584473e-01
7.382617592811584473e-01
7.382617592811584473e-01
7.382617592811584473e-01
2.148825168609619141e+00
2.656881332397460938e+00
5.926103591918945312e-01
5.926103591918945312e-01
5.926103591918945312e-01
1.337904453277587891e+00
6.926131844520568848e-01
6.926131844520568848e-01
6.926131844520568848e-01
6.926131844520568848e-01
6.926131844520568848e-01
6.926131844520568848e-01
2.955945134162902832e-01
2.955945134162902832e-01
1.345588684082031250e+00
1.155573368072509766e+00
1.155573368072509766e+00
1.081501483917236328e+00
1.081501483917236328e+00
1.081501483917236328e+00
1.081501483917236328e+00
1.081501483917236328e+00
1.081501483917236328e+00
1.081501483917236328e+00
1.081501483917236328e+00
1.081501483917236328e+00
1.081501483917236328e+00
1.081501483917236328e+00
1.081501483917236328e+00
1.081501483917236328e+00
1.081501483917236328e+00
1.753118872642517090e+00
1.753118872642517090e+00
1.753118872642517090e+00
1.753118872642517090e+00
1.753118872642517090e+00
1.753118872642517090e+00
1.753118872642517090e+00
2.423026323318481445e+00
3.194172859191894531e+00
3.194172859191894531e+00
3.194172859191894531e+00
3.194172859191894531e+00
3.194172859191894531e+00
3.194172859191894531e+00
2.254977703094482422e+00
1.726240873336791992e+00
3.105536460876464844e+00
2.260089874267578125e+00
2.260089874267578125e+00
2.260089874267578125e+00
2.260089874267578125e+00
2.260089874267578125e+00
2.260089874267578125e+00
3.573593378067016602e+00
3.573593378067016602e+00
3.573593378067016602e+00
3.128132820129394531e+00
3.128132820129394531e+00
4.682178974151611328e+00
4.682178974151611328e+00
3.351895809173583984e+00
7.094886779785156250e+00
6.475916385650634766e+00
3.350142717361450195e+00
3.350142717361450195e+00
3.214159965515136719e+00
3.701728582382202148e+00
3.701728582382202148e+00
1.728874683380126953e+00
1.669727802276611328e+00
1.303693771362304688e+00
1.303693771362304688e+00
1.688215851783752441e+00
1.078955650329589844e+00
1.078955650329589844e+00
1.078955650329589844e+00
1.078955650329589844e+00
1.308353543281555176e+00
1.308353543281555176e+00
1.308353543281555176e+00
1.308353543281555176e+00
1.308353543281555176e+00
1.308353543281555176e+00
1.308353543281555176e+00
1.308353543281555176e+00
1.272253155708312988e+00
1.272253155708312988e+00
1.272253155708312988e+00
6.111122369766235352e-01
2.859371662139892578e+00
2.840096950531005859e+00
2.840096950531005859e+00
2.770824909210205078e+00
1.406983733177185059e+00
1.406983733177185059e+00
1.406983733177185059e+00
1.406983733177185059e+00
1.406983733177185059e+00
1.406983733177185059e+00
1.406983733177185059e+00
1.406983733177185059e+00
9.773142337799072266e-01
9.773142337799072266e-01
9.773142337799072266e-01
9.773142337799072266e-01
9.747022986412048340e-01
9.747022986412048340e-01
9.747022986412048340e-01
9.747022986412048340e-01
9.747022986412048340e-01
9.747022986412048340e-01
9.747022986412048340e-01
9.747022986412048340e-01
9.747022986412048340e-01
6.089926362037658691e-01
6.089926362037658691e-01
6.089926362037658691e-01
6.089926362037658691e-01
6.089926362037658691e-01
5.993838310241699219e-01
5.993838310241699219e-01
5.993838310241699219e-01
5.993838310241699219e-01
1.007104754447937012e+00
1.912144184112548828e+00
1.912144184112548828e+00
5.726915359497070312e+00
