2.759360790252685547e+00
1.646345853805541992e+00
1.646345853805541992e+00
2.174674272537231445e+00
2.703542947769165039e+00
3.061857700347900391e+00
3.061857700347900391e+00
3.061857700347900391e+00
3.061857700347900391e+00
3.061857700347900391e+00
3.061857700347900391e+00
3.061857700347900391e+00
3.014783382415771484e+00
3.588078022003173828e+00
3.588078022003173828e+00
3.588078022003173828e+00
5.169916152954101562e+00
5.964279651641845703e+00
5.964279651641845703e+00
6.278319358825683594e-01
6.278319358825683594e-01
6.278319358825683594e-01
1.846422314643859863e+00
1.846422314643859863e+00
1.846422314643859863e+00
1.846422314643859863e+00
1.846422314643859863e+00
1.846422314643859863e+00
1.846422314643859863e+00
1.846422314643859863e+00
1.852326512336730957e+00
1.852326512336730957e+00
1.852326512336730957e+00
1.852326512336730957e+00
1.852326512336730957e+00
1.852326512336730957e+00
1.852326512336730957e+00
1.852326512336730957e+00
1.852326512336730957e+00
1.852326512336730957e+00
1.852326512336730957e+00
1.852326512336730957e+00
1.852326512336730957e+00
2.904433727264404297e+00
2.904433727264404297e+00
3.213219404220581055e+00
3.213219404220581055e+00
1.292275309562683105e+00
1.292275309562683105e+00
1.292275309562683105e+00
1.756176471710205078e+00
1.756176471710205078e+00
2.010335922241210938e+00
2.394931793212890625e+00
2.394931793212890625e+00
2.394931793212890625e+00
2.394931793212890625e+00
3.162669658660888672e+00
3.162669658660888672e+00
3.162669658660888672e+00
4.130796432495117188e+00
4.130796432495117188e+00
4.130796432495117188e+00
3.312791347503662109e+00
1.546369194984436035e+00
2.433724641799926758e+00
2.433724641799926758e+00
2.433724641799926758e+00
2.554434537887573242e+00
3.910211563110351562e+00
3.867909908294677734e+00
4.614754676818847656e+00
4.069957733154296875e+00
4.312737464904785156e+00
4.312737464904785156e+00
4.312737464904785156e+00
2.827162027359008789e+00
2.827162027359008789e+00
2.827162027359008789e+00
3.894286632537841797e+00
3.894286632537841797e+00
5.495019912719726562e+00
5.862750053405761719e+00
3.089987993240356445e+00
2.390759706497192383e+00
2.390759706497192383e+00
2.390759706497192383e+00
2.464312076568603516e+00
2.464312076568603516e+00
2.464312076568603516e+00
2.464312076568603516e+00
2.464312076568603516e+00
2.464312076568603516e+00
2.464312076568603516e+00
2.464312076568603516e+00
2.464312076568603516e+00
2.464312076568603516e+00
2.464312076568603516e+00
2.480245351791381836e+00
2.480245351791381836e+00
1.910192370414733887e+00
1.910192370414733887e+00
1.910192370414733887e+00
4.725726604461669922e+00
5.207371711730957031e+00
3.131993293762207031e+00
2.808237791061401367e+00
2.808237791061401367e+00
3.302993297576904297e+00
4.664305686950683594e+00
2.884262561798095703e+00
2.884262561798095703e+00
2.884262561798095703e+00
1.160740137100219727e+00
1.171824812889099121e+00
1.171824812889099121e+00
1.171824812889099121e+00
1.171824812889099121e+00
1.171824812889099121e+00
1.171824812889099121e+00
1.171824812889099121e+00
1.171824812889099121e+00
1.171824812889099121e+00
1.171824812889099121e+00
1.171824812889099121e+00
1.171824812889099121e+00
1.171824812889099121e+00
1.171824812889099121e+00
1.171824812889099121e+00
1.171824812889099121e+00
6.644684672355651855e-01
6.644684672355651855e-01
6.644684672355651855e-01
1.723338127136230469e+00
1.723338127136230469e+00
1.723338127136230469e+00
2.118857383728027344e+00
2.118857383728027344e+00
2.118857383728027344e+00
2.118857383728027344e+00
2.118857383728027344e+00
2.118857383728027344e+00
1.664978504180908203e+00
1.664978504180908203e+00
1.664978504180908203e+00
1.566063761711120605e+00
1.547382354736328125e+00
1.547382354736328125e+00
1.547382354736328125e+00
1.547382354736328125e+00
1.547382354736328125e+00
3.120722532272338867e+00
3.120722532272338867e+00
8.912451267242431641e-01
8.912451267242431641e-01
2.079138755798339844e+00
2.079138755798339844e+00
2.079138755798339844e+00
2.079138755798339844e+00
2.079138755798339844e+00
1.095354318618774414e+00
7.653878927230834961e-01
7.653878927230834961e-01
7.653878927230834961e-01
7.653878927230834961e-01
7.653878927230834961e-01
1.006526947021484375e+00
1.006526947021484375e+00
1.006526947021484375e+00
1.006526947021484375e+00
1.006526947021484375e+00
1.006526947021484375e+00
1.006526947021484375e+00
1.006526947021484375e+00
6.877811551094055176e-01
6.877811551094055176e-01
6.877811551094055176e-01
6.877811551094055176e-01
1.879039287567138672e+00
1.178621530532836914e+00
1.249290347099304199e+00
1.249290347099304199e+00
1.870270729064941406e+00
1.870270729064941406e+00
1.870270729064941406e+00
1.870270729064941406e+00
4.484945535659790039e-01
4.534759521484375000e+00
4.534759521484375000e+00
4.534759521484375000e+00
4.534759521484375000e+00
3.545939207077026367e+00
3.545939207077026367e+00
3.481003284454345703e+00
3.481003284454345703e+00
5.234735012054443359e-01
5.234735012054443359e-01
5.234735012054443359e-01
5.234735012054443359e-01
5.234735012054443359e-01
5.234735012054443359e-01
5.234735012054443359e-01
5.234735012054443359e-01
8.050934076309204102e-01
2.710207700729370117e+00
2.833683967590332031e+00
2.833683967590332031e+00
3.148911476135253906e+00
5.363922119140625000e-01
1.686745405197143555e+00
1.686745405197143555e+00
1.686745405197143555e+00
1.910897493362426758e+00
1.910897493362426758e+00
2.649584293365478516e+00
2.649584293365478516e+00
2.649584293365478516e+00
2.443206548690795898e+00
1.301224827766418457e+00
1.301224827766418457e+00
1.301224827766418457e+00
1.301224827766418457e+00
1.301224827766418457e+00
1.301224827766418457e+00
1.301224827766418457e+00
1.301224827766418457e+00
1.301224827766418457e+00
1.141330599784851074e+00
1.252314925193786621e+00
1.252314925193786621e+00
1.252314925193786621e+00
1.252314925193786621e+00
1.252314925193786621e+00
1.957365751266479492e+00
1.957365751266479492e+00
1.957365751266479492e+00
8.520624637603759766e-01
8.520624637603759766e-01
1.124209403991699219e+00
3.938498497009277344e-01
1.566569805145263672e+00
1.539474606513977051e+00
1.539474606513977051e+00
1.539474606513977051e+00
1.061565399169921875e+00
1.061565399169921875e+00
1.061565399169921875e+00
9.219868183135986328e-01
9.219868183135986328e-01
9.219868183135986328e-01
9.219868183135986328e-01
9.219868183135986328e-01
9.219868183135986328e-01
2.343902349472045898e+00
2.343902349472045898e+00
2.343902349472045898e+00
1.185725927352905273e+00
1.185725927352905273e+00
1.185725927352905273e+00
1.185725927352905273e+00
1.185725927352905273e+00
1.185725927352905273e+00
1.185725927352905273e+00
1.185725927352905273e+00
1.185725927352905273e+00
1.185725927352905273e+00
1.185725927352905273e+00
1.185725927352905273e+00
1.185725927352905273e+00
1.185725927352905273e+00
1.185725927352905273e+00
1.209745645523071289e+00
6.010169029235839844e+00
5.230519294738769531e+00
5.230519294738769531e+00
5.230519294738769531e+00
5.230519294738769531e+00
1.153589248657226562e+00
1.153589248657226562e+00
1.153589248657226562e+00
1.153589248657226562e+00
8.826768398284912109e-01
8.826768398284912109e-01
8.826768398284912109e-01
8.826768398284912109e-01
8.826768398284912109e-01
8.826768398284912109e-01
8.826768398284912109e-01
8.826768398284912109e-01
8.826768398284912109e-01
8.826768398284912109e-01
8.826768398284912109e-01
8.826768398284912109e-01
8.826768398284912109e-01
8.826768398284912109e-01
8.826768398284912109e-01
8.826768398284912109e-01
8.826768398284912109e-01
8.826768398284912109e-01
6.226882934570312500e+00
6.505674839019775391e+00
7.758226871490478516e+00
7.758226871490478516e+00
7.758226871490478516e+00
6.547822952270507812e+00
6.547822952270507812e+00
6.547822952270507812e+00
6.171291351318359375e+00
6.171291351318359375e+00
6.171291351318359375e+00
6.171291351318359375e+00
6.171291351318359375e+00
6.471426010131835938e+00
7.392644882202148438e+00
7.158101081848144531e+00
7.019373416900634766e+00
7.920532226562500000e-01
7.920532226562500000e-01
7.920532226562500000e-01
7.920532226562500000e-01
7.920532226562500000e-01
7.920532226562500000e-01
7.920532226562500000e-01
7.920532226562500000e-01
7.920532226562500000e-01
7.920532226562500000e-01
7.920532226562500000e-01
7.920532226562500000e-01
7.920532226562500000e-01
7.920532226562500000e-01
7.920532226562500000e-01
1.775141477584838867e+00
1.775141477584838867e+00
1.775141477584838867e+00
1.775141477584838867e+00
1.775141477584838867e+00
1.775141477584838867e+00
1.775141477584838867e+00
1.816530585289001465e+00
1.816530585289001465e+00
1.816530585289001465e+00
2.099318981170654297e+00
1.574014902114868164e+00
1.574014902114868164e+00
1.574014902114868164e+00
9.104638099670410156e-01
3.126405000686645508e+00
3.126405000686645508e+00
3.851284503936767578e+00
1.460560798645019531e+00
1.460560798645019531e+00
2.004836559295654297e+00
2.004836559295654297e+00
1.370715737342834473e+00
1.370715737342834473e+00
6.063969731330871582e-01
6.063969731330871582e-01
6.063969731330871582e-01
6.063969731330871582e-01
6.063969731330871582e-01
1.426800012588500977e+00
1.426800012588500977e+00
1.426800012588500977e+00
1.426800012588500977e+00
1.426800012588500977e+00
1.426800012588500977e+00
1.426800012588500977e+00
1.426800012588500977e+00
1.426800012588500977e+00
1.426800012588500977e+00
1.426800012588500977e+00
1.426800012588500977e+00
1.426800012588500977e+00
1.426800012588500977e+00
1.426800012588500977e+00
1.426800012588500977e+00
1.426800012588500977e+00
1.426800012588500977e+00
1.426800012588500977e+00
1.426800012588500977e+00
1.426800012588500977e+00
1.426800012588500977e+00
1.474870324134826660e+00
1.474870324134826660e+00
4.681551933288574219e+00
2.801109075546264648e+00
1.933076858520507812e+00
1.933076858520507812e+00
1.056977629661560059e+00
1.056977629661560059e+00
1.056977629661560059e+00
1.056977629661560059e+00
3.118393898010253906e+00
3.118393898010253906e+00
3.118393898010253906e+00
4.702601432800292969e-01
4.702601432800292969e-01
4.702601432800292969e-01
4.702601432800292969e-01
4.702601432800292969e-01
4.702601432800292969e-01
4.702601432800292969e-01
1.964513421058654785e+00
6.351176500320434570e-01
6.351176500320434570e-01
6.351176500320434570e-01
6.351176500320434570e-01
6.351176500320434570e-01
6.351176500320434570e-01
6.351176500320434570e-01
6.351176500320434570e-01
3.648978233337402344e+00
2.072078227996826172e+00
2.035795211791992188e+00
2.035795211791992188e+00
2.035795211791992188e+00
2.248704433441162109e+00
6.337009668350219727e-01
6.337009668350219727e-01
1.392084717750549316e+00
1.392084717750549316e+00
1.392084717750549316e+00
1.392084717750549316e+00
1.392084717750549316e+00
1.392084717750549316e+00
1.392084717750549316e+00
1.392084717750549316e+00
1.392084717750549316e+00
1.392084717750549316e+00
1.392084717750549316e+00
1.392084717750549316e+00
1.392084717750549316e+00
1.392084717750549316e+00
4.637120366096496582e-01
4.637120366096496582e-01
3.844696521759033203e+00
3.844696521759033203e+00
3.844696521759033203e+00
8.960754871368408203e-01
8.960754871368408203e-01
8.960754871368408203e-01
8.960754871368408203e-01
8.960754871368408203e-01
8.960754871368408203e-01
8.960754871368408203e-01
8.960754871368408203e-01
8.960754871368408203e-01
8.960754871368408203e-01
8.960754871368408203e-01
2.085013151168823242e+00
2.299530744552612305e+00
2.299530744552612305e+00
1.207779526710510254e+00
2.197586536407470703e+00
2.197586536407470703e+00
2.197586536407470703e+00
2.478026390075683594e+00
2.478026390075683594e+00
2.478026390075683594e+00
2.478026390075683594e+00
2.478026390075683594e+00
1.575149297714233398e+00
1.575149297714233398e+00
1.575149297714233398e+00
1.575149297714233398e+00
1.575149297714233398e+00
1.575149297714233398e+00
1.575149297714233398e+00
1.575149297714233398e+00
1.575149297714233398e+00
1.575149297714233398e+00
1.326383113861083984e+00
1.326383113861083984e+00
1.021423101425170898e+00
1.021423101425170898e+00
1.021423101425170898e+00
1.021423101425170898e+00
1.021423101425170898e+00
1.021423101425170898e+00
1.525197505950927734e+00
1.525197505950927734e+00
1.525197505950927734e+00
1.525197505950927734e+00
4.170810222625732422e+00
4.170810222625732422e+00
4.170810222625732422e+00
3.793949604034423828e+00
4.599339962005615234e+00
6.417274951934814453e+00
6.682088851928710938e+00
6.522807121276855469e+00
9.559755325317382812e-01
3.151894569396972656e+00
3.151894569396972656e+00
1.094727039337158203e+00
1.094727039337158203e+00
1.928922057151794434e+00
1.928922057151794434e+00
1.928922057151794434e+00
1.928922057151794434e+00
1.928922057151794434e+00
5.197314023971557617e-01
5.197314023971557617e-01
5.197314023971557617e-01
5.197314023971557617e-01
1.288024067878723145e+00
1.288024067878723145e+00
1.288024067878723145e+00
1.288024067878723145e+00
1.288024067878723145e+00
1.288024067878723145e+00
1.060612797737121582e+00
1.060612797737121582e+00
1.060612797737121582e+00
6.841810345649719238e-01
6.841810345649719238e-01
6.841810345649719238e-01
6.841810345649719238e-01
6.841810345649719238e-01
6.841810345649719238e-01
2.212642431259155273e+00
2.212642431259155273e+00
2.212642431259155273e+00
2.212642431259155273e+00
3.134014129638671875e+00
3.134014129638671875e+00
3.134014129638671875e+00
3.134014129638671875e+00
3.134014129638671875e+00
2.986812591552734375e+00
2.396188735961914062e+00
2.523962020874023438e+00
2.523962020874023438e+00
3.694250822067260742e+00
3.640020847320556641e+00
3.640020847320556641e+00
4.675720214843750000e+00
4.675720214843750000e+00
4.675720214843750000e+00
3.566653251647949219e+00
3.623732566833496094e+00
3.623732566833496094e+00
3.623732566833496094e+00
3.406432151794433594e+00
3.406432151794433594e+00
3.406432151794433594e+00
1.628328323364257812e+00
1.690380811691284180e+00
1.690380811691284180e+00
1.690380811691284180e+00
1.739914536476135254e+00
1.739914536476135254e+00
2.852217674255371094e+00
2.852217674255371094e+00
2.852217674255371094e+00
2.156433343887329102e+00
2.156433343887329102e+00
2.156433343887329102e+00
2.156433343887329102e+00
2.156433343887329102e+00
2.156433343887329102e+00
2.156433343887329102e+00
9.126470088958740234e-01
9.126470088958740234e-01
9.126470088958740234e-01
9.126470088958740234e-01
2.635825634002685547e+00
2.635825634002685547e+00
2.635825634002685547e+00
2.635825634002685547e+00
1.173283576965332031e+00
1.173283576965332031e+00
7.447772026062011719e-01
7.447772026062011719e-01
7.447772026062011719e-01
7.447772026062011719e-01
1.597554445266723633e+00
1.597554445266723633e+00
1.597554445266723633e+00
1.785922646522521973e+00
1.785922646522521973e+00
1.785922646522521973e+00
1.785922646522521973e+00
1.785922646522521973e+00
1.785922646522521973e+00
1.785922646522521973e+00
2.213778018951416016e+00
2.213778018951416016e+00
2.213778018951416016e+00
2.213778018951416016e+00
2.213778018951416016e+00
2.213778018951416016e+00
1.610424518585205078e+00
6.659372448921203613e-01
6.659372448921203613e-01
1.597474932670593262e+00
1.597474932670593262e+00
1.597474932670593262e+00
7.410945892333984375e-01
1.286456346511840820e+00
1.661905050277709961e+00
2.214617729187011719e+00
2.214617729187011719e+00
2.214617729187011719e+00
2.214617729187011719e+00
2.214617729187011719e+00
2.214617729187011719e+00
2.214617729187011719e+00
2.214617729187011719e+00
2.214617729187011719e+00
2.214617729187011719e+00
2.599074125289916992e+00
2.599074125289916992e+00
2.599074125289916992e+00
2.288576126098632812e+00
3.045216321945190430e+00
3.045216321945190430e+00
3.045216321945190430e+00
2.055717468261718750e+00
2.055717468261718750e+00
1.332470893859863281e+00
1.280036568641662598e+00
1.280036568641662598e+00
1.280036568641662598e+00
1.280036568641662598e+00
1.066266059875488281e+00
1.066266059875488281e+00
1.066266059875488281e+00
1.066266059875488281e+00
7.415877580642700195e-01
7.415877580642700195e-01
7.415877580642700195e-01
7.415877580642700195e-01
7.415877580642700195e-01
7.415877580642700195e-01
7.415877580642700195e-01
7.415877580642700195e-01
7.415877580642700195e-01
2.184309482574462891e+00
2.507415294647216797e+00
2.507415294647216797e+00
2.507415294647216797e+00
1.998198151588439941e+00
1.083211064338684082e+00
1.083211064338684082e+00
1.083211064338684082e+00
1.603048801422119141e+00
1.603048801422119141e+00
1.603048801422119141e+00
1.603048801422119141e+00
1.603048801422119141e+00
1.603048801422119141e+00
1.603048801422119141e+00
2.068397521972656250e+00
1.619099497795104980e+00
1.619099497795104980e+00
1.619099497795104980e+00
1.619099497795104980e+00
8.027200698852539062e-01
8.027200698852539062e-01
8.027200698852539062e-01
8.027200698852539062e-01
8.027200698852539062e-01
8.027200698852539062e-01
1.326934218406677246e+00
1.326934218406677246e+00
1.326934218406677246e+00
1.326934218406677246e+00
1.326934218406677246e+00
1.326934218406677246e+00
1.396624445915222168e+00
1.396624445915222168e+00
1.396624445915222168e+00
1.396624445915222168e+00
6.600188612937927246e-01
6.600188612937927246e-01
6.600188612937927246e-01
5.391951799392700195e-01
5.391951799392700195e-01
5.391951799392700195e-01
5.391951799392700195e-01
9.502077102661132812e-01
9.502077102661132812e-01
9.502077102661132812e-01
9.502077102661132812e-01
9.502077102661132812e-01
9.502077102661132812e-01
9.717988967895507812e-01
9.717988967895507812e-01
9.717988967895507812e-01
9.717988967895507812e-01
9.717988967895507812e-01
9.717988967895507812e-01
9.717988967895507812e-01
9.717988967895507812e-01
9.717988967895507812e-01
9.717988967895507812e-01
9.717988967895507812e-01
1.990593433380126953e+00
9.382331371307373047e-01
9.382331371307373047e-01
9.382331371307373047e-01
9.382331371307373047e-01
9.382331371307373047e-01
9.382331371307373047e-01
9.382331371307373047e-01
9.382331371307373047e-01
9.382331371307373047e-01
9.382331371307373047e-01
9.382331371307373047e-01
1.424306988716125488e+00
1.424306988716125488e+00
1.424306988716125488e+00
1.424306988716125488e+00
1.424306988716125488e+00
3.540585994720458984e+00
3.540585994720458984e+00
3.540585994720458984e+00
3.540585994720458984e+00
2.002523422241210938e+00
1.969614148139953613e+00
2.492236137390136719e+00
2.492236137390136719e+00
8.133533477783203125e+00
8.133533477783203125e+00
7.138523578643798828e+00
2.000228881835937500e+00
2.000228881835937500e+00
2.000228881835937500e+00
2.000228881835937500e+00
2.803399801254272461e+00
2.803399801254272461e+00
2.234503269195556641e+00
2.234503269195556641e+00
2.234503269195556641e+00
2.234503269195556641e+00
2.234503269195556641e+00
2.234503269195556641e+00
2.234503269195556641e+00
1.813756465911865234e+00
1.813756465911865234e+00
1.813756465911865234e+00
2.732797384262084961e+00
2.098005771636962891e+00
2.098005771636962891e+00
2.098005771636962891e+00
2.098005771636962891e+00
2.098005771636962891e+00
2.098005771636962891e+00
3.952692031860351562e+00
3.952692031860351562e+00
4.784431457519531250e+00
4.784431457519531250e+00
3.423247337341308594e+00
3.423247337341308594e+00
3.423247337341308594e+00
3.423247337341308594e+00
3.423247337341308594e+00
1.096273899078369141e+00
1.096273899078369141e+00
1.096273899078369141e+00
1.096273899078369141e+00
1.096273899078369141e+00
1.096273899078369141e+00
1.096273899078369141e+00
1.096273899078369141e+00
1.096273899078369141e+00
1.096273899078369141e+00
1.096273899078369141e+00
1.096273899078369141e+00
1.096273899078369141e+00
1.096273899078369141e+00
1.715907096862792969e+00
1.193022727966308594e+00
1.193022727966308594e+00
1.193022727966308594e+00
1.193022727966308594e+00
1.193022727966308594e+00
1.193022727966308594e+00
1.193022727966308594e+00
8.139835596084594727e-01
6.543784737586975098e-01
1.894069671630859375e+00
2.401494979858398438e+00
2.401494979858398438e+00
2.401494979858398438e+00
1.952905058860778809e+00
3.870849609375000000e-01
1.163071870803833008e+00
1.163071870803833008e+00
1.163071870803833008e+00
1.163071870803833008e+00
1.231879949569702148e+00
1.231879949569702148e+00
1.231879949569702148e+00
1.231879949569702148e+00
1.231879949569702148e+00
1.231879949569702148e+00
1.231879949569702148e+00
1.231879949569702148e+00
9.761779308319091797e-01
9.761779308319091797e-01
9.761779308319091797e-01
9.761779308319091797e-01
9.761779308319091797e-01
9.761779308319091797e-01
9.761779308319091797e-01
9.761779308319091797e-01
9.761779308319091797e-01
9.761779308319091797e-01
8.072757124900817871e-01
8.072757124900817871e-01
8.072757124900817871e-01
8.072757124900817871e-01
8.072757124900817871e-01
8.072757124900817871e-01
8.072757124900817871e-01
8.072757124900817871e-01
2.332496404647827148e+00
1.792189598083496094e+00
1.792189598083496094e+00
2.408127307891845703e+00
2.408127307891845703e+00
2.408127307891845703e+00
2.408127307891845703e+00
2.408127307891845703e+00
2.408127307891845703e+00
2.408127307891845703e+00
2.408127307891845703e+00
2.408127307891845703e+00
2.828198194503784180e+00
1.239779353141784668e+00
1.239779353141784668e+00
1.239779353141784668e+00
1.239779353141784668e+00
1.239779353141784668e+00
1.239779353141784668e+00
1.616137742996215820e+00
1.154879808425903320e+00
1.154879808425903320e+00
1.154879808425903320e+00
1.154879808425903320e+00
1.154879808425903320e+00
1.154879808425903320e+00
1.149022340774536133e+00
2.143585920333862305e+00
2.143585920333862305e+00
2.143585920333862305e+00
2.143585920333862305e+00
2.042964935302734375e+00
2.042964935302734375e+00
2.042964935302734375e+00
2.042964935302734375e+00
3.195861339569091797e+00
3.195861339569091797e+00
3.195861339569091797e+00
3.195861339569091797e+00
3.195861339569091797e+00
3.195861339569091797e+00
3.195861339569091797e+00
3.195861339569091797e+00
3.195861339569091797e+00
3.195861339569091797e+00
2.697209596633911133e+00
2.697209596633911133e+00
1.155844569206237793e+00
1.155844569206237793e+00
1.155844569206237793e+00
2.100692987442016602e+00
2.100692987442016602e+00
2.100692987442016602e+00
1.712493896484375000e+00
1.712493896484375000e+00
1.712493896484375000e+00
1.712493896484375000e+00
1.712493896484375000e+00
1.712493896484375000e+00
2.149745464324951172e+00
1.540405750274658203e+00
1.540405750274658203e+00
2.854003906250000000e+00
2.854003906250000000e+00
2.854003906250000000e+00
2.854003906250000000e+00
1.402007102966308594e+00
1.402007102966308594e+00
1.402007102966308594e+00
1.402007102966308594e+00
1.402007102966308594e+00
7.435819506645202637e-01
7.435819506645202637e-01
7.435819506645202637e-01
7.435819506645202637e-01
7.435819506645202637e-01
7.435819506645202637e-01
7.435819506645202637e-01
7.435819506645202637e-01
7.435819506645202637e-01
1.425434112548828125e+00
2.305537223815917969e+00
2.305537223815917969e+00
1.522810935974121094e+00
1.522810935974121094e+00
1.522810935974121094e+00
1.522810935974121094e+00
1.522810935974121094e+00
5.365307807922363281e+00
3.181080818176269531e+00
2.743574142456054688e+00
6.979825496673583984e-01
6.979825496673583984e-01
6.979825496673583984e-01
6.979825496673583984e-01
6.979825496673583984e-01
4.848409891128540039e-01
4.848409891128540039e-01
4.848409891128540039e-01
4.848409891128540039e-01
4.848409891128540039e-01
4.848409891128540039e-01
2.765105724334716797e+00
2.765105724334716797e+00
2.765105724334716797e+00
1.980778574943542480e+00
1.517790198326110840e+00
1.517790198326110840e+00
1.517790198326110840e+00
1.517790198326110840e+00
1.517790198326110840e+00
1.517790198326110840e+00
1.497853279113769531e+00
1.497853279113769531e+00
1.497853279113769531e+00
1.497853279113769531e+00
1.497853279113769531e+00
1.497853279113769531e+00
1.497853279113769531e+00
1.497853279113769531e+00
1.012427449226379395e+00
1.012427449226379395e+00
1.012427449226379395e+00
1.393859744071960449e+00
1.393859744071960449e+00
1.393859744071960449e+00
6.860414743423461914e-01
6.860414743423461914e-01
6.860414743423461914e-01
6.860414743423461914e-01
1.778795838356018066e+00
1.778795838356018066e+00
6.468168497085571289e-01
6.569448709487915039e-01
6.569448709487915039e-01
6.569448709487915039e-01
1.460201025009155273e+00
1.460201025009155273e+00
1.460201025009155273e+00
1.085079550743103027e+00
1.085079550743103027e+00
1.085079550743103027e+00
1.085079550743103027e+00
1.286894321441650391e+00
1.277121305465698242e+00
1.277121305465698242e+00
1.277121305465698242e+00
1.277121305465698242e+00
1.277121305465698242e+00
1.277121305465698242e+00
1.277121305465698242e+00
1.277121305465698242e+00
1.277121305465698242e+00
1.277121305465698242e+00
1.277121305465698242e+00
2.795683383941650391e+00
2.795683383941650391e+00
2.795683383941650391e+00
2.795683383941650391e+00
2.795683383941650391e+00
2.795683383941650391e+00
2.795683383941650391e+00
1.379089832305908203e+00
1.379089832305908203e+00
1.379089832305908203e+00
1.379089832305908203e+00
1.249165177345275879e+00
1.249165177345275879e+00
1.249165177345275879e+00
1.249165177345275879e+00
9.242581129074096680e-01
9.242581129074096680e-01
9.242581129074096680e-01
9.242581129074096680e-01
9.242581129074096680e-01
9.242581129074096680e-01
9.242581129074096680e-01
9.242581129074096680e-01
9.242581129074096680e-01
9.242581129074096680e-01
9.242581129074096680e-01
9.242581129074096680e-01
9.242581129074096680e-01
2.049969673156738281e+00
2.049969673156738281e+00
2.049969673156738281e+00
2.049969673156738281e+00
2.049969673156738281e+00
2.049969673156738281e+00
2.049969673156738281e+00
1.096413373947143555e+00
1.096413373947143555e+00
1.096413373947143555e+00
1.096413373947143555e+00
1.096413373947143555e+00
1.168669223785400391e+00
6.632976531982421875e-01
6.632976531982421875e-01
7.417218685150146484e-01
7.417218685150146484e-01
7.417218685150146484e-01
7.417218685150146484e-01
7.417218685150146484e-01
7.417218685150146484e-01
7.417218685150146484e-01
7.417218685150146484e-01
7.417218685150146484e-01
1.886783242225646973e+00
1.159672021865844727e+00
1.159672021865844727e+00
1.159672021865844727e+00
1.159672021865844727e+00
1.159672021865844727e+00
1.159672021865844727e+00
1.159672021865844727e+00
1.159672021865844727e+00
1.159672021865844727e+00
1.159672021865844727e+00
1.159672021865844727e+00
1.159672021865844727e+00
8.960160017013549805e-01
8.960160017013549805e-01
1.313100337982177734e+00
1.313100337982177734e+00
1.313100337982177734e+00
1.313100337982177734e+00
2.370687007904052734e+00
2.370687007904052734e+00
2.370687007904052734e+00
7.959209680557250977e-01
5.588393211364746094e-01
5.588393211364746094e-01
5.588393211364746094e-01
5.588393211364746094e-01
5.588393211364746094e-01
5.588393211364746094e-01
5.588393211364746094e-01
1.324061632156372070e+00
1.694702386856079102e+00
1.603531837463378906e+00
1.603531837463378906e+00
1.603531837463378906e+00
1.603531837463378906e+00
1.603531837463378906e+00
1.099777936935424805e+00
8.583837151527404785e-01
8.583837151527404785e-01
8.583837151527404785e-01
8.583837151527404785e-01
8.583837151527404785e-01
8.583837151527404785e-01
8.583837151527404785e-01
8.583837151527404785e-01
8.583837151527404785e-01
8.583837151527404785e-01
8.583837151527404785e-01
2.397581815719604492e+00
2.397581815719604492e+00
3.554702281951904297e+00
2.728312492370605469e+00
1.147793054580688477e+00
1.147793054580688477e+00
1.068598270416259766e+00
1.068598270416259766e+00
1.068598270416259766e+00
2.887990713119506836e+00
1.358762741088867188e+00
1.358762741088867188e+00
1.358762741088867188e+00
2.206825494766235352e+00
3.819720745086669922e+00
3.819720745086669922e+00
2.529337882995605469e+00
1.451824188232421875e+00
1.451824188232421875e+00
1.451824188232421875e+00
1.451824188232421875e+00
1.451824188232421875e+00
1.451824188232421875e+00
3.657648324966430664e+00
1.683051824569702148e+00
1.683051824569702148e+00
1.683051824569702148e+00
1.683051824569702148e+00
1.683051824569702148e+00
1.683051824569702148e+00
1.683051824569702148e+00
1.683051824569702148e+00
1.683051824569702148e+00
1.683051824569702148e+00
1.683051824569702148e+00
7.619554400444030762e-01
7.619554400444030762e-01
7.619554400444030762e-01
7.619554400444030762e-01
5.005171775817871094e+00
5.419870853424072266e+00
5.419870853424072266e+00
5.419870853424072266e+00
2.517423391342163086e+00
2.517423391342163086e+00
2.660014152526855469e+00
2.660014152526855469e+00
2.660014152526855469e+00
1.937089204788208008e+00
1.937089204788208008e+00
1.115875959396362305e+00
1.281448841094970703e+00
1.281448841094970703e+00
2.593445301055908203e+00
1.888299942016601562e+00
1.888299942016601562e+00
1.888299942016601562e+00
2.097990036010742188e+00
2.097990036010742188e+00
2.097990036010742188e+00
3.424603939056396484e+00
3.424603939056396484e+00
1.604446411132812500e+00
1.604446411132812500e+00
1.604446411132812500e+00
1.604446411132812500e+00
1.604446411132812500e+00
1.604446411132812500e+00
1.604446411132812500e+00
1.745202541351318359e+00
1.745202541351318359e+00
2.319330692291259766e+00
2.319330692291259766e+00
2.319330692291259766e+00
1.957670450210571289e+00
1.957670450210571289e+00
1.957670450210571289e+00
1.957670450210571289e+00
1.957670450210571289e+00
1.957670450210571289e+00
1.957670450210571289e+00
1.957670450210571289e+00
1.957670450210571289e+00
1.957670450210571289e+00
1.957670450210571289e+00
1.957670450210571289e+00
1.957670450210571289e+00
1.770492792129516602e+00
1.770492792129516602e+00
1.770492792129516602e+00
1.770492792129516602e+00
1.770492792129516602e+00
6.837016344070434570e-01
6.837016344070434570e-01
7.304954528808593750e-01
1.010843515396118164e+00
1.010843515396118164e+00
1.010843515396118164e+00
1.010843515396118164e+00
1.010843515396118164e+00
1.010843515396118164e+00
1.010843515396118164e+00
1.010843515396118164e+00
1.010843515396118164e+00
1.010843515396118164e+00
1.010843515396118164e+00
1.010843515396118164e+00
1.010843515396118164e+00
1.010843515396118164e+00
1.010843515396118164e+00
1.010843515396118164e+00
1.010843515396118164e+00
7.330275774002075195e-01
7.330275774002075195e-01
7.330275774002075195e-01
7.330275774002075195e-01
7.330275774002075195e-01
1.579503417015075684e+00
1.579503417015075684e+00
1.028843998908996582e+00
1.028843998908996582e+00
1.028843998908996582e+00
1.028843998908996582e+00
1.028843998908996582e+00
1.028843998908996582e+00
1.028843998908996582e+00
1.028843998908996582e+00
1.028843998908996582e+00
1.004095315933227539e+00
1.004095315933227539e+00
1.004095315933227539e+00
1.004095315933227539e+00
5.382467508316040039e-01
1.503433465957641602e+00
1.503433465957641602e+00
1.503433465957641602e+00
1.503433465957641602e+00
1.503433465957641602e+00
1.503433465957641602e+00
1.503433465957641602e+00
6.430601477622985840e-01
3.032963514328002930e+00
2.147781372070312500e+00
2.147781372070312500e+00
2.147781372070312500e+00
2.147781372070312500e+00
1.664064049720764160e+00
1.664064049720764160e+00
1.664064049720764160e+00
1.664064049720764160e+00
1.077510356903076172e+00
1.077510356903076172e+00
1.077510356903076172e+00
1.077510356903076172e+00
1.077510356903076172e+00
1.077510356903076172e+00
2.438418149948120117e+00
7.235988378524780273e-01
7.235988378524780273e-01
7.235988378524780273e-01
7.235988378524780273e-01
7.235988378524780273e-01
7.235988378524780273e-01
7.235988378524780273e-01
7.235988378524780273e-01
7.235988378524780273e-01
7.235988378524780273e-01
1.756256818771362305e+00
2.840746879577636719e+00
2.840746879577636719e+00
2.840746879577636719e+00
1.979383468627929688e+00
1.804717659950256348e+00
1.804717659950256348e+00
2.960155487060546875e+00
5.122223854064941406e+00
5.055413246154785156e+00
5.055413246154785156e+00
4.608791828155517578e+00
2.620724678039550781e+00
2.620724678039550781e+00
5.556950569152832031e-01
1.905937433242797852e+00
1.905937433242797852e+00
1.905937433242797852e+00
1.905937433242797852e+00
1.905937433242797852e+00
2.846444129943847656e+00
2.846444129943847656e+00
1.611070871353149414e+00
1.634128451347351074e+00
1.634128451347351074e+00
9.305838942527770996e-01
9.305838942527770996e-01
9.305838942527770996e-01
9.305838942527770996e-01
9.305838942527770996e-01
9.305838942527770996e-01
9.305838942527770996e-01
9.305838942527770996e-01
9.305838942527770996e-01
9.305838942527770996e-01
9.305838942527770996e-01
9.305838942527770996e-01
9.305838942527770996e-01
9.305838942527770996e-01
9.305838942527770996e-01
7.874671816825866699e-01
7.874671816825866699e-01
7.874671816825866699e-01
1.041601061820983887e+00
1.041601061820983887e+00
1.041601061820983887e+00
1.041601061820983887e+00
1.041601061820983887e+00
1.041601061820983887e+00
1.041601061820983887e+00
1.041601061820983887e+00
1.041601061820983887e+00
1.409443259239196777e+00
2.145449876785278320e+00
2.145449876785278320e+00
2.145449876785278320e+00
2.145449876785278320e+00
2.078594684600830078e+00
2.078594684600830078e+00
2.669597625732421875e+00
5.986261367797851562e-01
5.986261367797851562e-01
1.296534299850463867e+00
1.296534299850463867e+00
1.296534299850463867e+00
5.788587331771850586e-01
1.358632087707519531e+00
1.358632087707519531e+00
1.358632087707519531e+00
1.358632087707519531e+00
1.358632087707519531e+00
1.358632087707519531e+00
1.358632087707519531e+00
1.358632087707519531e+00
1.358632087707519531e+00
1.358632087707519531e+00
1.358632087707519531e+00
1.358632087707519531e+00
1.111103177070617676e+00
1.843107700347900391e+00
8.781504034996032715e-01
8.781504034996032715e-01
8.781504034996032715e-01
8.781504034996032715e-01
8.781504034996032715e-01
8.781504034996032715e-01
8.781504034996032715e-01
2.098007202148437500e+00
9.320425987243652344e-01
9.320425987243652344e-01
9.320425987243652344e-01
9.320425987243652344e-01
9.320425987243652344e-01
9.320425987243652344e-01
9.320425987243652344e-01
9.320425987243652344e-01
8.342529535293579102e-01
8.342529535293579102e-01
8.342529535293579102e-01
8.342529535293579102e-01
1.404925823211669922e+00
1.404925823211669922e+00
1.404925823211669922e+00
1.404925823211669922e+00
1.404925823211669922e+00
1.404925823211669922e+00
1.404925823211669922e+00
1.404925823211669922e+00
1.404925823211669922e+00
1.404925823211669922e+00
1.404925823211669922e+00
1.404925823211669922e+00
1.404925823211669922e+00
1.404925823211669922e+00
1.404925823211669922e+00
1.404925823211669922e+00
1.404925823211669922e+00
1.404925823211669922e+00
1.404925823211669922e+00
9.243220090866088867e-01
9.243220090866088867e-01
9.243220090866088867e-01
9.243220090866088867e-01
9.243220090866088867e-01
9.243220090866088867e-01
9.243220090866088867e-01
9.243220090866088867e-01
9.243220090866088867e-01
9.243220090866088867e-01
9.243220090866088867e-01
9.243220090866088867e-01
9.243220090866088867e-01
9.243220090866088867e-01
9.243220090866088867e-01
9.243220090866088867e-01
9.243220090866088867e-01
9.243220090866088867e-01
9.243220090866088867e-01
9.243220090866088867e-01
9.243220090866088867e-01
9.243220090866088867e-01
9.243220090866088867e-01
9.243220090866088867e-01
9.108259081840515137e-01
9.108259081840515137e-01
1.690910577774047852e+00
1.690910577774047852e+00
1.690910577774047852e+00
7.801341414451599121e-01
7.801341414451599121e-01
7.801341414451599121e-01
7.801341414451599121e-01
7.801341414451599121e-01
7.801341414451599121e-01
1.943653583526611328e+00
1.623278260231018066e+00
2.427333593368530273e+00
2.427333593368530273e+00
2.427333593368530273e+00
2.128997564315795898e+00
2.128997564315795898e+00
4.562555551528930664e-01
4.562555551528930664e-01
4.562555551528930664e-01
4.562555551528930664e-01
4.562555551528930664e-01
4.562555551528930664e-01
4.562555551528930664e-01
1.037448883056640625e+00
1.037448883056640625e+00
1.037448883056640625e+00
1.037448883056640625e+00
1.037448883056640625e+00
1.935941457748413086e+00
1.935941457748413086e+00
7.771060466766357422e-01
1.177852869033813477e+00
1.177852869033813477e+00
1.177852869033813477e+00
1.177852869033813477e+00
1.177852869033813477e+00
1.177852869033813477e+00
1.177852869033813477e+00
1.177852869033813477e+00
1.177852869033813477e+00
1.177852869033813477e+00
4.612816333770751953e+00
6.574337482452392578e-01
6.574337482452392578e-01
6.574337482452392578e-01
6.574337482452392578e-01
6.574337482452392578e-01
6.574337482452392578e-01
6.574337482452392578e-01
6.574337482452392578e-01
6.574337482452392578e-01
6.574337482452392578e-01
6.574337482452392578e-01
6.574337482452392578e-01
4.217623233795166016e+00
4.484483718872070312e+00
1.405525207519531250e+00
1.200813889503479004e+00
1.200813889503479004e+00
1.200813889503479004e+00
1.200813889503479004e+00
1.200813889503479004e+00
1.200813889503479004e+00
1.200813889503479004e+00
1.200813889503479004e+00
1.200813889503479004e+00
1.200813889503479004e+00
5.048084855079650879e-01
5.048084855079650879e-01
5.048084855079650879e-01
4.457387447357177734e+00
1.748968839645385742e+00
1.961133837699890137e+00
1.961133837699890137e+00
1.961133837699890137e+00
1.961133837699890137e+00
1.961133837699890137e+00
1.961133837699890137e+00
9.816954731941223145e-01
9.816954731941223145e-01
9.816954731941223145e-01
5.813466310501098633e-01
5.813466310501098633e-01
2.105861663818359375e+00
2.826131820678710938e+00
2.826131820678710938e+00
2.826131820678710938e+00
3.427892208099365234e+00
4.417387962341308594e+00
1.123145103454589844e+00
1.123145103454589844e+00
1.123145103454589844e+00
1.123145103454589844e+00
1.123145103454589844e+00
1.123145103454589844e+00
1.123145103454589844e+00
1.123145103454589844e+00
1.123145103454589844e+00
9.209586381912231445e-01
1.166700959205627441e+00
1.291605353355407715e+00
1.291605353355407715e+00
1.291605353355407715e+00
1.291605353355407715e+00
1.291605353355407715e+00
1.291605353355407715e+00
1.291605353355407715e+00
7.279072999954223633e-01
7.279072999954223633e-01
7.526943087577819824e-01
1.477679252624511719e+00
1.477679252624511719e+00
1.477679252624511719e+00
1.477679252624511719e+00
1.556946396827697754e+00
1.556946396827697754e+00
1.488725066184997559e+00
7.301478385925292969e-01
7.301478385925292969e-01
7.301478385925292969e-01
7.301478385925292969e-01
7.301478385925292969e-01
7.301478385925292969e-01
7.301478385925292969e-01
7.301478385925292969e-01
1.649767756462097168e+00
1.649767756462097168e+00
1.649767756462097168e+00
1.649767756462097168e+00
1.649767756462097168e+00
1.166729688644409180e+00
1.166729688644409180e+00
1.085140585899353027e+00
1.085140585899353027e+00
1.085140585899353027e+00
1.085140585899353027e+00
1.085140585899353027e+00
5.245631337165832520e-01
5.245631337165832520e-01
5.245631337165832520e-01
5.245631337165832520e-01
2.494598150253295898e+00
2.494598150253295898e+00
1.424247264862060547e+00
3.659916877746582031e+00
7.498073577880859375e-01
2.023319959640502930e+00
2.023319959640502930e+00
1.833649158477783203e+00
1.833649158477783203e+00
1.833649158477783203e+00
1.833649158477783203e+00
1.833649158477783203e+00
1.833649158477783203e+00
1.833649158477783203e+00
1.833649158477783203e+00
1.833649158477783203e+00
1.488290548324584961e+00
1.488290548324584961e+00
1.488290548324584961e+00
1.488290548324584961e+00
1.488290548324584961e+00
1.488290548324584961e+00
1.488290548324584961e+00
1.488290548324584961e+00
1.488290548324584961e+00
1.488290548324584961e+00
1.488290548324584961e+00
1.488290548324584961e+00
1.488290548324584961e+00
1.488290548324584961e+00
1.488290548324584961e+00
1.965932965278625488e+00
1.965932965278625488e+00
1.965932965278625488e+00
1.965932965278625488e+00
2.073924779891967773e+00
2.338490962982177734e+00
2.686564922332763672e+00
2.686564922332763672e+00
1.040119647979736328e+00
1.040119647979736328e+00
1.040119647979736328e+00
1.040119647979736328e+00
1.040119647979736328e+00
1.040119647979736328e+00
7.669112086296081543e-01
7.669112086296081543e-01
7.669112086296081543e-01
7.669112086296081543e-01
1.273889780044555664e+00
1.273889780044555664e+00
1.273889780044555664e+00
1.273889780044555664e+00
1.273889780044555664e+00
1.273889780044555664e+00
1.273889780044555664e+00
7.576560378074645996e-01
9.649340510368347168e-01
9.649340510368347168e-01
9.649340510368347168e-01
9.649340510368347168e-01
8.374378085136413574e-01
8.374378085136413574e-01
8.374378085136413574e-01
8.374378085136413574e-01
8.374378085136413574e-01
8.374378085136413574e-01
8.374378085136413574e-01
8.374378085136413574e-01
2.188709735870361328e+00
8.230866193771362305e-01
8.230866193771362305e-01
8.230866193771362305e-01
8.230866193771362305e-01
8.230866193771362305e-01
8.230866193771362305e-01
8.230866193771362305e-01
8.230866193771362305e-01
1.649769544601440430e+00
1.649769544601440430e+00
1.649769544601440430e+00
5.231943130493164062e+00
5.535130500793457031e+00
9.025335311889648438e+00
9.025335311889648438e+00
4.580907821655273438e+00
4.286189079284667969e-01
7.475296258926391602e-01
7.475296258926391602e-01
5.794095993041992188e-01
5.794095993041992188e-01
8.731153607368469238e-01
9.977484941482543945e-01
9.977484941482543945e-01
9.977484941482543945e-01
9.977484941482543945e-01
9.977484941482543945e-01
9.977484941482543945e-01
9.977484941482543945e-01
9.977484941482543945e-01
9.977484941482543945e-01
9.977484941482543945e-01
9.977484941482543945e-01
9.977484941482543945e-01
3.817576885223388672e+00
3.817576885223388672e+00
3.817576885223388672e+00
9.306566715240478516e-01
9.306566715240478516e-01
9.306566715240478516e-01
9.306566715240478516e-01
2.192138195037841797e+00
2.192138195037841797e+00
2.192138195037841797e+00
1.352586030960083008e+00
2.276246309280395508e+00
2.276246309280395508e+00
2.276246309280395508e+00
2.276246309280395508e+00
2.276246309280395508e+00
2.276246309280395508e+00
4.691563606262207031e+00
4.667555809020996094e+00
6.618452548980712891e+00
6.618452548980712891e+00
6.618452548980712891e+00
6.618452548980712891e+00
7.076025009155273438e+00
1.011054706573486328e+01
1.011054706573486328e+01
1.011054706573486328e+01
8.331552505493164062e+00
4.150804996490478516e+00
3.673191547393798828e+00
3.673191547393798828e+00
3.673191547393798828e+00
3.673191547393798828e+00
3.698497772216796875e+00
3.698497772216796875e+00
3.698497772216796875e+00
3.698497772216796875e+00
3.698497772216796875e+00
3.698497772216796875e+00
3.305814981460571289e+00
3.483032226562500000e+00
3.483032226562500000e+00
3.483032226562500000e+00
1.171715736389160156e+00
1.171715736389160156e+00
7.020740509033203125e-01
7.020740509033203125e-01
8.836635947227478027e-01
8.836635947227478027e-01
8.836635947227478027e-01
8.836635947227478027e-01
8.836635947227478027e-01
1.810765743255615234e+00
1.810765743255615234e+00
1.810765743255615234e+00
1.810765743255615234e+00
1.810765743255615234e+00
1.810765743255615234e+00
1.810765743255615234e+00
1.810765743255615234e+00
1.810765743255615234e+00
1.810765743255615234e+00
1.255595684051513672e+00
1.983345985412597656e+00
1.983345985412597656e+00
1.983345985412597656e+00
1.983345985412597656e+00
1.983345985412597656e+00
1.983345985412597656e+00
6.988219022750854492e-01
6.988219022750854492e-01
6.988219022750854492e-01
6.988219022750854492e-01
6.988219022750854492e-01
6.988219022750854492e-01
1.072766423225402832e+00
6.496967673301696777e-01
6.496967673301696777e-01
6.647914052009582520e-01
6.647914052009582520e-01
6.647914052009582520e-01
6.647914052009582520e-01
6.647914052009582520e-01
2.610421419143676758e+00
2.610421419143676758e+00
2.610421419143676758e+00
2.775370121002197266e+00
4.087309837341308594e+00
1.507035970687866211e+00
1.507035970687866211e+00
1.507035970687866211e+00
1.507035970687866211e+00
1.507035970687866211e+00
1.507035970687866211e+00
1.272180557250976562e+00
1.272180557250976562e+00
5.654528141021728516e+00
4.068726539611816406e+00
4.068726539611816406e+00
4.068726539611816406e+00
4.068726539611816406e+00
3.860025405883789062e+00
3.860025405883789062e+00
3.860025405883789062e+00
3.860025405883789062e+00
2.329968452453613281e+00
2.202011346817016602e+00
2.358313083648681641e+00
2.266727447509765625e+00
1.933162212371826172e+00
7.509546279907226562e-01
7.509546279907226562e-01
7.509546279907226562e-01
7.509546279907226562e-01
7.509546279907226562e-01
7.509546279907226562e-01
7.509546279907226562e-01
2.153141021728515625e+00
1.315840959548950195e+00
1.315840959548950195e+00
1.315840959548950195e+00
1.315840959548950195e+00
1.315840959548950195e+00
1.315840959548950195e+00
1.875682115554809570e+00
1.875682115554809570e+00
1.724217295646667480e+00
3.056924343109130859e+00
3.056924343109130859e+00
3.056924343109130859e+00
3.056924343109130859e+00
8.819057941436767578e-01
8.819057941436767578e-01
8.819057941436767578e-01
8.819057941436767578e-01
8.819057941436767578e-01
8.819057941436767578e-01
8.819057941436767578e-01
8.819057941436767578e-01
1.106694936752319336e+00
3.482173442840576172e+00
3.482173442840576172e+00
3.482173442840576172e+00
3.482173442840576172e+00
3.846395015716552734e-01
6.767402648925781250e+00
6.767402648925781250e+00
6.767402648925781250e+00
7.607203483581542969e+00
6.643638610839843750e+00
2.196056365966796875e+00
2.196056365966796875e+00
2.196056365966796875e+00
2.196056365966796875e+00
2.227238893508911133e+00
6.838021278381347656e-01
6.634110212326049805e-01
6.634110212326049805e-01
6.634110212326049805e-01
6.634110212326049805e-01
1.577328681945800781e+00
1.577328681945800781e+00
1.577328681945800781e+00
1.725831270217895508e+00
1.725831270217895508e+00
7.227408885955810547e-01
7.227408885955810547e-01
7.923169136047363281e-01
1.618372559547424316e+00
1.533852338790893555e+00
1.533852338790893555e+00
1.460251331329345703e+00
1.460251331329345703e+00
1.460251331329345703e+00
1.460251331329345703e+00
1.460251331329345703e+00
1.460251331329345703e+00
1.460251331329345703e+00
2.219777584075927734e+00
2.219777584075927734e+00
4.129148006439208984e+00
4.129148006439208984e+00
3.140622138977050781e+00
4.109213352203369141e+00
4.109213352203369141e+00
4.109213352203369141e+00
4.109213352203369141e+00
4.109213352203369141e+00
3.485955476760864258e+00
3.485955476760864258e+00
3.485955476760864258e+00
3.894058465957641602e+00
1.227531433105468750e+00
1.227531433105468750e+00
1.227531433105468750e+00
1.227531433105468750e+00
3.193212509155273438e+00
2.441179037094116211e+00
2.441179037094116211e+00
2.441179037094116211e+00
2.441179037094116211e+00
2.549160480499267578e+00
3.514617681503295898e+00
3.514617681503295898e+00
9.427785873413085938e-01
9.427785873413085938e-01
9.427785873413085938e-01
1.020942091941833496e+00
1.020942091941833496e+00
1.020942091941833496e+00
1.020942091941833496e+00
5.790083408355712891e-01
5.790083408355712891e-01
5.790083408355712891e-01
5.790083408355712891e-01
5.790083408355712891e-01
5.790083408355712891e-01
5.790083408355712891e-01
5.790083408355712891e-01
5.790083408355712891e-01
4.296373844146728516e+00
3.723479747772216797e+00
6.479761600494384766e-01
2.204429864883422852e+00
2.204429864883422852e+00
8.102444410324096680e-01
8.102444410324096680e-01
8.102444410324096680e-01
8.102444410324096680e-01
8.102444410324096680e-01
8.102444410324096680e-01
8.102444410324096680e-01
8.102444410324096680e-01
8.102444410324096680e-01
8.102444410324096680e-01
8.102444410324096680e-01
8.102444410324096680e-01
8.102444410324096680e-01
8.102444410324096680e-01
8.102444410324096680e-01
8.102444410324096680e-01
8.102444410324096680e-01
8.102444410324096680e-01
8.102444410324096680e-01
8.102444410324096680e-01
8.102444410324096680e-01
8.102444410324096680e-01
8.102444410324096680e-01
8.102444410324096680e-01
2.317603111267089844e+00
2.317603111267089844e+00
2.317603111267089844e+00
6.684554100036621094e+00
6.684554100036621094e+00
6.841835021972656250e+00
4.724514961242675781e+00
5.154036045074462891e+00
2.789077281951904297e+00
1.607380270957946777e+00
1.607380270957946777e+00
1.607380270957946777e+00
1.607380270957946777e+00
1.607380270957946777e+00
1.607380270957946777e+00
1.607380270957946777e+00
1.607380270957946777e+00
1.607380270957946777e+00
1.808261752128601074e+00
2.077394485473632812e+00
2.077394485473632812e+00
2.077394485473632812e+00
2.077394485473632812e+00
2.077394485473632812e+00
2.077394485473632812e+00
2.077394485473632812e+00
2.077394485473632812e+00
2.077394485473632812e+00
2.077394485473632812e+00
2.077394485473632812e+00
2.077394485473632812e+00
1.861338496208190918e+00
3.368847370147705078e+00
1.857453346252441406e+00
1.857453346252441406e+00
1.857453346252441406e+00
1.857453346252441406e+00
1.857453346252441406e+00
1.857453346252441406e+00
1.857453346252441406e+00
1.897534608840942383e+00
2.793145656585693359e+00
2.793145656585693359e+00
2.793145656585693359e+00
2.808217763900756836e+00
2.775564193725585938e+00
2.775564193725585938e+00
2.775564193725585938e+00
2.775564193725585938e+00
2.775564193725585938e+00
1.708962082862854004e+00
1.708962082862854004e+00
1.708962082862854004e+00
1.708962082862854004e+00
1.708962082862854004e+00
9.226670265197753906e-01
9.226670265197753906e-01
9.226670265197753906e-01
9.226670265197753906e-01
9.226670265197753906e-01
9.226670265197753906e-01
9.226670265197753906e-01
2.214812755584716797e+00
2.979089736938476562e+00
2.979089736938476562e+00
2.039757966995239258e+00
2.039757966995239258e+00
2.039757966995239258e+00
7.571324110031127930e-01
7.571324110031127930e-01
7.571324110031127930e-01
7.571324110031127930e-01
1.926437139511108398e+00
1.926437139511108398e+00
1.801644086837768555e+00
1.801644086837768555e+00
1.850506186485290527e+00
1.850506186485290527e+00
1.850506186485290527e+00
1.850506186485290527e+00
1.850506186485290527e+00
1.850506186485290527e+00
1.850506186485290527e+00
3.420969486236572266e+00
4.133383750915527344e+00
1.686345338821411133e+00
1.686345338821411133e+00
1.686345338821411133e+00
2.413698434829711914e+00
2.413698434829711914e+00
2.413698434829711914e+00
2.125787019729614258e+00
2.125787019729614258e+00
2.125787019729614258e+00
1.841800212860107422e+00
1.841800212860107422e+00
1.841800212860107422e+00
1.841800212860107422e+00
1.841800212860107422e+00
1.841800212860107422e+00
1.841800212860107422e+00
1.544577360153198242e+00
1.544577360153198242e+00
1.544577360153198242e+00
1.544577360153198242e+00
1.544577360153198242e+00
1.544577360153198242e+00
7.310134172439575195e-01
7.310134172439575195e-01
7.310134172439575195e-01
7.310134172439575195e-01
7.310134172439575195e-01
7.310134172439575195e-01
7.310134172439575195e-01
7.310134172439575195e-01
7.310134172439575195e-01
7.310134172439575195e-01
7.310134172439575195e-01
7.310134172439575195e-01
7.310134172439575195e-01
1.088895440101623535e+00
1.088895440101623535e+00
1.088895440101623535e+00
1.088895440101623535e+00
8.635826110839843750e-01
8.635826110839843750e-01
8.635826110839843750e-01
8.635826110839843750e-01
8.635826110839843750e-01
8.635826110839843750e-01
8.635826110839843750e-01
8.635826110839843750e-01
8.635826110839843750e-01
8.635826110839843750e-01
8.635826110839843750e-01
8.635826110839843750e-01
8.635826110839843750e-01
8.635826110839843750e-01
4.334990680217742920e-01
1.358625769615173340e+00
1.358625769615173340e+00
1.358625769615173340e+00
1.358625769615173340e+00
1.358625769615173340e+00
1.358625769615173340e+00
1.358625769615173340e+00
1.358625769615173340e+00
1.358625769615173340e+00
1.358625769615173340e+00
1.358625769615173340e+00
1.538139581680297852e+00
1.538139581680297852e+00
1.538139581680297852e+00
1.538139581680297852e+00
1.538139581680297852e+00
1.538139581680297852e+00
1.538139581680297852e+00
1.205718517303466797e+00
1.205718517303466797e+00
1.205718517303466797e+00
9.172418117523193359e-01
9.172418117523193359e-01
9.172418117523193359e-01
9.172418117523193359e-01
9.172418117523193359e-01
1.064851880073547363e+00
1.064851880073547363e+00
1.064851880073547363e+00
1.064851880073547363e+00
1.064851880073547363e+00
1.064851880073547363e+00
1.945771932601928711e+00
2.677826642990112305e+00
2.373390913009643555e+00
2.373390913009643555e+00
2.373390913009643555e+00
2.373390913009643555e+00
2.373390913009643555e+00
2.373390913009643555e+00
1.140005707740783691e+00
7.044936418533325195e-01
7.044936418533325195e-01
7.044936418533325195e-01
7.044936418533325195e-01
7.044936418533325195e-01
7.044936418533325195e-01
7.044936418533325195e-01
7.044936418533325195e-01
7.044936418533325195e-01
7.044936418533325195e-01
2.119945526123046875e+00
4.000742912292480469e+00
2.649782180786132812e+00
1.224690079689025879e+00
1.224690079689025879e+00
1.224690079689025879e+00
1.224690079689025879e+00
1.629627346992492676e+00
2.056637287139892578e+00
3.712995529174804688e+00
3.712995529174804688e+00
3.712995529174804688e+00
3.260543823242187500e+00
1.343243002891540527e+00
6.017215251922607422e-01
6.017215251922607422e-01
2.225829601287841797e+00
2.225829601287841797e+00
2.225829601287841797e+00
2.225829601287841797e+00
2.225829601287841797e+00
8.908513784408569336e-01
8.908513784408569336e-01
8.908513784408569336e-01
8.869504928588867188e-01
8.869504928588867188e-01
8.420876264572143555e-01
8.420876264572143555e-01
1.772988796234130859e+00
1.772988796234130859e+00
1.772988796234130859e+00
1.772988796234130859e+00
1.772988796234130859e+00
1.772988796234130859e+00
1.772988796234130859e+00
1.772988796234130859e+00
1.772988796234130859e+00
2.278625726699829102e+00
2.278625726699829102e+00
2.703266382217407227e+00
2.823997020721435547e+00
2.823997020721435547e+00
2.500305175781250000e+00
1.471352100372314453e+00
1.471352100372314453e+00
1.471352100372314453e+00
1.471352100372314453e+00
1.471352100372314453e+00
1.264173030853271484e+00
1.264173030853271484e+00
1.264173030853271484e+00
1.264173030853271484e+00
1.264173030853271484e+00
1.264173030853271484e+00
1.264173030853271484e+00
1.264173030853271484e+00
1.264173030853271484e+00
1.264173030853271484e+00
1.264173030853271484e+00
1.264173030853271484e+00
1.264173030853271484e+00
1.264173030853271484e+00
1.264173030853271484e+00
1.264173030853271484e+00
1.264173030853271484e+00
7.604147195816040039e-01
7.604147195816040039e-01
7.604147195816040039e-01
1.484976768493652344e+00
1.484976768493652344e+00
1.484976768493652344e+00
1.484976768493652344e+00
1.088078975677490234e+00
1.732945561408996582e+00
1.648964166641235352e+00
8.018910288810729980e-01
8.018910288810729980e-01
8.018910288810729980e-01
8.018910288810729980e-01
8.018910288810729980e-01
8.018910288810729980e-01
8.018910288810729980e-01
8.018910288810729980e-01
8.018910288810729980e-01
8.018910288810729980e-01
1.306573629379272461e+00
1.306573629379272461e+00
1.306573629379272461e+00
1.163611888885498047e+00
1.163611888885498047e+00
1.163611888885498047e+00
1.163611888885498047e+00
1.584618806838989258e+00
1.584618806838989258e+00
1.584618806838989258e+00
1.584618806838989258e+00
1.584618806838989258e+00
1.175130367279052734e+00
1.175130367279052734e+00
1.175130367279052734e+00
1.175130367279052734e+00
1.521231412887573242e+00
1.521231412887573242e+00
1.521231412887573242e+00
1.521231412887573242e+00
1.521231412887573242e+00
1.521231412887573242e+00
1.521231412887573242e+00
1.114469766616821289e+00
1.114469766616821289e+00
1.114469766616821289e+00
1.114469766616821289e+00
2.323802471160888672e+00
2.323802471160888672e+00
1.139725446701049805e+00
1.139725446701049805e+00
1.139725446701049805e+00
3.748918056488037109e+00
1.961051344871520996e+00
1.961051344871520996e+00
1.961051344871520996e+00
3.254296302795410156e+00
2.414114475250244141e+00
1.028359770774841309e+00
1.028359770774841309e+00
1.028359770774841309e+00
1.028359770774841309e+00
2.124223470687866211e+00
3.033909797668457031e+00
3.033909797668457031e+00
3.033909797668457031e+00
3.033909797668457031e+00
6.766190528869628906e-01
6.766190528869628906e-01
1.730244636535644531e+00
1.730244636535644531e+00
1.730244636535644531e+00
1.473937511444091797e+00
1.488309025764465332e+00
1.488309025764465332e+00
2.184169769287109375e+00
2.226439237594604492e+00
2.226439237594604492e+00
2.226439237594604492e+00
1.760207891464233398e+00
1.760207891464233398e+00
1.760207891464233398e+00
1.760207891464233398e+00
1.327369213104248047e+00
4.619657397270202637e-01
1.013164401054382324e+00
1.013164401054382324e+00
1.013164401054382324e+00
1.013164401054382324e+00
1.013164401054382324e+00
1.865259170532226562e+00
1.865259170532226562e+00
1.865259170532226562e+00
1.865259170532226562e+00
1.675721526145935059e+00
1.450223684310913086e+00
1.450223684310913086e+00
1.450223684310913086e+00
1.989667177200317383e+00
1.989667177200317383e+00
1.989667177200317383e+00
1.989667177200317383e+00
1.989667177200317383e+00
1.989667177200317383e+00
1.989667177200317383e+00
1.989667177200317383e+00
4.619383811950683594e+00
4.619383811950683594e+00
4.619383811950683594e+00
4.104609489440917969e-01
1.998954534530639648e+00
1.998954534530639648e+00
1.998954534530639648e+00
1.998954534530639648e+00
1.998954534530639648e+00
1.998954534530639648e+00
1.998954534530639648e+00
1.998954534530639648e+00
1.927317738533020020e+00
1.927317738533020020e+00
2.595907688140869141e+00
8.764063119888305664e-01
8.764063119888305664e-01
8.764063119888305664e-01
8.764063119888305664e-01
8.764063119888305664e-01
8.764063119888305664e-01
8.764063119888305664e-01
8.764063119888305664e-01
8.764063119888305664e-01
8.764063119888305664e-01
8.764063119888305664e-01
8.764063119888305664e-01
8.764063119888305664e-01
8.764063119888305664e-01
8.764063119888305664e-01
8.764063119888305664e-01
1.024739265441894531e+00
1.772040605545043945e+00
1.772040605545043945e+00
1.772040605545043945e+00
1.772040605545043945e+00
9.829904437065124512e-01
9.829904437065124512e-01
9.829904437065124512e-01
9.829904437065124512e-01
1.569354772567749023e+00
1.569354772567749023e+00
1.569354772567749023e+00
1.569354772567749023e+00
1.569354772567749023e+00
1.569354772567749023e+00
1.569354772567749023e+00
1.569354772567749023e+00
1.569354772567749023e+00
1.569354772567749023e+00
1.569354772567749023e+00
1.569354772567749023e+00
1.408401489257812500e+00
2.594552755355834961e+00
2.594552755355834961e+00
2.594552755355834961e+00
3.453163862228393555e+00
2.522325277328491211e+00
2.522325277328491211e+00
2.522325277328491211e+00
2.522325277328491211e+00
2.522325277328491211e+00
2.522325277328491211e+00
2.057783365249633789e+00
2.057783365249633789e+00
1.566744327545166016e+00
2.404125928878784180e+00
2.404125928878784180e+00
2.404125928878784180e+00
5.711709260940551758e-01
5.711709260940551758e-01
1.191743016242980957e+00
1.191743016242980957e+00
1.191743016242980957e+00
1.191743016242980957e+00
1.276146531105041504e+00
1.276146531105041504e+00
1.276146531105041504e+00
1.276146531105041504e+00
1.276146531105041504e+00
1.232115030288696289e+00
2.035424947738647461e+00
2.607970476150512695e+00
2.607970476150512695e+00
3.861430168151855469e+00
3.861430168151855469e+00
3.861430168151855469e+00
3.861430168151855469e+00
3.861430168151855469e+00
1.318544149398803711e+00
1.539139986038208008e+00
2.861061096191406250e+00
2.162825345993041992e+00
2.036165952682495117e+00
2.036165952682495117e+00
2.036165952682495117e+00
2.036165952682495117e+00
2.036165952682495117e+00
2.036165952682495117e+00
2.036165952682495117e+00
2.036165952682495117e+00
2.036165952682495117e+00
2.036165952682495117e+00
2.036165952682495117e+00
2.036165952682495117e+00
2.036165952682495117e+00
2.036165952682495117e+00
2.036165952682495117e+00
2.036165952682495117e+00
2.036165952682495117e+00
1.287511587142944336e+00
1.287511587142944336e+00
1.287511587142944336e+00
1.127160310745239258e+00
1.127160310745239258e+00
8.567218780517578125e-01
8.567218780517578125e-01
8.567218780517578125e-01
8.567218780517578125e-01
1.332453966140747070e+00
2.743485450744628906e+00
1.705087184906005859e+00
1.705087184906005859e+00
1.705087184906005859e+00
1.705087184906005859e+00
1.705087184906005859e+00
1.705087184906005859e+00
1.705087184906005859e+00
1.382168769836425781e+00
1.382168769836425781e+00
2.531086444854736328e+00
2.531086444854736328e+00
4.938120841979980469e+00
4.930655479431152344e+00
4.930655479431152344e+00
4.146281242370605469e+00
4.146281242370605469e+00
3.043664932250976562e+00
3.043664932250976562e+00
2.443273544311523438e+00
2.443273544311523438e+00
2.443273544311523438e+00
2.443273544311523438e+00
2.443273544311523438e+00
2.443273544311523438e+00
2.537616491317749023e+00
1.526545524597167969e+00
1.526545524597167969e+00
1.526545524597167969e+00
1.526545524597167969e+00
1.526545524597167969e+00
2.491724967956542969e+00
2.491724967956542969e+00
2.491724967956542969e+00
2.491724967956542969e+00
2.491724967956542969e+00
2.491724967956542969e+00
2.491724967956542969e+00
2.547130823135375977e+00
2.547130823135375977e+00
2.547130823135375977e+00
1.914214611053466797e+00
1.914214611053466797e+00
1.730013966560363770e+00
1.877434849739074707e+00
1.483600854873657227e+00
1.483600854873657227e+00
1.483600854873657227e+00
1.483600854873657227e+00
1.002063989639282227e+00
1.002063989639282227e+00
3.428361415863037109e+00
3.428361415863037109e+00
3.428361415863037109e+00
3.428361415863037109e+00
1.288994073867797852e+00
1.288994073867797852e+00
1.384582996368408203e+00
6.532426834106445312e+00
1.439925193786621094e+00
1.439925193786621094e+00
1.439925193786621094e+00
1.439925193786621094e+00
1.439925193786621094e+00
1.352182745933532715e+00
1.352182745933532715e+00
1.352182745933532715e+00
1.352182745933532715e+00
1.352182745933532715e+00
8.222081661224365234e-01
8.222081661224365234e-01
8.222081661224365234e-01
2.191808700561523438e+00
2.191808700561523438e+00
2.191808700561523438e+00
2.198088169097900391e+00
2.198088169097900391e+00
2.198088169097900391e+00
2.203525304794311523e+00
2.203525304794311523e+00
2.203525304794311523e+00
2.203525304794311523e+00
2.638502836227416992e+00
2.638502836227416992e+00
2.638502836227416992e+00
1.874153614044189453e+00
1.874153614044189453e+00
1.874153614044189453e+00
1.874153614044189453e+00
1.874153614044189453e+00
1.874153614044189453e+00
1.650959610939025879e+00
2.380690336227416992e+00
2.380690336227416992e+00
2.293695688247680664e+00
2.899842500686645508e+00
1.278960824012756348e+00
1.278960824012756348e+00
1.278960824012756348e+00
1.278960824012756348e+00
1.278960824012756348e+00
1.278960824012756348e+00
1.083202481269836426e+00
1.083202481269836426e+00
1.083202481269836426e+00
1.083202481269836426e+00
8.585329055786132812e-01
8.585329055786132812e-01
8.585329055786132812e-01
8.585329055786132812e-01
8.585329055786132812e-01
8.534009456634521484e-01
8.534009456634521484e-01
8.534009456634521484e-01
8.534009456634521484e-01
8.534009456634521484e-01
1.151969552040100098e+00
1.065739750862121582e+00
1.065739750862121582e+00
1.065739750862121582e+00
1.065739750862121582e+00
1.065739750862121582e+00
1.065739750862121582e+00
1.065739750862121582e+00
2.670374870300292969e+00
2.670374870300292969e+00
2.670374870300292969e+00
2.670374870300292969e+00
2.670374870300292969e+00
2.670374870300292969e+00
1.322893738746643066e+00
1.322893738746643066e+00
1.322893738746643066e+00
1.523691654205322266e+00
1.749611139297485352e+00
1.749611139297485352e+00
2.444406509399414062e+00
2.444406509399414062e+00
2.444406509399414062e+00
2.444406509399414062e+00
2.346348524093627930e+00
1.907593369483947754e+00
1.907593369483947754e+00
1.396268129348754883e+00
5.277270674705505371e-01
5.277270674705505371e-01
5.277270674705505371e-01
6.495382189750671387e-01
2.475663661956787109e+00
1.049752116203308105e+00
1.049752116203308105e+00
1.049752116203308105e+00
1.072517037391662598e+00
1.072517037391662598e+00
1.072517037391662598e+00
1.072517037391662598e+00
1.072517037391662598e+00
1.072517037391662598e+00
1.072517037391662598e+00
1.072517037391662598e+00
1.072517037391662598e+00
1.072517037391662598e+00
1.072517037391662598e+00
1.072517037391662598e+00
1.072517037391662598e+00
1.072517037391662598e+00
1.072517037391662598e+00
7.699925303459167480e-01
1.045620918273925781e+00
1.045620918273925781e+00
1.627556562423706055e+00
1.627556562423706055e+00
1.627556562423706055e+00
1.627556562423706055e+00
1.627556562423706055e+00
1.627556562423706055e+00
1.627556562423706055e+00
1.627556562423706055e+00
1.627556562423706055e+00
1.627556562423706055e+00
1.627556562423706055e+00
1.627556562423706055e+00
1.627556562423706055e+00
2.347261428833007812e+00
2.242969274520874023e+00
2.383947372436523438e+00
4.292545318603515625e-01
4.292545318603515625e-01
4.292545318603515625e-01
4.292545318603515625e-01
4.292545318603515625e-01
4.292545318603515625e-01
4.292545318603515625e-01
4.292545318603515625e-01
5.349957942962646484e+00
5.349957942962646484e+00
5.349957942962646484e+00
3.625972747802734375e+00
3.625972747802734375e+00
3.625972747802734375e+00
3.454263687133789062e+00
2.960316419601440430e+00
2.862750530242919922e+00
3.127645254135131836e+00
3.127645254135131836e+00
3.127645254135131836e+00
3.127645254135131836e+00
3.127645254135131836e+00
2.853116512298583984e+00
2.853116512298583984e+00
1.174933671951293945e+00
1.174933671951293945e+00
6.343972086906433105e-01
6.343972086906433105e-01
6.343972086906433105e-01
6.343972086906433105e-01
6.343972086906433105e-01
6.343972086906433105e-01
6.343972086906433105e-01
6.343972086906433105e-01
6.343972086906433105e-01
6.343972086906433105e-01
6.343972086906433105e-01
1.099968552589416504e+00
1.099968552589416504e+00
1.099968552589416504e+00
1.099968552589416504e+00
1.099968552589416504e+00
1.099968552589416504e+00
1.099968552589416504e+00
1.099968552589416504e+00
1.099968552589416504e+00
1.099968552589416504e+00
2.137097358703613281e+00
9.157847166061401367e-01
9.157847166061401367e-01
9.157847166061401367e-01
9.157847166061401367e-01
9.157847166061401367e-01
9.157847166061401367e-01
9.157847166061401367e-01
1.157764315605163574e+00
1.316331863403320312e+00
1.316331863403320312e+00
1.049586296081542969e+00
1.049586296081542969e+00
1.049586296081542969e+00
1.049586296081542969e+00
1.049586296081542969e+00
1.049586296081542969e+00
1.049586296081542969e+00
1.049586296081542969e+00
2.026097297668457031e+00
1.577348232269287109e+00
1.767589926719665527e+00
1.767589926719665527e+00
1.767589926719665527e+00
1.767589926719665527e+00
1.767589926719665527e+00
1.767589926719665527e+00
1.767589926719665527e+00
1.767589926719665527e+00
1.767589926719665527e+00
1.767589926719665527e+00
1.767589926719665527e+00
1.767589926719665527e+00
1.767589926719665527e+00
2.059472560882568359e+00
2.059472560882568359e+00
2.059472560882568359e+00
2.059472560882568359e+00
2.224029064178466797e+00
2.228432655334472656e+00
3.141954660415649414e+00
2.746434688568115234e+00
2.975927352905273438e+00
2.975927352905273438e+00
2.975927352905273438e+00
9.995068311691284180e-01
9.995068311691284180e-01
9.995068311691284180e-01
9.995068311691284180e-01
9.995068311691284180e-01
9.995068311691284180e-01
9.995068311691284180e-01
9.995068311691284180e-01
9.995068311691284180e-01
9.995068311691284180e-01
9.995068311691284180e-01
9.995068311691284180e-01
9.995068311691284180e-01
9.995068311691284180e-01
9.995068311691284180e-01
9.995068311691284180e-01
9.995068311691284180e-01
9.995068311691284180e-01
9.995068311691284180e-01
1.452845454216003418e+00
1.452845454216003418e+00
1.452845454216003418e+00
1.452845454216003418e+00
1.452845454216003418e+00
1.452845454216003418e+00
1.452845454216003418e+00
1.452845454216003418e+00
1.452845454216003418e+00
2.976253986358642578e+00
3.524954557418823242e+00
1.295542001724243164e+00
9.675240516662597656e-01
9.675240516662597656e-01
1.772441744804382324e+00
1.075527191162109375e+00
1.075527191162109375e+00
1.075527191162109375e+00
1.075527191162109375e+00
1.075527191162109375e+00
1.075527191162109375e+00
6.467470526695251465e-01
6.467470526695251465e-01
6.467470526695251465e-01
8.308941721916198730e-01
8.308941721916198730e-01
8.308941721916198730e-01
8.308941721916198730e-01
8.308941721916198730e-01
8.308941721916198730e-01
1.296175360679626465e+00
1.296175360679626465e+00
1.296175360679626465e+00
1.296175360679626465e+00
1.296175360679626465e+00
1.296175360679626465e+00
2.101596593856811523e+00
7.847253084182739258e-01
7.847253084182739258e-01
7.847253084182739258e-01
1.510072112083435059e+00
1.510072112083435059e+00
1.510072112083435059e+00
1.510072112083435059e+00
1.510072112083435059e+00
1.510072112083435059e+00
1.510072112083435059e+00
1.510072112083435059e+00
1.510072112083435059e+00
2.342910289764404297e+00
2.342910289764404297e+00
2.342910289764404297e+00
2.342910289764404297e+00
2.342910289764404297e+00
2.342910289764404297e+00
2.342910289764404297e+00
1.328579545021057129e+00
7.575437426567077637e-01
7.575437426567077637e-01
7.575437426567077637e-01
7.575437426567077637e-01
7.575437426567077637e-01
7.575437426567077637e-01
7.575437426567077637e-01
7.575437426567077637e-01
7.575437426567077637e-01
2.176127433776855469e+00
2.176127433776855469e+00
2.176127433776855469e+00
1.695029854774475098e+00
1.695029854774475098e+00
1.528410792350769043e+00
1.528410792350769043e+00
1.528410792350769043e+00
1.528410792350769043e+00
5.570841312408447266e+00
4.902353286743164062e+00
1.526517629623413086e+00
1.526517629623413086e+00
1.379656314849853516e+00
1.906230449676513672e+00
1.906230449676513672e+00
1.906230449676513672e+00
1.906230449676513672e+00
1.906230449676513672e+00
1.510913729667663574e+00
1.510913729667663574e+00
1.926197528839111328e+00
1.268196582794189453e+00
1.268196582794189453e+00
1.268196582794189453e+00
1.268196582794189453e+00
1.515946269035339355e+00
1.515946269035339355e+00
1.515946269035339355e+00
1.515946269035339355e+00
1.515946269035339355e+00
1.515946269035339355e+00
1.515946269035339355e+00
1.515946269035339355e+00
1.476957798004150391e+00
1.476957798004150391e+00
1.476957798004150391e+00
7.629255652427673340e-01
3.191045522689819336e+00
3.170228719711303711e+00
3.170228719711303711e+00
3.095414876937866211e+00
1.622466444969177246e+00
1.622466444969177246e+00
1.803204894065856934e+00
1.803204894065856934e+00
1.803204894065856934e+00
1.803204894065856934e+00
1.803204894065856934e+00
1.339161872863769531e+00
1.339161872863769531e+00
1.339161872863769531e+00
1.339161872863769531e+00
1.336340904235839844e+00
1.336340904235839844e+00
1.336340904235839844e+00
1.336340904235839844e+00
1.336340904235839844e+00
1.336340904235839844e+00
1.336340904235839844e+00
1.336340904235839844e+00
1.336340904235839844e+00
9.413744211196899414e-01
9.413744211196899414e-01
9.413744211196899414e-01
9.413744211196899414e-01
9.413744211196899414e-01
9.309969544410705566e-01
9.309969544410705566e-01
9.309969544410705566e-01
9.309969544410705566e-01
9.309969544410705566e-01
9.309969544410705566e-01
9.309969544410705566e-01
9.309969544410705566e-01
9.309969544410705566e-01
1.489997744560241699e+00
1.489997744560241699e+00
1.489997744560241699e+00
1.781874418258666992e+00
1.781874418258666992e+00
1.781874418258666992e+00
1.781874418258666992e+00
1.781874418258666992e+00
4.566416740417480469e+00
4.319221496582031250e+00
3.579824924468994141e+00
3.579824924468994141e+00
5.415950775146484375e+00
4.077909469604492188e+00
3.206307411193847656e+00
1.885650753974914551e+00
1.885650753974914551e+00
1.885650753974914551e+00
1.885650753974914551e+00
1.885650753974914551e+00
1.885650753974914551e+00
2.180734157562255859e+00
2.180734157562255859e+00
2.180734157562255859e+00
2.180734157562255859e+00
2.180734157562255859e+00
9.105472564697265625e-01
9.105472564697265625e-01
9.105472564697265625e-01
9.105472564697265625e-01
9.105472564697265625e-01
9.105472564697265625e-01
9.105472564697265625e-01
9.105472564697265625e-01
9.105472564697265625e-01
9.105472564697265625e-01
9.105472564697265625e-01
9.105472564697265625e-01
2.727881431579589844e+00
2.727881431579589844e+00
2.727881431579589844e+00
2.727881431579589844e+00
2.727881431579589844e+00
2.727881431579589844e+00
2.727881431579589844e+00
2.727881431579589844e+00
1.518665552139282227e+00
1.518665552139282227e+00
1.518665552139282227e+00
1.518665552139282227e+00
1.518665552139282227e+00
1.518665552139282227e+00
1.518665552139282227e+00
1.518665552139282227e+00
1.518665552139282227e+00
1.518665552139282227e+00
1.518665552139282227e+00
5.913244247436523438e+00
5.913244247436523438e+00
5.913244247436523438e+00
5.913244247436523438e+00
5.290524482727050781e+00
5.290524482727050781e+00
5.290524482727050781e+00
5.290524482727050781e+00
8.123595237731933594e+00
4.899859428405761719e+00
4.899859428405761719e+00
3.759734392166137695e+00
3.759734392166137695e+00
5.858367919921875000e+00
5.858367919921875000e+00
5.858367919921875000e+00
4.495408058166503906e+00
4.495408058166503906e+00
7.125523090362548828e-01
7.125523090362548828e-01
7.125523090362548828e-01
7.125523090362548828e-01
7.125523090362548828e-01
7.125523090362548828e-01
7.125523090362548828e-01
7.125523090362548828e-01
7.125523090362548828e-01
7.125523090362548828e-01
6.233994960784912109e-01
6.233994960784912109e-01
1.100336074829101562e+00
1.100336074829101562e+00
1.100336074829101562e+00
1.100336074829101562e+00
5.594663143157958984e+00
1.827464103698730469e+00
1.294099092483520508e+00
1.294099092483520508e+00
1.294099092483520508e+00
1.294099092483520508e+00
1.726707577705383301e+00
1.343852162361145020e+00
1.343852162361145020e+00
1.343852162361145020e+00
1.343852162361145020e+00
1.343852162361145020e+00
8.448259830474853516e-01
8.448259830474853516e-01
8.448259830474853516e-01
1.016913294792175293e+00
1.016913294792175293e+00
1.016913294792175293e+00
1.016913294792175293e+00
1.016913294792175293e+00
1.016913294792175293e+00
1.016913294792175293e+00
1.016913294792175293e+00
1.016913294792175293e+00
1.016913294792175293e+00
1.016913294792175293e+00
1.016913294792175293e+00
1.016913294792175293e+00
2.774104595184326172e+00
1.423578381538391113e+00
1.423578381538391113e+00
1.423578381538391113e+00
1.423578381538391113e+00
1.423578381538391113e+00
1.423578381538391113e+00
1.423578381538391113e+00
1.423578381538391113e+00
1.423578381538391113e+00
1.423578381538391113e+00
1.298661589622497559e+00
1.298661589622497559e+00
1.298661589622497559e+00
1.451928257942199707e+00
1.451928257942199707e+00
1.451928257942199707e+00
1.451928257942199707e+00
2.301706075668334961e+00
2.301706075668334961e+00
2.301706075668334961e+00
2.301706075668334961e+00
2.301706075668334961e+00
2.301706075668334961e+00
2.301706075668334961e+00
2.301706075668334961e+00
2.301706075668334961e+00
2.301706075668334961e+00
6.370030641555786133e-01
6.370030641555786133e-01
1.469475030899047852e+00
1.996460199356079102e+00
3.446822881698608398e+00
3.446822881698608398e+00
3.446822881698608398e+00
3.446822881698608398e+00
3.446822881698608398e+00
3.446822881698608398e+00
9.710628986358642578e-01
9.710628986358642578e-01
1.056534528732299805e+00
1.056534528732299805e+00
1.056534528732299805e+00
1.056534528732299805e+00
1.160642504692077637e+00
1.160642504692077637e+00
1.160642504692077637e+00
1.160642504692077637e+00
1.160642504692077637e+00
1.160642504692077637e+00
1.160642504692077637e+00
1.160642504692077637e+00
1.160642504692077637e+00
1.160642504692077637e+00
1.146161317825317383e+00
2.279532909393310547e+00
2.279532909393310547e+00
2.279532909393310547e+00
1.568755269050598145e+00
1.568755269050598145e+00
1.568755269050598145e+00
1.568755269050598145e+00
1.568755269050598145e+00
1.568755269050598145e+00
1.568755269050598145e+00
1.568755269050598145e+00
1.568755269050598145e+00
1.568755269050598145e+00
8.953263759613037109e-01
8.953263759613037109e-01
8.953263759613037109e-01
8.953263759613037109e-01
8.953263759613037109e-01
2.971050500869750977e+00
2.971050500869750977e+00
2.971050500869750977e+00
2.971050500869750977e+00
2.882288694381713867e+00
2.882288694381713867e+00
2.882288694381713867e+00
2.882288694381713867e+00
