2.063894987106323242e+00
2.063894987106323242e+00
2.063894987106323242e+00
2.637189626693725586e+00
2.637189626693725586e+00
2.637189626693725586e+00
4.219027519226074219e+00
4.219027519226074219e+00
5.048503398895263672e+00
5.048503398895263672e+00
5.048503398895263672e+00
4.151122093200683594e+00
4.151122093200683594e+00
4.151122093200683594e+00
4.151122093200683594e+00
1.496851444244384766e+00
1.797188162803649902e+00
1.797188162803649902e+00
1.797188162803649902e+00
1.803092360496520996e+00
8.226070404052734375e-01
1.167378425598144531e+00
1.167378425598144531e+00
1.167378425598144531e+00
3.787097930908203125e+00
3.787097930908203125e+00
3.787097930908203125e+00
1.735251903533935547e+00
1.735251903533935547e+00
1.735251903533935547e+00
1.735251903533935547e+00
1.735251903533935547e+00
1.735251903533935547e+00
1.735251903533935547e+00
1.980191230773925781e+00
3.252774477005004883e+00
3.252774477005004883e+00
3.506933927536010742e+00
3.891529798507690430e+00
3.891529798507690430e+00
1.031354665756225586e+00
1.031354665756225586e+00
1.031354665756225586e+00
2.000595569610595703e+00
2.000595569610595703e+00
2.968722343444824219e+00
2.968722343444824219e+00
2.968722343444824219e+00
2.150717258453369141e+00
2.150717258453369141e+00
3.038072824478149414e+00
3.038072824478149414e+00
3.038072824478149414e+00
2.153342008590698242e+00
1.646024703979492188e+00
1.646024703979492188e+00
1.646024703979492188e+00
2.969206571578979492e+00
3.114123344421386719e+00
3.114123344421386719e+00
3.114123344421386719e+00
3.114123344421386719e+00
1.628547906875610352e+00
1.628547906875610352e+00
1.628547906875610352e+00
2.695672512054443359e+00
2.695672512054443359e+00
2.695672512054443359e+00
2.695672512054443359e+00
1.145703196525573730e+00
1.145703196525573730e+00
1.145703196525573730e+00
1.145703196525573730e+00
1.219255685806274414e+00
1.219255685806274414e+00
1.219255685806274414e+00
1.219255685806274414e+00
1.219255685806274414e+00
3.089711189270019531e+00
3.089711189270019531e+00
3.089711189270019531e+00
3.089711189270019531e+00
3.089711189270019531e+00
3.336721897125244141e+00
6.569828987121582031e-01
2.493832111358642578e+00
2.493832111358642578e+00
2.493832111358642578e+00
5.309366226196289062e+00
5.309366226196289062e+00
3.233987808227539062e+00
2.910232305526733398e+00
2.910232305526733398e+00
3.404987812042236328e+00
4.766300201416015625e+00
2.986257076263427734e+00
2.986257076263427734e+00
2.986257076263427734e+00
2.986257076263427734e+00
2.997341632843017578e+00
2.997341632843017578e+00
1.699135303497314453e+00
1.699135303497314453e+00
2.147936820983886719e+00
2.147936820983886719e+00
2.147936820983886719e+00
1.054597377777099609e+00
1.054597377777099609e+00
1.054597377777099609e+00
1.054597377777099609e+00
1.054597377777099609e+00
1.054597377777099609e+00
1.054597377777099609e+00
1.673054456710815430e+00
8.035620450973510742e-01
8.035620450973510742e-01
8.035620450973510742e-01
8.035620450973510742e-01
1.862431645393371582e+00
1.862431645393371582e+00
1.862431645393371582e+00
2.257951021194458008e+00
2.257951021194458008e+00
1.350240230560302734e+00
1.350240230560302734e+00
1.524864196777343750e+00
1.524864196777343750e+00
2.822140693664550781e+00
2.822140693664550781e+00
2.822140693664550781e+00
2.822140693664550781e+00
2.723226070404052734e+00
2.704544782638549805e+00
2.704544782638549805e+00
2.704544782638549805e+00
2.704544782638549805e+00
2.704544782638549805e+00
2.058122634887695312e+00
2.213893651962280273e+00
2.213893651962280273e+00
2.213893651962280273e+00
2.213893651962280273e+00
2.213893651962280273e+00
2.213893651962280273e+00
2.213893651962280273e+00
1.230109214782714844e+00
9.001427888870239258e-01
9.001427888870239258e-01
1.903344988822937012e+00
1.740278840065002441e+00
1.740278840065002441e+00
1.981417894363403320e+00
9.712115526199340820e-01
9.712115526199340820e-01
9.712115526199340820e-01
9.712115526199340820e-01
9.712115526199340820e-01
9.712115526199340820e-01
9.712115526199340820e-01
6.524657607078552246e-01
6.524657607078552246e-01
6.524657607078552246e-01
6.524657607078552246e-01
1.843724012374877930e+00
1.143306255340576172e+00
1.213975071907043457e+00
1.213975071907043457e+00
1.834955453872680664e+00
1.834955453872680664e+00
1.834955453872680664e+00
1.834955453872680664e+00
1.834955453872680664e+00
3.328676462173461914e+00
3.328676462173461914e+00
3.328676462173461914e+00
3.328676462173461914e+00
2.339856147766113281e+00
2.339856147766113281e+00
2.274920225143432617e+00
2.274920225143432617e+00
2.274920225143432617e+00
2.274920225143432617e+00
2.274920225143432617e+00
2.274920225143432617e+00
2.274920225143432617e+00
2.274920225143432617e+00
2.274920225143432617e+00
1.593566298484802246e+00
1.593566298484802246e+00
1.593566298484802246e+00
1.908793687820434570e+00
1.908793687820434570e+00
1.908793687820434570e+00
1.908793687820434570e+00
1.908793687820434570e+00
1.908793687820434570e+00
2.132945775985717773e+00
2.132945775985717773e+00
2.132945775985717773e+00
2.132945775985717773e+00
2.132945775985717773e+00
2.132945775985717773e+00
2.132945775985717773e+00
2.696452379226684570e+00
2.696452379226684570e+00
1.292259454727172852e+00
1.292259454727172852e+00
1.292259454727172852e+00
1.292259454727172852e+00
1.292259454727172852e+00
1.132365226745605469e+00
1.243349552154541016e+00
1.243349552154541016e+00
1.243349552154541016e+00
1.243349552154541016e+00
1.243349552154541016e+00
1.243349552154541016e+00
1.243349552154541016e+00
1.243349552154541016e+00
1.243349552154541016e+00
1.515496492385864258e+00
7.851369380950927734e-01
7.851369380950927734e-01
8.489797115325927734e-01
7.555050253868103027e-01
7.555050253868103027e-01
7.555050253868103027e-01
7.555050253868103027e-01
7.555050253868103027e-01
6.159263849258422852e-01
6.159263849258422852e-01
6.159263849258422852e-01
6.159263849258422852e-01
6.159263849258422852e-01
6.159263849258422852e-01
6.159263849258422852e-01
2.037841796875000000e+00
2.037841796875000000e+00
2.037841796875000000e+00
2.037841796875000000e+00
2.037841796875000000e+00
2.037841796875000000e+00
2.037841796875000000e+00
1.643751382827758789e+00
3.273978710174560547e+00
3.198567152023315430e+00
9.867904186248779297e-01
2.547901391983032227e+00
2.547901391983032227e+00
2.547901391983032227e+00
2.547901391983032227e+00
2.547901391983032227e+00
2.571921110153198242e+00
7.372344970703125000e+00
6.592695236206054688e+00
6.592695236206054688e+00
5.002517700195312500e+00
5.002517700195312500e+00
5.002517700195312500e+00
5.411224842071533203e+00
5.411224842071533203e+00
5.411224842071533203e+00
6.001660346984863281e+00
3.453332901000976562e+00
3.401670455932617188e+00
3.653116703033447266e+00
3.653116703033447266e+00
3.653116703033447266e+00
3.653116703033447266e+00
3.653116703033447266e+00
3.653116703033447266e+00
2.998429059982299805e+00
2.998429059982299805e+00
2.998429059982299805e+00
2.998429059982299805e+00
2.998429059982299805e+00
9.342062473297119141e-01
9.342062473297119141e-01
9.342062473297119141e-01
9.342062473297119141e-01
9.342062473297119141e-01
9.342062473297119141e-01
9.342062473297119141e-01
9.342062473297119141e-01
9.342062473297119141e-01
5.576744079589843750e-01
9.432553648948669434e-01
9.432553648948669434e-01
9.432553648948669434e-01
9.432553648948669434e-01
1.243390083312988281e+00
2.164609193801879883e+00
1.930065155029296875e+00
1.791337370872497559e+00
1.791337370872497559e+00
2.219749450683593750e+00
2.219749450683593750e+00
2.219749450683593750e+00
2.219749450683593750e+00
2.219749450683593750e+00
2.219749450683593750e+00
2.219749450683593750e+00
1.634478449821472168e+00
1.634478449821472168e+00
1.634478449821472168e+00
1.634478449821472168e+00
1.634478449821472168e+00
1.634478449821472168e+00
1.234091758728027344e+00
1.234091758728027344e+00
1.234091758728027344e+00
1.234091758728027344e+00
1.234091758728027344e+00
1.234091758728027344e+00
1.234091758728027344e+00
2.939400434494018555e+00
1.557184457778930664e+00
1.557184457778930664e+00
9.298934340476989746e-01
9.298934340476989746e-01
9.298934340476989746e-01
9.298934340476989746e-01
9.298934340476989746e-01
9.298934340476989746e-01
9.298934340476989746e-01
9.298934340476989746e-01
9.298934340476989746e-01
1.452628493309020996e+00
1.996904134750366211e+00
1.996904134750366211e+00
1.362783312797546387e+00
1.362783312797546387e+00
5.984645485877990723e-01
5.984645485877990723e-01
5.984645485877990723e-01
5.984645485877990723e-01
1.696166992187500000e+00
1.696166992187500000e+00
1.696166992187500000e+00
1.696166992187500000e+00
1.696166992187500000e+00
1.696166992187500000e+00
1.696166992187500000e+00
1.910180926322937012e+00
1.053728580474853516e+00
1.053728580474853516e+00
1.053728580474853516e+00
1.053728580474853516e+00
1.053728580474853516e+00
1.053728580474853516e+00
1.053728580474853516e+00
1.053728580474853516e+00
1.053728580474853516e+00
1.053728580474853516e+00
1.053728580474853516e+00
1.101798892021179199e+00
1.101798892021179199e+00
4.308480739593505859e+00
2.428037881851196289e+00
1.560005664825439453e+00
1.560005664825439453e+00
6.839064359664916992e-01
6.839064359664916992e-01
6.839064359664916992e-01
6.839064359664916992e-01
2.745322704315185547e+00
2.745322704315185547e+00
2.745322704315185547e+00
2.745322704315185547e+00
2.103969573974609375e+00
5.317903757095336914e-01
5.317903757095336914e-01
5.317903757095336914e-01
5.317903757095336914e-01
5.317903757095336914e-01
5.317903757095336914e-01
5.317903757095336914e-01
5.317903757095336914e-01
3.199216365814208984e+00
3.199216365814208984e+00
1.641425967216491699e+00
1.149667978286743164e+00
1.149667978286743164e+00
1.149667978286743164e+00
1.149667978286743164e+00
1.149667978286743164e+00
1.149667978286743164e+00
1.149667978286743164e+00
1.149667978286743164e+00
1.149667978286743164e+00
1.149667978286743164e+00
1.149667978286743164e+00
1.149667978286743164e+00
1.149667978286743164e+00
1.149667978286743164e+00
1.149667978286743164e+00
1.149667978286743164e+00
1.149667978286743164e+00
1.149667978286743164e+00
1.149667978286743164e+00
1.149667978286743164e+00
1.149667978286743164e+00
1.149667978286743164e+00
1.149667978286743164e+00
1.149667978286743164e+00
1.149667978286743164e+00
1.149667978286743164e+00
1.149667978286743164e+00
1.149667978286743164e+00
1.149667978286743164e+00
1.149667978286743164e+00
1.149667978286743164e+00
1.149667978286743164e+00
1.149667978286743164e+00
1.149667978286743164e+00
1.149667978286743164e+00
1.149667978286743164e+00
1.860381603240966797e+00
1.860381603240966797e+00
1.860381603240966797e+00
1.860381603240966797e+00
1.860381603240966797e+00
2.850188493728637695e+00
2.850188493728637695e+00
2.850188493728637695e+00
3.130628347396850586e+00
3.130628347396850586e+00
3.130628347396850586e+00
3.130628347396850586e+00
3.130628347396850586e+00
2.227751255035400391e+00
2.227751255035400391e+00
2.227751255035400391e+00
2.227751255035400391e+00
2.227751255035400391e+00
9.849245548248291016e-01
9.849245548248291016e-01
1.360331773757934570e+00
1.360331773757934570e+00
1.360331773757934570e+00
1.111565589904785156e+00
8.803225755691528320e-01
8.803225755691528320e-01
8.803225755691528320e-01
8.803225755691528320e-01
8.803225755691528320e-01
1.384096980094909668e+00
1.384096980094909668e+00
1.384096980094909668e+00
1.384096980094909668e+00
4.029709815979003906e+00
4.029709815979003906e+00
4.029709815979003906e+00
3.652849197387695312e+00
4.458239555358886719e+00
4.458239555358886719e+00
5.596166610717773438e+00
4.823788642883300781e+00
4.823788642883300781e+00
2.766621112823486328e+00
2.766621112823486328e+00
3.600816249847412109e+00
2.033395290374755859e+00
6.631335020065307617e-01
6.631335020065307617e-01
6.631335020065307617e-01
6.631335020065307617e-01
9.200607538223266602e-01
9.200607538223266602e-01
9.200607538223266602e-01
1.688353419303894043e+00
5.846840143203735352e-01
5.846840143203735352e-01
5.846840143203735352e-01
5.846840143203735352e-01
1.182090759277343750e+00
9.546794891357421875e-01
9.546794891357421875e-01
9.546794891357421875e-01
5.782477259635925293e-01
5.782477259635925293e-01
5.782477259635925293e-01
5.782477259635925293e-01
5.782477259635925293e-01
5.782477259635925293e-01
2.106709241867065430e+00
2.106709241867065430e+00
2.106709241867065430e+00
2.010310173034667969e+00
2.010310173034667969e+00
2.010310173034667969e+00
2.010310173034667969e+00
2.010310173034667969e+00
2.010310173034667969e+00
1.863108634948730469e+00
1.863108634948730469e+00
1.863108634948730469e+00
1.863108634948730469e+00
1.863108634948730469e+00
1.808878660202026367e+00
1.808878660202026367e+00
2.844578266143798828e+00
2.844578266143798828e+00
4.689931869506835938e+00
7.107930660247802734e+00
7.107930660247802734e+00
7.107930660247802734e+00
6.890630245208740234e+00
6.890630245208740234e+00
6.890630245208740234e+00
5.112526416778564453e+00
5.174579143524169922e+00
3.339080333709716797e+00
3.339080333709716797e+00
3.339080333709716797e+00
3.339080333709716797e+00
3.339080333709716797e+00
2.643296003341674805e+00
2.643296003341674805e+00
2.024559020996093750e+00
2.024559020996093750e+00
3.162400722503662109e+00
3.162400722503662109e+00
1.918614387512207031e+00
1.918614387512207031e+00
1.918614387512207031e+00
1.918614387512207031e+00
1.918614387512207031e+00
1.918614387512207031e+00
1.918614387512207031e+00
4.560723304748535156e-01
4.560723304748535156e-01
4.560723304748535156e-01
4.560723304748535156e-01
4.560723304748535156e-01
4.560723304748535156e-01
4.560723304748535156e-01
4.560723304748535156e-01
3.423110246658325195e+00
3.611478328704833984e+00
1.864794492721557617e+00
1.864794492721557617e+00
1.864794492721557617e+00
1.864794492721557617e+00
1.864794492721557617e+00
1.864794492721557617e+00
2.292649745941162109e+00
2.292649745941162109e+00
1.105039477348327637e+00
1.105039477348327637e+00
2.139296054840087891e+00
1.535942554473876953e+00
1.535942554473876953e+00
1.535942554473876953e+00
3.013967514038085938e+00
3.013967514038085938e+00
3.013967514038085938e+00
2.157587051391601562e+00
2.702948808670043945e+00
3.255661487579345703e+00
3.255661487579345703e+00
3.255661487579345703e+00
2.819605350494384766e+00
2.705836772918701172e+00
2.705836772918701172e+00
2.705836772918701172e+00
2.705836772918701172e+00
1.621753931045532227e+00
1.621753931045532227e+00
1.621753931045532227e+00
1.621753931045532227e+00
1.621753931045532227e+00
7.379013895988464355e-01
7.379013895988464355e-01
1.502050518989562988e+00
1.502050518989562988e+00
1.502050518989562988e+00
7.788040041923522949e-01
7.263697385787963867e-01
7.263697385787963867e-01
7.263697385787963867e-01
7.263697385787963867e-01
7.263697385787963867e-01
7.263697385787963867e-01
7.263697385787963867e-01
7.263697385787963867e-01
4.016914367675781250e-01
3.550679445266723633e+00
3.550679445266723633e+00
3.550679445266723633e+00
3.550679445266723633e+00
3.550679445266723633e+00
3.550679445266723633e+00
3.550679445266723633e+00
3.550679445266723633e+00
4.993401050567626953e+00
5.316506862640380859e+00
5.316506862640380859e+00
5.316506862640380859e+00
4.807289600372314453e+00
3.892302513122558594e+00
2.661818265914916992e+00
2.661818265914916992e+00
3.181656122207641602e+00
9.413933753967285156e-01
9.413933753967285156e-01
9.413933753967285156e-01
9.413933753967285156e-01
9.413933753967285156e-01
1.406742095947265625e+00
1.406742095947265625e+00
1.406742095947265625e+00
1.406742095947265625e+00
1.406742095947265625e+00
1.406742095947265625e+00
1.406742095947265625e+00
1.406742095947265625e+00
1.406742095947265625e+00
1.060518980026245117e+00
1.584733128547668457e+00
1.584733128547668457e+00
1.584733128547668457e+00
1.584733128547668457e+00
1.584733128547668457e+00
1.584733128547668457e+00
1.654423356056213379e+00
1.654423356056213379e+00
1.654423356056213379e+00
1.654423356056213379e+00
9.178177714347839355e-01
9.178177714347839355e-01
9.178177714347839355e-01
7.969940900802612305e-01
7.969940900802612305e-01
7.969940900802612305e-01
7.969940900802612305e-01
1.208006620407104492e+00
1.208006620407104492e+00
1.208006620407104492e+00
1.208006620407104492e+00
1.208006620407104492e+00
1.208006620407104492e+00
1.229597806930541992e+00
1.229597806930541992e+00
1.229597806930541992e+00
1.229597806930541992e+00
1.229597806930541992e+00
1.229597806930541992e+00
1.229597806930541992e+00
1.229597806930541992e+00
1.229597806930541992e+00
1.229597806930541992e+00
1.229597806930541992e+00
2.248392343521118164e+00
1.196032047271728516e+00
1.196032047271728516e+00
1.196032047271728516e+00
1.196032047271728516e+00
1.196032047271728516e+00
1.196032047271728516e+00
1.021765708923339844e+00
3.262895345687866211e+00
3.262895345687866211e+00
3.262895345687866211e+00
4.298912048339843750e+00
4.597214221954345703e+00
3.096555709838867188e+00
3.096555709838867188e+00
2.803084850311279297e+00
8.153848648071289062e-01
8.153848648071289062e-01
8.153848648071289062e-01
8.153848648071289062e-01
8.153848648071289062e-01
8.153848648071289062e-01
7.673931121826171875e-01
7.673931121826171875e-01
1.105486631393432617e+00
1.876957416534423828e+00
2.678292274475097656e+00
1.683282494544982910e+00
1.683282494544982910e+00
1.683282494544982910e+00
1.683282494544982910e+00
1.683282494544982910e+00
1.683282494544982910e+00
2.486453294754028320e+00
2.486453294754028320e+00
1.917556643486022949e+00
1.917556643486022949e+00
1.917556643486022949e+00
1.917556643486022949e+00
1.049946308135986328e+00
1.049946308135986328e+00
1.049946308135986328e+00
6.291995048522949219e-01
1.618233442306518555e+00
1.618233442306518555e+00
2.537274360656738281e+00
2.534631967544555664e+00
2.534631967544555664e+00
2.305005311965942383e+00
2.305005311965942383e+00
2.305005311965942383e+00
4.159691333770751953e+00
4.159691333770751953e+00
4.991430759429931641e+00
4.991430759429931641e+00
3.630246639251708984e+00
3.630246639251708984e+00
3.630246639251708984e+00
3.630246639251708984e+00
3.630246639251708984e+00
1.650929808616638184e+00
1.596685767173767090e+00
1.785733938217163086e+00
1.785733938217163086e+00
1.785733938217163086e+00
1.785733938217163086e+00
1.785733938217163086e+00
1.128340005874633789e+00
1.128340005874633789e+00
1.128340005874633789e+00
1.393183231353759766e+00
1.393183231353759766e+00
2.012816429138183594e+00
1.489932060241699219e+00
1.489932060241699219e+00
1.489932060241699219e+00
1.489932060241699219e+00
1.489932060241699219e+00
2.485039710998535156e+00
2.485039710998535156e+00
2.106000423431396484e+00
1.946395397186279297e+00
1.946395397186279297e+00
1.946395397186279297e+00
1.946395397186279297e+00
1.946395397186279297e+00
1.061357259750366211e+00
1.541996955871582031e+00
2.089169740676879883e+00
2.089169740676879883e+00
1.984113454818725586e+00
9.973171353340148926e-01
1.066125273704528809e+00
1.066125273704528809e+00
1.066125273704528809e+00
1.066125273704528809e+00
1.480356574058532715e+00
1.480356574058532715e+00
1.480356574058532715e+00
3.439764499664306641e+00
3.697947502136230469e+00
3.697947502136230469e+00
3.697947502136230469e+00
3.697947502136230469e+00
3.697947502136230469e+00
3.040661096572875977e+00
3.040661096572875977e+00
1.757866382598876953e+00
1.989612698554992676e+00
1.989612698554992676e+00
1.820710420608520508e+00
7.412793636322021484e-01
7.412793636322021484e-01
8.682230114936828613e-01
8.682230114936828613e-01
8.682230114936828613e-01
1.856053709983825684e+00
1.856053709983825684e+00
1.856053709983825684e+00
1.856053709983825684e+00
1.856053709983825684e+00
1.856053709983825684e+00
2.471991300582885742e+00
2.471991300582885742e+00
2.471991300582885742e+00
2.471991300582885742e+00
2.471991300582885742e+00
2.471991300582885742e+00
2.471991300582885742e+00
2.471991300582885742e+00
2.471991300582885742e+00
2.892062187194824219e+00
1.303643345832824707e+00
1.303643345832824707e+00
1.303643345832824707e+00
1.303643345832824707e+00
1.303643345832824707e+00
1.303643345832824707e+00
1.680001735687255859e+00
1.218743801116943359e+00
1.218743801116943359e+00
1.218743801116943359e+00
1.218743801116943359e+00
1.218743801116943359e+00
1.218743801116943359e+00
1.212886333465576172e+00
2.207449913024902344e+00
2.207449913024902344e+00
2.207449913024902344e+00
2.207449913024902344e+00
2.106828927993774414e+00
2.106828927993774414e+00
2.106828927993774414e+00
2.106828927993774414e+00
3.259725332260131836e+00
4.319262504577636719e+00
4.319262504577636719e+00
4.319262504577636719e+00
4.319262504577636719e+00
4.319262504577636719e+00
4.319262504577636719e+00
4.319262504577636719e+00
4.319262504577636719e+00
4.319262504577636719e+00
5.880575656890869141e+00
5.880575656890869141e+00
4.339210510253906250e+00
4.339210510253906250e+00
1.911660194396972656e+00
1.911660194396972656e+00
1.911660194396972656e+00
1.911660194396972656e+00
1.911660194396972656e+00
1.911660194396972656e+00
1.406147480010986328e+00
1.406147480010986328e+00
1.843399047851562500e+00
1.234059333801269531e+00
1.234059333801269531e+00
2.547657489776611328e+00
2.547657489776611328e+00
2.547657489776611328e+00
2.547657489776611328e+00
2.547657489776611328e+00
1.470029592514038086e+00
1.470029592514038086e+00
1.470029592514038086e+00
1.470029592514038086e+00
1.470029592514038086e+00
1.470029592514038086e+00
1.470029592514038086e+00
1.470029592514038086e+00
1.470029592514038086e+00
1.470029592514038086e+00
1.470029592514038086e+00
3.011763572692871094e+00
3.011763572692871094e+00
2.689718484878540039e+00
3.371570587158203125e+00
4.251673698425292969e+00
4.251673698425292969e+00
3.468947410583496094e+00
3.468947410583496094e+00
3.468947410583496094e+00
3.468947410583496094e+00
3.468947410583496094e+00
1.284720420837402344e+00
8.472136259078979492e-01
8.472136259078979492e-01
8.472136259078979492e-01
8.472136259078979492e-01
8.472136259078979492e-01
8.472136259078979492e-01
8.472136259078979492e-01
6.340720653533935547e-01
6.340720653533935547e-01
6.340720653533935547e-01
6.340720653533935547e-01
6.340720653533935547e-01
6.340720653533935547e-01
6.340720653533935547e-01
6.340720653533935547e-01
6.340720653533935547e-01
6.340720653533935547e-01
6.340720653533935547e-01
2.728443622589111328e+00
2.728443622589111328e+00
2.728443622589111328e+00
2.728443622589111328e+00
2.728443622589111328e+00
2.708506584167480469e+00
2.708506584167480469e+00
2.708506584167480469e+00
2.708506584167480469e+00
1.003494620323181152e+00
1.003494620323181152e+00
1.003494620323181152e+00
1.003494620323181152e+00
1.003494620323181152e+00
1.003494620323181152e+00
1.384926915168762207e+00
1.384926915168762207e+00
1.384926915168762207e+00
1.384926915168762207e+00
1.384926915168762207e+00
1.384926915168762207e+00
1.384926915168762207e+00
1.384926915168762207e+00
1.692273497581481934e+00
3.201919317245483398e+00
1.094247341156005859e+00
1.094247341156005859e+00
1.094247341156005859e+00
1.094247341156005859e+00
1.794244170188903809e+00
1.794244170188903809e+00
1.419122695922851562e+00
1.419122695922851562e+00
1.419122695922851562e+00
1.419122695922851562e+00
1.419122695922851562e+00
1.419122695922851562e+00
1.596466064453125000e+00
1.596466064453125000e+00
1.596466064453125000e+00
7.413370013236999512e-01
7.413370013236999512e-01
7.413370013236999512e-01
1.731521368026733398e+00
1.731521368026733398e+00
1.731521368026733398e+00
1.731521368026733398e+00
3.250083446502685547e+00
3.250083446502685547e+00
3.250083446502685547e+00
7.000441551208496094e-01
7.000441551208496094e-01
7.000441551208496094e-01
7.000441551208496094e-01
7.000441551208496094e-01
7.000441551208496094e-01
7.000441551208496094e-01
7.000441551208496094e-01
5.701194405555725098e-01
5.701194405555725098e-01
1.761989116668701172e+00
1.761989116668701172e+00
1.437082052230834961e+00
1.437082052230834961e+00
1.437082052230834961e+00
1.437082052230834961e+00
1.437082052230834961e+00
1.437082052230834961e+00
1.437082052230834961e+00
1.437082052230834961e+00
1.065851926803588867e+00
1.065851926803588867e+00
1.065851926803588867e+00
1.065851926803588867e+00
1.065851926803588867e+00
2.191563367843627930e+00
2.191563367843627930e+00
2.191563367843627930e+00
6.281751394271850586e-01
6.281751394271850586e-01
6.281751394271850586e-01
6.281751394271850586e-01
6.281751394271850586e-01
6.281751394271850586e-01
6.281751394271850586e-01
6.281751394271850586e-01
7.004309892654418945e-01
7.004309892654418945e-01
7.004309892654418945e-01
7.788552045822143555e-01
7.788552045822143555e-01
7.788552045822143555e-01
7.788552045822143555e-01
2.727574348449707031e+00
2.727574348449707031e+00
2.727574348449707031e+00
2.727574348449707031e+00
1.591158151626586914e+00
1.591158151626586914e+00
1.591158151626586914e+00
1.591158151626586914e+00
1.591158151626586914e+00
1.591158151626586914e+00
6.043273806571960449e-01
6.043273806571960449e-01
6.043273806571960449e-01
6.043273806571960449e-01
6.043273806571960449e-01
2.365838527679443359e+00
2.365838527679443359e+00
2.365838527679443359e+00
2.102182388305664062e+00
2.102182388305664062e+00
2.102182388305664062e+00
2.102182388305664062e+00
2.102182388305664062e+00
2.102182388305664062e+00
2.102182388305664062e+00
2.102182388305664062e+00
2.102182388305664062e+00
5.274163484573364258e-01
5.274163484573364258e-01
5.274163484573364258e-01
5.274163484573364258e-01
5.274163484573364258e-01
5.274163484573364258e-01
5.274163484573364258e-01
5.274163484573364258e-01
3.188562393188476562e+00
4.090153694152832031e+00
2.603976488113403320e+00
2.603976488113403320e+00
2.603976488113403320e+00
2.603976488113403320e+00
2.603976488113403320e+00
2.123188257217407227e+00
1.619434356689453125e+00
1.378040194511413574e+00
7.146406769752502441e-01
7.146406769752502441e-01
7.146406769752502441e-01
7.146406769752502441e-01
5.935586690902709961e-01
5.935586690902709961e-01
5.935586690902709961e-01
3.021725177764892578e+00
6.709964275360107422e-01
2.474550247192382812e+00
2.474550247192382812e+00
2.474550247192382812e+00
8.940308094024658203e-01
8.940308094024658203e-01
8.148360252380371094e-01
8.148360252380371094e-01
1.073847532272338867e+00
1.073847532272338867e+00
1.073847532272338867e+00
1.073847532272338867e+00
1.073847532272338867e+00
1.073847532272338867e+00
2.686742782592773438e+00
2.686742782592773438e+00
1.396359801292419434e+00
1.396359801292419434e+00
1.396359801292419434e+00
1.396359801292419434e+00
1.396359801292419434e+00
1.396359801292419434e+00
1.396359801292419434e+00
3.602183818817138672e+00
1.627587318420410156e+00
1.627587318420410156e+00
1.627587318420410156e+00
1.627587318420410156e+00
1.627587318420410156e+00
1.627587318420410156e+00
1.627587318420410156e+00
1.627587318420410156e+00
1.627587318420410156e+00
1.627587318420410156e+00
1.627587318420410156e+00
1.627587318420410156e+00
1.627587318420410156e+00
1.627587318420410156e+00
1.627587318420410156e+00
1.627587318420410156e+00
1.627587318420410156e+00
1.627587318420410156e+00
1.627587318420410156e+00
1.627587318420410156e+00
1.627587318420410156e+00
1.627587318420410156e+00
1.770178198814392090e+00
1.109739542007446289e+00
1.109739542007446289e+00
1.109739542007446289e+00
1.109739542007446289e+00
1.275312423706054688e+00
1.275312423706054688e+00
2.587308883666992188e+00
1.882163524627685547e+00
1.882163524627685547e+00
1.882163524627685547e+00
2.091853618621826172e+00
2.091853618621826172e+00
2.091853618621826172e+00
3.418467521667480469e+00
4.702913284301757812e+00
4.702913284301757812e+00
6.713073253631591797e+00
6.713073253631591797e+00
6.713073253631591797e+00
5.136717796325683594e+00
5.136717796325683594e+00
5.136717796325683594e+00
5.277473926544189453e+00
5.277473926544189453e+00
5.851602077484130859e+00
5.851602077484130859e+00
6.152120590209960938e+00
5.790460109710693359e+00
2.736893415451049805e+00
2.736893415451049805e+00
2.736893415451049805e+00
2.736893415451049805e+00
2.736893415451049805e+00
2.736893415451049805e+00
2.736893415451049805e+00
2.736893415451049805e+00
2.736893415451049805e+00
2.736893415451049805e+00
2.736893415451049805e+00
2.549715757369995117e+00
2.549715757369995117e+00
2.549715757369995117e+00
2.549715757369995117e+00
1.152379870414733887e+00
1.152379870414733887e+00
1.152379870414733887e+00
1.152379870414733887e+00
1.152379870414733887e+00
1.152379870414733887e+00
1.152379870414733887e+00
1.407568216323852539e+00
1.407568216323852539e+00
1.407568216323852539e+00
1.407568216323852539e+00
6.991425156593322754e-01
6.991425156593322754e-01
6.991425156593322754e-01
2.795761823654174805e+00
2.795761823654174805e+00
2.795761823654174805e+00
2.795761823654174805e+00
2.795761823654174805e+00
2.795761823654174805e+00
1.446834802627563477e+00
1.446834802627563477e+00
1.446834802627563477e+00
2.293310642242431641e+00
2.293310642242431641e+00
1.742651224136352539e+00
8.072847723960876465e-01
8.072847723960876465e-01
8.072847723960876465e-01
8.072847723960876465e-01
8.072847723960876465e-01
8.072847723960876465e-01
8.072847723960876465e-01
8.072847723960876465e-01
8.072847723960876465e-01
8.072847723960876465e-01
7.676314115524291992e-01
7.676314115524291992e-01
7.676314115524291992e-01
1.732818126678466797e+00
1.732818126678466797e+00
1.732818126678466797e+00
1.732818126678466797e+00
1.732818126678466797e+00
1.732818126678466797e+00
1.732818126678466797e+00
8.724448084831237793e-01
3.262348175048828125e+00
2.377166032791137695e+00
2.377166032791137695e+00
2.377166032791137695e+00
2.377166032791137695e+00
1.893448710441589355e+00
1.893448710441589355e+00
1.893448710441589355e+00
1.893448710441589355e+00
1.306895017623901367e+00
1.306895017623901367e+00
1.306895017623901367e+00
1.306895017623901367e+00
1.306895017623901367e+00
1.306895017623901367e+00
2.667802810668945312e+00
9.529834985733032227e-01
9.529834985733032227e-01
4.407945275306701660e-01
4.407945275306701660e-01
4.407945275306701660e-01
4.819228172302246094e+00
4.819228172302246094e+00
4.819228172302246094e+00
4.819228172302246094e+00
4.819228172302246094e+00
5.851886272430419922e+00
5.851886272430419922e+00
4.620831012725830078e+00
4.620831012725830078e+00
1.534280538558959961e+00
7.041055560111999512e-01
7.041055560111999512e-01
7.041055560111999512e-01
1.859543561935424805e+00
4.021611690521240234e+00
3.954800844192504883e+00
3.954800844192504883e+00
3.508179426193237305e+00
1.520112276077270508e+00
1.520112276077270508e+00
1.520112276077270508e+00
1.520112276077270508e+00
1.281124949455261230e+00
1.281124949455261230e+00
1.281124949455261230e+00
1.281124949455261230e+00
1.281124949455261230e+00
1.281124949455261230e+00
1.281124949455261230e+00
6.331214308738708496e-01
8.848955631256103516e-01
8.848955631256103516e-01
8.848955631256103516e-01
8.848955631256103516e-01
8.848955631256103516e-01
8.848955631256103516e-01
8.848955631256103516e-01
8.848955631256103516e-01
8.848955631256103516e-01
8.848955631256103516e-01
8.848955631256103516e-01
8.848955631256103516e-01
8.848955631256103516e-01
8.848955631256103516e-01
1.835348367691040039e+00
1.835348367691040039e+00
1.692231655120849609e+00
1.692231655120849609e+00
1.692231655120849609e+00
1.692231655120849609e+00
1.692231655120849609e+00
1.692231655120849609e+00
1.692231655120849609e+00
1.692231655120849609e+00
6.764223575592041016e-01
6.764223575592041016e-01
6.764223575592041016e-01
6.764223575592041016e-01
1.044264554977416992e+00
1.780271291732788086e+00
1.780271291732788086e+00
2.294043064117431641e+00
2.294043064117431641e+00
2.294043064117431641e+00
2.294043064117431641e+00
2.294043064117431641e+00
2.294043064117431641e+00
2.294043064117431641e+00
2.294043064117431641e+00
2.294043064117431641e+00
2.294043064117431641e+00
7.945077419281005859e-01
4.105390548706054688e+00
1.169027805328369141e+00
1.169027805328369141e+00
1.169027805328369141e+00
1.169027805328369141e+00
1.169027805328369141e+00
1.169027805328369141e+00
1.169027805328369141e+00
1.169027805328369141e+00
1.169027805328369141e+00
1.169027805328369141e+00
1.760103344917297363e+00
3.287549734115600586e+00
3.001669645309448242e+00
2.036712408065795898e+00
2.036712408065795898e+00
2.036712408065795898e+00
2.036712408065795898e+00
2.036712408065795898e+00
2.068088531494140625e+00
3.287945270538330078e+00
2.121980667114257812e+00
2.121980667114257812e+00
5.243000984191894531e-01
5.243000984191894531e-01
5.243000984191894531e-01
3.615293264389038086e+00
3.615293264389038086e+00
3.615293264389038086e+00
3.109136343002319336e+00
3.109136343002319336e+00
3.109136343002319336e+00
3.282687902450561523e+00
2.126447677612304688e+00
2.126447677612304688e+00
1.611388325691223145e+00
1.611388325691223145e+00
1.611388325691223145e+00
2.306300640106201172e+00
8.827615976333618164e-01
1.653569579124450684e+00
1.653569579124450684e+00
1.653569579124450684e+00
1.653569579124450684e+00
1.653569579124450684e+00
1.653569579124450684e+00
1.653569579124450684e+00
1.653569579124450684e+00
1.653569579124450684e+00
1.653569579124450684e+00
1.172965764999389648e+00
1.172965764999389648e+00
1.172965764999389648e+00
1.172965764999389648e+00
1.172965764999389648e+00
1.172965764999389648e+00
1.172965764999389648e+00
2.282802104949951172e+00
2.282802104949951172e+00
2.282802104949951172e+00
1.660877227783203125e+00
1.100534081459045410e+00
1.100534081459045410e+00
1.100534081459045410e+00
1.162119388580322266e+00
1.162119388580322266e+00
1.162119388580322266e+00
2.508429288864135742e+00
2.508429288864135742e+00
2.508429288864135742e+00
2.191581964492797852e+00
2.191581964492797852e+00
2.191581964492797852e+00
1.849729537963867188e+00
1.849729537963867188e+00
2.629814147949218750e+00
2.629814147949218750e+00
1.529036045074462891e+00
6.182596087455749512e-01
6.182596087455749512e-01
6.182596087455749512e-01
2.526230096817016602e+00
2.526230096817016602e+00
2.526230096817016602e+00
2.526230096817016602e+00
2.205854892730712891e+00
3.009910345077514648e+00
3.009910345077514648e+00
3.009910345077514648e+00
2.711574316024780273e+00
7.848606109619140625e-01
7.848606109619140625e-01
7.848606109619140625e-01
7.848606109619140625e-01
7.848606109619140625e-01
7.848606109619140625e-01
7.848606109619140625e-01
7.848606109619140625e-01
2.014237880706787109e+00
2.595431327819824219e+00
2.595431327819824219e+00
2.595431327819824219e+00
2.595431327819824219e+00
1.832147836685180664e+00
2.730640411376953125e+00
2.730640411376953125e+00
1.571805000305175781e+00
1.571805000305175781e+00
1.571805000305175781e+00
1.571805000305175781e+00
1.571805000305175781e+00
1.251505136489868164e+00
1.251505136489868164e+00
1.251505136489868164e+00
1.251505136489868164e+00
1.251505136489868164e+00
1.251505136489868164e+00
4.686468601226806641e+00
7.310860157012939453e-01
7.310860157012939453e-01
7.310860157012939453e-01
7.310860157012939453e-01
7.310860157012939453e-01
7.310860157012939453e-01
7.310860157012939453e-01
7.310860157012939453e-01
7.310860157012939453e-01
7.310860157012939453e-01
7.310860157012939453e-01
1.900205612182617188e+00
1.900205612182617188e+00
9.826196432113647461e-01
9.826196432113647461e-01
7.779083251953125000e-01
7.779083251953125000e-01
7.779083251953125000e-01
2.182541370391845703e+00
2.182541370391845703e+00
2.182541370391845703e+00
2.182541370391845703e+00
2.182541370391845703e+00
2.182541370391845703e+00
2.182541370391845703e+00
2.182541370391845703e+00
2.182541370391845703e+00
2.182541370391845703e+00
2.182541370391845703e+00
2.182541370391845703e+00
2.182541370391845703e+00
1.075835943222045898e+00
2.075504779815673828e+00
2.075504779815673828e+00
2.075504779815673828e+00
2.075504779815673828e+00
2.075504779815673828e+00
2.063035726547241211e+00
2.063035726547241211e+00
2.063035726547241211e+00
1.723208785057067871e+00
2.443479061126708984e+00
2.443479061126708984e+00
2.443479061126708984e+00
3.045239448547363281e+00
4.034735679626464844e+00
7.404928207397460938e-01
1.463292717933654785e+00
1.463292717933654785e+00
1.463292717933654785e+00
1.463292717933654785e+00
1.463292717933654785e+00
1.142599582672119141e+00
1.142599582672119141e+00
1.142599582672119141e+00
9.404131174087524414e-01
1.186155438423156738e+00
1.186155438423156738e+00
1.186155438423156738e+00
1.186155438423156738e+00
1.186155438423156738e+00
1.186155438423156738e+00
1.186155438423156738e+00
6.224573850631713867e-01
6.224573850631713867e-01
6.472443938255310059e-01
1.372229337692260742e+00
1.372229337692260742e+00
1.372229337692260742e+00
1.372229337692260742e+00
1.451496481895446777e+00
1.451496481895446777e+00
1.383275151252746582e+00
6.246979236602783203e-01
6.246979236602783203e-01
6.246979236602783203e-01
6.246979236602783203e-01
6.246979236602783203e-01
6.246979236602783203e-01
6.246979236602783203e-01
1.013717293739318848e+00
1.013717293739318848e+00
1.013717293739318848e+00
1.013717293739318848e+00
1.635236859321594238e+00
2.689424276351928711e+00
2.689424276351928711e+00
2.689424276351928711e+00
2.689424276351928711e+00
2.689424276351928711e+00
2.689424276351928711e+00
9.484213590621948242e-01
9.484213590621948242e-01
9.484213590621948242e-01
9.484213590621948242e-01
9.484213590621948242e-01
9.484213590621948242e-01
9.484213590621948242e-01
2.918456315994262695e+00
2.918456315994262695e+00
1.848105430603027344e+00
1.848105430603027344e+00
1.848105430603027344e+00
3.121618032455444336e+00
3.121618032455444336e+00
2.931947231292724609e+00
2.931947231292724609e+00
2.931947231292724609e+00
3.604994773864746094e+00
3.604994773864746094e+00
8.077943325042724609e-01
1.275717258453369141e+00
1.275717258453369141e+00
2.359920024871826172e+00
2.359920024871826172e+00
2.359920024871826172e+00
1.546751737594604492e+00
1.546751737594604492e+00
1.546751737594604492e+00
1.546751737594604492e+00
1.546751737594604492e+00
1.546751737594604492e+00
1.546751737594604492e+00
1.546751737594604492e+00
1.546751737594604492e+00
1.546751737594604492e+00
1.546751737594604492e+00
1.546751737594604492e+00
1.546751737594604492e+00
1.546751737594604492e+00
1.546751737594604492e+00
1.546751737594604492e+00
1.546751737594604492e+00
1.546751737594604492e+00
7.337761521339416504e-01
7.337761521339416504e-01
7.337761521339416504e-01
7.337761521339416504e-01
7.337761521339416504e-01
7.337761521339416504e-01
1.818116903305053711e+00
1.818116903305053711e+00
1.544908523559570312e+00
1.544908523559570312e+00
1.544908523559570312e+00
1.544908523559570312e+00
1.544908523559570312e+00
1.544908523559570312e+00
1.093037366867065430e+00
1.307821273803710938e+00
1.307821273803710938e+00
1.307821273803710938e+00
1.307821273803710938e+00
2.043698310852050781e+00
5.855735540390014648e-01
5.855735540390014648e-01
5.855735540390014648e-01
1.023268938064575195e+00
1.023268938064575195e+00
1.023268938064575195e+00
1.172916650772094727e+00
1.038341999053955078e+00
1.038341999053955078e+00
1.038341999053955078e+00
1.038341999053955078e+00
1.038341999053955078e+00
1.038341999053955078e+00
2.396885871887207031e+00
2.396885871887207031e+00
2.396885871887207031e+00
7.426918745040893555e-01
7.426918745040893555e-01
7.426918745040893555e-01
1.569374799728393555e+00
1.569374799728393555e+00
1.569374799728393555e+00
5.151548385620117188e+00
5.454735755920410156e+00
8.944940567016601562e+00
8.944940567016601562e+00
4.500513076782226562e+00
4.500513076782226562e+00
4.500513076782226562e+00
2.219147443771362305e+00
2.219147443771362305e+00
2.512853145599365234e+00
2.637486219406127930e+00
2.637486219406127930e+00
2.637486219406127930e+00
3.553444147109985352e+00
8.872995376586914062e-01
8.872995376586914062e-01
8.872995376586914062e-01
8.872995376586914062e-01
8.872995376586914062e-01
8.872995376586914062e-01
8.872995376586914062e-01
8.872995376586914062e-01
8.872995376586914062e-01
8.872995376586914062e-01
3.707127809524536133e+00
3.707127809524536133e+00
3.707127809524536133e+00
8.202075958251953125e-01
3.205687284469604492e+00
3.205687284469604492e+00
3.205687284469604492e+00
3.205687284469604492e+00
3.205687284469604492e+00
3.205687284469604492e+00
2.366135120391845703e+00
2.366135120391845703e+00
3.075481653213500977e+00
3.075481653213500977e+00
3.075481653213500977e+00
3.075481653213500977e+00
3.367961883544921875e+00
2.790929794311523438e+00
2.766922235488891602e+00
2.766922235488891602e+00
2.766922235488891602e+00
2.766922235488891602e+00
2.766922235488891602e+00
3.224494457244873047e+00
6.259016513824462891e+00
6.259016513824462891e+00
6.259016513824462891e+00
4.480022430419921875e+00
4.480022430419921875e+00
5.659061431884765625e+00
5.872398853302001953e+00
5.872398853302001953e+00
5.872398853302001953e+00
3.255926847457885742e+00
3.255926847457885742e+00
2.642262935638427734e+00
2.642262935638427734e+00
2.642262935638427734e+00
2.642262935638427734e+00
2.249580144882202148e+00
2.426797389984130859e+00
2.426797389984130859e+00
2.426797389984130859e+00
2.426797389984130859e+00
2.427258729934692383e+00
1.957617044448852539e+00
9.365552663803100586e-01
5.348976135253906250e+00
5.348976135253906250e+00
3.013615608215332031e+00
3.211983442306518555e+00
2.194337844848632812e+00
3.054238319396972656e+00
3.054238319396972656e+00
3.054238319396972656e+00
3.054238319396972656e+00
3.054238319396972656e+00
3.054238319396972656e+00
3.054238319396972656e+00
2.654855728149414062e+00
2.654855728149414062e+00
2.654855728149414062e+00
2.654855728149414062e+00
2.654855728149414062e+00
2.524014234542846680e+00
4.537791728973388672e+00
4.715264320373535156e+00
2.879205942153930664e+00
2.585768222808837891e+00
2.585768222808837891e+00
2.585768222808837891e+00
2.585768222808837891e+00
2.585768222808837891e+00
2.959712743759155273e+00
6.949372291564941406e-01
6.949372291564941406e-01
6.949372291564941406e-01
6.949372291564941406e-01
6.949372291564941406e-01
2.838294267654418945e+00
2.838294267654418945e+00
2.838294267654418945e+00
2.838294267654418945e+00
2.838294267654418945e+00
2.269398212432861328e+00
2.269398212432861328e+00
2.269398212432861328e+00
2.269398212432861328e+00
2.269398212432861328e+00
1.916463613510131836e+00
1.916463613510131836e+00
1.916463613510131836e+00
1.916463613510131836e+00
1.887147784233093262e+00
1.887147784233093262e+00
1.887147784233093262e+00
1.887147784233093262e+00
1.887147784233093262e+00
1.678446769714355469e+00
1.678446769714355469e+00
1.678446769714355469e+00
1.678446769714355469e+00
1.678446769714355469e+00
1.550489664077758789e+00
1.550489664077758789e+00
1.550489664077758789e+00
1.550489664077758789e+00
8.707190155982971191e-01
8.707190155982971191e-01
8.707190155982971191e-01
8.707190155982971191e-01
8.707190155982971191e-01
8.707190155982971191e-01
2.272905588150024414e+00
1.435605525970458984e+00
1.435605525970458984e+00
1.435605525970458984e+00
1.435605525970458984e+00
1.435605525970458984e+00
1.435605525970458984e+00
1.435605525970458984e+00
1.284140706062316895e+00
2.616847515106201172e+00
2.616847515106201172e+00
2.616847515106201172e+00
2.616847515106201172e+00
2.616847515106201172e+00
1.494193553924560547e+00
1.837756514549255371e+00
1.837756514549255371e+00
1.837756514549255371e+00
1.837756514549255371e+00
4.213234901428222656e+00
4.213234901428222656e+00
4.213234901428222656e+00
4.213234901428222656e+00
1.115700960159301758e+00
1.115700960159301758e+00
1.115700960159301758e+00
1.955501914024353027e+00
9.919370412826538086e-01
9.919370412826538086e-01
1.945306062698364258e+00
1.945306062698364258e+00
1.945306062698364258e+00
1.976488590240478516e+00
1.976488590240478516e+00
1.956097483634948730e+00
1.956097483634948730e+00
1.956097483634948730e+00
1.956097483634948730e+00
1.956097483634948730e+00
1.956097483634948730e+00
2.104599952697753906e+00
2.104599952697753906e+00
1.101509571075439453e+00
1.101509571075439453e+00
1.171085596084594727e+00
1.997141242027282715e+00
1.912621021270751953e+00
1.912621021270751953e+00
1.912621021270751953e+00
1.912621021270751953e+00
1.912621021270751953e+00
1.912621021270751953e+00
1.912621021270751953e+00
3.208524942398071289e+00
3.208524942398071289e+00
3.208524942398071289e+00
3.208524942398071289e+00
3.208524942398071289e+00
2.219998836517333984e+00
3.188590049743652344e+00
3.188590049743652344e+00
3.188590049743652344e+00
3.188590049743652344e+00
3.188590049743652344e+00
2.565332174301147461e+00
2.565332174301147461e+00
4.077944755554199219e+00
3.800530433654785156e-01
3.800530433654785156e-01
3.800530433654785156e-01
3.800530433654785156e-01
2.345734119415283203e+00
1.593700647354125977e+00
1.593700647354125977e+00
1.593700647354125977e+00
1.593700647354125977e+00
1.701682090759277344e+00
2.667139291763305664e+00
2.667139291763305664e+00
2.667139291763305664e+00
2.667139291763305664e+00
2.667139291763305664e+00
2.667139291763305664e+00
2.667139291763305664e+00
2.667139291763305664e+00
2.225205659866333008e+00
2.225205659866333008e+00
2.137791872024536133e+00
2.137791872024536133e+00
2.137791872024536133e+00
5.169832706451416016e-01
5.169832706451416016e-01
1.450842022895812988e+00
1.450842022895812988e+00
1.450842022895812988e+00
1.450842022895812988e+00
1.522660017013549805e+00
1.522660017013549805e+00
1.522660017013549805e+00
1.522660017013549805e+00
1.522660017013549805e+00
9.369508028030395508e-01
9.369508028030395508e-01
9.369508028030395508e-01
9.369508028030395508e-01
9.369508028030395508e-01
9.369508028030395508e-01
9.369508028030395508e-01
9.369508028030395508e-01
9.369508028030395508e-01
9.369508028030395508e-01
9.369508028030395508e-01
9.369508028030395508e-01
9.369508028030395508e-01
9.369508028030395508e-01
9.369508028030395508e-01
9.369508028030395508e-01
9.369508028030395508e-01
9.369508028030395508e-01
9.369508028030395508e-01
9.369508028030395508e-01
9.369508028030395508e-01
1.974926710128784180e+00
1.068975090980529785e+00
1.068975090980529785e+00
1.068975090980529785e+00
1.068975090980529785e+00
1.068975090980529785e+00
1.068975090980529785e+00
1.068975090980529785e+00
1.068975090980529785e+00
1.068975090980529785e+00
1.068975090980529785e+00
1.068975090980529785e+00
1.068975090980529785e+00
1.068975090980529785e+00
1.068975090980529785e+00
1.068975090980529785e+00
1.887826085090637207e+00
1.402115583419799805e+00
1.671248316764831543e+00
1.671248316764831543e+00
1.671248316764831543e+00
1.671248316764831543e+00
1.671248316764831543e+00
1.671248316764831543e+00
1.671248316764831543e+00
1.671248316764831543e+00
1.671248316764831543e+00
1.671248316764831543e+00
1.671248316764831543e+00
1.671248316764831543e+00
1.455192327499389648e+00
4.300837516784667969e-01
4.300837516784667969e-01
4.300837516784667969e-01
1.113094329833984375e+00
1.113094329833984375e+00
1.113094329833984375e+00
1.718544006347656250e+00
1.718544006347656250e+00
1.718544006347656250e+00
1.718544006347656250e+00
1.718544006347656250e+00
1.733616113662719727e+00
1.700962424278259277e+00
1.700962424278259277e+00
1.700962424278259277e+00
1.700962424278259277e+00
1.700962424278259277e+00
1.700962424278259277e+00
2.526801109313964844e+00
2.526801109313964844e+00
2.526801109313964844e+00
1.740506052970886230e+00
1.740506052970886230e+00
1.740506052970886230e+00
1.740506052970886230e+00
7.613813281059265137e-01
7.613813281059265137e-01
7.613813281059265137e-01
2.053527116775512695e+00
2.817804098129272461e+00
2.817804098129272461e+00
1.878472328186035156e+00
1.878472328186035156e+00
5.958467721939086914e-01
5.958467721939086914e-01
5.958467721939086914e-01
5.958467721939086914e-01
1.765151500701904297e+00
1.765151500701904297e+00
1.640358448028564453e+00
1.640358448028564453e+00
1.689220547676086426e+00
1.689220547676086426e+00
1.689220547676086426e+00
1.689220547676086426e+00
1.689220547676086426e+00
1.689220547676086426e+00
1.689220547676086426e+00
3.259684085845947266e+00
3.972098350524902344e+00
1.525059938430786133e+00
1.525059938430786133e+00
1.525059938430786133e+00
2.252413034439086914e+00
2.252413034439086914e+00
2.252413034439086914e+00
1.964501619338989258e+00
1.964501619338989258e+00
1.964501619338989258e+00
1.680514812469482422e+00
1.680514812469482422e+00
1.680514812469482422e+00
1.680514812469482422e+00
1.680514812469482422e+00
1.680514812469482422e+00
1.680514812469482422e+00
1.680514812469482422e+00
1.680514812469482422e+00
1.680514812469482422e+00
1.680514812469482422e+00
1.680514812469482422e+00
8.669508695602416992e-01
8.669508695602416992e-01
4.966110885143280029e-01
4.966110885143280029e-01
2.491833448410034180e+00
2.491833448410034180e+00
3.341449499130249023e+00
3.341449499130249023e+00
3.341449499130249023e+00
3.341449499130249023e+00
3.341449499130249023e+00
3.341449499130249023e+00
3.699331521987915039e+00
1.409202814102172852e+00
1.409202814102172852e+00
1.409202814102172852e+00
1.409202814102172852e+00
6.069766879081726074e-01
6.069766879081726074e-01
6.069766879081726074e-01
6.069766879081726074e-01
6.069766879081726074e-01
6.069766879081726074e-01
6.069766879081726074e-01
6.069766879081726074e-01
6.069766879081726074e-01
6.069766879081726074e-01
6.069766879081726074e-01
6.069766879081726074e-01
6.069766879081726074e-01
1.532103300094604492e+00
1.532103300094604492e+00
1.532103300094604492e+00
1.532103300094604492e+00
1.532103300094604492e+00
1.532103300094604492e+00
1.532103300094604492e+00
2.291768550872802734e+00
2.291768550872802734e+00
1.052085757255554199e+00
1.052085757255554199e+00
1.052085757255554199e+00
1.052085757255554199e+00
1.052085757255554199e+00
1.052085757255554199e+00
1.052085757255554199e+00
1.052085757255554199e+00
1.052085757255554199e+00
1.052085757255554199e+00
1.052085757255554199e+00
7.636090517044067383e-01
7.636090517044067383e-01
7.636090517044067383e-01
7.636090517044067383e-01
2.106300592422485352e+00
2.253910779953002930e+00
1.744288921356201172e+00
1.744288921356201172e+00
1.744288921356201172e+00
1.744288921356201172e+00
1.744288921356201172e+00
1.744288921356201172e+00
1.744288921356201172e+00
1.744288921356201172e+00
1.744288921356201172e+00
1.744288921356201172e+00
1.744288921356201172e+00
1.744288921356201172e+00
5.109037160873413086e-01
5.109037160873413086e-01
5.109037160873413086e-01
5.109037160873413086e-01
2.779119968414306641e+00
2.779119968414306641e+00
2.779119968414306641e+00
2.779119968414306641e+00
2.374106407165527344e+00
2.374106407165527344e+00
2.374106407165527344e+00
2.374106407165527344e+00
4.254903793334960938e+00
2.903943061828613281e+00
1.478850960731506348e+00
1.478850960731506348e+00
1.478850960731506348e+00
1.478850960731506348e+00
2.288076400756835938e+00
2.715086460113525391e+00
4.371444702148437500e+00
4.371444702148437500e+00
4.371444702148437500e+00
3.918992996215820312e+00
2.001692295074462891e+00
2.001692295074462891e+00
3.625800371170043945e+00
5.740594863891601562e-01
5.740594863891601562e-01
5.740594863891601562e-01
5.740594863891601562e-01
5.740594863891601562e-01
5.740594863891601562e-01
5.740594863891601562e-01
1.356305241584777832e+00
1.352404356002807617e+00
1.352404356002807617e+00
1.352404356002807617e+00
1.352404356002807617e+00
1.352404356002807617e+00
2.449751377105712891e+00
6.084190607070922852e-01
8.186094760894775391e-01
8.186094760894775391e-01
1.710746526718139648e+00
1.710746526718139648e+00
1.710746526718139648e+00
2.216383457183837891e+00
2.216383457183837891e+00
2.216383457183837891e+00
2.216383457183837891e+00
2.216383457183837891e+00
2.216383457183837891e+00
2.944950819015502930e+00
2.944950819015502930e+00
6.816260814666748047e-01
6.816260814666748047e-01
1.807319045066833496e+00
1.600140094757080078e+00
1.600140094757080078e+00
1.600140094757080078e+00
1.600140094757080078e+00
1.600140094757080078e+00
1.600140094757080078e+00
1.600140094757080078e+00
1.600140094757080078e+00
1.600140094757080078e+00
1.600140094757080078e+00
1.600140094757080078e+00
1.600140094757080078e+00
1.600140094757080078e+00
1.600140094757080078e+00
1.600140094757080078e+00
1.600140094757080078e+00
1.600140094757080078e+00
1.600140094757080078e+00
1.082219362258911133e+00
1.082219362258911133e+00
1.082219362258911133e+00
1.082219362258911133e+00
1.082219362258911133e+00
1.727085947990417480e+00
1.643104553222656250e+00
7.960314154624938965e-01
7.960314154624938965e-01
7.960314154624938965e-01
7.960314154624938965e-01
7.960314154624938965e-01
7.960314154624938965e-01
7.960314154624938965e-01
7.960314154624938965e-01
7.960314154624938965e-01
7.960314154624938965e-01
1.300714015960693359e+00
1.300714015960693359e+00
1.157752275466918945e+00
1.157752275466918945e+00
1.157752275466918945e+00
1.157752275466918945e+00
1.578759193420410156e+00
1.578759193420410156e+00
1.578759193420410156e+00
1.578759193420410156e+00
1.578759193420410156e+00
1.169270753860473633e+00
1.169270753860473633e+00
1.169270753860473633e+00
1.169270753860473633e+00
1.515371799468994141e+00
1.515371799468994141e+00
1.515371799468994141e+00
1.515371799468994141e+00
1.515371799468994141e+00
1.515371799468994141e+00
1.515371799468994141e+00
1.108610153198242188e+00
1.108610153198242188e+00
1.108610153198242188e+00
1.108610153198242188e+00
2.317943096160888672e+00
2.317943096160888672e+00
6.333450078964233398e-01
6.333450078964233398e-01
6.333450078964233398e-01
1.517661333084106445e+00
1.517661333084106445e+00
2.810906410217285156e+00
1.970724582672119141e+00
5.849698781967163086e-01
1.989263892173767090e+00
1.989263892173767090e+00
1.989263892173767090e+00
3.085127592086791992e+00
3.085127592086791992e+00
1.579153656959533691e+00
1.579153656959533691e+00
1.579153656959533691e+00
1.579153656959533691e+00
1.764752626419067383e+00
1.314644575119018555e+00
1.314644575119018555e+00
1.314644575119018555e+00
1.058337450027465820e+00
1.072708964347839355e+00
1.072708964347839355e+00
1.768569827079772949e+00
1.810839176177978516e+00
1.810839176177978516e+00
1.810839176177978516e+00
1.344607830047607422e+00
1.344607830047607422e+00
1.344607830047607422e+00
1.344607830047607422e+00
6.924166083335876465e-01
6.924166083335876465e-01
6.924166083335876465e-01
2.444937229156494141e+00
2.874189376831054688e+00
2.874189376831054688e+00
2.874189376831054688e+00
2.874189376831054688e+00
2.874189376831054688e+00
2.684651851654052734e+00
2.459154129028320312e+00
2.459154129028320312e+00
2.459154129028320312e+00
2.998597621917724609e+00
2.998597621917724609e+00
2.998597621917724609e+00
2.998597621917724609e+00
2.998597621917724609e+00
2.998597621917724609e+00
2.998597621917724609e+00
2.998597621917724609e+00
5.628314018249511719e+00
5.628314018249511719e+00
5.628314018249511719e+00
1.419391155242919922e+00
3.007884740829467773e+00
3.007884740829467773e+00
3.007884740829467773e+00
3.007884740829467773e+00
3.007884740829467773e+00
3.007884740829467773e+00
3.007884740829467773e+00
2.080422163009643555e+00
2.008785247802734375e+00
2.008785247802734375e+00
2.677375078201293945e+00
2.677375078201293945e+00
2.677375078201293945e+00
2.677375078201293945e+00
2.677375078201293945e+00
6.268913745880126953e-01
6.268913745880126953e-01
6.268913745880126953e-01
6.268913745880126953e-01
1.185765624046325684e+00
1.185765624046325684e+00
1.185765624046325684e+00
1.185765624046325684e+00
1.185765624046325684e+00
1.185765624046325684e+00
1.185765624046325684e+00
1.185765624046325684e+00
1.185765624046325684e+00
2.293441295623779297e+00
2.293441295623779297e+00
2.293441295623779297e+00
2.293441295623779297e+00
2.293441295623779297e+00
2.293441295623779297e+00
2.293441295623779297e+00
1.570398807525634766e+00
1.570398807525634766e+00
1.570398807525634766e+00
1.588071942329406738e+00
1.588071942329406738e+00
1.588071942329406738e+00
1.588071942329406738e+00
1.588071942329406738e+00
1.588071942329406738e+00
1.588071942329406738e+00
1.588071942329406738e+00
1.588071942329406738e+00
1.588071942329406738e+00
1.588071942329406738e+00
1.588071942329406738e+00
3.137931346893310547e+00
2.207092761993408203e+00
2.207092761993408203e+00
1.768620848655700684e+00
1.001102447509765625e+00
1.001102447509765625e+00
9.143210053443908691e-01
9.143210053443908691e-01
9.143210053443908691e-01
9.143210053443908691e-01
9.143210053443908691e-01
9.461671710014343262e-01
9.461671710014343262e-01
9.461671710014343262e-01
9.461671710014343262e-01
1.566739320755004883e+00
2.691381931304931641e+00
2.691381931304931641e+00
2.691381931304931641e+00
2.775785446166992188e+00
2.775785446166992188e+00
2.775785446166992188e+00
2.775785446166992188e+00
2.775785446166992188e+00
2.731753826141357422e+00
3.535063743591308594e+00
5.222513675689697266e+00
5.795059204101562500e+00
3.340938568115234375e+00
4.594398498535156250e+00
4.594398498535156250e+00
4.594398498535156250e+00
2.431906938552856445e+00
2.431906938552856445e+00
2.431906938552856445e+00
2.431906938552856445e+00
2.431906938552856445e+00
2.431906938552856445e+00
2.431906938552856445e+00
1.397264957427978516e+00
2.690368175506591797e+00
2.690368175506591797e+00
2.690368175506591797e+00
2.690368175506591797e+00
2.690368175506591797e+00
2.690368175506591797e+00
2.690368175506591797e+00
3.472906589508056641e+00
1.297922849655151367e+00
2.619311332702636719e+00
2.619311332702636719e+00
1.168806910514831543e+00
1.168806910514831543e+00
1.168806910514831543e+00
4.201525449752807617e-01
4.201525449752807617e-01
3.443416118621826172e+00
3.283064842224121094e+00
1.963848352432250977e+00
1.693409919738769531e+00
1.693409919738769531e+00
1.693409919738769531e+00
1.174829244613647461e+00
1.174829244613647461e+00
2.585860729217529297e+00
1.547462463378906250e+00
1.547462463378906250e+00
1.547462463378906250e+00
1.547462463378906250e+00
1.547462463378906250e+00
1.547462463378906250e+00
1.547462463378906250e+00
1.224544048309326172e+00
1.224544048309326172e+00
2.373461723327636719e+00
2.373461723327636719e+00
4.780495643615722656e+00
4.773030281066894531e+00
4.773030281066894531e+00
3.988656044006347656e+00
3.988656044006347656e+00
2.886039733886718750e+00
2.886039733886718750e+00
2.285648345947265625e+00
2.285648345947265625e+00
2.285648345947265625e+00
2.285648345947265625e+00
2.285648345947265625e+00
2.285648345947265625e+00
2.379991292953491211e+00
2.379991292953491211e+00
2.379991292953491211e+00
2.379991292953491211e+00
2.379991292953491211e+00
2.379991292953491211e+00
3.345170974731445312e+00
3.345170974731445312e+00
3.345170974731445312e+00
3.345170974731445312e+00
3.345170974731445312e+00
3.345170974731445312e+00
3.345170974731445312e+00
3.400576829910278320e+00
3.400576829910278320e+00
3.400576829910278320e+00
2.767660617828369141e+00
2.767660617828369141e+00
2.583459854125976562e+00
2.730880737304687500e+00
9.685908555984497070e-01
9.685908555984497070e-01
9.685908555984497070e-01
9.685908555984497070e-01
9.685908555984497070e-01
2.128510475158691406e+00
1.734191894531250000e+00
1.226498365402221680e+00
1.226498365402221680e+00
1.226498365402221680e+00
1.226498365402221680e+00
1.226498365402221680e+00
1.322087287902832031e+00
6.469931125640869141e+00
1.377429485321044922e+00
4.061129093170166016e+00
4.061129093170166016e+00
2.497080326080322266e+00
2.497080326080322266e+00
2.497080326080322266e+00
2.497080326080322266e+00
2.497080326080322266e+00
2.497080326080322266e+00
2.497080326080322266e+00
2.497080326080322266e+00
1.967105746269226074e+00
1.159499406814575195e+00
1.159499406814575195e+00
2.839521646499633789e+00
2.839521646499633789e+00
2.845801115036010742e+00
2.845801115036010742e+00
2.845801115036010742e+00
2.851238250732421875e+00
2.851238250732421875e+00
6.810286045074462891e-01
6.810286045074462891e-01
6.810286045074462891e-01
6.810286045074462891e-01
6.810286045074462891e-01
3.137388944625854492e+00
3.137388944625854492e+00
3.137388944625854492e+00
3.137388944625854492e+00
3.137388944625854492e+00
2.284994840621948242e+00
2.284994840621948242e+00
2.198000192642211914e+00
2.804147005081176758e+00
1.183265328407287598e+00
1.183265328407287598e+00
1.183265328407287598e+00
1.183265328407287598e+00
1.183265328407287598e+00
1.183265328407287598e+00
9.875069856643676758e-01
9.875069856643676758e-01
9.875069856643676758e-01
9.875069856643676758e-01
9.875069856643676758e-01
9.875069856643676758e-01
9.875069856643676758e-01
9.875069856643676758e-01
9.875069856643676758e-01
9.823750257492065430e-01
9.823750257492065430e-01
9.823750257492065430e-01
9.823750257492065430e-01
9.823750257492065430e-01
1.280943632125854492e+00
1.194713830947875977e+00
1.194713830947875977e+00
1.194713830947875977e+00
1.194713830947875977e+00
1.194713830947875977e+00
1.194713830947875977e+00
1.194713830947875977e+00
2.799348831176757812e+00
2.799348831176757812e+00
2.799348831176757812e+00
2.799348831176757812e+00
2.799348831176757812e+00
2.799348831176757812e+00
1.816250681877136230e+00
1.816250681877136230e+00
1.879799008369445801e+00
1.879799008369445801e+00
1.879799008369445801e+00
1.879799008369445801e+00
2.574594259262084961e+00
2.574594259262084961e+00
2.574594259262084961e+00
2.574594259262084961e+00
2.476536273956298828e+00
2.037781238555908203e+00
6.917818784713745117e-01
6.917818784713745117e-01
6.917818784713745117e-01
1.721042871475219727e+00
1.721042871475219727e+00
1.721042871475219727e+00
1.721042871475219727e+00
7.611649036407470703e-01
7.611649036407470703e-01
7.839297652244567871e-01
7.839297652244567871e-01
1.273619055747985840e+00
1.273619055747985840e+00
1.273619055747985840e+00
1.712687015533447266e+00
3.203188896179199219e+00
3.203188896179199219e+00
3.203188896179199219e+00
2.092231750488281250e+00
8.239467144012451172e-01
8.239467144012451172e-01
1.812454223632812500e+00
1.812454223632812500e+00
1.509929656982421875e+00
1.509929656982421875e+00
2.091865301132202148e+00
2.091865301132202148e+00
2.091865301132202148e+00
2.091865301132202148e+00
2.091865301132202148e+00
9.007195234298706055e-01
9.007195234298706055e-01
9.007195234298706055e-01
9.007195234298706055e-01
9.007195234298706055e-01
9.007195234298706055e-01
9.007195234298706055e-01
9.007195234298706055e-01
2.228332519531250000e+00
1.386911153793334961e+00
1.386911153793334961e+00
1.386911153793334961e+00
9.038568735122680664e-01
9.038568735122680664e-01
9.038568735122680664e-01
9.038568735122680664e-01
9.038568735122680664e-01
9.038568735122680664e-01
9.038568735122680664e-01
9.038568735122680664e-01
9.038568735122680664e-01
1.362339615821838379e+00
1.362339615821838379e+00
1.190630674362182617e+00
6.966834664344787598e-01
6.966834664344787598e-01
9.615781307220458984e-01
9.615781307220458984e-01
9.615781307220458984e-01
9.615781307220458984e-01
9.615781307220458984e-01
9.615781307220458984e-01
1.803541064262390137e+00
1.803541064262390137e+00
1.263004541397094727e+00
1.263004541397094727e+00
1.263004541397094727e+00
1.263004541397094727e+00
7.095012664794921875e-01
7.095012664794921875e-01
7.095012664794921875e-01
7.095012664794921875e-01
7.095012664794921875e-01
1.175072550773620605e+00
1.175072550773620605e+00
1.175072550773620605e+00
1.175072550773620605e+00
1.175072550773620605e+00
1.175072550773620605e+00
1.175072550773620605e+00
1.175072550773620605e+00
1.175072550773620605e+00
1.175072550773620605e+00
2.212201356887817383e+00
9.908887147903442383e-01
9.908887147903442383e-01
9.908887147903442383e-01
9.908887147903442383e-01
9.908887147903442383e-01
9.908887147903442383e-01
9.908887147903442383e-01
9.908887147903442383e-01
1.232868313789367676e+00
1.232868313789367676e+00
1.232868313789367676e+00
9.661227464675903320e-01
1.697811365127563477e+00
1.697811365127563477e+00
1.697811365127563477e+00
1.697811365127563477e+00
1.697811365127563477e+00
2.066797733306884766e+00
2.066797733306884766e+00
1.618048667907714844e+00
1.808290362358093262e+00
1.808290362358093262e+00
1.808290362358093262e+00
1.808290362358093262e+00
1.808290362358093262e+00
1.808290362358093262e+00
1.808290362358093262e+00
1.808290362358093262e+00
1.808290362358093262e+00
1.808290362358093262e+00
1.808290362358093262e+00
1.808290362358093262e+00
1.808290362358093262e+00
1.808290362358093262e+00
1.808290362358093262e+00
1.808290362358093262e+00
1.808290362358093262e+00
1.808290362358093262e+00
1.412770271301269531e+00
1.642263054847717285e+00
1.642263054847717285e+00
1.642263054847717285e+00
1.642263054847717285e+00
1.642263054847717285e+00
1.642263054847717285e+00
6.625220775604248047e-01
6.625220775604248047e-01
3.532344341278076172e+00
3.532344341278076172e+00
3.532344341278076172e+00
3.532344341278076172e+00
3.532344341278076172e+00
3.532344341278076172e+00
2.932831287384033203e+00
2.932831287384033203e+00
1.106498360633850098e+00
2.344030857086181641e+00
2.344030857086181641e+00
2.344030857086181641e+00
2.344030857086181641e+00
2.344030857086181641e+00
2.344030857086181641e+00
1.153594017028808594e+00
1.153594017028808594e+00
1.153594017028808594e+00
1.153594017028808594e+00
1.153594017028808594e+00
1.153594017028808594e+00
1.153594017028808594e+00
2.677002429962158203e+00
3.225703001022338867e+00
9.962904453277587891e-01
9.962904453277587891e-01
3.379666805267333984e+00
4.184584617614746094e+00
3.487669944763183594e+00
3.487669944763183594e+00
3.487669944763183594e+00
3.487669944763183594e+00
3.487669944763183594e+00
3.487669944763183594e+00
2.183234691619873047e+00
2.183234691619873047e+00
2.183234691619873047e+00
2.367381811141967773e+00
2.367381811141967773e+00
2.367381811141967773e+00
2.367381811141967773e+00
2.367381811141967773e+00
2.367381811141967773e+00
2.832663059234619141e+00
2.832663059234619141e+00
2.832663059234619141e+00
1.025936841964721680e+00
1.025936841964721680e+00
1.025936841964721680e+00
1.025936841964721680e+00
1.025936841964721680e+00
1.025936841964721680e+00
1.751283645629882812e+00
1.751283645629882812e+00
1.751283645629882812e+00
1.819534540176391602e+00
1.129236698150634766e+00
1.129236698150634766e+00
1.648736476898193359e+00
1.648736476898193359e+00
2.765528202056884766e+00
7.378022670745849609e-01
7.378022670745849609e-01
1.413801431655883789e+00
1.413801431655883789e+00
1.413801431655883789e+00
1.413801431655883789e+00
1.413801431655883789e+00
8.427656292915344238e-01
8.427656292915344238e-01
8.427656292915344238e-01
8.427656292915344238e-01
8.427656292915344238e-01
8.427656292915344238e-01
8.427656292915344238e-01
8.427656292915344238e-01
8.427656292915344238e-01
2.261349439620971680e+00
2.261349439620971680e+00
2.261349439620971680e+00
1.780251860618591309e+00
1.780251860618591309e+00
1.613632798194885254e+00
1.613632798194885254e+00
1.613632798194885254e+00
1.613632798194885254e+00
1.613632798194885254e+00
1.613632798194885254e+00
1.613632798194885254e+00
2.498239040374755859e+00
3.024813175201416016e+00
3.024813175201416016e+00
8.941309452056884766e-01
8.941309452056884766e-01
8.941309452056884766e-01
8.941309452056884766e-01
8.941309452056884766e-01
8.941309452056884766e-01
8.941309452056884766e-01
8.941309452056884766e-01
8.941309452056884766e-01
1.141880631446838379e+00
1.141880631446838379e+00
1.141880631446838379e+00
1.141880631446838379e+00
1.141880631446838379e+00
1.141880631446838379e+00
1.141880631446838379e+00
1.141880631446838379e+00
1.102892160415649414e+00
1.102892160415649414e+00
1.102892160415649414e+00
1.102892160415649414e+00
3.531012058258056641e+00
3.510195255279541016e+00
3.510195255279541016e+00
3.435381412506103516e+00
1.962432980537414551e+00
1.962432980537414551e+00
2.143171310424804688e+00
2.143171310424804688e+00
2.143171310424804688e+00
2.143171310424804688e+00
2.143171310424804688e+00
2.143171310424804688e+00
1.679128170013427734e+00
1.679128170013427734e+00
1.679128170013427734e+00
1.679128170013427734e+00
1.676307201385498047e+00
1.676307201385498047e+00
1.676307201385498047e+00
1.676307201385498047e+00
1.676307201385498047e+00
1.676307201385498047e+00
1.676307201385498047e+00
1.676307201385498047e+00
1.676307201385498047e+00
1.281340718269348145e+00
1.078260779380798340e+00
1.078260779380798340e+00
1.078260779380798340e+00
1.078260779380798340e+00
1.067883253097534180e+00
1.067883253097534180e+00
1.067883253097534180e+00
1.067883253097534180e+00
1.790142297744750977e+00
1.790142297744750977e+00
1.790142297744750977e+00
1.790142297744750977e+00
1.790142297744750977e+00
1.790142297744750977e+00
1.790142297744750977e+00
2.240674257278442383e+00
2.240674257278442383e+00
1.262108087539672852e+00
1.262108087539672852e+00
3.182428121566772461e+00
3.532339334487915039e+00
3.285144329071044922e+00
2.545747756958007812e+00
2.545747756958007812e+00
4.381873130798339844e+00
3.043831825256347656e+00
2.853323221206665039e+00
2.853323221206665039e+00
9.209785461425781250e-01
1.352007865905761719e+00
1.352007865905761719e+00
1.352007865905761719e+00
1.647091150283813477e+00
1.647091150283813477e+00
1.647091150283813477e+00
1.647091150283813477e+00
1.647091150283813477e+00
1.647091150283813477e+00
1.647091150283813477e+00
1.647091150283813477e+00
1.647091150283813477e+00
1.647091150283813477e+00
1.647091150283813477e+00
1.647091150283813477e+00
1.647091150283813477e+00
1.647091150283813477e+00
1.647091150283813477e+00
1.647091150283813477e+00
3.464425086975097656e+00
3.464425086975097656e+00
3.464425086975097656e+00
3.464425086975097656e+00
3.464425086975097656e+00
3.464425086975097656e+00
3.464425086975097656e+00
2.255209207534790039e+00
4.689223766326904297e-01
1.872272372245788574e+00
1.872272372245788574e+00
1.872272372245788574e+00
1.872272372245788574e+00
1.872272372245788574e+00
1.872272372245788574e+00
2.793203592300415039e+00
2.793203592300415039e+00
2.793203592300415039e+00
7.187782287597656250e+00
7.187782287597656250e+00
7.187782287597656250e+00
7.187782287597656250e+00
6.565062522888183594e+00
8.278088569641113281e-01
8.278088569641113281e-01
3.791065692901611328e+00
4.048851490020751953e+00
4.048851490020751953e+00
4.048851490020751953e+00
4.048851490020751953e+00
4.048851490020751953e+00
6.147484779357910156e+00
6.147484779357910156e+00
6.147484779357910156e+00
4.784524917602539062e+00
4.784524917602539062e+00
1.001669168472290039e+00
1.001669168472290039e+00
1.001669168472290039e+00
1.001669168472290039e+00
1.001669168472290039e+00
1.001669168472290039e+00
1.001669168472290039e+00
1.001669168472290039e+00
1.001669168472290039e+00
1.001669168472290039e+00
1.281060338020324707e+00
1.281060338020324707e+00
1.281060338020324707e+00
1.480115056037902832e+00
1.480115056037902832e+00
1.480115056037902832e+00
1.480115056037902832e+00
1.480115056037902832e+00
3.232372283935546875e+00
3.232372283935546875e+00
3.232372283935546875e+00
3.664980888366699219e+00
3.282125473022460938e+00
7.366409301757812500e-01
7.366409301757812500e-01
7.366409301757812500e-01
7.366409301757812500e-01
7.366409301757812500e-01
7.366409301757812500e-01
9.087283015251159668e-01
9.087283015251159668e-01
9.087283015251159668e-01
9.087283015251159668e-01
9.087283015251159668e-01
9.087283015251159668e-01
3.227459669113159180e+00
3.227459669113159180e+00
3.589003801345825195e+00
1.093434572219848633e+00
1.093434572219848633e+00
1.710669398307800293e+00
1.710669398307800293e+00
1.710669398307800293e+00
1.710669398307800293e+00
1.710669398307800293e+00
1.710669398307800293e+00
1.710669398307800293e+00
1.710669398307800293e+00
1.201309919357299805e+00
1.201309919357299805e+00
1.201309919357299805e+00
1.201309919357299805e+00
1.076393127441406250e+00
1.076393127441406250e+00
1.052037477493286133e+00
1.237902164459228516e+00
6.672477722167968750e-01
6.672477722167968750e-01
6.672477722167968750e-01
1.517025589942932129e+00
1.517025589942932129e+00
1.517025589942932129e+00
1.517025589942932129e+00
1.517025589942932129e+00
1.517025589942932129e+00
1.517025589942932129e+00
1.517025589942932129e+00
1.517025589942932129e+00
1.517025589942932129e+00
1.517025589942932129e+00
1.517025589942932129e+00
1.517025589942932129e+00
1.517025589942932129e+00
1.517025589942932129e+00
2.967388153076171875e+00
2.967388153076171875e+00
2.967388153076171875e+00
2.967388153076171875e+00
2.967388153076171875e+00
2.967388153076171875e+00
4.916281700134277344e-01
2.918149709701538086e+00
3.003621339797973633e+00
3.003621339797973633e+00
1.565445423126220703e+00
1.565445423126220703e+00
1.565445423126220703e+00
1.565445423126220703e+00
1.565445423126220703e+00
1.565445423126220703e+00
1.565445423126220703e+00
1.565445423126220703e+00
1.565445423126220703e+00
1.565445423126220703e+00
1.565445423126220703e+00
1.565445423126220703e+00
1.550964236259460449e+00
2.684335708618164062e+00
2.684335708618164062e+00
2.684335708618164062e+00
1.973558068275451660e+00
1.973558068275451660e+00
1.973558068275451660e+00
1.973558068275451660e+00
1.973558068275451660e+00
1.973558068275451660e+00
1.973558068275451660e+00
1.973558068275451660e+00
1.973558068275451660e+00
1.973558068275451660e+00
1.300129175186157227e+00
1.300129175186157227e+00
1.300129175186157227e+00
1.300129175186157227e+00
3.165166854858398438e+00
5.240890979766845703e+00
5.240890979766845703e+00
5.240890979766845703e+00
5.240890979766845703e+00
5.152129173278808594e+00
2.195657968521118164e+00
2.195657968521118164e+00
2.195657968521118164e+00
2.804013967514038086e+00
2.804013967514038086e+00
2.704642772674560547e+00
5.535802841186523438e-01
2.548644065856933594e+00
2.548644065856933594e+00
2.548644065856933594e+00
7.285379171371459961e-01
7.285379171371459961e-01
7.285379171371459961e-01
2.808579921722412109e+00
1.153943777084350586e+00
1.153943777084350586e+00
1.153943777084350586e+00
1.153943777084350586e+00
3.911287784576416016e+00
3.911287784576416016e+00
1.484358787536621094e+00
7.843102216720581055e-01
2.277860164642333984e+00
1.867142438888549805e+00
1.867142438888549805e+00
1.867142438888549805e+00
1.867142438888549805e+00
1.867142438888549805e+00
3.394325971603393555e+00
5.004210472106933594e-01
5.004210472106933594e-01
1.061319351196289062e+01
4.371546268463134766e+00
1.535468578338623047e+00
1.535468578338623047e+00
1.535468578338623047e+00
1.384788513183593750e+00
1.384788513183593750e+00
1.384788513183593750e+00
9.670022726058959961e-01
9.670022726058959961e-01
9.670022726058959961e-01
9.670022726058959961e-01
9.670022726058959961e-01
9.670022726058959961e-01
9.670022726058959961e-01
9.670022726058959961e-01
9.670022726058959961e-01
9.670022726058959961e-01
9.670022726058959961e-01
9.670022726058959961e-01
9.670022726058959961e-01
9.670022726058959961e-01
9.670022726058959961e-01
9.670022726058959961e-01
1.534305810928344727e+00
1.534305810928344727e+00
1.534305810928344727e+00
1.355288028717041016e+00
1.355288028717041016e+00
1.355288028717041016e+00
1.787407279014587402e+00
1.787407279014587402e+00
1.787407279014587402e+00
1.787407279014587402e+00
1.787407279014587402e+00
1.787407279014587402e+00
1.787407279014587402e+00
1.787407279014587402e+00
1.082398056983947754e+00
1.082398056983947754e+00
1.082398056983947754e+00
1.082398056983947754e+00
1.082398056983947754e+00
1.082398056983947754e+00
7.895385026931762695e-01
4.036580622196197510e-01
2.490093231201171875e+00
2.490093231201171875e+00
2.184546947479248047e+00
2.184546947479248047e+00
2.514976978302001953e+00
2.514976978302001953e+00
2.514976978302001953e+00
1.813448190689086914e+00
1.813448190689086914e+00
2.570539712905883789e+00
2.570539712905883789e+00
2.570539712905883789e+00
2.570539712905883789e+00
2.570539712905883789e+00
2.570539712905883789e+00
8.391540050506591797e-01
2.336712360382080078e+00
2.336712360382080078e+00
2.336712360382080078e+00
1.410267233848571777e+00
1.410267233848571777e+00
1.410267233848571777e+00
3.353522300720214844e+00
3.353522300720214844e+00
2.326466083526611328e+00
2.326466083526611328e+00
2.326466083526611328e+00
2.326466083526611328e+00
3.418775558471679688e+00
1.668548345565795898e+00
1.668548345565795898e+00
1.668548345565795898e+00
1.668548345565795898e+00
1.668548345565795898e+00
1.668548345565795898e+00
1.668548345565795898e+00
1.668548345565795898e+00
9.941404461860656738e-01
9.941404461860656738e-01
9.941404461860656738e-01
