8.382058739662170410e-01
8.382058739662170410e-01
8.382058739662170410e-01
8.382058739662170410e-01
8.382058739662170410e-01
1.586181163787841797e+00
7.980771660804748535e-01
7.980771660804748535e-01
7.980771660804748535e-01
1.235337376594543457e+00
1.235337376594543457e+00
1.235337376594543457e+00
1.235337376594543457e+00
1.235337376594543457e+00
1.235337376594543457e+00
1.235337376594543457e+00
1.235337376594543457e+00
6.451353430747985840e-01
1.227133512496948242e+00
1.481402039527893066e+00
8.551495671272277832e-01
1.014740228652954102e+00
4.886873960494995117e-01
1.376963257789611816e+00
1.376963257789611816e+00
1.376963257789611816e+00
1.238599300384521484e+00
1.238599300384521484e+00
1.238599300384521484e+00
1.238599300384521484e+00
1.238599300384521484e+00
1.238599300384521484e+00
1.238599300384521484e+00
1.657959461212158203e+00
8.857554793357849121e-01
1.365448951721191406e+00
1.468055129051208496e+00
1.564038634300231934e+00
1.564038634300231934e+00
1.564038634300231934e+00
9.492958188056945801e-01
1.936284422874450684e+00
7.548186779022216797e-01
7.548186779022216797e-01
1.536013841629028320e+00
5.504651069641113281e-01
4.951240539550781250e+00
2.952496051788330078e+00
2.630304336547851562e+00
1.674416899681091309e+00
1.674416899681091309e+00
1.674416899681091309e+00
1.386633753776550293e+00
1.265677571296691895e+00
4.619026780128479004e-01
7.380740642547607422e-01
7.380740642547607422e-01
7.380740642547607422e-01
7.380740642547607422e-01
7.380740642547607422e-01
7.380740642547607422e-01
7.380740642547607422e-01
7.380740642547607422e-01
7.380740642547607422e-01
7.380740642547607422e-01
1.400833606719970703e+00
1.400833606719970703e+00
1.400833606719970703e+00
1.400833606719970703e+00
1.400833606719970703e+00
1.400833606719970703e+00
1.914969086647033691e+00
2.281974792480468750e+00
3.480797290802001953e+00
4.846385955810546875e+00
3.050688505172729492e+00
2.949213027954101562e+00
2.332615613937377930e+00
3.263156175613403320e+00
3.536905527114868164e+00
4.441705703735351562e+00
4.441705703735351562e+00
2.913657188415527344e+00
1.725042343139648438e+00
1.112594962120056152e+00
1.484577417373657227e+00
1.484577417373657227e+00
1.484577417373657227e+00
1.484577417373657227e+00
1.484577417373657227e+00
1.955102205276489258e+00
1.955102205276489258e+00
4.819015502929687500e+00
3.499280452728271484e+00
5.825624465942382812e-01
1.352279424667358398e+00
8.220667243003845215e-01
8.220667243003845215e-01
1.284518003463745117e+00
1.284518003463745117e+00
1.284518003463745117e+00
1.284518003463745117e+00
1.284518003463745117e+00
1.282940864562988281e+00
1.282940864562988281e+00
1.282940864562988281e+00
1.282940864562988281e+00
1.282940864562988281e+00
1.282940864562988281e+00
1.282940864562988281e+00
1.282940864562988281e+00
1.282940864562988281e+00
1.496238589286804199e+00
1.496238589286804199e+00
1.496238589286804199e+00
1.184500455856323242e+00
1.184500455856323242e+00
1.184500455856323242e+00
1.184500455856323242e+00
2.338641166687011719e+00
1.846603631973266602e+00
1.846603631973266602e+00
2.634807586669921875e+00
2.870237588882446289e+00
2.870237588882446289e+00
2.870237588882446289e+00
3.086722373962402344e+00
7.656822204589843750e-01
5.692321062088012695e-01
5.692321062088012695e-01
5.692321062088012695e-01
1.331652283668518066e+00
1.331652283668518066e+00
1.719241023063659668e+00
1.719241023063659668e+00
1.473927259445190430e+00
1.473927259445190430e+00
2.344696521759033203e+00
2.344696521759033203e+00
2.833183526992797852e+00
3.088247776031494141e+00
3.088247776031494141e+00
3.333907604217529297e+00
2.655736684799194336e+00
2.655736684799194336e+00
2.655736684799194336e+00
2.535006999969482422e+00
3.804161787033081055e+00
3.804161787033081055e+00
3.560266017913818359e+00
3.906688928604125977e+00
6.394433975219726562e-01
9.014185070991516113e-01
9.014185070991516113e-01
1.470866918563842773e+00
1.470866918563842773e+00
1.470866918563842773e+00
1.400368928909301758e+00
2.021029710769653320e+00
8.410961627960205078e-01
8.410961627960205078e-01
1.187937259674072266e+00
1.187937259674072266e+00
1.187937259674072266e+00
1.187937259674072266e+00
1.187937259674072266e+00
3.220689773559570312e+00
3.222773790359497070e+00
3.222773790359497070e+00
3.402802944183349609e+00
3.402802944183349609e+00
3.402802944183349609e+00
6.267836093902587891e+00
8.054656028747558594e+00
1.008519363403320312e+01
8.759142875671386719e+00
1.181774902343750000e+01
1.296816635131835938e+01
1.297052574157714844e+01
1.234784126281738281e+01
1.421063041687011719e+01
1.473015689849853516e+01
1.281114864349365234e+01
1.355559730529785156e+01
1.374796295166015625e+01
1.301448917388916016e+01
1.397465801239013672e+01
1.397465801239013672e+01
1.423783302307128906e+01
1.916475868225097656e+01
2.064340019226074219e+01
2.163768196105957031e+01
2.196334648132324219e+01
2.007890129089355469e+01
2.007890129089355469e+01
1.990614509582519531e+01
1.990614509582519531e+01
1.990614509582519531e+01
1.903106689453125000e+01
1.578590106964111328e+01
1.475664043426513672e+01
1.658555793762207031e+01
1.712627410888671875e+01
1.712627410888671875e+01
1.396585559844970703e+01
1.396585559844970703e+01
1.203026962280273438e+01
9.136887550354003906e+00
7.352891921997070312e+00
4.651308059692382812e+00
4.651308059692382812e+00
2.397091150283813477e+00
6.690611839294433594e-01
6.690611839294433594e-01
6.690611839294433594e-01
6.690611839294433594e-01
6.690611839294433594e-01
1.245419502258300781e+00
1.245419502258300781e+00
1.245419502258300781e+00
1.317451596260070801e+00
1.003937363624572754e+00
1.003937363624572754e+00
7.037043571472167969e-01
7.037043571472167969e-01
7.037043571472167969e-01
7.037043571472167969e-01
7.037043571472167969e-01
7.037043571472167969e-01
7.037043571472167969e-01
7.037043571472167969e-01
7.037043571472167969e-01
7.037043571472167969e-01
7.037043571472167969e-01
7.037043571472167969e-01
7.037043571472167969e-01
9.593003988265991211e-01
9.593003988265991211e-01
9.593003988265991211e-01
9.593003988265991211e-01
9.593003988265991211e-01
9.593003988265991211e-01
1.135236620903015137e+00
1.135236620903015137e+00
1.135236620903015137e+00
9.721350073814392090e-01
1.571199536323547363e+00
1.468464851379394531e+00
7.457450032234191895e-01
1.308556079864501953e+00
1.308556079864501953e+00
1.308556079864501953e+00
6.896804571151733398e-01
1.742329359054565430e+00
1.742329359054565430e+00
1.742329359054565430e+00
5.198413133621215820e-01
1.361687183380126953e+00
1.361687183380126953e+00
1.361687183380126953e+00
1.361687183380126953e+00
3.462633609771728516e+00
3.462633609771728516e+00
3.462633609771728516e+00
3.191313505172729492e+00
3.191313505172729492e+00
3.191313505172729492e+00
3.191313505172729492e+00
3.041930437088012695e+00
3.250173807144165039e+00
3.096622705459594727e+00
3.096622705459594727e+00
3.096622705459594727e+00
2.162589550018310547e+00
2.162589550018310547e+00
8.440085649490356445e-01
8.440085649490356445e-01
1.276926279067993164e+00
1.276926279067993164e+00
1.276926279067993164e+00
1.276926279067993164e+00
1.276926279067993164e+00
1.276926279067993164e+00
1.941358089447021484e+00
1.941358089447021484e+00
1.941358089447021484e+00
1.941358089447021484e+00
7.028481960296630859e-01
7.028481960296630859e-01
7.028481960296630859e-01
7.028481960296630859e-01
3.517639636993408203e-01
2.619104981422424316e-01
2.619104981422424316e-01
3.295325279235839844e+00
3.175468206405639648e+00
3.175468206405639648e+00
1.039824247360229492e+00
1.039824247360229492e+00
1.039824247360229492e+00
1.039824247360229492e+00
1.039824247360229492e+00
1.039824247360229492e+00
8.770112991333007812e-01
8.770112991333007812e-01
9.062077403068542480e-01
9.062077403068542480e-01
9.062077403068542480e-01
1.340640544891357422e+00
1.381182551383972168e+00
1.381182551383972168e+00
1.381182551383972168e+00
1.381182551383972168e+00
1.381182551383972168e+00
1.381182551383972168e+00
1.156651735305786133e+00
1.156651735305786133e+00
1.156651735305786133e+00
1.156651735305786133e+00
1.156651735305786133e+00
1.156651735305786133e+00
1.114389777183532715e+00
2.126106739044189453e+00
2.126106739044189453e+00
2.126106739044189453e+00
1.643692135810852051e+00
8.041831851005554199e-01
8.041831851005554199e-01
8.041831851005554199e-01
9.591339230537414551e-01
9.591339230537414551e-01
5.421034097671508789e-01
5.421034097671508789e-01
9.121730923652648926e-01
9.121730923652648926e-01
9.121730923652648926e-01
1.687977075576782227e+00
1.687977075576782227e+00
1.687977075576782227e+00
6.850577592849731445e-01
1.920602560043334961e+00
1.982853651046752930e+00
1.227702140808105469e+00
2.301375150680541992e+00
1.169068932533264160e+00
2.390803813934326172e+00
2.386137008666992188e+00
8.232463598251342773e-01
8.232463598251342773e-01
8.232463598251342773e-01
6.656279563903808594e-01
6.656279563903808594e-01
6.656279563903808594e-01
8.293479681015014648e-01
8.293479681015014648e-01
8.293479681015014648e-01
8.293479681015014648e-01
8.293479681015014648e-01
1.205813646316528320e+00
9.107470512390136719e-01
9.107470512390136719e-01
9.107470512390136719e-01
9.107470512390136719e-01
9.107470512390136719e-01
2.952987432479858398e+00
5.303239822387695312e+00
5.303239822387695312e+00
5.303239822387695312e+00
6.101623535156250000e+00
5.405521392822265625e+00
5.012947082519531250e+00
3.995101928710937500e+00
3.995101928710937500e+00
3.995101928710937500e+00
3.995101928710937500e+00
5.077480792999267578e+00
4.020086765289306641e+00
1.803249120712280273e+00
1.568130135536193848e+00
1.568130135536193848e+00
2.238296508789062500e+00
2.061748504638671875e+00
1.575157642364501953e+00
1.111570119857788086e+00
1.111570119857788086e+00
1.111570119857788086e+00
1.111570119857788086e+00
1.111570119857788086e+00
1.111570119857788086e+00
1.111570119857788086e+00
1.111570119857788086e+00
1.153499603271484375e+00
1.262791275978088379e+00
1.262791275978088379e+00
1.262791275978088379e+00
1.340048551559448242e+00
1.340048551559448242e+00
1.431183338165283203e+00
1.430416345596313477e+00
9.056417942047119141e-01
1.573253631591796875e+00
1.573253631591796875e+00
1.573253631591796875e+00
1.573253631591796875e+00
1.573253631591796875e+00
2.497459411621093750e+00
2.497459411621093750e+00
2.497459411621093750e+00
2.497459411621093750e+00
2.497459411621093750e+00
2.497459411621093750e+00
7.083120346069335938e-01
9.156767129898071289e-01
9.156767129898071289e-01
9.156767129898071289e-01
9.156767129898071289e-01
2.716023206710815430e+00
1.061259984970092773e+00
1.061259984970092773e+00
1.061259984970092773e+00
1.061259984970092773e+00
1.347532272338867188e+00
1.239477753639221191e+00
1.239477753639221191e+00
1.239477753639221191e+00
1.239477753639221191e+00
1.239477753639221191e+00
1.239477753639221191e+00
7.278745174407958984e-01
6.414723396301269531e-01
4.082418680191040039e-01
4.082418680191040039e-01
4.082418680191040039e-01
7.350291013717651367e-01
7.350291013717651367e-01
7.350291013717651367e-01
7.350291013717651367e-01
7.350291013717651367e-01
7.350291013717651367e-01
7.350291013717651367e-01
7.350291013717651367e-01
7.350291013717651367e-01
1.127224802970886230e+00
8.049570322036743164e-01
8.049570322036743164e-01
8.049570322036743164e-01
8.049570322036743164e-01
1.167205810546875000e+00
1.167205810546875000e+00
1.493750810623168945e+00
1.493750810623168945e+00
5.521010160446166992e-01
9.152691960334777832e-01
9.152691960334777832e-01
9.152691960334777832e-01
9.152691960334777832e-01
9.152691960334777832e-01
9.152691960334777832e-01
5.939657092094421387e-01
5.939657092094421387e-01
6.170454025268554688e-01
6.170454025268554688e-01
7.414483428001403809e-01
7.414483428001403809e-01
7.414483428001403809e-01
7.414483428001403809e-01
7.414483428001403809e-01
7.414483428001403809e-01
9.278552532196044922e-01
7.485601902008056641e-01
7.485601902008056641e-01
7.485601902008056641e-01
1.648262500762939453e+00
1.827189683914184570e+00
1.827189683914184570e+00
1.827189683914184570e+00
1.266629934310913086e+00
1.266629934310913086e+00
1.266629934310913086e+00
1.266629934310913086e+00
1.266629934310913086e+00
1.266629934310913086e+00
1.266629934310913086e+00
1.266629934310913086e+00
9.756969213485717773e-01
9.756969213485717773e-01
9.756969213485717773e-01
9.756969213485717773e-01
9.756969213485717773e-01
5.555097460746765137e-01
1.090937852859497070e+00
1.090937852859497070e+00
9.101210832595825195e-01
1.200176358222961426e+00
5.495007634162902832e-01
5.495007634162902832e-01
6.862670183181762695e-01
6.862670183181762695e-01
6.862670183181762695e-01
1.151395797729492188e+00
1.151395797729492188e+00
9.266669154167175293e-01
9.266669154167175293e-01
5.326186418533325195e-01
1.059762001037597656e+00
1.059762001037597656e+00
1.059762001037597656e+00
3.334430456161499023e+00
4.914026737213134766e+00
1.980949640274047852e+00
2.119982481002807617e+00
2.764513492584228516e+00
2.314786911010742188e+00
2.314786911010742188e+00
2.314786911010742188e+00
2.372983694076538086e+00
2.372983694076538086e+00
3.065658330917358398e+00
4.994308948516845703e-01
4.994308948516845703e-01
1.702543139457702637e+00
1.702543139457702637e+00
4.539585113525390625e-01
1.820153355598449707e+00
1.820153355598449707e+00
1.820153355598449707e+00
2.252441167831420898e+00
2.252441167831420898e+00
2.252441167831420898e+00
1.127207279205322266e+00
1.127207279205322266e+00
1.882571935653686523e+00
1.882571935653686523e+00
1.882571935653686523e+00
1.264230251312255859e+00
1.264230251312255859e+00
1.557746052742004395e+00
1.851562023162841797e+00
2.050625801086425781e+00
2.050625801086425781e+00
3.562830924987792969e+00
2.226486682891845703e+00
2.226486682891845703e+00
2.226486682891845703e+00
2.226486682891845703e+00
2.200334310531616211e+00
2.518831253051757812e+00
2.518831253051757812e+00
2.934731721878051758e+00
3.813530683517456055e+00
4.254843711853027344e+00
4.715663909912109375e+00
4.715663909912109375e+00
7.320435523986816406e+00
6.821890354156494141e+00
8.639732360839843750e+00
8.639732360839843750e+00
6.099246025085449219e+00
1.677123546600341797e+00
9.396525621414184570e-01
1.664098143577575684e+00
1.667378306388854980e+00
1.667378306388854980e+00
5.337058305740356445e-01
5.337058305740356445e-01
5.337058305740356445e-01
5.337058305740356445e-01
5.337058305740356445e-01
5.337058305740356445e-01
5.337058305740356445e-01
2.722957134246826172e+00
2.722957134246826172e+00
5.021982192993164062e-01
5.021982192993164062e-01
1.086702227592468262e+00
1.086702227592468262e+00
1.258249759674072266e+00
1.258249759674072266e+00
1.258249759674072266e+00
1.258249759674072266e+00
1.258249759674072266e+00
1.515972614288330078e+00
2.054389476776123047e+00
2.195589065551757812e+00
2.409253358840942383e+00
3.549494266510009766e+00
1.960508108139038086e+00
3.784528970718383789e-01
1.317111253738403320e+00
1.317111253738403320e+00
1.317111253738403320e+00
1.317111253738403320e+00
1.317111253738403320e+00
1.317111253738403320e+00
8.626639246940612793e-01
8.626639246940612793e-01
8.626639246940612793e-01
8.626639246940612793e-01
6.608003973960876465e-01
7.278614640235900879e-01
1.481070876121520996e+00
1.457570075988769531e+00
1.872483968734741211e+00
1.569818854331970215e+00
1.704696416854858398e+00
1.704696416854858398e+00
1.704696416854858398e+00
8.793767094612121582e-01
8.793767094612121582e-01
8.793767094612121582e-01
1.472223758697509766e+00
1.472223758697509766e+00
4.843317031860351562e+00
2.463053226470947266e+00
9.226298332214355469e-01
9.226298332214355469e-01
9.226298332214355469e-01
9.226298332214355469e-01
9.634922742843627930e-01
9.634922742843627930e-01
9.634922742843627930e-01
9.634922742843627930e-01
9.634922742843627930e-01
2.002634048461914062e+00
2.002634048461914062e+00
2.002634048461914062e+00
2.002634048461914062e+00
2.002634048461914062e+00
2.139862298965454102e+00
6.511183977127075195e-01
6.511183977127075195e-01
1.909661054611206055e+00
1.909661054611206055e+00
3.473846912384033203e+00
3.741427421569824219e+00
2.588439464569091797e+00
2.408575296401977539e+00
2.408575296401977539e+00
2.683439493179321289e+00
3.439723968505859375e+00
2.450811147689819336e+00
4.084884643554687500e+00
2.322861671447753906e+00
1.365349292755126953e+00
1.371507406234741211e+00
1.371507406234741211e+00
6.502816677093505859e-01
6.502816677093505859e-01
8.996158242225646973e-01
8.996158242225646973e-01
8.996158242225646973e-01
8.996158242225646973e-01
8.996158242225646973e-01
8.996158242225646973e-01
8.996158242225646973e-01
8.996158242225646973e-01
8.996158242225646973e-01
8.996158242225646973e-01
1.243203043937683105e+00
7.601517438888549805e-01
7.601517438888549805e-01
7.601517438888549805e-01
7.601517438888549805e-01
7.601517438888549805e-01
7.601517438888549805e-01
7.601517438888549805e-01
7.601517438888549805e-01
9.798846840858459473e-01
9.798846840858459473e-01
9.798846840858459473e-01
9.798846840858459473e-01
1.588866233825683594e+00
1.588866233825683594e+00
1.336711287498474121e+00
1.336711287498474121e+00
1.336711287498474121e+00
1.281758666038513184e+00
1.271380066871643066e+00
1.271380066871643066e+00
1.271380066871643066e+00
1.271380066871643066e+00
1.271380066871643066e+00
2.145457983016967773e+00
2.145457983016967773e+00
9.068593978881835938e-01
9.068593978881835938e-01
9.068593978881835938e-01
9.068593978881835938e-01
9.068593978881835938e-01
9.068593978881835938e-01
9.068593978881835938e-01
7.235447168350219727e-01
7.235447168350219727e-01
7.235447168350219727e-01
3.420929431915283203e+00
1.264741420745849609e+00
1.264741420745849609e+00
1.264741420745849609e+00
1.264741420745849609e+00
1.264741420745849609e+00
1.264741420745849609e+00
1.264741420745849609e+00
1.264741420745849609e+00
1.264741420745849609e+00
1.087660431861877441e+00
1.087660431861877441e+00
1.087660431861877441e+00
1.087660431861877441e+00
1.087660431861877441e+00
6.985393762588500977e-01
7.377998232841491699e-01
7.377998232841491699e-01
1.082788944244384766e+00
1.082788944244384766e+00
1.082788944244384766e+00
1.082788944244384766e+00
1.082788944244384766e+00
1.912633895874023438e+00
1.912633895874023438e+00
1.912633895874023438e+00
1.912633895874023438e+00
1.363289356231689453e+00
1.363289356231689453e+00
1.327213883399963379e+00
1.327213883399963379e+00
1.327213883399963379e+00
1.327213883399963379e+00
1.327213883399963379e+00
1.327213883399963379e+00
1.327213883399963379e+00
1.327213883399963379e+00
1.327213883399963379e+00
9.486839175224304199e-01
9.486839175224304199e-01
9.486839175224304199e-01
1.123810291290283203e+00
1.123810291290283203e+00
1.123810291290283203e+00
1.123810291290283203e+00
1.123810291290283203e+00
1.123810291290283203e+00
1.248339176177978516e+00
1.248339176177978516e+00
1.248339176177978516e+00
1.248339176177978516e+00
1.248339176177978516e+00
1.248339176177978516e+00
8.096020221710205078e-01
3.032740116119384766e+00
3.875687122344970703e+00
4.907691478729248047e+00
6.605693817138671875e+00
8.088361740112304688e+00
4.998466968536376953e+00
9.959616661071777344e-01
2.586696147918701172e+00
2.586696147918701172e+00
1.600489616394042969e+00
1.089798808097839355e+00
1.089798808097839355e+00
1.914913773536682129e+00
1.914913773536682129e+00
1.914913773536682129e+00
1.009036421775817871e+00
3.949790000915527344e-01
8.922905921936035156e-01
1.043483376502990723e+00
6.377280950546264648e-01
6.377280950546264648e-01
6.731963157653808594e-01
6.212659478187561035e-01
2.013780117034912109e+00
2.013780117034912109e+00
1.613900899887084961e+00
3.002178668975830078e+00
2.924634933471679688e+00
2.549278020858764648e+00
5.277915000915527344e-01
5.277915000915527344e-01
5.277915000915527344e-01
5.277915000915527344e-01
1.317744493484497070e+00
1.317744493484497070e+00
1.317744493484497070e+00
1.317744493484497070e+00
1.317744493484497070e+00
5.315251350402832031e-01
5.315251350402832031e-01
5.315251350402832031e-01
5.315251350402832031e-01
5.315251350402832031e-01
5.315251350402832031e-01
2.103331565856933594e+00
2.103331565856933594e+00
2.505240678787231445e+00
7.321412563323974609e-01
7.321412563323974609e-01
7.321412563323974609e-01
7.321412563323974609e-01
7.454855442047119141e-01
3.412387609481811523e+00
2.979248762130737305e+00
2.979248762130737305e+00
5.514445304870605469e+00
5.514445304870605469e+00
3.249484300613403320e+00
3.249484300613403320e+00
2.700953245162963867e+00
9.356893301010131836e-01
1.263709068298339844e+00
1.263709068298339844e+00
1.263709068298339844e+00
1.263709068298339844e+00
1.263709068298339844e+00
1.263709068298339844e+00
1.263709068298339844e+00
1.263709068298339844e+00
1.263709068298339844e+00
8.999937772750854492e-01
1.496090412139892578e+00
1.496090412139892578e+00
1.496090412139892578e+00
1.496090412139892578e+00
1.496090412139892578e+00
1.496090412139892578e+00
1.051792621612548828e+00
1.051792621612548828e+00
1.051792621612548828e+00
1.051792621612548828e+00
1.051792621612548828e+00
1.051792621612548828e+00
1.051792621612548828e+00
8.426082730293273926e-01
1.056819915771484375e+00
1.056819915771484375e+00
1.056819915771484375e+00
1.056819915771484375e+00
1.223561406135559082e+00
1.735349774360656738e+00
1.605047583580017090e+00
1.527976632118225098e+00
1.527976632118225098e+00
1.765983343124389648e+00
1.765983343124389648e+00
1.765983343124389648e+00
3.335844516754150391e+00
1.629138708114624023e+00
9.611939787864685059e-01
2.527042865753173828e+00
1.660111665725708008e+00
1.660111665725708008e+00
1.660111665725708008e+00
1.660111665725708008e+00
1.614631652832031250e+00
7.221760749816894531e-01
7.221760749816894531e-01
1.811311841011047363e+00
7.291675806045532227e-01
7.291675806045532227e-01
2.230613231658935547e+00
2.230613231658935547e+00
3.178006887435913086e+00
2.410109043121337891e+00
2.410109043121337891e+00
2.061614036560058594e+00
1.769778370857238770e+00
1.769778370857238770e+00
1.769778370857238770e+00
1.401138901710510254e+00
8.707638978958129883e-01
8.707638978958129883e-01
8.707638978958129883e-01
8.707638978958129883e-01
8.707638978958129883e-01
8.707638978958129883e-01
1.173139214515686035e+00
1.173139214515686035e+00
8.208498954772949219e-01
8.208498954772949219e-01
3.962283432483673096e-01
3.962283432483673096e-01
3.962283432483673096e-01
3.962283432483673096e-01
3.962283432483673096e-01
8.520077466964721680e-01
8.520077466964721680e-01
8.520077466964721680e-01
8.520077466964721680e-01
8.520077466964721680e-01
8.520077466964721680e-01
8.520077466964721680e-01
8.520077466964721680e-01
9.709043502807617188e-01
9.709043502807617188e-01
9.709043502807617188e-01
9.709043502807617188e-01
9.709043502807617188e-01
9.709043502807617188e-01
9.709043502807617188e-01
9.709043502807617188e-01
9.709043502807617188e-01
9.709043502807617188e-01
9.709043502807617188e-01
9.709043502807617188e-01
9.709043502807617188e-01
9.709043502807617188e-01
9.976100921630859375e-01
9.976100921630859375e-01
2.779099941253662109e+00
1.734409451484680176e+00
1.252169370651245117e+00
1.252169370651245117e+00
7.654476165771484375e-01
7.654476165771484375e-01
4.938673973083496094e+00
2.440701246261596680e+00
2.201395750045776367e+00
3.146014213562011719e+00
1.674828886985778809e+00
1.674828886985778809e+00
2.966244459152221680e+00
2.966244459152221680e+00
4.280144691467285156e+00
2.057540655136108398e+00
1.318987369537353516e+00
8.919968605041503906e-01
8.919968605041503906e-01
8.919968605041503906e-01
8.919968605041503906e-01
8.919968605041503906e-01
8.919968605041503906e-01
6.187979578971862793e-01
6.187979578971862793e-01
6.187979578971862793e-01
6.187979578971862793e-01
1.220115661621093750e+00
6.913246512413024902e-01
8.096076250076293945e-01
8.096076250076293945e-01
8.096076250076293945e-01
8.096076250076293945e-01
8.096076250076293945e-01
8.096076250076293945e-01
8.096076250076293945e-01
8.096076250076293945e-01
8.096076250076293945e-01
8.096076250076293945e-01
8.096076250076293945e-01
8.096076250076293945e-01
8.096076250076293945e-01
8.096076250076293945e-01
8.096076250076293945e-01
8.096076250076293945e-01
8.096076250076293945e-01
2.938449978828430176e-01
2.938449978828430176e-01
2.172169685363769531e+00
2.172169685363769531e+00
2.172169685363769531e+00
5.340468883514404297e-01
5.340468883514404297e-01
5.340468883514404297e-01
5.340468883514404297e-01
1.309342503547668457e+00
1.309342503547668457e+00
4.598912596702575684e-01
4.598912596702575684e-01
7.292675971984863281e-01
7.292675971984863281e-01
7.292675971984863281e-01
7.292675971984863281e-01
7.292675971984863281e-01
7.292675971984863281e-01
1.279160261154174805e+00
1.279160261154174805e+00
1.279160261154174805e+00
1.434960126876831055e+00
1.434960126876831055e+00
1.434960126876831055e+00
1.434960126876831055e+00
1.434960126876831055e+00
9.333617687225341797e-01
2.812533378601074219e+00
2.812533378601074219e+00
2.812533378601074219e+00
2.812533378601074219e+00
2.122074127197265625e+00
9.127254486083984375e-01
9.127254486083984375e-01
9.127254486083984375e-01
7.745220065116882324e-01
6.460536718368530273e-01
4.766314625740051270e-01
4.766314625740051270e-01
4.766314625740051270e-01
4.766314625740051270e-01
7.565061450004577637e-01
7.565061450004577637e-01
7.565061450004577637e-01
7.565061450004577637e-01
2.226290941238403320e+00
2.226290941238403320e+00
2.226290941238403320e+00
2.016923904418945312e+00
2.464363098144531250e+00
3.474327087402343750e+00
3.621445894241333008e+00
3.532956123352050781e+00
4.402718544006347656e-01
1.660226821899414062e+00
1.660226821899414062e+00
5.173559188842773438e-01
5.173559188842773438e-01
9.807976484298706055e-01
9.807976484298706055e-01
9.807976484298706055e-01
9.807976484298706055e-01
9.807976484298706055e-01
9.807976484298706055e-01
9.807976484298706055e-01
9.807976484298706055e-01
9.807976484298706055e-01
1.407626867294311523e+00
7.944771647453308105e-01
7.944771647453308105e-01
7.944771647453308105e-01
7.944771647453308105e-01
1.126369833946228027e+00
1.000030279159545898e+00
6.349678039550781250e-01
3.012113809585571289e+00
2.802984952926635742e+00
1.860622406005859375e+00
1.542115449905395508e+00
2.327953815460205078e+00
2.327953815460205078e+00
1.319118618965148926e+00
1.757531642913818359e+00
1.042745471000671387e+00
1.042745471000671387e+00
9.891903400421142578e-01
9.891903400421142578e-01
9.891903400421142578e-01
9.891903400421142578e-01
9.891903400421142578e-01
9.891903400421142578e-01
9.074117541313171387e-01
9.074117541313171387e-01
9.074117541313171387e-01
9.074117541313171387e-01
2.497060060501098633e+00
2.466932296752929688e+00
2.466932296752929688e+00
3.042320966720581055e+00
3.042320966720581055e+00
4.067517280578613281e+00
3.451369047164916992e+00
3.483079671859741211e+00
3.483079671859741211e+00
3.483079671859741211e+00
3.362357139587402344e+00
3.362357139587402344e+00
3.362357139587402344e+00
2.374521732330322266e+00
2.408995389938354492e+00
1.389273881912231445e+00
1.389273881912231445e+00
1.389273881912231445e+00
1.389273881912231445e+00
1.389273881912231445e+00
1.002727031707763672e+00
2.017718791961669922e+00
1.673976063728332520e+00
1.673976063728332520e+00
2.306110382080078125e+00
2.306110382080078125e+00
2.232596158981323242e+00
3.191790580749511719e+00
7.718379497528076172e-01
1.404033660888671875e+00
2.361355066299438477e+00
2.361355066299438477e+00
6.303256750106811523e-01
1.255139350891113281e+00
1.255139350891113281e+00
1.255139350891113281e+00
1.255139350891113281e+00
1.255139350891113281e+00
1.255139350891113281e+00
1.255139350891113281e+00
1.255139350891113281e+00
1.255139350891113281e+00
1.359788298606872559e+00
3.894084095954895020e-01
1.003209352493286133e+00
1.003209352493286133e+00
1.003209352493286133e+00
1.003209352493286133e+00
1.003209352493286133e+00
1.240906715393066406e+00
1.240906715393066406e+00
1.240906715393066406e+00
1.240906715393066406e+00
1.240906715393066406e+00
1.240906715393066406e+00
9.057103395462036133e-01
9.057103395462036133e-01
9.057103395462036133e-01
1.726835370063781738e+00
1.726835370063781738e+00
1.726835370063781738e+00
1.251068472862243652e+00
1.459651112556457520e+00
1.766713619232177734e+00
1.766713619232177734e+00
1.766713619232177734e+00
1.524460196495056152e+00
1.461255431175231934e+00
1.461255431175231934e+00
1.461255431175231934e+00
1.461255431175231934e+00
8.589872121810913086e-01
8.589872121810913086e-01
8.589872121810913086e-01
8.589872121810913086e-01
6.864883899688720703e-01
1.106844067573547363e+00
1.106844067573547363e+00
1.106844067573547363e+00
5.571224689483642578e-01
5.571224689483642578e-01
5.571224689483642578e-01
5.279923081398010254e-01
5.279923081398010254e-01
1.660235166549682617e+00
1.660235166549682617e+00
1.541473865509033203e+00
1.541473865509033203e+00
1.541473865509033203e+00
1.541473865509033203e+00
1.361096978187561035e+00
3.110534667968750000e+00
4.312734603881835938e-01
4.312734603881835938e-01
4.312734603881835938e-01
4.312734603881835938e-01
4.312734603881835938e-01
1.725854635238647461e+00
1.725854635238647461e+00
2.527366638183593750e+00
2.706869840621948242e+00
3.640643119812011719e+00
3.423714637756347656e-01
3.423714637756347656e-01
5.256961584091186523e-01
5.256961584091186523e-01
1.713949203491210938e+00
2.002748012542724609e+00
7.581574916839599609e-01
7.581574916839599609e-01
7.581574916839599609e-01
7.581574916839599609e-01
7.581574916839599609e-01
1.016684532165527344e+00
1.016684532165527344e+00
1.016684532165527344e+00
1.016684532165527344e+00
1.016684532165527344e+00
5.631403923034667969e-01
5.631403923034667969e-01
5.631403923034667969e-01
5.631403923034667969e-01
5.631403923034667969e-01
5.631403923034667969e-01
8.543704748153686523e-01
8.543704748153686523e-01
8.543704748153686523e-01
8.543704748153686523e-01
1.397266983985900879e+00
1.397266983985900879e+00
1.435983777046203613e+00
1.435983777046203613e+00
1.435983777046203613e+00
1.435983777046203613e+00
1.026758432388305664e+00
1.026758432388305664e+00
7.157001495361328125e-01
7.157001495361328125e-01
7.157001495361328125e-01
7.157001495361328125e-01
7.157001495361328125e-01
9.440404176712036133e-01
9.440404176712036133e-01
9.440404176712036133e-01
9.440404176712036133e-01
9.440404176712036133e-01
9.440404176712036133e-01
9.560354948043823242e-01
9.560354948043823242e-01
9.560354948043823242e-01
9.560354948043823242e-01
9.560354948043823242e-01
9.560354948043823242e-01
9.560354948043823242e-01
9.560354948043823242e-01
9.560354948043823242e-01
9.560354948043823242e-01
9.560354948043823242e-01
1.522032499313354492e+00
9.373878836631774902e-01
9.373878836631774902e-01
9.373878836631774902e-01
9.373878836631774902e-01
9.373878836631774902e-01
9.373878836631774902e-01
9.373878836631774902e-01
9.373878836631774902e-01
9.373878836631774902e-01
9.373878836631774902e-01
1.512952804565429688e+00
1.678676247596740723e+00
8.449770808219909668e-01
8.449770808219909668e-01
8.449770808219909668e-01
8.449770808219909668e-01
2.020687580108642578e+00
2.020687580108642578e+00
2.020687580108642578e+00
2.020687580108642578e+00
1.166208386421203613e+00
1.147925496101379395e+00
1.438271045684814453e+00
1.438271045684814453e+00
4.572325229644775391e+00
4.572325229644775391e+00
4.019542217254638672e+00
1.164933919906616211e+00
1.164933919906616211e+00
1.164933919906616211e+00
1.164933919906616211e+00
1.611140012741088867e+00
1.611140012741088867e+00
1.295086383819580078e+00
1.295086383819580078e+00
1.295086383819580078e+00
1.295086383819580078e+00
1.295086383819580078e+00
1.295086383819580078e+00
1.295086383819580078e+00
1.061338186264038086e+00
1.061338186264038086e+00
1.061338186264038086e+00
1.571916580200195312e+00
1.219254612922668457e+00
1.219254612922668457e+00
1.219254612922668457e+00
1.219254612922668457e+00
1.219254612922668457e+00
1.219254612922668457e+00
2.249635696411132812e+00
2.249635696411132812e+00
2.711713314056396484e+00
2.711713314056396484e+00
1.955499887466430664e+00
1.955499887466430664e+00
2.884887456893920898e+00
4.516364097595214844e+00
4.427522659301757812e+00
4.523488998413085938e+00
3.423868656158447266e+00
3.393733024597167969e+00
3.498759746551513672e+00
3.498759746551513672e+00
3.498759746551513672e+00
2.745188713073730469e+00
2.745188713073730469e+00
2.745188713073730469e+00
5.140981674194335938e+00
5.140981674194335938e+00
5.140981674194335938e+00
4.269789695739746094e+00
4.142490386962890625e+00
4.486731052398681641e+00
4.196239948272705078e+00
2.591213941574096680e+00
2.591213941574096680e+00
2.591213941574096680e+00
2.591213941574096680e+00
3.144051551818847656e+00
3.144051551818847656e+00
2.933474302291870117e+00
2.844804763793945312e+00
2.003132104873657227e+00
2.003132104873657227e+00
2.285034894943237305e+00
1.189220428466796875e+00
1.189220428466796875e+00
9.400037527084350586e-01
9.400037527084350586e-01
1.371107578277587891e+00
8.318893313407897949e-01
8.318893313407897949e-01
8.318893313407897949e-01
8.701160550117492676e-01
8.701160550117492676e-01
8.701160550117492676e-01
8.701160550117492676e-01
8.701160550117492676e-01
8.701160550117492676e-01
8.701160550117492676e-01
8.701160550117492676e-01
7.280594110488891602e-01
7.280594110488891602e-01
7.280594110488891602e-01
7.280594110488891602e-01
7.280594110488891602e-01
7.280594110488891602e-01
7.280594110488891602e-01
7.280594110488891602e-01
7.280594110488891602e-01
7.280594110488891602e-01
6.342248320579528809e-01
6.342248320579528809e-01
6.342248320579528809e-01
7.047490477561950684e-01
7.047490477561950684e-01
7.047490477561950684e-01
7.047490477561950684e-01
1.552093982696533203e+00
1.251923561096191406e+00
1.251923561096191406e+00
1.594111084938049316e+00
1.594111084938049316e+00
1.594111084938049316e+00
1.594111084938049316e+00
1.594111084938049316e+00
1.594111084938049316e+00
1.594111084938049316e+00
1.594111084938049316e+00
1.594111084938049316e+00
1.827483773231506348e+00
9.450289011001586914e-01
9.450289011001586914e-01
5.591959953308105469e-01
5.591959953308105469e-01
5.591959953308105469e-01
5.591959953308105469e-01
5.591959953308105469e-01
5.591959953308105469e-01
5.591959953308105469e-01
2.124602556228637695e+00
2.124602556228637695e+00
1.483650088310241699e+00
1.480395913124084473e+00
2.032931327819824219e+00
2.032931327819824219e+00
2.032931327819824219e+00
2.237274169921875000e+00
2.181373596191406250e+00
2.181373596191406250e+00
2.181373596191406250e+00
2.181373596191406250e+00
2.821871519088745117e+00
2.821871519088745117e+00
2.821871519088745117e+00
2.821871519088745117e+00
2.821871519088745117e+00
2.821871519088745117e+00
2.821871519088745117e+00
5.497071743011474609e-01
3.449981451034545898e+00
3.449981451034545898e+00
4.317377567291259766e+00
7.792568206787109375e+00
6.936254501342773438e+00
6.936254501342773438e+00
5.587615489959716797e+00
7.074023723602294922e+00
5.622393131256103516e+00
5.406726837158203125e+00
5.474545001983642578e+00
3.011817216873168945e+00
2.730976819992065430e+00
2.036668777465820312e+00
2.036668777465820312e+00
6.028947830200195312e-01
3.005667924880981445e+00
2.478171825408935547e+00
1.837839245796203613e+00
1.144336581230163574e+00
1.077040314674377441e+00
1.077040314674377441e+00
1.077040314674377441e+00
1.190998435020446777e+00
5.923162698745727539e-01
1.477571010589599609e+00
2.954956531524658203e+00
2.954956531524658203e+00
2.954956531524658203e+00
2.438671112060546875e+00
2.438671112060546875e+00
2.438671112060546875e+00
1.329502582550048828e+00
1.329502582550048828e+00
7.097267508506774902e-01
7.097267508506774902e-01
2.244721412658691406e+00
6.073814630508422852e-01
1.096327543258666992e+00
1.096327543258666992e+00
6.614795923233032227e-01
6.614795923233032227e-01
9.659121036529541016e-01
9.659121036529541016e-01
1.588192701339721680e+00
3.722913265228271484e+00
2.509453773498535156e+00
2.266394376754760742e+00
1.129954695701599121e+00
1.129954695701599121e+00
1.129954695701599121e+00
1.129954695701599121e+00
1.129954695701599121e+00
1.011542677879333496e+00
6.064656972885131836e-01
6.064656972885131836e-01
6.064656972885131836e-01
6.064656972885131836e-01
6.064656972885131836e-01
6.064656972885131836e-01
2.281566381454467773e+00
1.845829010009765625e+00
1.588613271713256836e+00
1.588613271713256836e+00
1.588613271713256836e+00
1.588613271713256836e+00
1.588613271713256836e+00
1.173116207122802734e+00
1.173116207122802734e+00
4.273711442947387695e-01
6.659440398216247559e-01
6.659440398216247559e-01
6.659440398216247559e-01
6.659440398216247559e-01
6.659440398216247559e-01
6.659440398216247559e-01
6.659440398216247559e-01
6.659440398216247559e-01
6.659440398216247559e-01
8.778508901596069336e-01
8.778508901596069336e-01
2.778081655502319336e+00
2.384849309921264648e+00
1.126891732215881348e+00
1.126891732215881348e+00
1.126891732215881348e+00
1.126891732215881348e+00
1.297639846801757812e+00
6.687626242637634277e-01
6.743893027305603027e-01
6.743893027305603027e-01
6.743893027305603027e-01
1.120642662048339844e+00
1.509529829025268555e+00
1.509529829025268555e+00
1.301128983497619629e+00
1.301128983497619629e+00
1.558676242828369141e+00
1.558676242828369141e+00
1.558676242828369141e+00
1.558676242828369141e+00
1.558676242828369141e+00
1.558676242828369141e+00
1.558676242828369141e+00
1.083604574203491211e+00
1.083604574203491211e+00
1.083604574203491211e+00
1.083604574203491211e+00
1.083604574203491211e+00
1.083604574203491211e+00
1.083604574203491211e+00
1.927250266075134277e+00
1.927250266075134277e+00
1.927250266075134277e+00
5.105618238449096680e-01
5.105618238449096680e-01
1.425109386444091797e+00
1.425109386444091797e+00
6.381130218505859375e-01
7.089992165565490723e-01
8.814527988433837891e-01
8.814527988433837891e-01
8.092724084854125977e-01
8.092724084854125977e-01
1.471422195434570312e+00
1.471422195434570312e+00
1.290918231010437012e+00
1.290918231010437012e+00
1.290918231010437012e+00
1.290918231010437012e+00
1.290918231010437012e+00
1.290918231010437012e+00
1.290918231010437012e+00
1.290918231010437012e+00
1.084679245948791504e+00
1.084679245948791504e+00
1.084679245948791504e+00
9.377936720848083496e-01
9.377936720848083496e-01
9.377936720848083496e-01
1.563188910484313965e+00
1.563188910484313965e+00
2.917076587677001953e+00
1.021932005882263184e+00
1.627704143524169922e+00
1.225122451782226562e+00
5.190395116806030273e-01
2.411368846893310547e+00
2.411368846893310547e+00
2.770648717880249023e+00
6.692180633544921875e-01
6.692180633544921875e-01
6.692180633544921875e-01
6.692180633544921875e-01
7.665592432022094727e-01
8.101282715797424316e-01
8.101282715797424316e-01
5.922593474388122559e-01
5.922593474388122559e-01
5.922593474388122559e-01
5.922593474388122559e-01
5.922593474388122559e-01
5.922593474388122559e-01
5.922593474388122559e-01
1.228404521942138672e+00
8.244538307189941406e-01
8.244538307189941406e-01
2.235577583312988281e+00
4.555155754089355469e+00
1.537300109863281250e+00
9.890608191490173340e-01
9.890608191490173340e-01
9.890608191490173340e-01
9.890608191490173340e-01
9.890608191490173340e-01
1.289145708084106445e+00
2.433559179306030273e+00
2.433559179306030273e+00
2.287083625793457031e+00
2.287083625793457031e+00
2.287083625793457031e+00
2.651334524154663086e+00
2.651334524154663086e+00
2.651334524154663086e+00
2.651334524154663086e+00
2.651334524154663086e+00
2.651334524154663086e+00
1.776464462280273438e+00
9.650455117225646973e-01
9.650455117225646973e-01
9.650455117225646973e-01
9.650455117225646973e-01
9.650455117225646973e-01
9.650455117225646973e-01
5.557420253753662109e-01
7.616535425186157227e-01
7.110032439231872559e-01
7.110032439231872559e-01
7.110032439231872559e-01
7.110032439231872559e-01
4.438986480236053467e-01
4.438986480236053467e-01
4.438986480236053467e-01
4.438986480236053467e-01
4.438986480236053467e-01
4.438986480236053467e-01
4.438986480236053467e-01
4.438986480236053467e-01
4.438986480236053467e-01
4.438986480236053467e-01
4.438986480236053467e-01
1.792880058288574219e+00
4.869196414947509766e-01
1.488893866539001465e+00
1.488893866539001465e+00
1.488893866539001465e+00
6.108275055885314941e-01
6.108275055885314941e-01
5.668303966522216797e-01
2.059268474578857422e+00
2.059268474578857422e+00
2.059268474578857422e+00
2.059268474578857422e+00
1.512142777442932129e+00
1.512142777442932129e+00
1.512142777442932129e+00
2.408195734024047852e+00
2.408195734024047852e+00
1.809576988220214844e+00
6.794645786285400391e-01
6.794645786285400391e-01
6.794645786285400391e-01
1.160885095596313477e+00
1.160885095596313477e+00
2.386343002319335938e+00
1.289344906806945801e+00
1.289344906806945801e+00
1.289344906806945801e+00
1.289344906806945801e+00
1.289344906806945801e+00
1.289344906806945801e+00
1.289344906806945801e+00
1.289344906806945801e+00
1.289344906806945801e+00
3.885551691055297852e-01
3.885551691055297852e-01
3.286004543304443359e+00
2.441940069198608398e+00
3.254477977752685547e+00
1.749324917793273926e+00
1.749324917793273926e+00
1.749324917793273926e+00
1.749324917793273926e+00
1.749324917793273926e+00
1.534366369247436523e+00
1.704844236373901367e+00
1.704844236373901367e+00
1.784061431884765625e+00
1.784061431884765625e+00
1.784061431884765625e+00
1.000474214553833008e+00
1.812453746795654297e+00
1.159331321716308594e+00
1.159331321716308594e+00
1.159331321716308594e+00
1.159331321716308594e+00
1.159331321716308594e+00
1.159331321716308594e+00
1.275825738906860352e+00
1.275825738906860352e+00
1.275825738906860352e+00
2.012833595275878906e+00
2.726414680480957031e+00
2.726414680480957031e+00
3.843170166015625000e+00
3.843170166015625000e+00
3.843170166015625000e+00
2.967417001724243164e+00
2.967417001724243164e+00
2.967417001724243164e+00
3.045614957809448242e+00
3.045614957809448242e+00
3.364575147628784180e+00
3.364575147628784180e+00
3.364575147628784180e+00
3.163652896881103516e+00
6.826548576354980469e-01
6.826548576354980469e-01
6.826548576354980469e-01
6.826548576354980469e-01
6.826548576354980469e-01
6.826548576354980469e-01
7.679235339164733887e-01
7.679235339164733887e-01
7.679235339164733887e-01
7.679235339164733887e-01
7.679235339164733887e-01
2.906683206558227539e+00
2.802695512771606445e+00
1.432534098625183105e+00
1.432534098625183105e+00
1.432534098625183105e+00
6.562364101409912109e-01
6.562364101409912109e-01
6.562364101409912109e-01
6.822329759597778320e-01
8.379819393157958984e-01
1.940555095672607422e+00
1.940555095672607422e+00
1.567431807518005371e+00
1.567431807518005371e+00
1.567431807518005371e+00
1.567431807518005371e+00
1.173861980438232422e+00
1.173861980438232422e+00
8.257945775985717773e-01
8.257945775985717773e-01
8.257945775985717773e-01
8.257945775985717773e-01
8.257945775985717773e-01
2.992877960205078125e+00
2.838535785675048828e+00
5.409595966339111328e+00
3.600715637207031250e+00
5.471201896667480469e+00
5.941466331481933594e+00
7.534801959991455078e+00
7.228879928588867188e+00
6.709231853485107422e+00
6.709231853485107422e+00
5.571709632873535156e+00
6.459534645080566406e+00
6.459534645080566406e+00
4.816536903381347656e+00
6.653853416442871094e+00
7.537210941314697266e+00
6.779142856597900391e+00
7.178727626800537109e+00
7.371965408325195312e+00
5.925972461700439453e+00
6.468564987182617188e+00
6.468564987182617188e+00
2.231130599975585938e+00
2.058470249176025391e+00
6.150902509689331055e-01
7.735013961791992188e-01
1.016400814056396484e+00
1.016400814056396484e+00
5.246329307556152344e-01
5.246329307556152344e-01
5.246329307556152344e-01
2.684296846389770508e+00
2.684296846389770508e+00
1.399879217147827148e+00
1.399879217147827148e+00
1.399879217147827148e+00
1.343052387237548828e+00
1.343052387237548828e+00
1.343052387237548828e+00
1.343052387237548828e+00
5.296603441238403320e-01
2.279135227203369141e+00
1.326457738876342773e+00
1.326457738876342773e+00
1.326457738876342773e+00
7.326419949531555176e-01
3.165105342864990234e+00
3.165105342864990234e+00
3.165105342864990234e+00
3.165105342864990234e+00
3.165105342864990234e+00
3.165105342864990234e+00
3.767599821090698242e+00
3.767599821090698242e+00
2.052849531173706055e+00
1.591641187667846680e+00
1.591641187667846680e+00
1.591641187667846680e+00
7.819470167160034180e-01
1.098988175392150879e+00
1.098988175392150879e+00
8.508651852607727051e-01
8.508651852607727051e-01
1.050013422966003418e+00
1.963913202285766602e+00
1.963913202285766602e+00
1.831142425537109375e+00
1.367829084396362305e+00
1.367829084396362305e+00
1.367829084396362305e+00
1.367829084396362305e+00
1.367829084396362305e+00
6.815106272697448730e-01
6.943203806877136230e-01
3.108404636383056641e+00
2.717546463012695312e+00
2.717546463012695312e+00
1.117677688598632812e+00
1.117677688598632812e+00
1.117677688598632812e+00
1.117677688598632812e+00
1.117677688598632812e+00
1.117677688598632812e+00
1.172201752662658691e+00
1.172201752662658691e+00
1.172201752662658691e+00
1.172201752662658691e+00
1.172201752662658691e+00
1.700231075286865234e+00
1.700231075286865234e+00
1.620721817016601562e+00
1.620721817016601562e+00
1.620721817016601562e+00
1.761907339096069336e+00
1.761907339096069336e+00
1.761907339096069336e+00
1.761907339096069336e+00
1.065567255020141602e+00
1.065567255020141602e+00
1.555029034614562988e+00
2.297324657440185547e+00
2.297324657440185547e+00
2.297324657440185547e+00
1.721142530441284180e+00
1.721142530441284180e+00
2.130035161972045898e+00
6.327507019042968750e+00
6.612935543060302734e+00
4.979403018951416016e+00
5.144539833068847656e+00
3.603913784027099609e+00
3.932248830795288086e+00
2.781709194183349609e+00
2.781709194183349609e+00
2.781709194183349609e+00
2.781709194183349609e+00
1.948634028434753418e+00
3.788013219833374023e+00
2.156700611114501953e+00
2.156700611114501953e+00
1.131071567535400391e+00
1.051896929740905762e+00
4.092065095901489258e-01
2.028148174285888672e+00
2.028148174285888672e+00
2.028148174285888672e+00
2.028148174285888672e+00
2.028148174285888672e+00
2.028148174285888672e+00
1.890632152557373047e+00
2.297301292419433594e+00
1.761213898658752441e+00
1.761213898658752441e+00
1.761213898658752441e+00
5.843706130981445312e-01
5.843706130981445312e-01
6.018017530441284180e-01
1.279500007629394531e+00
6.317418813705444336e-01
6.317418813705444336e-01
6.317418813705444336e-01
6.317418813705444336e-01
6.317418813705444336e-01
6.317418813705444336e-01
6.317418813705444336e-01
6.317418813705444336e-01
2.997672080993652344e+00
2.997672080993652344e+00
2.997672080993652344e+00
2.997672080993652344e+00
3.176122426986694336e+00
2.533766746520996094e+00
1.116899728775024414e+00
1.116899728775024414e+00
1.116899728775024414e+00
1.762215852737426758e+00
1.762215852737426758e+00
1.762215852737426758e+00
1.762215852737426758e+00
1.342137098312377930e+00
4.899586439132690430e-01
4.899586439132690430e-01
4.899586439132690430e-01
4.899586439132690430e-01
4.899586439132690430e-01
4.899586439132690430e-01
4.899586439132690430e-01
4.899586439132690430e-01
1.361706495285034180e+00
5.384444594383239746e-01
5.384444594383239746e-01
5.384444594383239746e-01
5.384444594383239746e-01
5.384444594383239746e-01
1.155020117759704590e+00
1.155020117759704590e+00
1.155020117759704590e+00
8.095062971115112305e-01
4.982045590877532959e-01
4.982045590877532959e-01
1.338460683822631836e+00
1.372674703598022461e+00
1.372674703598022461e+00
1.372674703598022461e+00
2.120624542236328125e+00
2.120624542236328125e+00
3.507532358169555664e+00
3.331506013870239258e+00
3.331506013870239258e+00
2.292051792144775391e+00
2.102133750915527344e+00
2.102133750915527344e+00
2.535514116287231445e+00
2.535514116287231445e+00
1.923970699310302734e+00
1.417983770370483398e+00
4.403690099716186523e-01
4.403690099716186523e-01
4.403690099716186523e-01
4.403690099716186523e-01
1.086768746376037598e+00
9.087824821472167969e-01
1.355479955673217773e+00
1.355479955673217773e+00
1.355479955673217773e+00
1.189737796783447266e+00
1.189737796783447266e+00
1.189737796783447266e+00
1.189737796783447266e+00
1.189737796783447266e+00
1.189737796783447266e+00
1.189737796783447266e+00
9.265468120574951172e-01
9.265468120574951172e-01
1.249431967735290527e+00
1.249431967735290527e+00
1.249431967735290527e+00
1.249431967735290527e+00
1.249431967735290527e+00
1.748594522476196289e+00
1.748594522476196289e+00
1.104797124862670898e+00
1.327434182167053223e+00
1.327434182167053223e+00
1.327434182167053223e+00
1.327434182167053223e+00
1.149489760398864746e+00
1.149489760398864746e+00
1.149489760398864746e+00
1.149489760398864746e+00
1.149489760398864746e+00
1.149489760398864746e+00
3.057802677154541016e+00
8.603680133819580078e-01
8.603680133819580078e-01
8.603680133819580078e-01
8.603680133819580078e-01
1.105970859527587891e+00
1.105970859527587891e+00
1.105970859527587891e+00
1.105970859527587891e+00
8.820896744728088379e-01
8.820896744728088379e-01
8.820896744728088379e-01
2.859972715377807617e+00
3.008228540420532227e+00
2.556045055389404297e+00
2.556045055389404297e+00
4.283189773559570312e-01
4.283189773559570312e-01
1.541875839233398438e+00
1.541875839233398438e+00
1.541875839233398438e+00
1.541875839233398438e+00
1.541875839233398438e+00
1.541875839233398438e+00
1.155206203460693359e+00
1.097883939743041992e+00
1.097883939743041992e+00
1.097883939743041992e+00
1.097883939743041992e+00
1.097883939743041992e+00
1.097883939743041992e+00
1.097883939743041992e+00
2.435527801513671875e+00
4.097198486328125000e+00
4.097198486328125000e+00
1.293588876724243164e+00
1.293588876724243164e+00
1.286661624908447266e+00
1.064245581626892090e+00
1.064245581626892090e+00
1.476693511009216309e+00
1.476693511009216309e+00
1.476693511009216309e+00
1.476693511009216309e+00
1.101911544799804688e+00
1.651631593704223633e+00
1.651631593704223633e+00
3.033230543136596680e+00
3.033230543136596680e+00
2.355602025985717773e+00
2.355602025985717773e+00
2.177439212799072266e+00
2.177439212799072266e+00
1.559316515922546387e+00
1.446990728378295898e+00
1.583514213562011719e+00
1.652905464172363281e+00
1.652905464172363281e+00
7.250489592552185059e-01
9.458712935447692871e-01
9.458712935447692871e-01
9.458712935447692871e-01
6.327056884765625000e-01
6.327056884765625000e-01
6.464762687683105469e-01
1.049245595932006836e+00
1.049245595932006836e+00
1.049245595932006836e+00
1.049245595932006836e+00
1.093282938003540039e+00
1.093282938003540039e+00
1.093282938003540039e+00
1.093282938003540039e+00
1.019205331802368164e+00
1.019205331802368164e+00
1.758313894271850586e+00
1.758313894271850586e+00
1.247634649276733398e+00
1.247634649276733398e+00
1.758534669876098633e+00
1.758534669876098633e+00
1.758534669876098633e+00
2.103823423385620117e+00
2.689483165740966797e+00
1.365630030632019043e+00
1.365630030632019043e+00
1.365630030632019043e+00
2.211709737777709961e+00
2.211709737777709961e+00
2.211709737777709961e+00
1.900277853012084961e+00
1.900277853012084961e+00
4.634107351303100586e-01
1.109618663787841797e+00
1.109618663787841797e+00
3.578218221664428711e+00
2.983578920364379883e+00
2.983578920364379883e+00
2.289873123168945312e+00
1.526300787925720215e+00
1.526300787925720215e+00
1.420928120613098145e+00
1.420928120613098145e+00
1.420928120613098145e+00
1.420928120613098145e+00
1.420928120613098145e+00
1.482562422752380371e+00
1.482562422752380371e+00
6.510291695594787598e-01
6.510291695594787598e-01
6.510291695594787598e-01
6.510291695594787598e-01
6.510291695594787598e-01
6.510291695594787598e-01
6.510291695594787598e-01
6.510291695594787598e-01
6.510291695594787598e-01
6.510291695594787598e-01
6.510291695594787598e-01
6.510291695594787598e-01
1.043063163757324219e+00
1.043063163757324219e+00
1.043063163757324219e+00
1.043063163757324219e+00
1.308420062065124512e+00
1.308420062065124512e+00
1.308420062065124512e+00
1.308420062065124512e+00
1.368415474891662598e+00
1.515396595001220703e+00
1.708770990371704102e+00
1.708770990371704102e+00
7.940791845321655273e-01
7.940791845321655273e-01
7.940791845321655273e-01
1.177045226097106934e+00
1.177045226097106934e+00
1.765382409095764160e+00
1.940139293670654297e+00
1.940139293670654297e+00
1.940139293670654297e+00
5.817972421646118164e-01
5.817972421646118164e-01
5.817972421646118164e-01
7.011216282844543457e-01
7.011216282844543457e-01
7.011216282844543457e-01
4.143251180648803711e-01
5.294795632362365723e-01
5.294795632362365723e-01
5.294795632362365723e-01
5.294795632362365723e-01
4.586483240127563477e-01
4.586483240127563477e-01
4.586483240127563477e-01
2.205882787704467773e+00
2.205882787704467773e+00
2.131119012832641602e+00
1.335223674774169922e+00
1.335223674774169922e+00
1.335223674774169922e+00
1.335223674774169922e+00
1.335223674774169922e+00
1.335223674774169922e+00
1.335223674774169922e+00
1.335223674774169922e+00
4.320687055587768555e-01
8.913369178771972656e-01
8.913369178771972656e-01
1.665923357009887695e+00
3.656019926071166992e+00
3.824457406997680664e+00
5.763460159301757812e+00
5.763460159301757812e+00
3.294333934783935547e+00
9.875068664550781250e-01
9.875068664550781250e-01
9.875068664550781250e-01
8.941068649291992188e-01
8.941068649291992188e-01
1.057276725769042969e+00
1.126517295837402344e+00
1.126517295837402344e+00
1.126517295837402344e+00
1.126517295837402344e+00
1.126517295837402344e+00
7.599250078201293945e-01
7.599250078201293945e-01
7.599250078201293945e-01
7.599250078201293945e-01
7.599250078201293945e-01
7.599250078201293945e-01
7.599250078201293945e-01
7.599250078201293945e-01
8.037304282188415527e-01
8.037304282188415527e-01
8.037304282188415527e-01
9.657026529312133789e-01
9.657026529312133789e-01
9.657026529312133789e-01
9.657026529312133789e-01
9.657026529312133789e-01
1.666525602340698242e+00
1.666525602340698242e+00
1.666525602340698242e+00
1.200107812881469727e+00
1.713252305984497070e+00
1.713252305984497070e+00
1.713252305984497070e+00
1.713252305984497070e+00
1.713252305984497070e+00
1.713252305984497070e+00
3.055095195770263672e+00
3.041757583618164062e+00
4.125588893890380859e+00
5.179228782653808594e+00
4.035926818847656250e+00
2.885735034942626953e+00
4.571580886840820312e+00
4.571580886840820312e+00
4.571580886840820312e+00
3.583250761032104492e+00
1.260613203048706055e+00
1.260613203048706055e+00
1.260613203048706055e+00
1.260613203048706055e+00
1.260613203048706055e+00
1.274672269821166992e+00
1.274672269821166992e+00
1.274672269821166992e+00
1.274672269821166992e+00
1.274672269821166992e+00
1.274672269821166992e+00
1.056515216827392578e+00
1.154969215393066406e+00
1.154969215393066406e+00
1.154969215393066406e+00
1.154969215393066406e+00
1.155225515365600586e+00
8.943134546279907227e-01
8.943134546279907227e-01
3.345658302307128906e+00
4.657183647155761719e+00
3.359761238098144531e+00
3.469965696334838867e+00
2.316256999969482422e+00
2.793979406356811523e+00
2.793979406356811523e+00
1.121289014816284180e+00
1.121289014816284180e+00
1.121289014816284180e+00
1.121289014816284180e+00
1.121289014816284180e+00
8.994098305702209473e-01
8.994098305702209473e-01
8.994098305702209473e-01
8.994098305702209473e-01
8.994098305702209473e-01
8.267201185226440430e-01
1.225898742675781250e+00
1.225898742675781250e+00
5.122742652893066406e-01
5.122742652893066406e-01
5.122742652893066406e-01
5.122742652893066406e-01
5.122742652893066406e-01
5.122742652893066406e-01
7.200212478637695312e-01
7.200212478637695312e-01
7.200212478637695312e-01
7.284071445465087891e-01
7.284071445465087891e-01
7.284071445465087891e-01
7.284071445465087891e-01
7.284071445465087891e-01
7.284071445465087891e-01
7.284071445465087891e-01
7.284071445465087891e-01
7.284071445465087891e-01
7.284071445465087891e-01
7.284071445465087891e-01
7.284071445465087891e-01
7.284071445465087891e-01
7.284071445465087891e-01
1.344389677047729492e+00
1.344389677047729492e+00
1.344389677047729492e+00
1.344389677047729492e+00
1.344389677047729492e+00
1.344389677047729492e+00
1.344389677047729492e+00
1.228444695472717285e+00
3.851674079895019531e+00
1.024039030075073242e+00
1.024039030075073242e+00
1.024039030075073242e+00
1.024039030075073242e+00
1.024039030075073242e+00
1.024039030075073242e+00
1.024039030075073242e+00
6.463886499404907227e-01
1.589305877685546875e+00
1.589305877685546875e+00
1.589305877685546875e+00
1.589305877685546875e+00
1.589305877685546875e+00
2.368298292160034180e+00
1.903131604194641113e+00
1.903131604194641113e+00
1.903131604194641113e+00
3.023281812667846680e+00
3.023281812667846680e+00
2.092146873474121094e+00
2.092146873474121094e+00
2.007999658584594727e+00
9.846317768096923828e-01
9.846317768096923828e-01
9.846317768096923828e-01
1.225313186645507812e+00
1.225313186645507812e+00
4.150438904762268066e-01
1.845425844192504883e+00
1.194153785705566406e+00
1.194153785705566406e+00
1.194153785705566406e+00
1.319036722183227539e+00
3.658669948577880859e+00
3.658669948577880859e+00
3.658669948577880859e+00
3.658669948577880859e+00
4.787787914276123047e+00
2.398646354675292969e+00
2.398646354675292969e+00
5.871571540832519531e+00
6.338127613067626953e+00
6.338127613067626953e+00
5.519559860229492188e+00
4.216800212860107422e+00
5.919533729553222656e+00
4.018234729766845703e+00
3.797989845275878906e+00
4.315819740295410156e+00
5.681690692901611328e+00
7.075212955474853516e+00
1.043777275085449219e+01
1.139337158203125000e+01
1.029829120635986328e+01
7.636597633361816406e+00
4.536157608032226562e+00
4.536157608032226562e+00
5.163361549377441406e+00
3.954750776290893555e+00
4.698638916015625000e+00
4.651683330535888672e+00
5.547794818878173828e+00
5.506905555725097656e+00
5.506905555725097656e+00
3.931558132171630859e+00
4.356540203094482422e+00
4.356540203094482422e+00
2.450306653976440430e+00
2.450306653976440430e+00
2.872265577316284180e+00
2.872265577316284180e+00
3.933026790618896484e+00
1.309762716293334961e+00
1.477721452713012695e+00
1.477721452713012695e+00
1.396847367286682129e+00
1.396847367286682129e+00
1.396847367286682129e+00
1.021283864974975586e+00
1.021283864974975586e+00
1.861624121665954590e+00
1.861624121665954590e+00
2.430224180221557617e+00
2.430224180221557617e+00
2.430224180221557617e+00
2.430224180221557617e+00
3.338850259780883789e+00
3.932368278503417969e+00
4.107392787933349609e+00
4.627122402191162109e+00
6.934897422790527344e+00
6.902762413024902344e+00
5.783020019531250000e+00
6.319385051727294922e+00
6.319385051727294922e+00
4.890585422515869141e+00
3.515247344970703125e+00
3.515247344970703125e+00
3.515247344970703125e+00
3.515247344970703125e+00
4.398693084716796875e+00
4.153174400329589844e+00
3.152096748352050781e+00
3.103533506393432617e+00
1.372896313667297363e+00
6.755748391151428223e-01
6.755748391151428223e-01
6.755748391151428223e-01
1.194385290145874023e+00
1.194385290145874023e+00
1.194385290145874023e+00
1.194385290145874023e+00
1.234284162521362305e+00
1.234284162521362305e+00
1.234284162521362305e+00
1.234284162521362305e+00
1.234284162521362305e+00
9.088901281356811523e-01
9.088901281356811523e-01
9.088901281356811523e-01
9.088901281356811523e-01
9.088901281356811523e-01
6.200938224792480469e-01
6.200938224792480469e-01
6.200938224792480469e-01
6.200938224792480469e-01
6.200938224792480469e-01
6.200938224792480469e-01
6.200938224792480469e-01
6.200938224792480469e-01
6.200938224792480469e-01
6.200938224792480469e-01
6.200938224792480469e-01
6.200938224792480469e-01
6.200938224792480469e-01
6.200938224792480469e-01
6.200938224792480469e-01
6.200938224792480469e-01
1.457515358924865723e+00
2.853666067123413086e+00
3.339432239532470703e+00
5.765516281127929688e+00
2.151707172393798828e+00
2.239085435867309570e+00
1.062796592712402344e+00
1.301419496536254883e+00
1.301419496536254883e+00
1.301419496536254883e+00
1.301419496536254883e+00
1.301419496536254883e+00
1.301419496536254883e+00
1.301419496536254883e+00
1.301419496536254883e+00
1.001016616821289062e+00
1.001016616821289062e+00
1.001016616821289062e+00
1.112617492675781250e+00
1.262135624885559082e+00
1.262135624885559082e+00
1.262135624885559082e+00
1.262135624885559082e+00
1.262135624885559082e+00
1.262135624885559082e+00
1.262135624885559082e+00
1.262135624885559082e+00
1.262135624885559082e+00
1.262135624885559082e+00
1.262135624885559082e+00
1.262135624885559082e+00
1.142104506492614746e+00
5.725997090339660645e-01
5.725997090339660645e-01
5.725997090339660645e-01
9.520499706268310547e-01
9.520499706268310547e-01
9.520499706268310547e-01
2.121419906616210938e+00
1.351281762123107910e+00
1.351281762123107910e+00
1.373549103736877441e+00
1.871110916137695312e+00
1.871110916137695312e+00
1.871110916137695312e+00
1.879484295845031738e+00
1.861343383789062500e+00
1.861343383789062500e+00
9.087577462196350098e-01
9.087577462196350098e-01
9.087577462196350098e-01
9.087577462196350098e-01
9.087577462196350098e-01
9.087577462196350098e-01
1.016313195228576660e+00
1.016313195228576660e+00
2.199809551239013672e+00
2.251688718795776367e+00
1.490554928779602051e+00
1.490554928779602051e+00
1.540843367576599121e+00
2.538962364196777344e+00
1.995210647583007812e+00
2.713069438934326172e+00
3.137667894363403320e+00
3.137667894363403320e+00
2.615817070007324219e+00
8.873354196548461914e-01
1.160206317901611328e+00
9.123305678367614746e-01
9.123305678367614746e-01
9.123305678367614746e-01
1.561944246292114258e+00
5.900267958641052246e-01
5.206972956657409668e-01
2.802394628524780273e+00
2.829540252685546875e+00
8.346799612045288086e-01
8.346799612045288086e-01
1.456336259841918945e+00
1.456336259841918945e+00
1.456336259841918945e+00
1.456336259841918945e+00
2.328815937042236328e+00
2.724601745605468750e+00
1.365135908126831055e+00
1.365135908126831055e+00
1.365135908126831055e+00
1.769220948219299316e+00
1.769220948219299316e+00
1.769220948219299316e+00
1.769220948219299316e+00
2.611555099487304688e+00
2.453784704208374023e+00
2.453784704208374023e+00
2.453784704208374023e+00
1.438390254974365234e+00
4.299819469451904297e-01
2.345308303833007812e+00
6.047393083572387695e-01
6.047393083572387695e-01
4.396154880523681641e-01
4.396154880523681641e-01
4.396154880523681641e-01
4.396154880523681641e-01
4.396154880523681641e-01
4.396154880523681641e-01
4.396154880523681641e-01
4.396154880523681641e-01
4.396154880523681641e-01
1.071514844894409180e+00
1.071514844894409180e+00
1.071514844894409180e+00
8.491599559783935547e-01
8.491599559783935547e-01
8.491599559783935547e-01
8.491599559783935547e-01
6.577524542808532715e-01
6.577524542808532715e-01
6.577524542808532715e-01
6.577524542808532715e-01
1.263675928115844727e+00
1.263675928115844727e+00
1.462499260902404785e+00
1.462499260902404785e+00
1.462499260902404785e+00
1.462499260902404785e+00
1.462499260902404785e+00
1.016818046569824219e+00
1.016818046569824219e+00
1.016818046569824219e+00
1.016818046569824219e+00
1.016818046569824219e+00
1.016818046569824219e+00
1.016818046569824219e+00
1.016818046569824219e+00
1.016818046569824219e+00
1.016818046569824219e+00
1.016818046569824219e+00
1.016818046569824219e+00
4.585087299346923828e-01
8.509334325790405273e-01
8.509334325790405273e-01
8.509334325790405273e-01
8.509334325790405273e-01
8.509334325790405273e-01
8.509334325790405273e-01
8.509334325790405273e-01
8.509334325790405273e-01
1.272969722747802734e+00
1.272969722747802734e+00
5.842570662498474121e-01
5.842570662498474121e-01
5.842570662498474121e-01
1.492889642715454102e+00
1.492889642715454102e+00
8.598800897598266602e-01
8.598800897598266602e-01
8.598800897598266602e-01
6.752017140388488770e-01
6.752017140388488770e-01
6.752017140388488770e-01
6.752017140388488770e-01
6.752017140388488770e-01
1.879908561706542969e+00
1.879908561706542969e+00
2.625848293304443359e+00
2.707853794097900391e+00
2.424730539321899414e+00
2.424730539321899414e+00
2.424730539321899414e+00
2.424730539321899414e+00
6.729993820190429688e-01
1.079696416854858398e+00
9.105654954910278320e-01
9.105654954910278320e-01
9.105654954910278320e-01
9.105654954910278320e-01
9.105654954910278320e-01
9.105654954910278320e-01
9.105654954910278320e-01
6.686143279075622559e-01
6.686143279075622559e-01
6.686143279075622559e-01
1.928734302520751953e+00
9.805344939231872559e-01
9.805344939231872559e-01
7.555269598960876465e-01
7.555269598960876465e-01
7.555269598960876465e-01
7.555269598960876465e-01
1.541889071464538574e+00
2.586776494979858398e+00
1.836242675781250000e+00
1.044524908065795898e+00
1.044524908065795898e+00
1.044524908065795898e+00
1.044524908065795898e+00
1.494094610214233398e+00
1.731322288513183594e+00
2.651521205902099609e+00
2.940562725067138672e+00
2.940562725067138672e+00
2.689200639724731445e+00
1.624033570289611816e+00
1.212077140808105469e+00
1.212077140808105469e+00
1.198806405067443848e+00
1.198806405067443848e+00
1.198806405067443848e+00
1.198806405067443848e+00
1.198806405067443848e+00
4.571518301963806152e-01
4.571518301963806152e-01
8.917328119277954102e-01
8.895656466484069824e-01
8.895656466484069824e-01
8.646418452262878418e-01
8.646418452262878418e-01
1.381809234619140625e+00
1.381809234619140625e+00
3.065259933471679688e+00
2.164043903350830078e+00
2.164043903350830078e+00
2.280816316604614258e+00
2.280816316604614258e+00
2.776448011398315430e+00
1.042067646980285645e+00
1.042067646980285645e+00
1.322977066040039062e+00
1.322977066040039062e+00
1.558888435363769531e+00
1.625960946083068848e+00
1.625960946083068848e+00
1.446132063865661621e+00
8.744914531707763672e-01
8.744914531707763672e-01
8.744914531707763672e-01
8.744914531707763672e-01
1.499876499176025391e+00
1.384777069091796875e+00
1.384777069091796875e+00
1.384777069091796875e+00
1.384777069091796875e+00
7.254687547683715820e-01
7.254687547683715820e-01
7.254687547683715820e-01
7.254687547683715820e-01
7.254687547683715820e-01
7.254687547683715820e-01
7.254687547683715820e-01
7.254687547683715820e-01
7.254687547683715820e-01
7.254687547683715820e-01
2.550407409667968750e+00
2.550407409667968750e+00
1.113156437873840332e+00
1.113156437873840332e+00
8.254227638244628906e-01
8.254227638244628906e-01
8.254227638244628906e-01
8.254227638244628906e-01
6.049239635467529297e-01
9.631831645965576172e-01
9.165267944335937500e-01
4.459306001663208008e-01
4.459306001663208008e-01
4.459306001663208008e-01
4.459306001663208008e-01
4.459306001663208008e-01
4.459306001663208008e-01
4.459306001663208008e-01
4.459306001663208008e-01
4.459306001663208008e-01
4.459306001663208008e-01
7.263098955154418945e-01
7.263098955154418945e-01
7.263098955154418945e-01
7.263098955154418945e-01
7.263098955154418945e-01
7.263098955154418945e-01
7.263098955154418945e-01
9.602026343345642090e-01
2.822857379913330078e+00
3.154957294464111328e+00
3.154957294464111328e+00
3.154957294464111328e+00
2.927463769912719727e+00
2.066212654113769531e+00
1.385789632797241211e+00
1.385789632797241211e+00
1.290223956108093262e+00
1.290223956108093262e+00
4.919455051422119141e-01
1.463041067123413086e+00
7.769719362258911133e-01
7.769719362258911133e-01
7.769719362258911133e-01
5.509932041168212891e-01
5.509932041168212891e-01
5.509932041168212891e-01
9.265849590301513672e-01
1.598436594009399414e+00
1.598436594009399414e+00
1.598436594009399414e+00
1.598436594009399414e+00
6.051773428916931152e-01
6.051773428916931152e-01
1.391702294349670410e+00
2.110171794891357422e+00
1.643404006958007812e+00
8.735402822494506836e-01
8.735402822494506836e-01
8.735402822494506836e-01
4.358215332031250000e+00
4.967028617858886719e+00
5.472409725189208984e+00
1.746088504791259766e+00
1.746088504791259766e+00
4.364825487136840820e-01
4.364825487136840820e-01
1.021830081939697266e+00
1.021830081939697266e+00
1.021830081939697266e+00
8.794372081756591797e-01
8.874213695526123047e-01
8.874213695526123047e-01
1.274010658264160156e+00
1.297493696212768555e+00
1.297493696212768555e+00
1.297493696212768555e+00
1.038476228713989258e+00
1.038476228713989258e+00
1.038476228713989258e+00
1.038476228713989258e+00
7.980102896690368652e-01
3.172305822372436523e-01
6.234520673751831055e-01
6.234520673751831055e-01
6.234520673751831055e-01
6.234520673751831055e-01
2.143291950225830078e+00
2.616677999496459961e+00
2.616677999496459961e+00
1.174946188926696777e+00
1.174946188926696777e+00
1.069647550582885742e+00
9.443709850311279297e-01
9.443709850311279297e-01
9.443709850311279297e-01
1.244061708450317383e+00
1.244061708450317383e+00
1.244061708450317383e+00
1.244061708450317383e+00
1.244061708450317383e+00
9.637156128883361816e-01
9.637156128883361816e-01
9.637156128883361816e-01
9.474033117294311523e-01
9.474033117294311523e-01
9.474033117294311523e-01
9.474033117294311523e-01
6.929178237915039062e-01
6.929178237915039062e-01
1.265949606895446777e+00
1.418091535568237305e+00
1.418091535568237305e+00
1.418091535568237305e+00
5.578560233116149902e-01
5.578560233116149902e-01
5.578560233116149902e-01
1.189156293869018555e+00
1.189156293869018555e+00
1.560595035552978516e+00
1.560595035552978516e+00
1.560595035552978516e+00
1.560595035552978516e+00
1.560595035552978516e+00
4.214373826980590820e-01
2.964048862457275391e+00
2.682486295700073242e+00
2.682486295700073242e+00
2.682486295700073242e+00
3.252589702606201172e+00
1.920648932456970215e+00
1.920648932456970215e+00
3.546595573425292969e+00
2.656468629837036133e+00
2.656468629837036133e+00
2.656468629837036133e+00
2.080238342285156250e+00
2.695613622665405273e+00
2.695613622665405273e+00
2.636194944381713867e+00
2.020512342453002930e+00
2.020512342453002930e+00
1.618822097778320312e+00
1.618822097778320312e+00
1.618822097778320312e+00
1.618822097778320312e+00
1.618822097778320312e+00
1.618822097778320312e+00
1.618822097778320312e+00
1.618822097778320312e+00
1.618822097778320312e+00
1.618822097778320312e+00
1.618822097778320312e+00
1.529403567314147949e+00
1.529403567314147949e+00
4.810631275177001953e-01
1.655230641365051270e+00
2.516263484954833984e+00
1.999130964279174805e+00
6.883455514907836914e-01
1.914435386657714844e+00
1.914435386657714844e+00
1.645653009414672852e+00
1.597441077232360840e+00
1.339362144470214844e+00
1.339362144470214844e+00
1.066562652587890625e+00
1.066562652587890625e+00
1.084254980087280273e+00
1.084254980087280273e+00
1.084254980087280273e+00
1.084254980087280273e+00
1.084254980087280273e+00
1.709056377410888672e+00
1.709056377410888672e+00
1.709056377410888672e+00
1.755947232246398926e+00
1.755947232246398926e+00
1.755947232246398926e+00
2.758267879486083984e+00
2.758267879486083984e+00
2.733805894851684570e+00
3.180089235305786133e+00
4.117561340332031250e+00
4.435642242431640625e+00
3.072241783142089844e+00
3.768608331680297852e+00
3.768608331680297852e+00
4.490936279296875000e+00
7.389989376068115234e+00
7.389989376068115234e+00
5.977274894714355469e+00
6.099828243255615234e+00
6.099828243255615234e+00
6.834228992462158203e+00
5.681456089019775391e+00
4.559697151184082031e+00
4.559697151184082031e+00
4.559697151184082031e+00
5.278087615966796875e+00
5.278087615966796875e+00
6.807744979858398438e+00
4.065087318420410156e+00
4.065087318420410156e+00
4.065087318420410156e+00
1.960460901260375977e+00
4.961636066436767578e-01
4.961636066436767578e-01
4.961636066436767578e-01
1.644773960113525391e+00
1.644773960113525391e+00
1.644773960113525391e+00
1.228854894638061523e+00
1.228854894638061523e+00
1.228854894638061523e+00
1.139770865440368652e+00
1.139770865440368652e+00
8.427340388298034668e-01
1.565024137496948242e+00
1.565024137496948242e+00
1.565024137496948242e+00
2.348930597305297852e+00
1.772042632102966309e+00
1.772042632102966309e+00
3.235676765441894531e+00
3.235676765441894531e+00
3.235676765441894531e+00
3.235676765441894531e+00
3.056277751922607422e+00
6.616125106811523438e-01
1.712527036666870117e+00
1.597228527069091797e+00
8.355091214179992676e-01
1.144052147865295410e+00
7.082886695861816406e-01
7.082886695861816406e-01
7.082886695861816406e-01
7.082886695861816406e-01
7.082886695861816406e-01
7.082886695861816406e-01
3.258441209793090820e+00
5.634195327758789062e+00
3.011775016784667969e+00
2.666738033294677734e+00
2.719150781631469727e+00
2.719150781631469727e+00
4.262506961822509766e+00
6.587972164154052734e+00
4.170354843139648438e+00
4.170354843139648438e+00
2.377273082733154297e+00
2.377273082733154297e+00
2.377273082733154297e+00
2.377273082733154297e+00
2.377273082733154297e+00
2.377273082733154297e+00
2.377273082733154297e+00
2.408054113388061523e+00
2.408054113388061523e+00
2.513051509857177734e+00
2.161431312561035156e+00
2.161431312561035156e+00
2.059097528457641602e+00
2.140998125076293945e+00
1.161948204040527344e+00
1.161948204040527344e+00
5.418645739555358887e-01
5.418645739555358887e-01
5.418645739555358887e-01
5.418645739555358887e-01
1.889807701110839844e+00
1.607755780220031738e+00
1.174442052841186523e+00
1.174442052841186523e+00
6.954258680343627930e-01
6.954258680343627930e-01
6.954258680343627930e-01
8.635552525520324707e-01
8.635552525520324707e-01
8.635552525520324707e-01
2.354499578475952148e+00
2.354499578475952148e+00
1.485583662986755371e+00
1.485583662986755371e+00
1.485583662986755371e+00
1.485583662986755371e+00
1.485583662986755371e+00
1.485583662986755371e+00
1.485583662986755371e+00
1.485583662986755371e+00
1.191153287887573242e+00
7.424830794334411621e-01
7.424830794334411621e-01
1.503372192382812500e+00
2.436717987060546875e+00
6.423528194427490234e-01
6.423528194427490234e-01
6.423528194427490234e-01
6.423528194427490234e-01
6.423528194427490234e-01
6.453734636306762695e-01
6.453734636306762695e-01
6.453734636306762695e-01
6.453734636306762695e-01
6.453734636306762695e-01
1.318189859390258789e+00
1.318189859390258789e+00
8.935514092445373535e-01
1.882022857666015625e+00
1.882022857666015625e+00
1.882022857666015625e+00
1.882022857666015625e+00
3.735159635543823242e+00
3.611162900924682617e+00
4.016568660736083984e+00
6.923788070678710938e+00
6.875457763671875000e+00
7.212205886840820312e+00
6.311716079711914062e+00
3.751326560974121094e+00
6.339631080627441406e-01
6.339631080627441406e-01
6.339631080627441406e-01
5.252084732055664062e-01
5.252084732055664062e-01
5.252084732055664062e-01
7.371141314506530762e-01
7.371141314506530762e-01
1.050692915916442871e+00
1.050692915916442871e+00
1.050692915916442871e+00
1.050692915916442871e+00
1.050692915916442871e+00
1.047841787338256836e+00
1.047841787338256836e+00
1.047841787338256836e+00
1.047841787338256836e+00
1.047841787338256836e+00
9.899944067001342773e-01
9.899944067001342773e-01
1.610037088394165039e+00
2.847514629364013672e+00
2.546818256378173828e+00
2.546818256378173828e+00
2.265858888626098633e+00
2.265858888626098633e+00
2.780969381332397461e+00
3.672433376312255859e+00
3.672433376312255859e+00
3.672433376312255859e+00
3.672433376312255859e+00
4.456007480621337891e-01
2.859624147415161133e+00
2.313458442687988281e+00
6.700081825256347656e+00
6.735386371612548828e+00
6.735386371612548828e+00
8.543659210205078125e+00
9.815768241882324219e+00
1.283237361907958984e+01
9.473979949951171875e+00
7.774454116821289062e+00
4.678662776947021484e+00
4.969296455383300781e+00
8.371271133422851562e+00
7.756696701049804688e+00
6.800188541412353516e+00
5.034825801849365234e+00
3.349779129028320312e+00
3.127020835876464844e+00
2.593755245208740234e+00
1.104349255561828613e+00
1.104349255561828613e+00
1.104349255561828613e+00
2.221870422363281250e+00
2.221870422363281250e+00
2.221870422363281250e+00
1.380546331405639648e+00
1.380546331405639648e+00
1.380546331405639648e+00
1.380546331405639648e+00
1.380546331405639648e+00
1.380546331405639648e+00
1.380546331405639648e+00
2.777137756347656250e+00
3.243349552154541016e+00
3.075280427932739258e+00
3.228407382965087891e+00
3.228407382965087891e+00
3.551704883575439453e+00
3.551704883575439453e+00
3.816931962966918945e+00
1.615295410156250000e+00
