1.392182230949401855e+00
1.087755560874938965e+00
1.087755560874938965e+00
1.087755560874938965e+00
1.087755560874938965e+00
5.803156852722167969e+00
8.517558097839355469e+00
8.517558097839355469e+00
3.933412551879882812e+00
3.675680160522460938e-01
3.675680160522460938e-01
5.294489264488220215e-01
5.294489264488220215e-01
5.294489264488220215e-01
5.294489264488220215e-01
5.294489264488220215e-01
5.294489264488220215e-01
1.941023349761962891e+00
1.941023349761962891e+00
1.439471960067749023e+00
1.439471960067749023e+00
1.439471960067749023e+00
1.439471960067749023e+00
1.439471960067749023e+00
1.439471960067749023e+00
1.439471960067749023e+00
1.439471960067749023e+00
1.439471960067749023e+00
1.439471960067749023e+00
1.439471960067749023e+00
1.434740424156188965e+00
1.434740424156188965e+00
1.434740424156188965e+00
1.434740424156188965e+00
1.434740424156188965e+00
1.434740424156188965e+00
1.434740424156188965e+00
1.434740424156188965e+00
1.434740424156188965e+00
2.074633598327636719e+00
2.074633598327636719e+00
2.074633598327636719e+00
2.074633598327636719e+00
1.139419436454772949e+00
1.139419436454772949e+00
1.139419436454772949e+00
1.139419436454772949e+00
4.601841926574707031e+00
3.125729560852050781e+00
3.125729560852050781e+00
3.125729560852050781e+00
3.832019329071044922e+00
3.832019329071044922e+00
3.832019329071044922e+00
4.481473445892333984e+00
4.481473445892333984e+00
1.007346725463867188e+01
1.127972793579101562e+01
1.023046207427978516e+01
3.056066036224365234e+00
3.056066036224365234e+00
4.218832015991210938e+00
4.218832015991210938e+00
3.482890605926513672e+00
3.482890605926513672e+00
3.482890605926513672e+00
3.482890605926513672e+00
3.482890605926513672e+00
4.248083591461181641e+00
4.248083591461181641e+00
6.568359375000000000e+00
6.568359375000000000e+00
6.568359375000000000e+00
6.206170082092285156e+00
1.001363468170166016e+01
1.670632934570312500e+01
2.104036903381347656e+01
2.207963752746582031e+01
1.227790164947509766e+01
1.306382656097412109e+01
8.675704956054687500e+00
3.451681613922119141e+00
4.089914321899414062e+00
2.462866067886352539e+00
2.462866067886352539e+00
2.462866067886352539e+00
2.462866067886352539e+00
2.462866067886352539e+00
2.462866067886352539e+00
2.462866067886352539e+00
2.462866067886352539e+00
1.430503726005554199e+00
1.430503726005554199e+00
8.494023084640502930e-01
8.494023084640502930e-01
8.494023084640502930e-01
3.909754276275634766e+00
3.909754276275634766e+00
3.909754276275634766e+00
3.909754276275634766e+00
3.909754276275634766e+00
3.909754276275634766e+00
3.909754276275634766e+00
6.371674537658691406e+00
6.371674537658691406e+00
3.207693576812744141e+00
3.207693576812744141e+00
3.207693576812744141e+00
3.207693576812744141e+00
3.207693576812744141e+00
3.784789085388183594e+00
1.584367036819458008e+00
4.464873790740966797e+00
4.464873790740966797e+00
1.336219310760498047e+00
1.336219310760498047e+00
1.336219310760498047e+00
1.336219310760498047e+00
1.336219310760498047e+00
1.336219310760498047e+00
8.179531097412109375e-01
8.179531097412109375e-01
8.179531097412109375e-01
8.179531097412109375e-01
8.179531097412109375e-01
8.179531097412109375e-01
8.179531097412109375e-01
2.440101623535156250e+00
2.440101623535156250e+00
2.440101623535156250e+00
2.440101623535156250e+00
2.440101623535156250e+00
2.440101623535156250e+00
2.440101623535156250e+00
2.440101623535156250e+00
1.119867086410522461e+00
1.119867086410522461e+00
1.146876096725463867e+00
1.212557911872863770e+00
1.212557911872863770e+00
1.212557911872863770e+00
1.212557911872863770e+00
1.212557911872863770e+00
1.212557911872863770e+00
1.212557911872863770e+00
1.212557911872863770e+00
1.212557911872863770e+00
1.212557911872863770e+00
1.212557911872863770e+00
1.212557911872863770e+00
1.212557911872863770e+00
1.212557911872863770e+00
1.212557911872863770e+00
1.212557911872863770e+00
1.212557911872863770e+00
1.212557911872863770e+00
1.212557911872863770e+00
1.212557911872863770e+00
1.212557911872863770e+00
1.212557911872863770e+00
8.927365541458129883e-01
8.927365541458129883e-01
1.659524679183959961e+00
1.659524679183959961e+00
1.659524679183959961e+00
1.659524679183959961e+00
1.659524679183959961e+00
1.659524679183959961e+00
2.187333345413208008e+00
2.187333345413208008e+00
2.187333345413208008e+00
1.698028564453125000e+00
1.698028564453125000e+00
1.389824390411376953e+00
1.389824390411376953e+00
1.389824390411376953e+00
1.389824390411376953e+00
1.389824390411376953e+00
1.389824390411376953e+00
1.389824390411376953e+00
1.389824390411376953e+00
1.389824390411376953e+00
9.578300714492797852e-01
9.578300714492797852e-01
1.347316503524780273e+00
1.347316503524780273e+00
1.347316503524780273e+00
1.347316503524780273e+00
1.347316503524780273e+00
5.333561301231384277e-01
5.333561301231384277e-01
2.004084825515747070e+00
2.004084825515747070e+00
2.004084825515747070e+00
1.543431758880615234e+00
1.543431758880615234e+00
1.543431758880615234e+00
1.543431758880615234e+00
1.543431758880615234e+00
1.543431758880615234e+00
1.543431758880615234e+00
2.331035614013671875e+00
2.331035614013671875e+00
3.629788875579833984e+00
3.629788875579833984e+00
3.629788875579833984e+00
3.629788875579833984e+00
3.629788875579833984e+00
3.629788875579833984e+00
3.629788875579833984e+00
3.629788875579833984e+00
3.629788875579833984e+00
3.629788875579833984e+00
3.629788875579833984e+00
9.782447814941406250e-01
9.782447814941406250e-01
9.782447814941406250e-01
9.782447814941406250e-01
7.086843252182006836e-01
7.086843252182006836e-01
8.075953125953674316e-01
8.075953125953674316e-01
8.075953125953674316e-01
8.075953125953674316e-01
8.075953125953674316e-01
8.075953125953674316e-01
8.075953125953674316e-01
8.075953125953674316e-01
8.075953125953674316e-01
8.075953125953674316e-01
8.075953125953674316e-01
8.075953125953674316e-01
8.951846361160278320e-01
8.951846361160278320e-01
8.951846361160278320e-01
2.198482990264892578e+00
2.320109128952026367e+00
2.320109128952026367e+00
2.320109128952026367e+00
2.320109128952026367e+00
2.320109128952026367e+00
2.320109128952026367e+00
1.646516799926757812e+00
1.646516799926757812e+00
1.646516799926757812e+00
1.646516799926757812e+00
1.646516799926757812e+00
1.646516799926757812e+00
1.519731044769287109e+00
1.519731044769287109e+00
1.519731044769287109e+00
1.519731044769287109e+00
1.519731044769287109e+00
1.519731044769287109e+00
1.519731044769287109e+00
1.519731044769287109e+00
1.519731044769287109e+00
1.519731044769287109e+00
1.519731044769287109e+00
1.519731044769287109e+00
1.519731044769287109e+00
1.519731044769287109e+00
1.519731044769287109e+00
6.951304078102111816e-01
6.951304078102111816e-01
6.951304078102111816e-01
6.951304078102111816e-01
6.951304078102111816e-01
6.951304078102111816e-01
8.818836808204650879e-01
8.818836808204650879e-01
3.640513896942138672e+00
3.640513896942138672e+00
3.640513896942138672e+00
3.640513896942138672e+00
3.626513242721557617e+00
3.626513242721557617e+00
3.626513242721557617e+00
2.561176300048828125e+00
2.088320970535278320e+00
2.088320970535278320e+00
2.088320970535278320e+00
2.579480886459350586e+00
2.579480886459350586e+00
2.579480886459350586e+00
2.579480886459350586e+00
2.579480886459350586e+00
3.708877801895141602e+00
2.823678016662597656e+00
2.823678016662597656e+00
2.823678016662597656e+00
2.823678016662597656e+00
2.823678016662597656e+00
2.823678016662597656e+00
2.823678016662597656e+00
2.823678016662597656e+00
2.823678016662597656e+00
5.626814365386962891e+00
3.975673198699951172e+00
3.975673198699951172e+00
3.975673198699951172e+00
9.221374988555908203e-01
9.221374988555908203e-01
9.221374988555908203e-01
9.221374988555908203e-01
9.221374988555908203e-01
9.221374988555908203e-01
9.221374988555908203e-01
9.221374988555908203e-01
9.221374988555908203e-01
3.924934864044189453e-01
3.924934864044189453e-01
3.924934864044189453e-01
3.924934864044189453e-01
3.924934864044189453e-01
3.924934864044189453e-01
1.310612320899963379e+00
1.310612320899963379e+00
1.310612320899963379e+00
1.310612320899963379e+00
1.310612320899963379e+00
1.436400651931762695e+00
1.764275670051574707e+00
1.764275670051574707e+00
1.764275670051574707e+00
1.996047496795654297e+00
1.996047496795654297e+00
2.269451618194580078e+00
2.269451618194580078e+00
2.269451618194580078e+00
2.269451618194580078e+00
2.269451618194580078e+00
2.269451618194580078e+00
2.269451618194580078e+00
2.269451618194580078e+00
1.475000143051147461e+00
1.475000143051147461e+00
2.593978404998779297e+00
2.688381433486938477e+00
2.688381433486938477e+00
2.688381433486938477e+00
2.688381433486938477e+00
2.688381433486938477e+00
2.688381433486938477e+00
2.688381433486938477e+00
2.688381433486938477e+00
8.089421272277832031e+00
3.125131607055664062e+00
3.301693916320800781e+00
9.807856082916259766e-01
9.807856082916259766e-01
9.807856082916259766e-01
6.566221117973327637e-01
6.566221117973327637e-01
6.566221117973327637e-01
6.566221117973327637e-01
6.566221117973327637e-01
6.566221117973327637e-01
6.566221117973327637e-01
3.974156379699707031e-01
3.974156379699707031e-01
3.974156379699707031e-01
1.157658338546752930e+00
1.157658338546752930e+00
1.157658338546752930e+00
1.157658338546752930e+00
1.157658338546752930e+00
1.213908433914184570e+00
2.745586395263671875e+00
2.745586395263671875e+00
2.745586395263671875e+00
1.778783202171325684e+00
1.778783202171325684e+00
1.778783202171325684e+00
1.778783202171325684e+00
1.778783202171325684e+00
1.778783202171325684e+00
2.758418083190917969e+00
2.758418083190917969e+00
2.758418083190917969e+00
2.758418083190917969e+00
1.229354619979858398e+00
1.229354619979858398e+00
1.229354619979858398e+00
1.229354619979858398e+00
1.229354619979858398e+00
1.229354619979858398e+00
7.444658279418945312e-01
8.137048482894897461e-01
8.137048482894897461e-01
1.186913728713989258e+00
1.186913728713989258e+00
1.186913728713989258e+00
1.186913728713989258e+00
1.186913728713989258e+00
1.186913728713989258e+00
1.746134400367736816e+00
1.746134400367736816e+00
1.746134400367736816e+00
1.746134400367736816e+00
2.282915830612182617e+00
2.282915830612182617e+00
2.282915830612182617e+00
6.012368202209472656e-01
6.012368202209472656e-01
6.012368202209472656e-01
6.012368202209472656e-01
6.012368202209472656e-01
6.012368202209472656e-01
6.012368202209472656e-01
1.291096210479736328e+00
1.291096210479736328e+00
4.406949996948242188e+00
4.730205535888671875e-01
4.730205535888671875e-01
4.730205535888671875e-01
4.730205535888671875e-01
4.730205535888671875e-01
4.730205535888671875e-01
4.730205535888671875e-01
4.730205535888671875e-01
4.872867584228515625e+00
6.469262123107910156e+00
3.106554508209228516e+00
3.106554508209228516e+00
3.106554508209228516e+00
1.355172038078308105e+00
1.355172038078308105e+00
1.355172038078308105e+00
1.355172038078308105e+00
1.355172038078308105e+00
1.355172038078308105e+00
1.355172038078308105e+00
1.355172038078308105e+00
1.355172038078308105e+00
2.348246335983276367e+00
2.348246335983276367e+00
2.348246335983276367e+00
2.348246335983276367e+00
2.348246335983276367e+00
2.348246335983276367e+00
2.348246335983276367e+00
1.817152023315429688e+00
1.817152023315429688e+00
1.817152023315429688e+00
1.817152023315429688e+00
1.817152023315429688e+00
1.817152023315429688e+00
1.817152023315429688e+00
1.817152023315429688e+00
1.817152023315429688e+00
1.817152023315429688e+00
1.817152023315429688e+00
1.817152023315429688e+00
1.817152023315429688e+00
1.817152023315429688e+00
1.817152023315429688e+00
1.817152023315429688e+00
1.817152023315429688e+00
1.817152023315429688e+00
1.817152023315429688e+00
4.083246231079101562e+00
4.083246231079101562e+00
4.083246231079101562e+00
2.228221416473388672e+00
2.228221416473388672e+00
3.108768939971923828e+00
3.990216732025146484e+00
4.587408065795898438e+00
4.587408065795898438e+00
4.587408065795898438e+00
4.587408065795898438e+00
4.587408065795898438e+00
4.587408065795898438e+00
4.587408065795898438e+00
4.508950710296630859e+00
8.884358406066894531e-01
8.884358406066894531e-01
8.884358406066894531e-01
2.270895719528198242e+00
2.270895719528198242e+00
2.270895719528198242e+00
7.752604484558105469e-01
7.752604484558105469e-01
7.752604484558105469e-01
7.752604484558105469e-01
7.752604484558105469e-01
7.752604484558105469e-01
7.752604484558105469e-01
7.851008772850036621e-01
7.851008772850036621e-01
7.851008772850036621e-01
7.851008772850036621e-01
7.851008772850036621e-01
7.851008772850036621e-01
5.151299953460693359e+00
5.151299953460693359e+00
5.151299953460693359e+00
1.731556653976440430e+00
1.731556653976440430e+00
1.731556653976440430e+00
1.731556653976440430e+00
1.731556653976440430e+00
1.731556653976440430e+00
1.731556653976440430e+00
2.139788866043090820e+00
4.260760784149169922e+00
5.876011371612548828e+00
6.299610137939453125e+00
6.940603256225585938e+00
6.940603256225585938e+00
2.173645019531250000e+00
2.173645019531250000e+00
2.173645019531250000e+00
2.173645019531250000e+00
2.173645019531250000e+00
3.787189722061157227e+00
3.787189722061157227e+00
3.787189722061157227e+00
2.423847675323486328e+00
2.423847675323486328e+00
2.423847675323486328e+00
2.423847675323486328e+00
2.423847675323486328e+00
2.423847675323486328e+00
2.625030755996704102e+00
4.884658813476562500e+00
4.814156055450439453e+00
6.058897495269775391e+00
5.150902271270751953e+00
5.555534839630126953e+00
5.555534839630126953e+00
5.555534839630126953e+00
3.079575777053833008e+00
3.079575777053833008e+00
3.079575777053833008e+00
4.858116626739501953e+00
4.858116626739501953e+00
1.497139739990234375e+01
7.830605983734130859e+00
3.209335803985595703e+00
2.043955326080322266e+00
2.043955326080322266e+00
2.043955326080322266e+00
2.166542768478393555e+00
2.166542768478393555e+00
2.166542768478393555e+00
2.166542768478393555e+00
2.166542768478393555e+00
2.166542768478393555e+00
2.166542768478393555e+00
2.166542768478393555e+00
2.166542768478393555e+00
2.166542768478393555e+00
2.578227281570434570e+00
2.578227281570434570e+00
1.628139019012451172e+00
1.628139019012451172e+00
1.628139019012451172e+00
1.628139019012451172e+00
1.628139019012451172e+00
1.088546395301818848e+00
1.088546395301818848e+00
1.913138628005981445e+00
4.181992530822753906e+00
1.215254068374633789e+00
1.215254068374633789e+00
1.215254068374633789e+00
1.215254068374633789e+00
1.215254068374633789e+00
1.215254068374633789e+00
1.215254068374633789e+00
1.215254068374633789e+00
1.215254068374633789e+00
1.215254068374633789e+00
1.215254068374633789e+00
1.215254068374633789e+00
1.215254068374633789e+00
1.215254068374633789e+00
1.215254068374633789e+00
1.215254068374633789e+00
1.215254068374633789e+00
1.215254068374633789e+00
1.215254068374633789e+00
1.215254068374633789e+00
1.215254068374633789e+00
1.215254068374633789e+00
1.215254068374633789e+00
1.215254068374633789e+00
1.215254068374633789e+00
2.980036735534667969e+00
2.980036735534667969e+00
2.980036735534667969e+00
2.980036735534667969e+00
2.980036735534667969e+00
4.339982032775878906e+00
2.827130794525146484e+00
2.827130794525146484e+00
3.118170738220214844e+00
3.118170738220214844e+00
5.280298233032226562e+00
5.280298233032226562e+00
5.280298233032226562e+00
5.280298233032226562e+00
3.108969926834106445e+00
2.506853103637695312e+00
2.506853103637695312e+00
2.506853103637695312e+00
2.506853103637695312e+00
5.129086494445800781e+00
8.718086242675781250e+00
8.718086242675781250e+00
8.718086242675781250e+00
6.514222145080566406e+00
6.514222145080566406e+00
6.514222145080566406e+00
6.514222145080566406e+00
4.874581336975097656e+00
4.324637413024902344e+00
4.324637413024902344e+00
4.324637413024902344e+00
1.241679096221923828e+01
5.948227405548095703e+00
5.948227405548095703e+00
5.948227405548095703e+00
3.112397193908691406e+00
3.112397193908691406e+00
3.112397193908691406e+00
3.112397193908691406e+00
3.112397193908691406e+00
3.112397193908691406e+00
2.581154346466064453e+00
2.581154346466064453e+00
2.581154346466064453e+00
2.581154346466064453e+00
2.581154346466064453e+00
1.413791298866271973e+00
1.531572699546813965e+00
1.531572699546813965e+00
1.531572699546813965e+00
1.531572699546813965e+00
1.531572699546813965e+00
1.531572699546813965e+00
1.531572699546813965e+00
1.531572699546813965e+00
1.531572699546813965e+00
1.531572699546813965e+00
1.531572699546813965e+00
1.531572699546813965e+00
1.531572699546813965e+00
1.531572699546813965e+00
1.531572699546813965e+00
3.107823371887207031e+00
3.107823371887207031e+00
3.107823371887207031e+00
3.107823371887207031e+00
3.107823371887207031e+00
3.107823371887207031e+00
3.107823371887207031e+00
1.972233533859252930e+00
1.972233533859252930e+00
1.972233533859252930e+00
2.497612714767456055e+00
2.497612714767456055e+00
2.497612714767456055e+00
2.497612714767456055e+00
2.497612714767456055e+00
2.497612714767456055e+00
2.871199607849121094e+00
2.871199607849121094e+00
2.871199607849121094e+00
2.871199607849121094e+00
2.871199607849121094e+00
2.871199607849121094e+00
1.554988265037536621e+00
1.554988265037536621e+00
1.554988265037536621e+00
1.554988265037536621e+00
1.554988265037536621e+00
1.554988265037536621e+00
1.554988265037536621e+00
1.554988265037536621e+00
1.288497924804687500e+00
1.473471879959106445e+00
1.473471879959106445e+00
1.473471879959106445e+00
1.473471879959106445e+00
1.473471879959106445e+00
1.473471879959106445e+00
1.473471879959106445e+00
1.473471879959106445e+00
1.473471879959106445e+00
1.473471879959106445e+00
1.473471879959106445e+00
1.473471879959106445e+00
1.579876422882080078e+00
1.424085259437561035e+00
1.424085259437561035e+00
1.424085259437561035e+00
1.424085259437561035e+00
1.424085259437561035e+00
1.191454291343688965e+00
1.191454291343688965e+00
1.191454291343688965e+00
1.191454291343688965e+00
1.191454291343688965e+00
1.191454291343688965e+00
3.561313629150390625e+00
3.561313629150390625e+00
3.561313629150390625e+00
1.631019592285156250e+00
1.631019592285156250e+00
1.631019592285156250e+00
1.631019592285156250e+00
1.631019592285156250e+00
9.742022752761840820e-01
3.691247463226318359e+00
3.691247463226318359e+00
8.406666755676269531e+00
8.406666755676269531e+00
1.100851821899414062e+01
5.689219951629638672e+00
5.689219951629638672e+00
5.689219951629638672e+00
5.689219951629638672e+00
5.729252815246582031e+00
1.372995853424072266e+01
1.243054199218750000e+01
1.243054199218750000e+01
9.780246734619140625e+00
9.780246734619140625e+00
2.985363483428955078e+00
2.985363483428955078e+00
1.339770197868347168e+00
1.339770197868347168e+00
8.882495164871215820e-01
8.882495164871215820e-01
8.882495164871215820e-01
8.882495164871215820e-01
8.882495164871215820e-01
8.882495164871215820e-01
8.882495164871215820e-01
8.882495164871215820e-01
8.882495164871215820e-01
8.882495164871215820e-01
8.882495164871215820e-01
8.882495164871215820e-01
8.882495164871215820e-01
8.882495164871215820e-01
8.882495164871215820e-01
8.882495164871215820e-01
8.882495164871215820e-01
8.882495164871215820e-01
8.882495164871215820e-01
9.007293581962585449e-01
9.007293581962585449e-01
9.007293581962585449e-01
9.007293581962585449e-01
9.007293581962585449e-01
9.007293581962585449e-01
9.007293581962585449e-01
9.007293581962585449e-01
9.007293581962585449e-01
9.007293581962585449e-01
9.007293581962585449e-01
9.007293581962585449e-01
9.007293581962585449e-01
1.400953769683837891e+00
2.936318874359130859e+00
2.545412063598632812e+00
2.314199209213256836e+00
2.314199209213256836e+00
3.028219223022460938e+00
3.028219223022460938e+00
3.028219223022460938e+00
3.028219223022460938e+00
1.870998740196228027e+00
1.870998740196228027e+00
1.870998740196228027e+00
1.870998740196228027e+00
1.870998740196228027e+00
1.870998740196228027e+00
1.870998740196228027e+00
1.870998740196228027e+00
1.870998740196228027e+00
1.870998740196228027e+00
1.870998740196228027e+00
1.870998740196228027e+00
1.870998740196228027e+00
1.870998740196228027e+00
1.870998740196228027e+00
1.870998740196228027e+00
1.870998740196228027e+00
4.713180065155029297e+00
2.409486770629882812e+00
2.409486770629882812e+00
1.364001750946044922e+00
1.364001750946044922e+00
1.364001750946044922e+00
1.364001750946044922e+00
1.364001750946044922e+00
1.364001750946044922e+00
1.364001750946044922e+00
1.364001750946044922e+00
1.364001750946044922e+00
1.364001750946044922e+00
2.271127700805664062e+00
2.271127700805664062e+00
2.271127700805664062e+00
2.555898666381835938e+00
2.041685581207275391e+00
2.041685581207275391e+00
2.041685581207275391e+00
2.041685581207275391e+00
2.041685581207275391e+00
2.041685581207275391e+00
2.041685581207275391e+00
2.041685581207275391e+00
2.041685581207275391e+00
2.041685581207275391e+00
2.041685581207275391e+00
2.041685581207275391e+00
2.041685581207275391e+00
2.041685581207275391e+00
2.041685581207275391e+00
2.041685581207275391e+00
2.041685581207275391e+00
2.041685581207275391e+00
2.041685581207275391e+00
2.041685581207275391e+00
2.041685581207275391e+00
2.041685581207275391e+00
2.041685581207275391e+00
2.041685581207275391e+00
2.041685581207275391e+00
2.121802806854248047e+00
2.121802806854248047e+00
7.466272354125976562e+00
4.332201004028320312e+00
2.885480880737304688e+00
2.885480880737304688e+00
1.425315499305725098e+00
1.425315499305725098e+00
1.425315499305725098e+00
1.425315499305725098e+00
1.425315499305725098e+00
1.425315499305725098e+00
1.425315499305725098e+00
1.425315499305725098e+00
1.425315499305725098e+00
1.425315499305725098e+00
1.425315499305725098e+00
1.425315499305725098e+00
1.425315499305725098e+00
3.978256225585937500e+00
6.438571929931640625e+00
3.316982746124267578e+00
3.316982746124267578e+00
3.316982746124267578e+00
3.316982746124267578e+00
2.212505340576171875e+00
2.212505340576171875e+00
1.392908573150634766e+00
1.392908573150634766e+00
1.392908573150634766e+00
1.392908573150634766e+00
1.392908573150634766e+00
1.747757434844970703e+00
1.747757434844970703e+00
1.747757434844970703e+00
1.747757434844970703e+00
1.747757434844970703e+00
1.747757434844970703e+00
1.747757434844970703e+00
1.747757434844970703e+00
1.747757434844970703e+00
1.747757434844970703e+00
1.747757434844970703e+00
1.747757434844970703e+00
1.747757434844970703e+00
1.747757434844970703e+00
1.747757434844970703e+00
1.747757434844970703e+00
1.747757434844970703e+00
1.747757434844970703e+00
1.747757434844970703e+00
1.747757434844970703e+00
1.747757434844970703e+00
1.747757434844970703e+00
1.747757434844970703e+00
1.747757434844970703e+00
1.747757434844970703e+00
3.690093755722045898e-01
2.694896221160888672e+00
2.694896221160888672e+00
2.694896221160888672e+00
2.694896221160888672e+00
2.694896221160888672e+00
2.694896221160888672e+00
2.694896221160888672e+00
2.694896221160888672e+00
2.694896221160888672e+00
2.694896221160888672e+00
4.344574451446533203e+00
4.344574451446533203e+00
4.344574451446533203e+00
4.811974048614501953e+00
4.811974048614501953e+00
4.811974048614501953e+00
4.811974048614501953e+00
4.811974048614501953e+00
4.811974048614501953e+00
4.811974048614501953e+00
4.811974048614501953e+00
4.811974048614501953e+00
2.740596055984497070e+00
2.740596055984497070e+00
2.740596055984497070e+00
2.740596055984497070e+00
8.210045099258422852e-01
8.210045099258422852e-01
8.210045099258422852e-01
8.210045099258422852e-01
8.210045099258422852e-01
8.210045099258422852e-01
8.210045099258422852e-01
8.210045099258422852e-01
8.210045099258422852e-01
8.210045099258422852e-01
8.210045099258422852e-01
8.210045099258422852e-01
8.210045099258422852e-01
8.210045099258422852e-01
8.210045099258422852e-01
2.163321971893310547e+00
2.163321971893310547e+00
2.163321971893310547e+00
8.760255575180053711e-01
8.760255575180053711e-01
8.760255575180053711e-01
8.760255575180053711e-01
8.760255575180053711e-01
8.760255575180053711e-01
8.760255575180053711e-01
8.760255575180053711e-01
8.760255575180053711e-01
8.760255575180053711e-01
1.456164836883544922e+00
1.456164836883544922e+00
1.456164836883544922e+00
1.884377002716064453e+00
1.884377002716064453e+00
1.884377002716064453e+00
1.884377002716064453e+00
1.884377002716064453e+00
1.884377002716064453e+00
1.884377002716064453e+00
1.884377002716064453e+00
1.884377002716064453e+00
1.505358219146728516e+00
4.101709127426147461e-01
7.541609287261962891e+00
6.914223194122314453e+00
6.723106384277343750e+00
6.723106384277343750e+00
6.723106384277343750e+00
6.723106384277343750e+00
6.124542236328125000e+00
8.671977996826171875e+00
8.671977996826171875e+00
5.134667396545410156e+00
5.134667396545410156e+00
6.670286655426025391e+00
6.670286655426025391e+00
6.670286655426025391e+00
6.670286655426025391e+00
6.670286655426025391e+00
6.424950599670410156e+00
2.902748107910156250e+00
3.115703582763671875e+00
3.115703582763671875e+00
5.066184997558593750e+00
4.975801944732666016e+00
4.975801944732666016e+00
6.701967716217041016e+00
6.701967716217041016e+00
6.701967716217041016e+00
4.853522777557373047e+00
4.948655128479003906e+00
4.948655128479003906e+00
4.948655128479003906e+00
4.586487770080566406e+00
4.586487770080566406e+00
4.586487770080566406e+00
1.622981548309326172e+00
1.726402401924133301e+00
1.726402401924133301e+00
1.726402401924133301e+00
1.726402401924133301e+00
1.726402401924133301e+00
1.726402401924133301e+00
1.726402401924133301e+00
1.726402401924133301e+00
6.951742172241210938e-01
6.951742172241210938e-01
2.591577053070068359e+00
2.591577053070068359e+00
5.185999870300292969e-01
5.185999870300292969e-01
5.185999870300292969e-01
5.411379814147949219e+00
5.411379814147949219e+00
3.839118480682373047e+00
1.663590908050537109e+00
1.663590908050537109e+00
3.900417089462280273e-01
3.043238162994384766e+00
3.043238162994384766e+00
3.043238162994384766e+00
3.043238162994384766e+00
3.043238162994384766e+00
3.043238162994384766e+00
3.043238162994384766e+00
3.043238162994384766e+00
3.357185125350952148e+00
4.460453987121582031e-01
2.287448406219482422e+00
2.287448406219482422e+00
2.287448406219482422e+00
2.287448406219482422e+00
2.287448406219482422e+00
3.000540733337402344e+00
3.000540733337402344e+00
3.000540733337402344e+00
3.000540733337402344e+00
3.000540733337402344e+00
3.000540733337402344e+00
1.994951605796813965e+00
1.994951605796813965e+00
1.994951605796813965e+00
3.547514438629150391e+00
3.547514438629150391e+00
3.547514438629150391e+00
2.120213985443115234e+00
3.029150247573852539e+00
3.654898166656494141e+00
4.576086044311523438e+00
4.576086044311523438e+00
4.576086044311523438e+00
4.576086044311523438e+00
4.576086044311523438e+00
4.576086044311523438e+00
4.576086044311523438e+00
4.297181606292724609e+00
2.453819990158081055e+00
2.453819990158081055e+00
2.453819990158081055e+00
2.453819990158081055e+00
2.453819990158081055e+00
1.936323404312133789e+00
1.936323404312133789e+00
1.936323404312133789e+00
1.936323404312133789e+00
1.936323404312133789e+00
1.936323404312133789e+00
7.309125661849975586e-01
7.309125661849975586e-01
7.309125661849975586e-01
7.309125661849975586e-01
7.309125661849975586e-01
7.309125661849975586e-01
7.309125661849975586e-01
7.309125661849975586e-01
7.309125661849975586e-01
7.309125661849975586e-01
7.309125661849975586e-01
7.309125661849975586e-01
7.309125661849975586e-01
7.309125661849975586e-01
7.309125661849975586e-01
7.309125661849975586e-01
7.309125661849975586e-01
3.135448455810546875e+00
3.673958301544189453e+00
3.673958301544189453e+00
3.673958301544189453e+00
2.825263023376464844e+00
1.300284504890441895e+00
1.300284504890441895e+00
1.300284504890441895e+00
2.166680812835693359e+00
2.166680812835693359e+00
2.166680812835693359e+00
2.166680812835693359e+00
2.166680812835693359e+00
2.166680812835693359e+00
2.942261934280395508e+00
2.942261934280395508e+00
2.942261934280395508e+00
2.942261934280395508e+00
2.942261934280395508e+00
1.581629514694213867e+00
1.581629514694213867e+00
1.581629514694213867e+00
1.581629514694213867e+00
1.581629514694213867e+00
1.004590988159179688e+00
1.004590988159179688e+00
1.004590988159179688e+00
1.004590988159179688e+00
1.004590988159179688e+00
1.004590988159179688e+00
1.004590988159179688e+00
1.120741248130798340e+00
1.120741248130798340e+00
1.120741248130798340e+00
1.120741248130798340e+00
1.120741248130798340e+00
1.120741248130798340e+00
1.120741248130798340e+00
9.193683862686157227e-01
9.193683862686157227e-01
9.193683862686157227e-01
9.193683862686157227e-01
1.604389190673828125e+00
1.604389190673828125e+00
6.220280528068542480e-01
1.249482035636901855e+00
1.249482035636901855e+00
1.285467386245727539e+00
1.285467386245727539e+00
1.285467386245727539e+00
1.285467386245727539e+00
1.285467386245727539e+00
1.285467386245727539e+00
1.285467386245727539e+00
1.285467386245727539e+00
1.285467386245727539e+00
1.285467386245727539e+00
1.285467386245727539e+00
1.285467386245727539e+00
1.285467386245727539e+00
1.285467386245727539e+00
1.285467386245727539e+00
1.285467386245727539e+00
1.285467386245727539e+00
1.285467386245727539e+00
9.950236082077026367e-01
9.950236082077026367e-01
9.950236082077026367e-01
9.950236082077026367e-01
2.721718311309814453e+00
3.218888521194458008e+00
7.177910804748535156e-01
7.177910804748535156e-01
7.177910804748535156e-01
7.177910804748535156e-01
4.244922637939453125e+00
4.244922637939453125e+00
4.244922637939453125e+00
4.244922637939453125e+00
1.681485176086425781e+00
1.626636385917663574e+00
2.497673034667968750e+00
2.497673034667968750e+00
1.189983558654785156e+01
1.189983558654785156e+01
1.024148559570312500e+01
1.677660942077636719e+00
1.677660942077636719e+00
1.677660942077636719e+00
1.677660942077636719e+00
1.677660942077636719e+00
3.016279220581054688e+00
3.016279220581054688e+00
2.068118095397949219e+00
2.068118095397949219e+00
2.068118095397949219e+00
2.068118095397949219e+00
6.221008300781250000e-01
6.221008300781250000e-01
6.221008300781250000e-01
6.221008300781250000e-01
6.221008300781250000e-01
1.656444549560546875e+00
9.332256317138671875e+00
4.955848693847656250e+00
3.897862911224365234e+00
3.897862911224365234e+00
3.897862911224365234e+00
3.515151739120483398e+00
3.515151739120483398e+00
3.515151739120483398e+00
6.606295585632324219e+00
6.606295585632324219e+00
7.992527961730957031e+00
7.992527961730957031e+00
5.723887443542480469e+00
5.723887443542480469e+00
5.723887443542480469e+00
5.723887443542480469e+00
5.723887443542480469e+00
1.845598220825195312e+00
1.845598220825195312e+00
1.845598220825195312e+00
1.845598220825195312e+00
1.845598220825195312e+00
1.845598220825195312e+00
1.845598220825195312e+00
1.845598220825195312e+00
1.845598220825195312e+00
1.845598220825195312e+00
1.845598220825195312e+00
1.845598220825195312e+00
1.845598220825195312e+00
1.845598220825195312e+00
4.951671600341796875e+00
4.080197811126708984e+00
4.080197811126708984e+00
4.080197811126708984e+00
4.080197811126708984e+00
4.080197811126708984e+00
4.080197811126708984e+00
4.080197811126708984e+00
3.448465824127197266e+00
3.182457447052001953e+00
3.182457447052001953e+00
3.182457447052001953e+00
3.182457447052001953e+00
2.672687768936157227e+00
2.672687768936157227e+00
2.672687768936157227e+00
3.965999364852905273e+00
2.348344564437866211e+00
2.348344564437866211e+00
2.348344564437866211e+00
2.463024854660034180e+00
2.463024854660034180e+00
2.463024854660034180e+00
2.463024854660034180e+00
2.463024854660034180e+00
2.463024854660034180e+00
2.463024854660034180e+00
2.463024854660034180e+00
2.036854743957519531e+00
2.036854743957519531e+00
2.036854743957519531e+00
2.036854743957519531e+00
2.036854743957519531e+00
9.413774013519287109e-01
9.413774013519287109e-01
9.413774013519287109e-01
9.413774013519287109e-01
9.413774013519287109e-01
6.598737239837646484e-01
6.598737239837646484e-01
6.598737239837646484e-01
8.714464306831359863e-01
8.714464306831359863e-01
8.714464306831359863e-01
8.714464306831359863e-01
3.413480997085571289e+00
2.512969732284545898e+00
2.512969732284545898e+00
3.539532423019409180e+00
3.539532423019409180e+00
3.539532423019409180e+00
3.539532423019409180e+00
3.539532423019409180e+00
3.539532423019409180e+00
3.539532423019409180e+00
3.539532423019409180e+00
3.539532423019409180e+00
3.539532423019409180e+00
5.841241836547851562e+00
3.193877220153808594e+00
5.918700695037841797e-01
5.918700695037841797e-01
5.918700695037841797e-01
5.918700695037841797e-01
5.918700695037841797e-01
5.918700695037841797e-01
5.918700695037841797e-01
5.918700695037841797e-01
5.918700695037841797e-01
5.918700695037841797e-01
5.918700695037841797e-01
5.918700695037841797e-01
1.193204164505004883e+00
1.193204164505004883e+00
1.193204164505004883e+00
1.193204164505004883e+00
1.025502562522888184e+00
1.025502562522888184e+00
1.025502562522888184e+00
1.025502562522888184e+00
2.946996688842773438e+00
2.946996688842773438e+00
2.946996688842773438e+00
2.946996688842773438e+00
2.946996688842773438e+00
2.946996688842773438e+00
2.946996688842773438e+00
2.946996688842773438e+00
2.946996688842773438e+00
2.946996688842773438e+00
2.115910291671752930e+00
2.115910291671752930e+00
2.115910291671752930e+00
1.863508343696594238e+00
3.552809000015258789e+00
4.868512153625488281e+00
9.327735900878906250e+00
4.972843647003173828e+00
4.325845241546630859e+00
4.325845241546630859e+00
4.325845241546630859e+00
4.325845241546630859e+00
4.325845241546630859e+00
4.325845241546630859e+00
5.054597854614257812e+00
7.532758712768554688e-01
7.961595058441162109e+00
6.379106521606445312e+00
4.458108901977539062e+00
2.377600908279418945e+00
2.175711870193481445e+00
2.175711870193481445e+00
2.175711870193481445e+00
2.517586231231689453e+00
2.517586231231689453e+00
2.517586231231689453e+00
2.517586231231689453e+00
2.517586231231689453e+00
2.517586231231689453e+00
2.215733051300048828e+00
2.215733051300048828e+00
2.215733051300048828e+00
2.215733051300048828e+00
2.215733051300048828e+00
2.215733051300048828e+00
4.785289764404296875e+00
4.785289764404296875e+00
4.248548030853271484e+00
5.384968280792236328e+00
6.851806640625000000e+00
1.102670669555664062e+01
9.722163200378417969e+00
3.733320236206054688e+00
5.799460411071777344e+00
7.666302204132080078e+00
1.407046413421630859e+01
1.043008613586425781e+01
9.700907707214355469e+00
6.291588783264160156e+00
1.065297508239746094e+01
1.065297508239746094e+01
1.065297508239746094e+01
1.003260135650634766e+01
8.817370414733886719e+00
5.822511196136474609e+00
8.063541412353515625e+00
8.063541412353515625e+00
8.063541412353515625e+00
8.063541412353515625e+00
6.756329536437988281e+00
5.984682083129882812e+00
2.121565818786621094e+00
2.121565818786621094e+00
2.121565818786621094e+00
2.121565818786621094e+00
8.750743865966796875e-01
8.750743865966796875e-01
8.750743865966796875e-01
8.750743865966796875e-01
8.750743865966796875e-01
8.750743865966796875e-01
8.750743865966796875e-01
8.750743865966796875e-01
8.750743865966796875e-01
8.750743865966796875e-01
8.750743865966796875e-01
8.750743865966796875e-01
1.510794878005981445e+00
1.510794878005981445e+00
1.510794878005981445e+00
1.510794878005981445e+00
1.510794878005981445e+00
1.510794878005981445e+00
1.510794878005981445e+00
1.510794878005981445e+00
2.023039340972900391e+00
4.539115905761718750e+00
1.026329040527343750e+00
1.026329040527343750e+00
1.026329040527343750e+00
1.026329040527343750e+00
1.026329040527343750e+00
1.026329040527343750e+00
1.026329040527343750e+00
1.026329040527343750e+00
1.026329040527343750e+00
1.026329040527343750e+00
1.026329040527343750e+00
1.026329040527343750e+00
1.321901321411132812e+00
1.321901321411132812e+00
1.321901321411132812e+00
1.321901321411132812e+00
1.135020613670349121e+00
1.135020613670349121e+00
1.135020613670349121e+00
1.135020613670349121e+00
1.135020613670349121e+00
1.135020613670349121e+00
3.665957927703857422e+00
3.665957927703857422e+00
3.665957927703857422e+00
3.665957927703857422e+00
3.665957927703857422e+00
3.665957927703857422e+00
3.665957927703857422e+00
1.304968833923339844e+00
1.304968833923339844e+00
1.304968833923339844e+00
1.304968833923339844e+00
1.088427662849426270e+00
1.088427662849426270e+00
1.088427662849426270e+00
1.088427662849426270e+00
5.469158887863159180e-01
1.818087697029113770e+00
1.818087697029113770e+00
1.818087697029113770e+00
1.818087697029113770e+00
1.818087697029113770e+00
1.818087697029113770e+00
1.818087697029113770e+00
1.199370861053466797e+00
1.199370861053466797e+00
1.199370861053466797e+00
1.199370861053466797e+00
1.199370861053466797e+00
3.075556755065917969e+00
3.075556755065917969e+00
3.075556755065917969e+00
4.699099063873291016e-01
4.699099063873291016e-01
4.699099063873291016e-01
4.699099063873291016e-01
4.699099063873291016e-01
4.699099063873291016e-01
4.699099063873291016e-01
4.699099063873291016e-01
4.699099063873291016e-01
4.699099063873291016e-01
4.699099063873291016e-01
4.699099063873291016e-01
6.006169319152832031e-01
6.006169319152832031e-01
6.006169319152832031e-01
6.006169319152832031e-01
6.006169319152832031e-01
3.848482131958007812e+00
3.848482131958007812e+00
3.848482131958007812e+00
3.848482131958007812e+00
1.954455137252807617e+00
1.954455137252807617e+00
1.954455137252807617e+00
1.954455137252807617e+00
1.954455137252807617e+00
1.954455137252807617e+00
1.954455137252807617e+00
1.954455137252807617e+00
1.954455137252807617e+00
1.954455137252807617e+00
1.954455137252807617e+00
1.954455137252807617e+00
1.954455137252807617e+00
1.954455137252807617e+00
1.515028357505798340e+00
1.515028357505798340e+00
1.515028357505798340e+00
1.515028357505798340e+00
1.515028357505798340e+00
1.515028357505798340e+00
1.515028357505798340e+00
1.515028357505798340e+00
1.515028357505798340e+00
1.515028357505798340e+00
1.119892239570617676e+00
1.119892239570617676e+00
1.119892239570617676e+00
1.119892239570617676e+00
1.119892239570617676e+00
1.119892239570617676e+00
1.119892239570617676e+00
1.119892239570617676e+00
2.622544527053833008e+00
2.622544527053833008e+00
2.622544527053833008e+00
2.470593690872192383e+00
2.470593690872192383e+00
2.470593690872192383e+00
2.470593690872192383e+00
1.669279813766479492e+00
8.296900987625122070e-01
8.296900987625122070e-01
8.296900987625122070e-01
8.296900987625122070e-01
8.296900987625122070e-01
8.296900987625122070e-01
6.278867125511169434e-01
6.278867125511169434e-01
6.278867125511169434e-01
6.278867125511169434e-01
6.278867125511169434e-01
3.193216800689697266e+00
3.193216800689697266e+00
5.121751308441162109e+00
3.744435071945190430e+00
3.744435071945190430e+00
2.855121612548828125e+00
2.855121612548828125e+00
2.723130226135253906e+00
2.723130226135253906e+00
2.723130226135253906e+00
2.723130226135253906e+00
2.723130226135253906e+00
1.081753253936767578e+00
1.081753253936767578e+00
1.081753253936767578e+00
3.769912004470825195e+00
3.769912004470825195e+00
1.619273662567138672e+00
1.619273662567138672e+00
1.619273662567138672e+00
1.619273662567138672e+00
1.619273662567138672e+00
1.619273662567138672e+00
1.619273662567138672e+00
1.619273662567138672e+00
1.619273662567138672e+00
1.619273662567138672e+00
1.619273662567138672e+00
1.619273662567138672e+00
1.619273662567138672e+00
1.619273662567138672e+00
1.619273662567138672e+00
1.619273662567138672e+00
1.619273662567138672e+00
1.619273662567138672e+00
1.619273662567138672e+00
1.619273662567138672e+00
1.619273662567138672e+00
1.619273662567138672e+00
7.977524399757385254e-01
7.977524399757385254e-01
7.977524399757385254e-01
7.977524399757385254e-01
7.977524399757385254e-01
7.977524399757385254e-01
7.977524399757385254e-01
7.977524399757385254e-01
7.977524399757385254e-01
7.977524399757385254e-01
1.035403847694396973e+00
1.035403847694396973e+00
1.035403847694396973e+00
1.035403847694396973e+00
1.035403847694396973e+00
7.143716335296630859e+00
7.143716335296630859e+00
7.143716335296630859e+00
4.005846023559570312e+00
4.005846023559570312e+00
4.005846023559570312e+00
4.005846023559570312e+00
4.355329513549804688e+00
4.355329513549804688e+00
4.355329513549804688e+00
6.566352844238281250e+00
8.707096099853515625e+00
8.707096099853515625e+00
1.205736255645751953e+01
1.205736255645751953e+01
1.205736255645751953e+01
9.430103302001953125e+00
9.430103302001953125e+00
9.430103302001953125e+00
9.664696693420410156e+00
9.664696693420410156e+00
1.062157726287841797e+01
1.062157726287841797e+01
1.112244129180908203e+01
1.051967430114746094e+01
5.430396556854248047e+00
5.430396556854248047e+00
5.430396556854248047e+00
5.430396556854248047e+00
5.430396556854248047e+00
5.430396556854248047e+00
5.430396556854248047e+00
5.430396556854248047e+00
5.430396556854248047e+00
5.430396556854248047e+00
5.430396556854248047e+00
5.118433952331542969e+00
5.118433952331542969e+00
5.118433952331542969e+00
5.118433952331542969e+00
2.789540767669677734e+00
9.782221317291259766e-01
9.782221317291259766e-01
9.782221317291259766e-01
9.782221317291259766e-01
9.782221317291259766e-01
9.782221317291259766e-01
9.782221317291259766e-01
1.403536081314086914e+00
1.403536081314086914e+00
1.403536081314086914e+00
1.403536081314086914e+00
1.403536081314086914e+00
1.403536081314086914e+00
1.403536081314086914e+00
1.403536081314086914e+00
1.403536081314086914e+00
1.403536081314086914e+00
1.403536081314086914e+00
1.403536081314086914e+00
9.405094385147094727e-01
9.405094385147094727e-01
9.405094385147094727e-01
9.405094385147094727e-01
9.405094385147094727e-01
2.351302623748779297e+00
2.351302623748779297e+00
1.433537006378173828e+00
1.433537006378173828e+00
1.433537006378173828e+00
1.433537006378173828e+00
1.433537006378173828e+00
1.433537006378173828e+00
1.433537006378173828e+00
1.433537006378173828e+00
1.433537006378173828e+00
1.433537006378173828e+00
1.433537006378173828e+00
1.367448091506958008e+00
1.367448091506958008e+00
5.910338759422302246e-01
2.199678421020507812e+00
2.199678421020507812e+00
2.199678421020507812e+00
2.199678421020507812e+00
2.199678421020507812e+00
2.199678421020507812e+00
2.199678421020507812e+00
2.199678421020507812e+00
2.199678421020507812e+00
7.243748903274536133e-01
7.243748903274536133e-01
7.243748903274536133e-01
7.243748903274536133e-01
7.243748903274536133e-01
7.243748903274536133e-01
7.243748903274536133e-01
7.243748903274536133e-01
7.243748903274536133e-01
7.243748903274536133e-01
7.243748903274536133e-01
7.243748903274536133e-01
7.243748903274536133e-01
2.992554664611816406e+00
2.992554664611816406e+00
2.992554664611816406e+00
2.138906478881835938e+00
2.138906478881835938e+00
2.138906478881835938e+00
2.138906478881835938e+00
2.138906478881835938e+00
2.138906478881835938e+00
2.138906478881835938e+00
3.860003232955932617e+00
3.860003232955932617e+00
1.808244466781616211e+00
1.808244466781616211e+00
1.808244466781616211e+00
1.808244466781616211e+00
1.517134666442871094e+00
2.476230621337890625e+00
2.476230621337890625e+00
2.476230621337890625e+00
3.427354097366333008e+00
3.427354097366333008e+00
2.682985305786132812e+00
2.682985305786132812e+00
3.280429840087890625e+00
3.280429840087890625e+00
3.280429840087890625e+00
2.882117509841918945e+00
1.492177486419677734e+00
1.492177486419677734e+00
1.492177486419677734e+00
1.492177486419677734e+00
1.492177486419677734e+00
1.492177486419677734e+00
1.492177486419677734e+00
1.492177486419677734e+00
1.492177486419677734e+00
1.492177486419677734e+00
1.492177486419677734e+00
1.492177486419677734e+00
1.492177486419677734e+00
1.839960336685180664e+00
1.839960336685180664e+00
1.839960336685180664e+00
1.839960336685180664e+00
1.839960336685180664e+00
1.839960336685180664e+00
1.839960336685180664e+00
1.391973853111267090e+00
1.391973853111267090e+00
1.391973853111267090e+00
1.391973853111267090e+00
1.153445959091186523e+00
1.153445959091186523e+00
1.153445959091186523e+00
1.577002525329589844e+00
1.577002525329589844e+00
1.577002525329589844e+00
1.577002525329589844e+00
1.577002525329589844e+00
1.577002525329589844e+00
3.302793741226196289e+00
5.739194869995117188e+00
4.010648250579833984e+00
4.010648250579833984e+00
4.010648250579833984e+00
4.010648250579833984e+00
4.010648250579833984e+00
3.899223089218139648e+00
3.899223089218139648e+00
4.884228229522705078e+00
1.432609081268310547e+00
1.432609081268310547e+00
1.432609081268310547e+00
1.432609081268310547e+00
1.432609081268310547e+00
1.432609081268310547e+00
2.732231616973876953e+00
2.732231616973876953e+00
2.732231616973876953e+00
2.732231616973876953e+00
2.732231616973876953e+00
2.732231616973876953e+00
2.732231616973876953e+00
2.732231616973876953e+00
2.732231616973876953e+00
2.732231616973876953e+00
3.717357397079467773e+00
6.263101577758789062e+00
5.786634922027587891e+00
4.178372859954833984e+00
4.178372859954833984e+00
4.178372859954833984e+00
6.478431224822998047e-01
6.478431224822998047e-01
7.001364827156066895e-01
2.733231067657470703e+00
7.899566888809204102e-01
7.899566888809204102e-01
7.899566888809204102e-01
7.899566888809204102e-01
7.899566888809204102e-01
7.899566888809204102e-01
7.899566888809204102e-01
6.269739866256713867e-01
6.269739866256713867e-01
6.269739866256713867e-01
6.269739866256713867e-01
1.578095436096191406e+00
1.578095436096191406e+00
1.578095436096191406e+00
7.196631431579589844e-01
7.196631431579589844e-01
7.196631431579589844e-01
1.877850413322448730e+00
1.877850413322448730e+00
1.877850413322448730e+00
1.623360872268676758e+00
1.623360872268676758e+00
1.623360872268676758e+00
1.623360872268676758e+00
1.623360872268676758e+00
1.623360872268676758e+00
1.623360872268676758e+00
1.623360872268676758e+00
1.623360872268676758e+00
1.623360872268676758e+00
1.623360872268676758e+00
1.623360872268676758e+00
1.623360872268676758e+00
1.623360872268676758e+00
1.623360872268676758e+00
1.623360872268676758e+00
1.623360872268676758e+00
1.623360872268676758e+00
1.623360872268676758e+00
1.623360872268676758e+00
1.623360872268676758e+00
1.623360872268676758e+00
1.623360872268676758e+00
1.623360872268676758e+00
6.004449129104614258e-01
6.004449129104614258e-01
6.004449129104614258e-01
1.691611409187316895e+00
1.691611409187316895e+00
1.691611409187316895e+00
1.691611409187316895e+00
1.163532495498657227e+00
1.163532495498657227e+00
1.163532495498657227e+00
1.141039013862609863e+00
1.141039013862609863e+00
2.441180229187011719e+00
2.441180229187011719e+00
6.065500974655151367e-01
6.065500974655151367e-01
6.065500974655151367e-01
6.065500974655151367e-01
6.065500974655151367e-01
6.065500974655151367e-01
6.065500974655151367e-01
2.545749187469482422e+00
2.011790275573730469e+00
2.011790275573730469e+00
2.011790275573730469e+00
2.011790275573730469e+00
1.514563679695129395e+00
1.514563679695129395e+00
1.514563679695129395e+00
1.514563679695129395e+00
1.514563679695129395e+00
1.514563679695129395e+00
1.514563679695129395e+00
1.514563679695129395e+00
7.249907255172729492e-01
7.249907255172729492e-01
1.693646192550659180e+00
1.693646192550659180e+00
1.693646192550659180e+00
1.693646192550659180e+00
1.693646192550659180e+00
1.693646192550659180e+00
1.693646192550659180e+00
1.693646192550659180e+00
1.693646192550659180e+00
1.693646192550659180e+00
1.779596567153930664e+00
1.779596567153930664e+00
1.779596567153930664e+00
1.245763301849365234e+00
1.245763301849365234e+00
1.245763301849365234e+00
1.245763301849365234e+00
1.245763301849365234e+00
1.245763301849365234e+00
6.970702648162841797e+00
3.783984184265136719e-01
3.783984184265136719e-01
3.783984184265136719e-01
3.783984184265136719e-01
3.783984184265136719e-01
3.783984184265136719e-01
3.783984184265136719e-01
3.783984184265136719e-01
3.783984184265136719e-01
3.783984184265136719e-01
3.783984184265136719e-01
2.326930999755859375e+00
2.326930999755859375e+00
7.976210117340087891e-01
7.976210117340087891e-01
7.976210117340087891e-01
7.976210117340087891e-01
7.976210117340087891e-01
3.138675689697265625e+00
3.138675689697265625e+00
3.138675689697265625e+00
3.138675689697265625e+00
3.138675689697265625e+00
3.138675689697265625e+00
1.978666663169860840e+00
1.806699752807617188e+00
1.806699752807617188e+00
1.806699752807617188e+00
1.806699752807617188e+00
1.806699752807617188e+00
1.806699752807617188e+00
1.806699752807617188e+00
1.806699752807617188e+00
1.806699752807617188e+00
1.806699752807617188e+00
1.806699752807617188e+00
1.806699752807617188e+00
1.806699752807617188e+00
1.806699752807617188e+00
1.139451742172241211e+00
1.139451742172241211e+00
3.680310249328613281e+00
4.880760669708251953e+00
4.880760669708251953e+00
4.880760669708251953e+00
5.883694648742675781e+00
7.532854557037353516e+00
2.042449951171875000e+00
2.042449951171875000e+00
2.042449951171875000e+00
2.042449951171875000e+00
2.042449951171875000e+00
2.042449951171875000e+00
1.507961273193359375e+00
1.507961273193359375e+00
1.507961273193359375e+00
4.374454021453857422e+00
4.784024715423583984e+00
4.784024715423583984e+00
4.784024715423583984e+00
4.784024715423583984e+00
4.784024715423583984e+00
3.300846099853515625e+00
3.300846099853515625e+00
2.361349344253540039e+00
2.361349344253540039e+00
2.361349344253540039e+00
2.361349344253540039e+00
2.361349344253540039e+00
2.361349344253540039e+00
2.361349344253540039e+00
2.361349344253540039e+00
2.361349344253540039e+00
2.361349344253540039e+00
2.361349344253540039e+00
2.361349344253540039e+00
2.361349344253540039e+00
2.361349344253540039e+00
2.361349344253540039e+00
2.361349344253540039e+00
2.361349344253540039e+00
2.361349344253540039e+00
2.361349344253540039e+00
2.361349344253540039e+00
2.361349344253540039e+00
2.361349344253540039e+00
4.118328094482421875e+00
4.118328094482421875e+00
4.118328094482421875e+00
5.602118968963623047e-01
5.602118968963623047e-01
5.602118968963623047e-01
5.602118968963623047e-01
5.602118968963623047e-01
5.602118968963623047e-01
5.602118968963623047e-01
5.602118968963623047e-01
2.498835563659667969e+00
2.498835563659667969e+00
2.498835563659667969e+00
7.149174213409423828e-01
7.149174213409423828e-01
7.149174213409423828e-01
7.149174213409423828e-01
2.837438344955444336e+00
2.837438344955444336e+00
2.521320343017578125e+00
2.521320343017578125e+00
2.521320343017578125e+00
3.643066167831420898e+00
3.643066167831420898e+00
3.643066167831420898e+00
3.643066167831420898e+00
3.643066167831420898e+00
5.450070858001708984e+00
1.998488426208496094e+00
1.998488426208496094e+00
6.432077884674072266e-01
6.432077884674072266e-01
6.432077884674072266e-01
6.432077884674072266e-01
6.432077884674072266e-01
6.432077884674072266e-01
6.432077884674072266e-01
6.432077884674072266e-01
6.432077884674072266e-01
6.432077884674072266e-01
6.432077884674072266e-01
6.432077884674072266e-01
6.432077884674072266e-01
6.432077884674072266e-01
6.432077884674072266e-01
6.432077884674072266e-01
8.231939673423767090e-01
8.231939673423767090e-01
8.231939673423767090e-01
2.441920518875122070e+00
9.770234823226928711e-01
9.770234823226928711e-01
9.770234823226928711e-01
9.770234823226928711e-01
9.770234823226928711e-01
1.501294136047363281e+00
1.501294136047363281e+00
1.501294136047363281e+00
1.501294136047363281e+00
1.501294136047363281e+00
1.501294136047363281e+00
1.501294136047363281e+00
1.501294136047363281e+00
1.501294136047363281e+00
1.501294136047363281e+00
6.409046053886413574e-01
9.863679409027099609e-01
9.863679409027099609e-01
9.863679409027099609e-01
9.863679409027099609e-01
7.738742232322692871e-01
7.738742232322692871e-01
7.738742232322692871e-01
7.738742232322692871e-01
7.738742232322692871e-01
7.738742232322692871e-01
7.738742232322692871e-01
7.738742232322692871e-01
7.738742232322692871e-01
7.738742232322692871e-01
7.738742232322692871e-01
7.738742232322692871e-01
1.104250431060791016e+00
1.104250431060791016e+00
1.104250431060791016e+00
1.104250431060791016e+00
1.104250431060791016e+00
2.482055187225341797e+00
2.482055187225341797e+00
2.482055187225341797e+00
8.452344894409179688e+00
8.452344894409179688e+00
8.140705108642578125e+00
8.140705108642578125e+00
7.333259582519531250e-01
7.333259582519531250e-01
7.333259582519531250e-01
7.333259582519531250e-01
7.333259582519531250e-01
1.222835540771484375e+00
1.430557489395141602e+00
1.430557489395141602e+00
1.430557489395141602e+00
2.957153797149658203e+00
2.957153797149658203e+00
2.957153797149658203e+00
2.083766937255859375e+00
1.607060790061950684e+00
9.627981781959533691e-01
9.627981781959533691e-01
9.627981781959533691e-01
9.627981781959533691e-01
9.627981781959533691e-01
9.627981781959533691e-01
9.627981781959533691e-01
9.627981781959533691e-01
9.627981781959533691e-01
9.627981781959533691e-01
1.448714852333068848e+00
1.448714852333068848e+00
1.448714852333068848e+00
1.448714852333068848e+00
1.448714852333068848e+00
1.448714852333068848e+00
1.448714852333068848e+00
1.448714852333068848e+00
1.448714852333068848e+00
1.448714852333068848e+00
2.630959033966064453e+00
2.630959033966064453e+00
2.630959033966064453e+00
2.630959033966064453e+00
6.075569152832031250e+00
6.035556316375732422e+00
9.287050247192382812e+00
9.287050247192382812e+00
1.008065891265869141e+01
1.008065891265869141e+01
1.084327983856201172e+01
1.590081596374511719e+01
1.590081596374511719e+01
1.590081596374511719e+01
1.293582534790039062e+01
5.967912673950195312e+00
7.932977676391601562e+00
8.288539886474609375e+00
8.288539886474609375e+00
8.288539886474609375e+00
3.927753448486328125e+00
3.927753448486328125e+00
7.470574378967285156e-01
7.470574378967285156e-01
7.470574378967285156e-01
7.470574378967285156e-01
7.470574378967285156e-01
1.042419552803039551e+00
1.042419552803039551e+00
1.042419552803039551e+00
1.042419552803039551e+00
1.042419552803039551e+00
1.042419552803039551e+00
1.042419552803039551e+00
1.345068812370300293e+00
1.345068812370300293e+00
1.345068812370300293e+00
1.345068812370300293e+00
1.345068812370300293e+00
1.345068812370300293e+00
1.345068812370300293e+00
1.345068812370300293e+00
1.345068812370300293e+00
1.345068812370300293e+00
1.345068812370300293e+00
1.345068812370300293e+00
1.345068812370300293e+00
1.345068812370300293e+00
1.345068812370300293e+00
1.345068812370300293e+00
1.345068812370300293e+00
1.345068812370300293e+00
1.345068812370300293e+00
1.345068812370300293e+00
1.126999616622924805e+00
1.126999616622924805e+00
1.126999616622924805e+00
1.126999616622924805e+00
1.126999616622924805e+00
1.126999616622924805e+00
1.126999616622924805e+00
1.126999616622924805e+00
1.126999616622924805e+00
1.126999616622924805e+00
1.750240564346313477e+00
1.750240564346313477e+00
1.750240564346313477e+00
1.750240564346313477e+00
1.750240564346313477e+00
1.750240564346313477e+00
1.750240564346313477e+00
1.750240564346313477e+00
1.750240564346313477e+00
2.025154829025268555e+00
4.211720466613769531e+00
4.211720466613769531e+00
4.211720466613769531e+00
4.211720466613769531e+00
2.185626506805419922e+00
2.185626506805419922e+00
2.185626506805419922e+00
2.185626506805419922e+00
2.185626506805419922e+00
2.136766910552978516e+00
2.136766910552978516e+00
2.136766910552978516e+00
2.136766910552978516e+00
2.136766910552978516e+00
1.788931846618652344e+00
1.788931846618652344e+00
1.788931846618652344e+00
1.788931846618652344e+00
1.788931846618652344e+00
1.575669884681701660e+00
1.836172938346862793e+00
1.683530092239379883e+00
1.127588033676147461e+00
1.127588033676147461e+00
1.127588033676147461e+00
1.127588033676147461e+00
1.127588033676147461e+00
1.127588033676147461e+00
1.127588033676147461e+00
1.127588033676147461e+00
1.508836627006530762e+00
3.845814228057861328e+00
2.450314044952392578e+00
2.450314044952392578e+00
2.450314044952392578e+00
2.450314044952392578e+00
2.450314044952392578e+00
2.450314044952392578e+00
2.450314044952392578e+00
2.450314044952392578e+00
2.450314044952392578e+00
2.450314044952392578e+00
2.450314044952392578e+00
2.450314044952392578e+00
2.450314044952392578e+00
2.450314044952392578e+00
2.450314044952392578e+00
2.450314044952392578e+00
2.450314044952392578e+00
4.964979887008666992e-01
4.964979887008666992e-01
4.964979887008666992e-01
8.711466193199157715e-01
8.711466193199157715e-01
8.711466193199157715e-01
8.711466193199157715e-01
8.711466193199157715e-01
8.711466193199157715e-01
8.711466193199157715e-01
8.711466193199157715e-01
2.270814895629882812e+00
6.648734807968139648e-01
6.648734807968139648e-01
2.253821849822998047e+00
2.253821849822998047e+00
2.253821849822998047e+00
2.305792808532714844e+00
2.305792808532714844e+00
2.305792808532714844e+00
2.305792808532714844e+00
2.305792808532714844e+00
2.305792808532714844e+00
2.305792808532714844e+00
2.305792808532714844e+00
2.553297042846679688e+00
2.553297042846679688e+00
8.814798593521118164e-01
8.814798593521118164e-01
9.974399209022521973e-01
2.374199390411376953e+00
2.233332395553588867e+00
2.233332395553588867e+00
2.110663890838623047e+00
2.110663890838623047e+00
2.110663890838623047e+00
2.110663890838623047e+00
2.110663890838623047e+00
2.110663890838623047e+00
2.110663890838623047e+00
2.110663890838623047e+00
2.110663890838623047e+00
2.110663890838623047e+00
2.110663890838623047e+00
2.110663890838623047e+00
2.110663890838623047e+00
2.110663890838623047e+00
2.110663890838623047e+00
2.110663890838623047e+00
2.110663890838623047e+00
1.071900725364685059e+00
1.071900725364685059e+00
1.071900725364685059e+00
1.071900725364685059e+00
2.777700901031494141e+00
2.777700901031494141e+00
2.777700901031494141e+00
2.777700901031494141e+00
2.777700901031494141e+00
4.558255195617675781e+00
5.083328723907470703e+00
5.083328723907470703e+00
5.083328723907470703e+00
4.986923694610595703e+00
1.627696514129638672e+00
3.236792087554931641e+00
3.236792087554931641e+00
3.236792087554931641e+00
3.236792087554931641e+00
3.236792087554931641e+00
3.367064476013183594e+00
3.367064476013183594e+00
3.367064476013183594e+00
3.367064476013183594e+00
2.630508422851562500e+00
2.630508422851562500e+00
2.630508422851562500e+00
1.301635265350341797e+00
1.301635265350341797e+00
1.301635265350341797e+00
1.301635265350341797e+00
1.301635265350341797e+00
1.301635265350341797e+00
1.301635265350341797e+00
1.301635265350341797e+00
1.301635265350341797e+00
2.593604087829589844e+00
2.593604087829589844e+00
2.593604087829589844e+00
2.593604087829589844e+00
2.593604087829589844e+00
2.593604087829589844e+00
6.776382923126220703e-01
6.776382923126220703e-01
6.776382923126220703e-01
6.776382923126220703e-01
6.776382923126220703e-01
6.776382923126220703e-01
6.776382923126220703e-01
6.776382923126220703e-01
6.776382923126220703e-01
6.776382923126220703e-01
6.776382923126220703e-01
6.776382923126220703e-01
6.776382923126220703e-01
6.776382923126220703e-01
6.776382923126220703e-01
6.776382923126220703e-01
6.776382923126220703e-01
6.776382923126220703e-01
3.189902782440185547e+00
3.189902782440185547e+00
3.189902782440185547e+00
3.189902782440185547e+00
3.189902782440185547e+00
3.189902782440185547e+00
3.189902782440185547e+00
3.189902782440185547e+00
3.189902782440185547e+00
3.189902782440185547e+00
3.189902782440185547e+00
3.189902782440185547e+00
3.189902782440185547e+00
3.189902782440185547e+00
3.189902782440185547e+00
3.189902782440185547e+00
3.189902782440185547e+00
3.189902782440185547e+00
3.524705171585083008e+00
3.973259687423706055e+00
3.973259687423706055e+00
3.973259687423706055e+00
3.973259687423706055e+00
3.973259687423706055e+00
3.973259687423706055e+00
3.973259687423706055e+00
3.973259687423706055e+00
3.973259687423706055e+00
3.973259687423706055e+00
3.973259687423706055e+00
3.973259687423706055e+00
3.613166332244873047e+00
6.125681400299072266e+00
3.606691360473632812e+00
3.606691360473632812e+00
3.606691360473632812e+00
3.606691360473632812e+00
3.606691360473632812e+00
9.990370273590087891e-01
9.990370273590087891e-01
1.065839171409606934e+00
2.558524608612060547e+00
2.558524608612060547e+00
2.558524608612060547e+00
2.583644866943359375e+00
2.529222249984741211e+00
2.529222249984741211e+00
2.529222249984741211e+00
2.529222249984741211e+00
5.196216106414794922e-01
5.196216106414794922e-01
5.196216106414794922e-01
5.196216106414794922e-01
1.341387033462524414e+00
1.341387033462524414e+00
1.497024297714233398e+00
1.497024297714233398e+00
1.497024297714233398e+00
1.497024297714233398e+00
1.497024297714233398e+00
1.497024297714233398e+00
1.497024297714233398e+00
1.497024297714233398e+00
1.497024297714233398e+00
1.497024297714233398e+00
1.497024297714233398e+00
2.315637111663818359e+00
1.572009921073913574e+00
1.572009921073913574e+00
1.572009921073913574e+00
1.572009921073913574e+00
1.572009921073913574e+00
1.572009921073913574e+00
1.572009921073913574e+00
1.572009921073913574e+00
1.572009921073913574e+00
1.572009921073913574e+00
1.572009921073913574e+00
1.572009921073913574e+00
1.572009921073913574e+00
1.572009921073913574e+00
4.189448833465576172e+00
5.376806259155273438e+00
1.298408985137939453e+00
1.298408985137939453e+00
1.298408985137939453e+00
1.298408985137939453e+00
1.298408985137939453e+00
1.298408985137939453e+00
8.185566067695617676e-01
8.185566067695617676e-01
8.185566067695617676e-01
3.452451527118682861e-01
3.452451527118682861e-01
3.452451527118682861e-01
3.452451527118682861e-01
3.452451527118682861e-01
5.047535419464111328e+00
5.047535419464111328e+00
2.880855798721313477e+00
2.880855798721313477e+00
2.880855798721313477e+00
2.880855798721313477e+00
1.597348809242248535e+00
1.597348809242248535e+00
1.597348809242248535e+00
1.597348809242248535e+00
9.801158308982849121e-01
9.801158308982849121e-01
9.801158308982849121e-01
9.801158308982849121e-01
9.801158308982849121e-01
9.801158308982849121e-01
9.801158308982849121e-01
9.801158308982849121e-01
9.801158308982849121e-01
9.801158308982849121e-01
9.801158308982849121e-01
9.801158308982849121e-01
1.152712702751159668e+00
1.152712702751159668e+00
1.152712702751159668e+00
7.771914005279541016e-01
7.771914005279541016e-01
7.771914005279541016e-01
7.771914005279541016e-01
7.771914005279541016e-01
7.771914005279541016e-01
7.771914005279541016e-01
7.771914005279541016e-01
7.771914005279541016e-01
7.771914005279541016e-01
7.771914005279541016e-01
7.771914005279541016e-01
7.771914005279541016e-01
7.771914005279541016e-01
2.319069385528564453e+00
2.319069385528564453e+00
2.319069385528564453e+00
2.319069385528564453e+00
2.319069385528564453e+00
2.319069385528564453e+00
2.319069385528564453e+00
2.319069385528564453e+00
2.319069385528564453e+00
4.218231201171875000e+00
4.218231201171875000e+00
4.517420768737792969e+00
4.517420768737792969e+00
4.517420768737792969e+00
4.889520645141601562e+00
2.990491867065429688e+00
2.990491867065429688e+00
2.990491867065429688e+00
2.436456680297851562e+00
2.436456680297851562e+00
2.436456680297851562e+00
1.955662250518798828e+00
1.955662250518798828e+00
1.955662250518798828e+00
1.955662250518798828e+00
1.955662250518798828e+00
2.201678991317749023e+00
2.201678991317749023e+00
2.496206045150756836e+00
5.373212099075317383e-01
5.373212099075317383e-01
5.373212099075317383e-01
5.373212099075317383e-01
5.373212099075317383e-01
5.373212099075317383e-01
5.373212099075317383e-01
5.373212099075317383e-01
5.373212099075317383e-01
5.373212099075317383e-01
1.882329702377319336e+00
1.882329702377319336e+00
1.882329702377319336e+00
1.882329702377319336e+00
1.882329702377319336e+00
1.882329702377319336e+00
1.882329702377319336e+00
6.060383319854736328e-01
6.060383319854736328e-01
6.060383319854736328e-01
6.060383319854736328e-01
2.965124607086181641e+00
6.099786758422851562e+00
3.848185300827026367e+00
1.473031759262084961e+00
1.473031759262084961e+00
1.473031759262084961e+00
1.473031759262084961e+00
2.821740627288818359e+00
3.533423900604248047e+00
6.294020652770996094e+00
7.161145210266113281e+00
7.161145210266113281e+00
6.407059192657470703e+00
3.211557865142822266e+00
3.211557865142822266e+00
3.211557865142822266e+00
5.918404579162597656e+00
8.321695327758789062e-01
8.321695327758789062e-01
8.321695327758789062e-01
8.321695327758789062e-01
8.321695327758789062e-01
8.321695327758789062e-01
2.135912418365478516e+00
2.129410982131958008e+00
2.129410982131958008e+00
2.054639577865600586e+00
2.054639577865600586e+00
2.054639577865600586e+00
2.054639577865600586e+00
3.883551120758056641e+00
8.146638870239257812e-01
1.164981365203857422e+00
1.164981365203857422e+00
2.651876449584960938e+00
2.651876449584960938e+00
2.651876449584960938e+00
3.494604587554931641e+00
3.494604587554931641e+00
4.202338695526123047e+00
4.403556346893310547e+00
3.841032981872558594e-01
3.841032981872558594e-01
1.598382353782653809e+00
1.598382353782653809e+00
1.598382353782653809e+00
1.598382353782653809e+00
1.598382353782653809e+00
1.253083944320678711e+00
1.253083944320678711e+00
1.253083944320678711e+00
1.253083944320678711e+00
1.253083944320678711e+00
1.253083944320678711e+00
1.253083944320678711e+00
1.253083944320678711e+00
1.253083944320678711e+00
1.253083944320678711e+00
1.253083944320678711e+00
1.253083944320678711e+00
1.253083944320678711e+00
1.253083944320678711e+00
1.253083944320678711e+00
1.253083944320678711e+00
1.253083944320678711e+00
1.253083944320678711e+00
1.253083944320678711e+00
1.253083944320678711e+00
1.253083944320678711e+00
1.253083944320678711e+00
1.253083944320678711e+00
1.253083944320678711e+00
1.253083944320678711e+00
1.113114953041076660e+00
1.113114953041076660e+00
1.113114953041076660e+00
1.113114953041076660e+00
5.720146298408508301e-01
5.720146298408508301e-01
5.720146298408508301e-01
5.720146298408508301e-01
5.720146298408508301e-01
5.720146298408508301e-01
5.720146298408508301e-01
1.413152456283569336e+00
1.413152456283569336e+00
1.174882888793945312e+00
1.174882888793945312e+00
1.174882888793945312e+00
1.174882888793945312e+00
1.174882888793945312e+00
1.174882888793945312e+00
1.174882888793945312e+00
1.174882888793945312e+00
1.174882888793945312e+00
1.174882888793945312e+00
1.174882888793945312e+00
1.174882888793945312e+00
1.174882888793945312e+00
1.751718044281005859e+00
1.751718044281005859e+00
1.751718044281005859e+00
1.751718044281005859e+00
1.751718044281005859e+00
1.751718044281005859e+00
1.751718044281005859e+00
1.073781967163085938e+00
1.073781967163085938e+00
1.073781967163085938e+00
1.073781967163085938e+00
3.089336872100830078e+00
3.089336872100830078e+00
1.115875244140625000e+00
1.115875244140625000e+00
1.115875244140625000e+00
1.115875244140625000e+00
1.115875244140625000e+00
1.115875244140625000e+00
3.271283626556396484e+00
1.870980501174926758e+00
1.870980501174926758e+00
1.870980501174926758e+00
1.870980501174926758e+00
3.697419881820678711e+00
5.213563919067382812e+00
2.703607559204101562e+00
2.703607559204101562e+00
2.703607559204101562e+00
2.703607559204101562e+00
3.012939214706420898e+00
2.262759208679199219e+00
2.262759208679199219e+00
2.262759208679199219e+00
1.835580587387084961e+00
1.859533071517944336e+00
1.859533071517944336e+00
3.019301176071166992e+00
3.089750051498413086e+00
3.089750051498413086e+00
3.089750051498413086e+00
2.312697887420654297e+00
2.312697887420654297e+00
2.312697887420654297e+00
2.312697887420654297e+00
1.225712537765502930e+00
1.225712537765502930e+00
1.225712537765502930e+00
1.225712537765502930e+00
1.941132783889770508e+00
1.941132783889770508e+00
1.941132783889770508e+00
1.941132783889770508e+00
2.458468914031982422e+00
2.458468914031982422e+00
2.458468914031982422e+00
2.458468914031982422e+00
2.458468914031982422e+00
2.458468914031982422e+00
2.458468914031982422e+00
2.458468914031982422e+00
2.458468914031982422e+00
2.458468914031982422e+00
2.458468914031982422e+00
2.458468914031982422e+00
6.841330051422119141e+00
6.841330051422119141e+00
6.841330051422119141e+00
6.841330051422119141e+00
6.077873229980468750e+00
4.648315429687500000e+00
4.648315429687500000e+00
5.104741096496582031e+00
5.104741096496582031e+00
9.111101150512695312e+00
1.227248001098632812e+01
7.922791004180908203e+00
6.377019882202148438e+00
6.257625102996826172e+00
6.257625102996826172e+00
7.371941566467285156e+00
7.371941566467285156e+00
7.371941566467285156e+00
7.371941566467285156e+00
7.371941566467285156e+00
3.954468727111816406e+00
1.359360933303833008e+00
1.359360933303833008e+00
1.359360933303833008e+00
1.359360933303833008e+00
1.359360933303833008e+00
1.359360933303833008e+00
1.359360933303833008e+00
1.359360933303833008e+00
1.359360933303833008e+00
1.359360933303833008e+00
1.359360933303833008e+00
1.359360933303833008e+00
1.359360933303833008e+00
1.359360933303833008e+00
1.359360933303833008e+00
1.359360933303833008e+00
1.359360933303833008e+00
1.359360933303833008e+00
1.359360933303833008e+00
2.336634874343872070e+00
2.336634874343872070e+00
2.336634874343872070e+00
2.336634874343872070e+00
2.336634874343872070e+00
2.336634874343872070e+00
2.336634874343872070e+00
2.336634874343872070e+00
2.336634874343872070e+00
2.336634874343872070e+00
2.336634874343872070e+00
2.336634874343872070e+00
2.068379402160644531e+00
4.045298099517822266e+00
4.045298099517822266e+00
4.045298099517822266e+00
6.628396987915039062e+00
5.076999664306640625e+00
1.144643545150756836e+00
1.144643545150756836e+00
1.144643545150756836e+00
1.144643545150756836e+00
1.144643545150756836e+00
1.144643545150756836e+00
1.144643545150756836e+00
1.144643545150756836e+00
2.540279388427734375e+00
2.540279388427734375e+00
2.540279388427734375e+00
2.540279388427734375e+00
2.540279388427734375e+00
2.540279388427734375e+00
2.540279388427734375e+00
2.540279388427734375e+00
2.540279388427734375e+00
2.680952072143554688e+00
2.680952072143554688e+00
2.680952072143554688e+00
2.680952072143554688e+00
2.680952072143554688e+00
2.607566118240356445e+00
3.946416139602661133e+00
6.758832931518554688e+00
7.713075637817382812e+00
3.622874736785888672e+00
5.711974143981933594e+00
5.711974143981933594e+00
5.711974143981933594e+00
3.709338426589965820e+00
7.984445095062255859e-01
7.984445095062255859e-01
7.984445095062255859e-01
3.001646518707275391e+00
3.001646518707275391e+00
3.001646518707275391e+00
3.001646518707275391e+00
3.001646518707275391e+00
3.001646518707275391e+00
3.001646518707275391e+00
3.001646518707275391e+00
3.001646518707275391e+00
3.001646518707275391e+00
3.001646518707275391e+00
3.001646518707275391e+00
4.305877208709716797e+00
6.809041500091552734e-01
2.883218050003051758e+00
2.883218050003051758e+00
4.657106399536132812e-01
4.657106399536132812e-01
4.657106399536132812e-01
4.657106399536132812e-01
4.657106399536132812e-01
4.657106399536132812e-01
4.669080257415771484e+00
4.218349456787109375e+00
4.218349456787109375e+00
3.788029193878173828e+00
3.406336784362792969e+00
3.406336784362792969e+00
3.406336784362792969e+00
3.406336784362792969e+00
3.406336784362792969e+00
3.406336784362792969e+00
3.406336784362792969e+00
3.406336784362792969e+00
3.406336784362792969e+00
2.868139266967773438e+00
2.868139266967773438e+00
4.783002376556396484e+00
8.148171901702880859e-01
8.023749589920043945e-01
8.023749589920043945e-01
8.023749589920043945e-01
8.023749589920043945e-01
8.023749589920043945e-01
8.023749589920043945e-01
8.023749589920043945e-01
8.023749589920043945e-01
1.173953056335449219e+00
4.902681112289428711e-01
4.902681112289428711e-01
5.592218875885009766e+00
5.749457359313964844e+00
4.064339160919189453e+00
8.694408416748046875e+00
1.567080402374267578e+01
8.417952537536621094e+00
8.417952537536621094e+00
3.038707256317138672e+00
3.038707256317138672e+00
3.038707256317138672e+00
3.038707256317138672e+00
3.038707256317138672e+00
3.038707256317138672e+00
3.038707256317138672e+00
3.131050348281860352e+00
3.131050348281860352e+00
3.131050348281860352e+00
2.076189994812011719e+00
2.076189994812011719e+00
1.769188880920410156e+00
2.014890432357788086e+00
2.014890432357788086e+00
2.014890432357788086e+00
2.014890432357788086e+00
2.014890432357788086e+00
1.212329030036926270e+00
1.212329030036926270e+00
1.212329030036926270e+00
1.212329030036926270e+00
1.212329030036926270e+00
1.212329030036926270e+00
1.212329030036926270e+00
1.212329030036926270e+00
1.212329030036926270e+00
1.371644020080566406e+00
9.951383590698242188e+00
1.463881492614746094e+00
1.463881492614746094e+00
1.463881492614746094e+00
1.463881492614746094e+00
1.463881492614746094e+00
1.317644119262695312e+00
1.317644119262695312e+00
1.317644119262695312e+00
1.317644119262695312e+00
1.317644119262695312e+00
1.317644119262695312e+00
1.317644119262695312e+00
1.317644119262695312e+00
1.317644119262695312e+00
1.317644119262695312e+00
1.317644119262695312e+00
1.328109979629516602e+00
1.328109979629516602e+00
1.328109979629516602e+00
1.337171912193298340e+00
1.337171912193298340e+00
1.337171912193298340e+00
1.337171912193298340e+00
1.337171912193298340e+00
1.337171912193298340e+00
1.337171912193298340e+00
1.337171912193298340e+00
1.337171912193298340e+00
1.337171912193298340e+00
1.337171912193298340e+00
1.337171912193298340e+00
1.337171912193298340e+00
1.337171912193298340e+00
1.337171912193298340e+00
1.192180752754211426e+00
2.202425479888916016e+00
2.202425479888916016e+00
2.202425479888916016e+00
2.202425479888916016e+00
2.202425479888916016e+00
2.202425479888916016e+00
2.202425479888916016e+00
1.876161575317382812e+00
1.876161575317382812e+00
1.073227167129516602e+00
1.073227167129516602e+00
1.073227167129516602e+00
1.073227167129516602e+00
1.073227167129516602e+00
1.073227167129516602e+00
1.073227167129516602e+00
1.064673900604248047e+00
1.064673900604248047e+00
1.064673900604248047e+00
1.064673900604248047e+00
1.064673900604248047e+00
1.064673900604248047e+00
9.209575653076171875e-01
9.209575653076171875e-01
9.209575653076171875e-01
9.209575653076171875e-01
9.209575653076171875e-01
9.209575653076171875e-01
9.209575653076171875e-01
9.209575653076171875e-01
9.209575653076171875e-01
9.209575653076171875e-01
9.209575653076171875e-01
9.209575653076171875e-01
9.209575653076171875e-01
9.209575653076171875e-01
9.209575653076171875e-01
9.209575653076171875e-01
9.209575653076171875e-01
9.209575653076171875e-01
9.209575653076171875e-01
9.209575653076171875e-01
2.078949451446533203e+00
2.078949451446533203e+00
2.078949451446533203e+00
2.078949451446533203e+00
2.078949451446533203e+00
2.078949451446533203e+00
2.078949451446533203e+00
2.078949451446533203e+00
2.078949451446533203e+00
2.078949451446533203e+00
2.281968116760253906e+00
2.281968116760253906e+00
2.281968116760253906e+00
3.953220605850219727e+00
2.353424072265625000e+00
2.353424072265625000e+00
2.391365528106689453e+00
2.391365528106689453e+00
2.391365528106689453e+00
2.391365528106689453e+00
2.391365528106689453e+00
3.123145341873168945e+00
3.123145341873168945e+00
3.123145341873168945e+00
3.123145341873168945e+00
3.123145341873168945e+00
3.123145341873168945e+00
3.123145341873168945e+00
3.123145341873168945e+00
3.123145341873168945e+00
3.123145341873168945e+00
2.618937730789184570e+00
3.078318357467651367e+00
3.078318357467651367e+00
4.048211097717285156e+00
4.048211097717285156e+00
4.048211097717285156e+00
4.048211097717285156e+00
4.048211097717285156e+00
2.062968254089355469e+00
2.062968254089355469e+00
2.062968254089355469e+00
2.062968254089355469e+00
2.062968254089355469e+00
2.062968254089355469e+00
2.062968254089355469e+00
2.062968254089355469e+00
2.062968254089355469e+00
6.605992317199707031e-01
6.605992317199707031e-01
6.605992317199707031e-01
6.605992317199707031e-01
6.605992317199707031e-01
6.605992317199707031e-01
6.605992317199707031e-01
6.605992317199707031e-01
6.605992317199707031e-01
6.605992317199707031e-01
6.605992317199707031e-01
6.605992317199707031e-01
6.605992317199707031e-01
1.424737095832824707e+00
1.424737095832824707e+00
1.138555407524108887e+00
1.138555407524108887e+00
9.759455323219299316e-01
1.417436599731445312e+00
1.417436599731445312e+00
1.417436599731445312e+00
1.417436599731445312e+00
1.417436599731445312e+00
9.598885178565979004e-01
9.598885178565979004e-01
9.598885178565979004e-01
9.598885178565979004e-01
