1.242547512054443359e+00
1.242547512054443359e+00
1.242547512054443359e+00
1.242547512054443359e+00
1.242547512054443359e+00
1.242547512054443359e+00
1.242547512054443359e+00
1.242547512054443359e+00
1.242547512054443359e+00
1.248014450073242188e+00
1.248014450073242188e+00
1.248014450073242188e+00
1.248014450073242188e+00
1.248014450073242188e+00
1.248014450073242188e+00
1.248014450073242188e+00
1.248014450073242188e+00
1.248014450073242188e+00
1.248014450073242188e+00
1.248014450073242188e+00
1.248014450073242188e+00
1.248014450073242188e+00
1.248014450073242188e+00
1.533927083015441895e+00
1.533927083015441895e+00
1.533927083015441895e+00
1.703181624412536621e+00
1.929977297782897949e+00
1.929977297782897949e+00
1.929977297782897949e+00
1.929977297782897949e+00
1.929977297782897949e+00
1.929977297782897949e+00
2.247209310531616211e+00
1.229386568069458008e+00
1.229386568069458008e+00
1.229386568069458008e+00
1.229386568069458008e+00
1.229386568069458008e+00
1.229386568069458008e+00
1.229386568069458008e+00
1.229386568069458008e+00
1.229386568069458008e+00
1.229386568069458008e+00
1.229386568069458008e+00
1.229386568069458008e+00
5.048898458480834961e-01
6.166582703590393066e-01
1.872007369995117188e+00
1.832839250564575195e+00
1.832839250564575195e+00
1.328397512435913086e+00
1.553193449974060059e+00
1.553193449974060059e+00
1.553193449974060059e+00
1.553193449974060059e+00
1.553193449974060059e+00
1.553193449974060059e+00
1.553193449974060059e+00
1.553193449974060059e+00
1.553193449974060059e+00
1.553193449974060059e+00
1.553193449974060059e+00
1.553193449974060059e+00
1.553193449974060059e+00
1.553193449974060059e+00
1.621297597885131836e+00
1.621297597885131836e+00
1.621297597885131836e+00
1.621297597885131836e+00
1.621297597885131836e+00
1.621297597885131836e+00
1.621297597885131836e+00
1.621297597885131836e+00
1.621297597885131836e+00
1.621297597885131836e+00
1.850011229515075684e+00
1.850011229515075684e+00
1.322184324264526367e+00
1.322184324264526367e+00
1.322184324264526367e+00
1.322184324264526367e+00
1.322184324264526367e+00
1.322184324264526367e+00
1.322184324264526367e+00
1.322184324264526367e+00
1.322184324264526367e+00
1.322184324264526367e+00
1.322184324264526367e+00
1.322184324264526367e+00
1.322184324264526367e+00
3.979212045669555664e-01
3.979212045669555664e-01
3.979212045669555664e-01
3.979212045669555664e-01
3.979212045669555664e-01
2.060218334197998047e+00
2.060218334197998047e+00
4.845564365386962891e-01
4.845564365386962891e-01
4.845564365386962891e-01
4.845564365386962891e-01
4.845564365386962891e-01
4.845564365386962891e-01
4.845564365386962891e-01
4.845564365386962891e-01
4.845564365386962891e-01
1.057201862335205078e+00
1.057201862335205078e+00
1.057201862335205078e+00
1.057201862335205078e+00
1.057201862335205078e+00
1.057201862335205078e+00
1.057201862335205078e+00
1.057201862335205078e+00
1.057201862335205078e+00
1.423423409461975098e+00
1.423423409461975098e+00
5.829505324363708496e-01
5.829505324363708496e-01
7.446393370628356934e-01
7.446393370628356934e-01
7.446393370628356934e-01
7.446393370628356934e-01
7.446393370628356934e-01
7.446393370628356934e-01
7.446393370628356934e-01
7.446393370628356934e-01
7.446393370628356934e-01
7.446393370628356934e-01
8.944133520126342773e-01
8.944133520126342773e-01
8.944133520126342773e-01
8.944133520126342773e-01
8.944133520126342773e-01
8.944133520126342773e-01
8.944133520126342773e-01
8.944133520126342773e-01
8.944133520126342773e-01
8.944133520126342773e-01
8.944133520126342773e-01
8.944133520126342773e-01
2.623158931732177734e+00
2.623158931732177734e+00
4.729788780212402344e+00
1.136142253875732422e+00
1.136142253875732422e+00
1.136142253875732422e+00
1.136142253875732422e+00
1.136142253875732422e+00
1.452067494392395020e+00
1.452067494392395020e+00
1.452067494392395020e+00
1.042590379714965820e+00
1.042590379714965820e+00
1.042590379714965820e+00
1.042590379714965820e+00
1.042590379714965820e+00
1.042590379714965820e+00
1.108024477958679199e+00
1.108024477958679199e+00
1.108024477958679199e+00
1.108024477958679199e+00
1.108024477958679199e+00
1.108024477958679199e+00
1.108024477958679199e+00
1.108024477958679199e+00
1.108024477958679199e+00
1.108024477958679199e+00
1.108024477958679199e+00
1.108024477958679199e+00
1.108024477958679199e+00
1.047898650169372559e+00
1.047898650169372559e+00
1.047898650169372559e+00
1.047898650169372559e+00
1.047898650169372559e+00
1.047898650169372559e+00
1.047898650169372559e+00
1.047898650169372559e+00
1.047898650169372559e+00
1.047898650169372559e+00
1.308657884597778320e+00
1.308657884597778320e+00
1.422987818717956543e+00
1.422987818717956543e+00
1.714865088462829590e+00
1.714865088462829590e+00
1.714865088462829590e+00
1.714865088462829590e+00
1.714865088462829590e+00
1.952282667160034180e+00
1.038575649261474609e+00
7.113751173019409180e-01
7.113751173019409180e-01
7.113751173019409180e-01
7.113751173019409180e-01
7.113751173019409180e-01
7.113751173019409180e-01
7.113751173019409180e-01
7.113751173019409180e-01
7.113751173019409180e-01
7.113751173019409180e-01
7.113751173019409180e-01
7.113751173019409180e-01
5.633249282836914062e-01
6.660882234573364258e-01
6.660882234573364258e-01
6.660882234573364258e-01
6.660882234573364258e-01
6.660882234573364258e-01
6.660882234573364258e-01
6.660882234573364258e-01
6.660882234573364258e-01
6.660882234573364258e-01
9.180761575698852539e-01
9.180761575698852539e-01
9.180761575698852539e-01
9.771898388862609863e-01
8.906391859054565430e-01
8.906391859054565430e-01
8.906391859054565430e-01
8.906391859054565430e-01
8.906391859054565430e-01
7.613997459411621094e-01
7.613997459411621094e-01
7.613997459411621094e-01
7.613997459411621094e-01
7.613997459411621094e-01
7.613997459411621094e-01
7.613997459411621094e-01
7.613997459411621094e-01
7.613997459411621094e-01
7.613997459411621094e-01
7.613997459411621094e-01
7.613997459411621094e-01
7.613997459411621094e-01
7.613997459411621094e-01
7.613997459411621094e-01
7.613997459411621094e-01
7.613997459411621094e-01
7.613997459411621094e-01
1.431248307228088379e+00
1.431248307228088379e+00
1.431248307228088379e+00
1.431248307228088379e+00
1.431248307228088379e+00
1.453488707542419434e+00
1.453488707542419434e+00
7.315906882286071777e-01
7.315906882286071777e-01
7.315906882286071777e-01
7.315906882286071777e-01
7.315906882286071777e-01
1.110023140907287598e+00
1.110023140907287598e+00
1.110023140907287598e+00
1.110023140907287598e+00
1.110023140907287598e+00
1.110023140907287598e+00
1.110023140907287598e+00
1.110023140907287598e+00
1.110023140907287598e+00
1.110023140907287598e+00
1.110023140907287598e+00
1.110023140907287598e+00
1.110023140907287598e+00
1.110023140907287598e+00
5.038309693336486816e-01
1.497325420379638672e+00
1.497325420379638672e+00
1.497325420379638672e+00
1.497325420379638672e+00
1.497325420379638672e+00
1.497325420379638672e+00
1.497325420379638672e+00
1.497325420379638672e+00
1.497325420379638672e+00
9.367973804473876953e-01
9.367973804473876953e-01
9.367973804473876953e-01
9.367973804473876953e-01
9.367973804473876953e-01
9.367973804473876953e-01
9.367973804473876953e-01
9.367973804473876953e-01
9.367973804473876953e-01
1.214699864387512207e+00
2.067680358886718750e+00
1.850510001182556152e+00
1.722058415412902832e+00
1.722058415412902832e+00
2.118736267089843750e+00
2.118736267089843750e+00
2.118736267089843750e+00
2.118736267089843750e+00
2.118736267089843750e+00
2.118736267089843750e+00
2.118736267089843750e+00
6.738508939743041992e-01
6.738508939743041992e-01
6.738508939743041992e-01
6.738508939743041992e-01
5.980509519577026367e-01
5.980509519577026367e-01
1.508317828178405762e+00
1.508317828178405762e+00
1.508317828178405762e+00
1.508317828178405762e+00
1.508317828178405762e+00
1.508317828178405762e+00
1.508317828178405762e+00
1.508317828178405762e+00
1.508317828178405762e+00
1.508317828178405762e+00
1.770159006118774414e+00
1.770159006118774414e+00
1.770159006118774414e+00
1.492809772491455078e+00
1.492809772491455078e+00
6.088514924049377441e-01
1.130156993865966797e+00
1.199445605278015137e+00
1.199445605278015137e+00
1.199445605278015137e+00
1.703404545783996582e+00
1.703404545783996582e+00
1.116255640983581543e+00
1.116255640983581543e+00
4.085530638694763184e-01
4.085530638694763184e-01
4.085530638694763184e-01
4.085530638694763184e-01
4.085530638694763184e-01
1.168185472488403320e+00
1.168185472488403320e+00
1.168185472488403320e+00
1.168185472488403320e+00
1.168185472488403320e+00
1.168185472488403320e+00
1.168185472488403320e+00
1.168185472488403320e+00
1.366346597671508789e+00
5.733351111412048340e-01
5.733351111412048340e-01
5.733351111412048340e-01
5.733351111412048340e-01
5.733351111412048340e-01
5.733351111412048340e-01
5.733351111412048340e-01
5.733351111412048340e-01
5.733351111412048340e-01
5.733351111412048340e-01
5.733351111412048340e-01
6.178447008132934570e-01
6.178447008132934570e-01
3.586994647979736328e+00
1.845843791961669922e+00
1.042110323905944824e+00
1.042110323905944824e+00
1.042110323905944824e+00
1.042110323905944824e+00
1.042110323905944824e+00
1.042110323905944824e+00
1.042110323905944824e+00
1.042110323905944824e+00
1.042110323905944824e+00
1.042110323905944824e+00
1.042110323905944824e+00
1.042110323905944824e+00
1.042110323905944824e+00
1.042110323905944824e+00
1.042110323905944824e+00
1.042110323905944824e+00
1.042110323905944824e+00
1.042110323905944824e+00
1.042110323905944824e+00
1.042110323905944824e+00
1.042110323905944824e+00
1.042110323905944824e+00
1.042110323905944824e+00
5.867787599563598633e-01
5.867787599563598633e-01
5.867787599563598633e-01
5.867787599563598633e-01
5.867787599563598633e-01
7.839170098304748535e-01
7.839170098304748535e-01
7.839170098304748535e-01
7.839170098304748535e-01
7.839170098304748535e-01
5.756375193595886230e-01
5.756375193595886230e-01
5.756375193595886230e-01
5.756375193595886230e-01
5.756375193595886230e-01
5.756375193595886230e-01
5.756375193595886230e-01
5.756375193595886230e-01
5.756375193595886230e-01
5.756375193595886230e-01
5.756375193595886230e-01
5.756375193595886230e-01
5.756375193595886230e-01
5.756375193595886230e-01
5.756375193595886230e-01
4.366037845611572266e+00
3.430087804794311523e+00
4.694649219512939453e+00
1.801199913024902344e+00
1.801199913024902344e+00
1.035228729248046875e+00
1.035228729248046875e+00
1.035228729248046875e+00
1.035228729248046875e+00
1.035228729248046875e+00
1.035228729248046875e+00
1.035228729248046875e+00
1.035228729248046875e+00
1.035228729248046875e+00
1.233856081962585449e+00
1.233856081962585449e+00
1.233856081962585449e+00
1.233856081962585449e+00
1.233856081962585449e+00
1.233856081962585449e+00
1.233856081962585449e+00
1.233856081962585449e+00
1.233856081962585449e+00
1.233856081962585449e+00
1.233856081962585449e+00
1.233856081962585449e+00
1.233856081962585449e+00
1.233856081962585449e+00
1.233856081962585449e+00
1.233856081962585449e+00
1.233856081962585449e+00
1.233856081962585449e+00
1.233856081962585449e+00
1.233856081962585449e+00
1.233856081962585449e+00
1.003517031669616699e+00
7.894031405448913574e-01
7.894031405448913574e-01
7.894031405448913574e-01
7.894031405448913574e-01
7.894031405448913574e-01
7.894031405448913574e-01
1.255860924720764160e+00
1.255860924720764160e+00
1.255860924720764160e+00
1.255860924720764160e+00
1.255860924720764160e+00
1.255860924720764160e+00
1.255860924720764160e+00
9.069159626960754395e-01
9.069159626960754395e-01
9.069159626960754395e-01
9.069159626960754395e-01
9.069159626960754395e-01
9.069159626960754395e-01
9.069159626960754395e-01
9.069159626960754395e-01
9.069159626960754395e-01
9.069159626960754395e-01
9.069159626960754395e-01
9.069159626960754395e-01
9.069159626960754395e-01
1.229215621948242188e+00
1.229215621948242188e+00
1.229215621948242188e+00
1.467111229896545410e+00
1.467111229896545410e+00
1.467111229896545410e+00
1.467111229896545410e+00
1.467111229896545410e+00
1.467111229896545410e+00
1.467111229896545410e+00
1.467111229896545410e+00
1.467111229896545410e+00
1.256545186042785645e+00
6.481077671051025391e-01
6.481077671051025391e-01
6.481077671051025391e-01
6.481077671051025391e-01
6.481077671051025391e-01
6.481077671051025391e-01
6.481077671051025391e-01
6.481077671051025391e-01
2.063349723815917969e+00
2.063349723815917969e+00
2.063349723815917969e+00
2.063349723815917969e+00
2.916471481323242188e+00
2.916471481323242188e+00
2.916471481323242188e+00
2.916471481323242188e+00
2.916471481323242188e+00
2.780173778533935547e+00
8.233946561813354492e-01
9.417033195495605469e-01
9.417033195495605469e-01
2.025304079055786133e+00
1.975091218948364258e+00
1.975091218948364258e+00
1.975091218948364258e+00
1.975091218948364258e+00
1.975091218948364258e+00
1.975091218948364258e+00
1.975091218948364258e+00
1.975091218948364258e+00
1.975091218948364258e+00
1.975091218948364258e+00
1.803205132484436035e+00
1.803205132484436035e+00
1.059982538223266602e+00
1.059982538223266602e+00
1.059982538223266602e+00
1.059982538223266602e+00
1.059982538223266602e+00
1.059982538223266602e+00
1.059982538223266602e+00
1.059982538223266602e+00
1.059982538223266602e+00
1.059982538223266602e+00
1.059982538223266602e+00
1.059982538223266602e+00
1.059982538223266602e+00
1.059982538223266602e+00
1.059982538223266602e+00
1.059982538223266602e+00
1.059982538223266602e+00
1.059982538223266602e+00
1.059982538223266602e+00
1.059982538223266602e+00
1.059982538223266602e+00
6.632173657417297363e-01
6.632173657417297363e-01
6.632173657417297363e-01
6.632173657417297363e-01
6.632173657417297363e-01
6.632173657417297363e-01
8.376322984695434570e-01
8.376322984695434570e-01
8.376322984695434570e-01
1.110305786132812500e+00
1.110305786132812500e+00
1.110305786132812500e+00
1.110305786132812500e+00
1.110305786132812500e+00
1.110305786132812500e+00
1.110305786132812500e+00
1.110305786132812500e+00
1.110305786132812500e+00
1.110305786132812500e+00
1.110305786132812500e+00
1.110305786132812500e+00
1.110305786132812500e+00
1.972840666770935059e+00
1.972840666770935059e+00
1.972840666770935059e+00
1.179895877838134766e+00
1.684860467910766602e+00
2.032498121261596680e+00
2.544269084930419922e+00
2.544269084930419922e+00
2.544269084930419922e+00
2.544269084930419922e+00
2.544269084930419922e+00
2.544269084930419922e+00
2.544269084930419922e+00
2.389322280883789062e+00
1.365232467651367188e+00
1.365232467651367188e+00
1.365232467651367188e+00
1.365232467651367188e+00
1.365232467651367188e+00
1.077734351158142090e+00
1.778327226638793945e+00
1.778327226638793945e+00
1.778327226638793945e+00
8.621245622634887695e-01
8.621245622634887695e-01
8.621245622634887695e-01
8.135743141174316406e-01
8.135743141174316406e-01
8.135743141174316406e-01
8.135743141174316406e-01
6.156387329101562500e-01
6.156387329101562500e-01
6.156387329101562500e-01
6.156387329101562500e-01
6.156387329101562500e-01
6.156387329101562500e-01
6.156387329101562500e-01
6.156387329101562500e-01
6.156387329101562500e-01
6.156387329101562500e-01
6.156387329101562500e-01
6.156387329101562500e-01
6.156387329101562500e-01
1.951492071151733398e+00
2.250664234161376953e+00
2.250664234161376953e+00
2.250664234161376953e+00
1.779166936874389648e+00
9.319566488265991211e-01
9.319566488265991211e-01
9.319566488265991211e-01
1.413287878036499023e+00
1.413287878036499023e+00
1.413287878036499023e+00
1.413287878036499023e+00
1.413287878036499023e+00
1.413287878036499023e+00
1.844166278839111328e+00
1.844166278839111328e+00
1.844166278839111328e+00
1.844166278839111328e+00
1.844166278839111328e+00
1.088259458541870117e+00
1.088259458541870117e+00
1.088259458541870117e+00
1.088259458541870117e+00
1.088259458541870117e+00
7.676824331283569336e-01
7.676824331283569336e-01
7.676824331283569336e-01
7.676824331283569336e-01
7.676824331283569336e-01
7.676824331283569336e-01
7.676824331283569336e-01
8.322103619575500488e-01
8.322103619575500488e-01
8.322103619575500488e-01
8.322103619575500488e-01
8.322103619575500488e-01
8.322103619575500488e-01
8.322103619575500488e-01
7.203365564346313477e-01
7.203365564346313477e-01
7.203365564346313477e-01
7.203365564346313477e-01
1.100903749465942383e+00
1.100903749465942383e+00
5.551475286483764648e-01
9.037330746650695801e-01
9.037330746650695801e-01
9.237248897552490234e-01
9.237248897552490234e-01
9.237248897552490234e-01
9.237248897552490234e-01
9.237248897552490234e-01
9.237248897552490234e-01
9.237248897552490234e-01
9.237248897552490234e-01
9.237248897552490234e-01
9.237248897552490234e-01
9.237248897552490234e-01
9.237248897552490234e-01
9.237248897552490234e-01
9.237248897552490234e-01
9.237248897552490234e-01
9.237248897552490234e-01
9.237248897552490234e-01
9.237248897552490234e-01
7.623672485351562500e-01
7.623672485351562500e-01
7.623672485351562500e-01
7.623672485351562500e-01
1.721642017364501953e+00
1.997847676277160645e+00
6.083490848541259766e-01
6.083490848541259766e-01
6.083490848541259766e-01
6.083490848541259766e-01
6.083490848541259766e-01
6.083490848541259766e-01
6.083490848541259766e-01
6.083490848541259766e-01
6.083490848541259766e-01
5.639122724533081055e-01
5.639122724533081055e-01
8.769618272781372070e-01
8.769618272781372070e-01
8.769618272781372070e-01
8.769618272781372070e-01
8.769618272781372070e-01
8.769618272781372070e-01
8.769618272781372070e-01
8.769618272781372070e-01
8.769618272781372070e-01
1.620638608932495117e+00
1.620638608932495117e+00
1.093882441520690918e+00
1.093882441520690918e+00
1.093882441520690918e+00
1.093882441520690918e+00
1.093882441520690918e+00
1.093882441520690918e+00
1.093882441520690918e+00
7.043020725250244141e-01
7.043020725250244141e-01
7.043020725250244141e-01
7.043020725250244141e-01
7.043020725250244141e-01
7.043020725250244141e-01
7.043020725250244141e-01
7.043020725250244141e-01
7.043020725250244141e-01
7.043020725250244141e-01
2.421604156494140625e+00
2.421604156494140625e+00
2.421604156494140625e+00
2.421604156494140625e+00
2.421604156494140625e+00
2.421604156494140625e+00
2.421604156494140625e+00
1.109679102897644043e+00
1.109679102897644043e+00
1.109679102897644043e+00
1.109679102897644043e+00
1.109679102897644043e+00
1.109679102897644043e+00
1.109679102897644043e+00
1.109679102897644043e+00
1.109679102897644043e+00
1.109679102897644043e+00
1.109679102897644043e+00
1.109679102897644043e+00
1.109679102897644043e+00
1.109679102897644043e+00
1.109679102897644043e+00
1.109679102897644043e+00
1.109679102897644043e+00
6.255269646644592285e-01
6.255269646644592285e-01
6.255269646644592285e-01
6.255269646644592285e-01
6.255269646644592285e-01
6.255269646644592285e-01
6.255269646644592285e-01
6.255269646644592285e-01
6.255269646644592285e-01
6.255269646644592285e-01
6.255269646644592285e-01
6.255269646644592285e-01
6.255269646644592285e-01
6.255269646644592285e-01
6.255269646644592285e-01
1.344033479690551758e+00
1.344033479690551758e+00
1.246759176254272461e+00
1.246759176254272461e+00
1.310470342636108398e+00
1.310470342636108398e+00
1.310470342636108398e+00
1.310470342636108398e+00
1.694017767906188965e+00
1.694017767906188965e+00
1.694017767906188965e+00
1.694017767906188965e+00
1.694017767906188965e+00
1.694017767906188965e+00
6.722251176834106445e-01
6.722251176834106445e-01
6.722251176834106445e-01
6.722251176834106445e-01
6.722251176834106445e-01
6.722251176834106445e-01
8.868050575256347656e-01
8.868050575256347656e-01
7.304140925407409668e-01
7.304140925407409668e-01
7.304140925407409668e-01
8.479545116424560547e-01
8.479545116424560547e-01
8.479545116424560547e-01
8.479545116424560547e-01
8.479545116424560547e-01
8.479545116424560547e-01
8.479545116424560547e-01
1.418267011642456055e+00
1.418267011642456055e+00
1.418267011642456055e+00
1.418267011642456055e+00
1.418267011642456055e+00
1.418267011642456055e+00
1.418267011642456055e+00
1.418267011642456055e+00
1.418267011642456055e+00
1.418267011642456055e+00
1.418267011642456055e+00
1.418267011642456055e+00
1.418267011642456055e+00
1.418267011642456055e+00
1.418267011642456055e+00
1.418267011642456055e+00
1.418267011642456055e+00
1.766746997833251953e+00
1.339656352996826172e+00
4.219838380813598633e-01
4.219838380813598633e-01
4.219838380813598633e-01
4.219838380813598633e-01
4.219838380813598633e-01
4.219838380813598633e-01
7.560583353042602539e-01
7.560583353042602539e-01
9.263383150100708008e-01
9.263383150100708008e-01
8.331707715988159180e-01
8.331707715988159180e-01
8.331707715988159180e-01
8.331707715988159180e-01
8.331707715988159180e-01
1.814223527908325195e+00
1.814223527908325195e+00
1.814223527908325195e+00
1.814223527908325195e+00
1.814223527908325195e+00
1.814223527908325195e+00
1.814223527908325195e+00
1.814223527908325195e+00
1.814223527908325195e+00
1.352508902549743652e+00
1.352508902549743652e+00
1.352508902549743652e+00
1.212285637855529785e+00
1.212285637855529785e+00
1.212285637855529785e+00
2.087145328521728516e+00
2.087145328521728516e+00
2.087145328521728516e+00
2.087145328521728516e+00
7.707827091217041016e-01
7.707827091217041016e-01
7.707827091217041016e-01
7.707827091217041016e-01
7.707827091217041016e-01
7.707827091217041016e-01
7.707827091217041016e-01
7.707827091217041016e-01
7.707827091217041016e-01
7.707827091217041016e-01
7.707827091217041016e-01
9.607128500938415527e-01
9.607128500938415527e-01
9.607128500938415527e-01
9.607128500938415527e-01
9.607128500938415527e-01
9.607128500938415527e-01
7.930165529251098633e-01
7.930165529251098633e-01
7.930165529251098633e-01
7.930165529251098633e-01
7.930165529251098633e-01
7.930165529251098633e-01
7.930165529251098633e-01
7.930165529251098633e-01
4.948266148567199707e-01
1.126171231269836426e+00
1.126171231269836426e+00
1.126171231269836426e+00
1.126171231269836426e+00
1.126171231269836426e+00
1.126171231269836426e+00
1.126171231269836426e+00
1.126171231269836426e+00
1.126171231269836426e+00
1.126171231269836426e+00
1.126171231269836426e+00
1.126171231269836426e+00
1.126171231269836426e+00
7.815191745758056641e-01
7.815191745758056641e-01
7.815191745758056641e-01
7.815191745758056641e-01
7.815191745758056641e-01
7.815191745758056641e-01
7.815191745758056641e-01
7.815191745758056641e-01
7.815191745758056641e-01
7.815191745758056641e-01
7.815191745758056641e-01
7.815191745758056641e-01
7.815191745758056641e-01
8.453062772750854492e-01
8.453062772750854492e-01
8.268461227416992188e-01
8.268461227416992188e-01
8.268461227416992188e-01
8.268461227416992188e-01
8.268461227416992188e-01
8.268461227416992188e-01
8.268461227416992188e-01
8.268461227416992188e-01
8.268461227416992188e-01
8.268461227416992188e-01
8.268461227416992188e-01
1.180024147033691406e+00
1.180024147033691406e+00
1.180024147033691406e+00
1.180024147033691406e+00
1.180024147033691406e+00
1.180024147033691406e+00
1.180024147033691406e+00
1.180024147033691406e+00
1.464604377746582031e+00
1.464604377746582031e+00
1.464604377746582031e+00
1.464604377746582031e+00
7.568309307098388672e-01
7.568309307098388672e-01
7.568309307098388672e-01
7.568309307098388672e-01
7.568309307098388672e-01
7.568309307098388672e-01
7.568309307098388672e-01
7.568309307098388672e-01
7.568309307098388672e-01
7.568309307098388672e-01
7.568309307098388672e-01
7.568309307098388672e-01
9.210377931594848633e-01
9.210377931594848633e-01
9.210377931594848633e-01
9.210377931594848633e-01
9.210377931594848633e-01
9.210377931594848633e-01
9.210377931594848633e-01
9.210377931594848633e-01
9.210377931594848633e-01
9.210377931594848633e-01
9.210377931594848633e-01
9.210377931594848633e-01
9.210377931594848633e-01
9.210377931594848633e-01
9.210377931594848633e-01
9.210377931594848633e-01
9.210377931594848633e-01
9.210377931594848633e-01
1.039181470870971680e+00
1.039181470870971680e+00
1.039181470870971680e+00
9.188808202743530273e-01
9.188808202743530273e-01
9.188808202743530273e-01
9.188808202743530273e-01
6.180409193038940430e-01
1.324247479438781738e+00
1.324247479438781738e+00
1.324247479438781738e+00
1.324247479438781738e+00
1.324247479438781738e+00
1.324247479438781738e+00
1.324247479438781738e+00
9.805158376693725586e-01
9.805158376693725586e-01
9.805158376693725586e-01
9.805158376693725586e-01
9.805158376693725586e-01
2.022841215133666992e+00
2.022841215133666992e+00
2.022841215133666992e+00
5.752595663070678711e-01
5.752595663070678711e-01
5.752595663070678711e-01
5.752595663070678711e-01
5.752595663070678711e-01
5.752595663070678711e-01
5.752595663070678711e-01
5.752595663070678711e-01
5.752595663070678711e-01
5.752595663070678711e-01
5.752595663070678711e-01
6.478745937347412109e-01
6.478745937347412109e-01
6.478745937347412109e-01
6.478745937347412109e-01
6.478745937347412109e-01
6.478745937347412109e-01
6.478745937347412109e-01
6.478745937347412109e-01
6.478745937347412109e-01
1.708116650581359863e+00
1.034865617752075195e+00
1.034865617752075195e+00
1.034865617752075195e+00
1.034865617752075195e+00
1.034865617752075195e+00
1.034865617752075195e+00
1.034865617752075195e+00
1.034865617752075195e+00
1.034865617752075195e+00
1.034865617752075195e+00
1.034865617752075195e+00
1.034865617752075195e+00
1.034865617752075195e+00
7.907396554946899414e-01
7.907396554946899414e-01
1.176928877830505371e+00
1.176928877830505371e+00
1.176928877830505371e+00
1.176928877830505371e+00
1.176928877830505371e+00
1.176928877830505371e+00
1.176928877830505371e+00
1.176928877830505371e+00
9.574087858200073242e-01
9.574087858200073242e-01
9.574087858200073242e-01
9.574087858200073242e-01
9.574087858200073242e-01
9.574087858200073242e-01
9.574087858200073242e-01
9.574087858200073242e-01
1.792215585708618164e+00
1.792215585708618164e+00
1.792215585708618164e+00
1.707798480987548828e+00
1.707798480987548828e+00
1.707798480987548828e+00
1.707798480987548828e+00
1.262624144554138184e+00
7.961853742599487305e-01
5.726722478866577148e-01
5.726722478866577148e-01
5.726722478866577148e-01
5.726722478866577148e-01
5.726722478866577148e-01
4.605592489242553711e-01
4.605592489242553711e-01
4.605592489242553711e-01
4.605592489242553711e-01
4.605592489242553711e-01
1.885742664337158203e+00
1.885742664337158203e+00
2.957150697708129883e+00
2.191975116729736328e+00
2.191975116729736328e+00
5.820438861846923828e-01
5.087153911590576172e-01
5.087153911590576172e-01
7.485407590866088867e-01
7.485407590866088867e-01
7.485407590866088867e-01
7.485407590866088867e-01
7.485407590866088867e-01
7.485407590866088867e-01
1.345461130142211914e+00
1.345461130142211914e+00
1.345461130142211914e+00
1.345461130142211914e+00
1.345461130142211914e+00
1.345461130142211914e+00
1.345461130142211914e+00
1.345461130142211914e+00
1.345461130142211914e+00
1.345461130142211914e+00
1.345461130142211914e+00
1.345461130142211914e+00
1.345461130142211914e+00
1.345461130142211914e+00
1.345461130142211914e+00
1.345461130142211914e+00
1.345461130142211914e+00
1.345461130142211914e+00
1.345461130142211914e+00
1.345461130142211914e+00
1.345461130142211914e+00
1.345461130142211914e+00
1.345461130142211914e+00
8.890604972839355469e-01
8.890604972839355469e-01
8.890604972839355469e-01
8.890604972839355469e-01
8.890604972839355469e-01
8.890604972839355469e-01
8.890604972839355469e-01
8.890604972839355469e-01
8.890604972839355469e-01
8.890604972839355469e-01
1.021089076995849609e+00
1.021089076995849609e+00
1.021089076995849609e+00
1.021089076995849609e+00
1.021089076995849609e+00
1.174397349357604980e+00
1.174397349357604980e+00
1.174397349357604980e+00
1.174397349357604980e+00
1.174397349357604980e+00
1.174397349357604980e+00
1.368554830551147461e+00
1.368554830551147461e+00
1.368554830551147461e+00
1.368554830551147461e+00
2.557856559753417969e+00
2.557856559753417969e+00
2.557856559753417969e+00
2.557856559753417969e+00
2.557856559753417969e+00
1.098268032073974609e+00
1.098268032073974609e+00
1.098268032073974609e+00
1.228597879409790039e+00
1.228597879409790039e+00
1.228597879409790039e+00
1.228597879409790039e+00
1.228597879409790039e+00
8.937273025512695312e-01
8.937273025512695312e-01
8.937273025512695312e-01
8.937273025512695312e-01
8.937273025512695312e-01
8.937273025512695312e-01
8.937273025512695312e-01
8.937273025512695312e-01
8.937273025512695312e-01
8.937273025512695312e-01
8.937273025512695312e-01
8.937273025512695312e-01
8.937273025512695312e-01
7.204146385192871094e-01
7.204146385192871094e-01
7.204146385192871094e-01
7.204146385192871094e-01
7.204146385192871094e-01
7.779086828231811523e-01
7.779086828231811523e-01
8.212363123893737793e-01
1.080817937850952148e+00
1.080817937850952148e+00
1.080817937850952148e+00
1.080817937850952148e+00
1.080817937850952148e+00
1.080817937850952148e+00
1.080817937850952148e+00
1.080817937850952148e+00
1.080817937850952148e+00
1.080817937850952148e+00
1.080817937850952148e+00
1.080817937850952148e+00
1.080817937850952148e+00
1.080817937850952148e+00
1.080817937850952148e+00
1.080817937850952148e+00
8.235809206962585449e-01
8.235809206962585449e-01
8.235809206962585449e-01
8.235809206962585449e-01
8.235809206962585449e-01
1.607354879379272461e+00
1.607354879379272461e+00
1.097485065460205078e+00
1.097485065460205078e+00
1.097485065460205078e+00
1.097485065460205078e+00
1.097485065460205078e+00
1.097485065460205078e+00
1.097485065460205078e+00
1.097485065460205078e+00
1.097485065460205078e+00
1.097485065460205078e+00
1.097485065460205078e+00
1.060768961906433105e+00
1.060768961906433105e+00
6.294277310371398926e-01
1.523119211196899414e+00
1.523119211196899414e+00
1.523119211196899414e+00
1.523119211196899414e+00
1.523119211196899414e+00
1.523119211196899414e+00
1.523119211196899414e+00
7.264772653579711914e-01
7.264772653579711914e-01
7.264772653579711914e-01
7.264772653579711914e-01
7.264772653579711914e-01
7.264772653579711914e-01
7.264772653579711914e-01
7.264772653579711914e-01
7.264772653579711914e-01
7.264772653579711914e-01
7.264772653579711914e-01
7.264772653579711914e-01
6.317659020423889160e-01
6.317659020423889160e-01
6.317659020423889160e-01
6.317659020423889160e-01
6.317659020423889160e-01
6.317659020423889160e-01
6.317659020423889160e-01
6.317659020423889160e-01
6.317659020423889160e-01
6.317659020423889160e-01
6.317659020423889160e-01
6.317659020423889160e-01
6.317659020423889160e-01
6.317659020423889160e-01
6.317659020423889160e-01
6.317659020423889160e-01
6.317659020423889160e-01
6.317659020423889160e-01
1.635923385620117188e+00
1.635923385620117188e+00
1.635923385620117188e+00
8.383647203445434570e-01
6.766370534896850586e-01
1.209468126296997070e+00
1.209468126296997070e+00
1.209468126296997070e+00
1.209468126296997070e+00
1.209468126296997070e+00
7.959298491477966309e-01
7.959298491477966309e-01
1.127843499183654785e+00
1.127843499183654785e+00
1.127843499183654785e+00
9.065588712692260742e-01
9.065588712692260742e-01
9.065588712692260742e-01
9.065588712692260742e-01
9.065588712692260742e-01
9.065588712692260742e-01
9.065588712692260742e-01
9.065588712692260742e-01
9.065588712692260742e-01
9.065588712692260742e-01
9.065588712692260742e-01
9.065588712692260742e-01
9.065588712692260742e-01
9.065588712692260742e-01
1.099771618843078613e+00
6.794348955154418945e-01
6.794348955154418945e-01
7.703083753585815430e-01
7.703083753585815430e-01
7.703083753585815430e-01
7.703083753585815430e-01
7.703083753585815430e-01
7.703083753585815430e-01
7.703083753585815430e-01
6.377929449081420898e-01
6.377929449081420898e-01
6.377929449081420898e-01
8.731021285057067871e-01
8.731021285057067871e-01
8.731021285057067871e-01
8.731021285057067871e-01
8.731021285057067871e-01
8.731021285057067871e-01
8.731021285057067871e-01
1.831875085830688477e+00
3.185431480407714844e+00
2.225127696990966797e+00
2.225127696990966797e+00
2.225127696990966797e+00
2.225127696990966797e+00
2.225127696990966797e+00
2.225127696990966797e+00
2.225127696990966797e+00
2.225127696990966797e+00
2.225127696990966797e+00
2.225127696990966797e+00
2.225127696990966797e+00
2.225127696990966797e+00
2.225127696990966797e+00
8.366690874099731445e-01
8.366690874099731445e-01
8.366690874099731445e-01
8.366690874099731445e-01
8.366690874099731445e-01
8.366690874099731445e-01
8.366690874099731445e-01
8.366690874099731445e-01
8.366690874099731445e-01
8.366690874099731445e-01
8.366690874099731445e-01
8.366690874099731445e-01
8.366690874099731445e-01
1.139673948287963867e+00
9.104804992675781250e-01
1.588262438774108887e+00
6.947834491729736328e-01
6.947834491729736328e-01
6.947834491729736328e-01
6.947834491729736328e-01
6.947834491729736328e-01
7.238352894783020020e-01
7.238352894783020020e-01
7.238352894783020020e-01
7.238352894783020020e-01
7.238352894783020020e-01
7.238352894783020020e-01
7.238352894783020020e-01
7.238352894783020020e-01
7.238352894783020020e-01
7.238352894783020020e-01
6.332893371582031250e-01
6.332893371582031250e-01
6.332893371582031250e-01
6.332893371582031250e-01
1.161690235137939453e+00
1.161690235137939453e+00
1.161690235137939453e+00
6.847833991050720215e-01
6.847833991050720215e-01
6.847833991050720215e-01
1.328220844268798828e+00
1.328220844268798828e+00
1.328220844268798828e+00
1.328220844268798828e+00
1.328220844268798828e+00
1.328220844268798828e+00
1.328220844268798828e+00
1.328220844268798828e+00
1.328220844268798828e+00
1.328220844268798828e+00
1.328220844268798828e+00
1.328220844268798828e+00
1.328220844268798828e+00
1.328220844268798828e+00
1.328220844268798828e+00
1.328220844268798828e+00
1.328220844268798828e+00
7.220696210861206055e-01
7.220696210861206055e-01
7.220696210861206055e-01
7.220696210861206055e-01
7.220696210861206055e-01
7.220696210861206055e-01
7.220696210861206055e-01
7.220696210861206055e-01
7.220696210861206055e-01
7.220696210861206055e-01
7.220696210861206055e-01
7.220696210861206055e-01
7.220696210861206055e-01
7.220696210861206055e-01
7.220696210861206055e-01
7.220696210861206055e-01
7.220696210861206055e-01
7.220696210861206055e-01
7.220696210861206055e-01
7.095732092857360840e-01
7.095732092857360840e-01
1.431873798370361328e+00
1.431873798370361328e+00
1.431873798370361328e+00
5.885623097419738770e-01
5.885623097419738770e-01
5.885623097419738770e-01
5.885623097419738770e-01
5.885623097419738770e-01
5.885623097419738770e-01
5.885623097419738770e-01
5.885623097419738770e-01
1.333058118820190430e+00
1.333058118820190430e+00
1.333058118820190430e+00
1.056821107864379883e+00
1.056821107864379883e+00
1.056821107864379883e+00
1.056821107864379883e+00
1.056821107864379883e+00
1.056821107864379883e+00
1.056821107864379883e+00
1.056821107864379883e+00
6.181694269180297852e-01
6.181694269180297852e-01
1.156311392784118652e+00
1.156311392784118652e+00
1.156311392784118652e+00
1.156311392784118652e+00
1.156311392784118652e+00
1.156311392784118652e+00
1.156311392784118652e+00
1.156311392784118652e+00
1.156311392784118652e+00
1.156311392784118652e+00
1.156311392784118652e+00
1.156311392784118652e+00
8.597373962402343750e-01
8.597373962402343750e-01
8.597373962402343750e-01
8.597373962402343750e-01
8.597373962402343750e-01
8.597373962402343750e-01
8.597373962402343750e-01
8.597373962402343750e-01
8.597373962402343750e-01
8.597373962402343750e-01
8.597373962402343750e-01
8.597373962402343750e-01
6.932082772254943848e-01
6.932082772254943848e-01
6.932082772254943848e-01
6.932082772254943848e-01
6.932082772254943848e-01
6.932082772254943848e-01
6.932082772254943848e-01
6.932082772254943848e-01
6.932082772254943848e-01
9.403014779090881348e-01
9.403014779090881348e-01
9.403014779090881348e-01
1.572572231292724609e+00
1.572572231292724609e+00
1.319031238555908203e+00
1.319031238555908203e+00
1.319031238555908203e+00
1.319031238555908203e+00
1.319031238555908203e+00
1.319031238555908203e+00
1.319031238555908203e+00
6.745817661285400391e-01
5.790446400642395020e-01
5.790446400642395020e-01
5.790446400642395020e-01
5.790446400642395020e-01
5.790446400642395020e-01
5.790446400642395020e-01
5.790446400642395020e-01
5.790446400642395020e-01
5.790446400642395020e-01
5.790446400642395020e-01
5.790446400642395020e-01
5.790446400642395020e-01
5.790446400642395020e-01
5.790446400642395020e-01
5.790446400642395020e-01
5.790446400642395020e-01
5.790446400642395020e-01
1.245961427688598633e+00
1.245961427688598633e+00
1.245961427688598633e+00
1.245961427688598633e+00
1.245961427688598633e+00
1.245961427688598633e+00
1.245961427688598633e+00
1.245961427688598633e+00
1.245961427688598633e+00
1.245961427688598633e+00
9.490233063697814941e-01
9.490233063697814941e-01
9.490233063697814941e-01
2.541519403457641602e+00
2.769058465957641602e+00
2.769058465957641602e+00
2.769058465957641602e+00
2.769058465957641602e+00
2.769058465957641602e+00
1.945070266723632812e+00
1.945070266723632812e+00
1.423127651214599609e+00
1.423127651214599609e+00
1.423127651214599609e+00
1.423127651214599609e+00
1.423127651214599609e+00
1.423127651214599609e+00
1.423127651214599609e+00
1.423127651214599609e+00
7.094535231590270996e-01
7.094535231590270996e-01
7.094535231590270996e-01
7.094535231590270996e-01
7.094535231590270996e-01
7.094535231590270996e-01
7.094535231590270996e-01
7.094535231590270996e-01
7.094535231590270996e-01
7.094535231590270996e-01
7.094535231590270996e-01
7.094535231590270996e-01
1.284934639930725098e+00
1.284934639930725098e+00
1.284934639930725098e+00
1.284934639930725098e+00
1.209389209747314453e+00
1.209389209747314453e+00
1.209389209747314453e+00
1.209389209747314453e+00
1.209389209747314453e+00
1.209389209747314453e+00
6.903360486030578613e-01
6.903360486030578613e-01
6.903360486030578613e-01
6.903360486030578613e-01
6.903360486030578613e-01
6.903360486030578613e-01
6.903360486030578613e-01
2.760400533676147461e+00
2.760400533676147461e+00
3.939579010009765625e+00
3.939579010009765625e+00
3.763957977294921875e+00
3.763957977294921875e+00
3.763957977294921875e+00
4.057012081146240234e+00
3.808389425277709961e+00
3.431694269180297852e+00
3.431694269180297852e+00
3.431694269180297852e+00
3.111917734146118164e+00
3.111917734146118164e+00
2.088591098785400391e+00
2.088591098785400391e+00
7.484970092773437500e-01
7.484970092773437500e-01
7.484970092773437500e-01
7.484970092773437500e-01
7.484970092773437500e-01
7.484970092773437500e-01
7.484970092773437500e-01
7.484970092773437500e-01
7.484970092773437500e-01
7.484970092773437500e-01
7.484970092773437500e-01
1.190758466720581055e+00
1.190758466720581055e+00
1.190758466720581055e+00
1.190758466720581055e+00
1.190758466720581055e+00
1.190758466720581055e+00
1.190758466720581055e+00
1.190758466720581055e+00
1.190758466720581055e+00
1.190758466720581055e+00
1.190758466720581055e+00
1.190758466720581055e+00
1.190758466720581055e+00
1.190758466720581055e+00
1.482019901275634766e+00
1.482019901275634766e+00
1.482019901275634766e+00
1.482019901275634766e+00
1.482019901275634766e+00
1.063620567321777344e+00
1.262494564056396484e+00
1.262494564056396484e+00
1.262494564056396484e+00
7.845003604888916016e-01
9.764244556427001953e-01
9.764244556427001953e-01
9.764244556427001953e-01
9.764244556427001953e-01
8.583723902702331543e-01
8.583723902702331543e-01
8.583723902702331543e-01
8.583723902702331543e-01
8.583723902702331543e-01
7.337662577629089355e-01
7.337662577629089355e-01
7.337662577629089355e-01
7.337662577629089355e-01
7.337662577629089355e-01
7.337662577629089355e-01
7.337662577629089355e-01
9.173085689544677734e-01
9.173085689544677734e-01
9.173085689544677734e-01
9.173085689544677734e-01
9.173085689544677734e-01
9.173085689544677734e-01
9.173085689544677734e-01
9.173085689544677734e-01
9.173085689544677734e-01
1.198037624359130859e+00
1.198037624359130859e+00
1.198037624359130859e+00
1.198037624359130859e+00
1.198037624359130859e+00
1.198037624359130859e+00
1.198037624359130859e+00
1.042370915412902832e+00
1.042370915412902832e+00
1.042370915412902832e+00
1.157771944999694824e+00
1.157771944999694824e+00
1.157771944999694824e+00
2.005881071090698242e+00
2.005881071090698242e+00
2.005881071090698242e+00
1.520666122436523438e+00
1.255829334259033203e+00
8.979057073593139648e-01
8.979057073593139648e-01
8.979057073593139648e-01
8.979057073593139648e-01
8.979057073593139648e-01
8.979057073593139648e-01
8.979057073593139648e-01
5.899301767349243164e-01
8.598839044570922852e-01
8.598839044570922852e-01
8.598839044570922852e-01
8.598839044570922852e-01
8.598839044570922852e-01
8.598839044570922852e-01
8.598839044570922852e-01
8.598839044570922852e-01
8.598839044570922852e-01
8.598839044570922852e-01
8.598839044570922852e-01
1.516686201095581055e+00
1.516686201095581055e+00
1.516686201095581055e+00
1.516686201095581055e+00
1.516686201095581055e+00
9.823971390724182129e-01
9.601678252220153809e-01
9.601678252220153809e-01
9.601678252220153809e-01
9.601678252220153809e-01
9.601678252220153809e-01
9.601678252220153809e-01
9.505475759506225586e-01
9.505475759506225586e-01
9.505475759506225586e-01
9.505475759506225586e-01
9.505475759506225586e-01
9.505475759506225586e-01
9.505475759506225586e-01
9.505475759506225586e-01
9.505475759506225586e-01
9.505475759506225586e-01
9.505475759506225586e-01
9.505475759506225586e-01
9.505475759506225586e-01
9.505475759506225586e-01
9.505475759506225586e-01
9.505475759506225586e-01
9.505475759506225586e-01
6.280031204223632812e-01
6.280031204223632812e-01
6.280031204223632812e-01
6.280031204223632812e-01
7.961415648460388184e-01
7.961415648460388184e-01
7.961415648460388184e-01
7.961415648460388184e-01
7.961415648460388184e-01
7.961415648460388184e-01
7.961415648460388184e-01
7.961415648460388184e-01
7.961415648460388184e-01
7.961415648460388184e-01
7.961415648460388184e-01
7.961415648460388184e-01
7.961415648460388184e-01
7.961415648460388184e-01
7.961415648460388184e-01
7.961415648460388184e-01
1.469984292984008789e+00
1.469984292984008789e+00
1.469984292984008789e+00
1.469984292984008789e+00
1.469984292984008789e+00
1.469984292984008789e+00
1.469984292984008789e+00
1.198282599449157715e+00
1.198282599449157715e+00
1.198282599449157715e+00
1.198282599449157715e+00
1.198282599449157715e+00
1.544527530670166016e+00
1.544527530670166016e+00
1.544527530670166016e+00
1.558504104614257812e+00
1.558504104614257812e+00
1.558504104614257812e+00
1.558504104614257812e+00
1.558504104614257812e+00
1.558504104614257812e+00
1.558504104614257812e+00
1.558504104614257812e+00
1.558504104614257812e+00
1.031748533248901367e+00
1.031748533248901367e+00
1.031748533248901367e+00
1.031748533248901367e+00
1.031748533248901367e+00
1.031748533248901367e+00
1.031748533248901367e+00
1.031748533248901367e+00
1.031748533248901367e+00
1.004604339599609375e+00
1.004604339599609375e+00
1.004604339599609375e+00
1.004604339599609375e+00
1.004604339599609375e+00
8.113626241683959961e-01
8.113626241683959961e-01
8.113626241683959961e-01
8.113626241683959961e-01
8.113626241683959961e-01
6.928837895393371582e-01
8.376077413558959961e-01
7.528061866760253906e-01
4.439494609832763672e-01
4.439494609832763672e-01
4.439494609832763672e-01
4.439494609832763672e-01
4.439494609832763672e-01
4.439494609832763672e-01
4.439494609832763672e-01
4.439494609832763672e-01
6.557542085647583008e-01
1.954074978828430176e+00
1.178797006607055664e+00
1.178797006607055664e+00
1.178797006607055664e+00
1.178797006607055664e+00
1.178797006607055664e+00
1.178797006607055664e+00
1.178797006607055664e+00
1.178797006607055664e+00
1.178797006607055664e+00
1.178797006607055664e+00
1.178797006607055664e+00
1.178797006607055664e+00
1.178797006607055664e+00
1.178797006607055664e+00
1.178797006607055664e+00
1.178797006607055664e+00
1.496910810470581055e+00
1.496910810470581055e+00
1.496910810470581055e+00
1.496910810470581055e+00
1.496910810470581055e+00
1.496910810470581055e+00
1.496910810470581055e+00
1.496910810470581055e+00
1.496910810470581055e+00
1.496910810470581055e+00
1.496910810470581055e+00
1.496910810470581055e+00
1.496910810470581055e+00
1.496910810470581055e+00
1.496910810470581055e+00
1.496910810470581055e+00
1.496910810470581055e+00
1.496910810470581055e+00
1.496910810470581055e+00
1.496910810470581055e+00
1.496910810470581055e+00
1.478030204772949219e+00
1.478030204772949219e+00
1.478030204772949219e+00
1.478030204772949219e+00
1.478030204772949219e+00
1.478030204772949219e+00
1.478030204772949219e+00
1.615532517433166504e+00
1.615532517433166504e+00
6.867451667785644531e-01
6.867451667785644531e-01
7.511674165725708008e-01
1.516033768653869629e+00
1.437774300575256348e+00
1.437774300575256348e+00
1.369625210762023926e+00
1.369625210762023926e+00
1.369625210762023926e+00
1.369625210762023926e+00
1.369625210762023926e+00
1.369625210762023926e+00
1.369625210762023926e+00
1.369625210762023926e+00
1.369625210762023926e+00
1.369625210762023926e+00
1.369625210762023926e+00
2.266468763351440430e+00
2.266468763351440430e+00
2.131678581237792969e+00
2.131678581237792969e+00
2.131678581237792969e+00
2.131678581237792969e+00
1.554587960243225098e+00
1.554587960243225098e+00
1.554587960243225098e+00
1.932461142539978027e+00
1.932461142539978027e+00
1.932461142539978027e+00
1.932461142539978027e+00
1.932461142539978027e+00
1.932461142539978027e+00
1.932461142539978027e+00
1.932461142539978027e+00
1.932461142539978027e+00
1.932461142539978027e+00
1.878902792930603027e+00
1.878902792930603027e+00
2.772844791412353516e+00
2.772844791412353516e+00
3.915123939514160156e-01
3.915123939514160156e-01
3.915123939514160156e-01
4.638859629631042480e-01
4.638859629631042480e-01
4.638859629631042480e-01
4.638859629631042480e-01
4.638859629631042480e-01
4.638859629631042480e-01
4.638859629631042480e-01
1.377808570861816406e+00
1.377808570861816406e+00
1.377808570861816406e+00
6.313428282737731934e-01
1.496026873588562012e+00
1.496026873588562012e+00
1.496026873588562012e+00
1.496026873588562012e+00
1.562525033950805664e+00
1.562525033950805664e+00
1.562525033950805664e+00
1.562525033950805664e+00
1.562525033950805664e+00
1.020201683044433594e+00
1.020201683044433594e+00
1.020201683044433594e+00
1.020201683044433594e+00
1.020201683044433594e+00
1.020201683044433594e+00
1.020201683044433594e+00
1.020201683044433594e+00
1.020201683044433594e+00
1.020201683044433594e+00
1.020201683044433594e+00
1.020201683044433594e+00
1.020201683044433594e+00
1.020201683044433594e+00
1.020201683044433594e+00
1.020201683044433594e+00
1.020201683044433594e+00
1.020201683044433594e+00
1.020201683044433594e+00
1.020201683044433594e+00
1.020201683044433594e+00
1.020201683044433594e+00
1.020201683044433594e+00
1.020201683044433594e+00
1.020201683044433594e+00
1.020201683044433594e+00
1.020201683044433594e+00
1.020201683044433594e+00
1.020201683044433594e+00
1.020201683044433594e+00
1.020201683044433594e+00
1.020201683044433594e+00
1.020201683044433594e+00
1.020201683044433594e+00
1.020201683044433594e+00
1.020201683044433594e+00
1.020201683044433594e+00
1.020201683044433594e+00
1.020201683044433594e+00
1.020201683044433594e+00
1.020201683044433594e+00
1.020201683044433594e+00
1.020201683044433594e+00
1.020201683044433594e+00
1.020201683044433594e+00
1.020201683044433594e+00
1.020201683044433594e+00
1.020201683044433594e+00
1.020201683044433594e+00
1.020201683044433594e+00
1.020201683044433594e+00
8.201497793197631836e-01
8.201497793197631836e-01
8.201497793197631836e-01
8.201497793197631836e-01
8.201497793197631836e-01
8.201497793197631836e-01
8.201497793197631836e-01
8.201497793197631836e-01
8.201497793197631836e-01
8.201497793197631836e-01
8.572620749473571777e-01
8.572620749473571777e-01
8.572620749473571777e-01
8.572620749473571777e-01
8.712177276611328125e-01
8.409828543663024902e-01
8.409828543663024902e-01
8.409828543663024902e-01
8.409828543663024902e-01
8.409828543663024902e-01
8.409828543663024902e-01
8.409828543663024902e-01
8.409828543663024902e-01
8.409828543663024902e-01
8.409828543663024902e-01
9.274480342864990234e-01
9.274480342864990234e-01
9.274480342864990234e-01
9.274480342864990234e-01
9.274480342864990234e-01
9.274480342864990234e-01
9.274480342864990234e-01
9.274480342864990234e-01
9.274480342864990234e-01
9.274480342864990234e-01
9.274480342864990234e-01
9.274480342864990234e-01
9.274480342864990234e-01
1.646750688552856445e+00
1.233624458312988281e+00
1.233624458312988281e+00
1.233624458312988281e+00
1.233624458312988281e+00
1.233624458312988281e+00
1.233624458312988281e+00
1.233624458312988281e+00
1.278867125511169434e+00
1.278867125511169434e+00
1.278867125511169434e+00
1.278867125511169434e+00
1.278867125511169434e+00
1.278867125511169434e+00
1.278867125511169434e+00
2.732999801635742188e+00
3.392642736434936523e+00
1.126866340637207031e+00
1.126866340637207031e+00
1.126866340637207031e+00
1.126866340637207031e+00
1.126866340637207031e+00
1.126866340637207031e+00
8.602817058563232422e-01
8.602817058563232422e-01
8.602817058563232422e-01
5.973309278488159180e-01
5.973309278488159180e-01
5.973309278488159180e-01
5.973309278488159180e-01
5.973309278488159180e-01
5.973309278488159180e-01
5.973309278488159180e-01
5.973309278488159180e-01
5.973309278488159180e-01
5.973309278488159180e-01
5.973309278488159180e-01
5.973309278488159180e-01
1.206704497337341309e+00
1.206704497337341309e+00
1.206704497337341309e+00
8.637973070144653320e-01
8.637973070144653320e-01
8.637973070144653320e-01
8.637973070144653320e-01
8.637973070144653320e-01
8.637973070144653320e-01
8.637973070144653320e-01
8.637973070144653320e-01
8.637973070144653320e-01
8.637973070144653320e-01
8.637973070144653320e-01
9.596844911575317383e-01
9.596844911575317383e-01
9.596844911575317383e-01
9.596844911575317383e-01
9.596844911575317383e-01
1.367798686027526855e+00
1.484828591346740723e+00
1.195137977600097656e+00
1.195137977600097656e+00
1.195137977600097656e+00
1.195137977600097656e+00
1.195137977600097656e+00
1.195137977600097656e+00
1.195137977600097656e+00
1.195137977600097656e+00
1.195137977600097656e+00
7.969124317169189453e-01
1.653511285781860352e+00
1.653511285781860352e+00
1.653511285781860352e+00
1.653511285781860352e+00
1.653511285781860352e+00
1.653511285781860352e+00
1.653511285781860352e+00
1.653511285781860352e+00
1.653511285781860352e+00
5.056568384170532227e-01
5.056568384170532227e-01
5.056568384170532227e-01
5.056568384170532227e-01
5.056568384170532227e-01
5.056568384170532227e-01
5.056568384170532227e-01
5.056568384170532227e-01
5.056568384170532227e-01
5.056568384170532227e-01
5.056568384170532227e-01
5.056568384170532227e-01
5.056568384170532227e-01
5.056568384170532227e-01
5.056568384170532227e-01
5.056568384170532227e-01
1.748889803886413574e+00
1.885565876960754395e+00
1.885565876960754395e+00
1.885565876960754395e+00
7.972965240478515625e-01
7.972965240478515625e-01
7.972965240478515625e-01
1.612963199615478516e+00
1.612963199615478516e+00
1.331078290939331055e+00
1.331078290939331055e+00
1.331078290939331055e+00
1.331078290939331055e+00
1.331078290939331055e+00
1.331078290939331055e+00
1.331078290939331055e+00
9.278263449668884277e-01
9.278263449668884277e-01
9.278263449668884277e-01
9.278263449668884277e-01
9.278263449668884277e-01
9.278263449668884277e-01
9.278263449668884277e-01
9.278263449668884277e-01
9.278263449668884277e-01
9.278263449668884277e-01
9.278263449668884277e-01
9.278263449668884277e-01
9.278263449668884277e-01
5.984591245651245117e-01
5.984591245651245117e-01
5.984591245651245117e-01
5.984591245651245117e-01
9.734010696411132812e-01
9.734010696411132812e-01
9.734010696411132812e-01
9.734010696411132812e-01
9.734010696411132812e-01
9.734010696411132812e-01
9.734010696411132812e-01
9.734010696411132812e-01
9.734010696411132812e-01
9.734010696411132812e-01
2.477204799652099609e+00
2.477204799652099609e+00
2.477204799652099609e+00
2.477204799652099609e+00
2.477204799652099609e+00
2.477204799652099609e+00
2.477204799652099609e+00
2.477204799652099609e+00
2.473592996597290039e+00
2.473592996597290039e+00
1.155571699142456055e+00
1.155571699142456055e+00
1.155571699142456055e+00
1.155571699142456055e+00
1.155571699142456055e+00
1.155571699142456055e+00
1.155571699142456055e+00
1.155571699142456055e+00
1.155571699142456055e+00
1.155571699142456055e+00
1.623754024505615234e+00
1.623754024505615234e+00
1.623754024505615234e+00
1.735541582107543945e+00
1.735541582107543945e+00
1.066541194915771484e+00
1.066541194915771484e+00
1.066541194915771484e+00
1.066541194915771484e+00
1.066541194915771484e+00
1.066541194915771484e+00
1.066541194915771484e+00
1.066541194915771484e+00
1.066541194915771484e+00
1.190791845321655273e+00
1.190791845321655273e+00
1.190791845321655273e+00
1.190791845321655273e+00
1.190791845321655273e+00
1.190791845321655273e+00
1.190791845321655273e+00
1.190791845321655273e+00
1.190791845321655273e+00
1.190791845321655273e+00
1.190791845321655273e+00
1.190791845321655273e+00
1.190791845321655273e+00
1.190791845321655273e+00
1.190791845321655273e+00
1.190791845321655273e+00
7.112356424331665039e-01
7.112356424331665039e-01
7.112356424331665039e-01
7.112356424331665039e-01
7.112356424331665039e-01
1.308334350585937500e+00
1.230573773384094238e+00
4.462467432022094727e-01
4.462467432022094727e-01
4.462467432022094727e-01
4.462467432022094727e-01
4.462467432022094727e-01
4.462467432022094727e-01
4.462467432022094727e-01
4.462467432022094727e-01
4.462467432022094727e-01
1.614965796470642090e+00
1.614965796470642090e+00
1.614965796470642090e+00
1.614965796470642090e+00
1.482593774795532227e+00
1.482593774795532227e+00
6.915290951728820801e-01
6.915290951728820801e-01
1.081350326538085938e+00
1.081350326538085938e+00
1.081350326538085938e+00
1.081350326538085938e+00
1.081350326538085938e+00
7.021943330764770508e-01
7.021943330764770508e-01
7.021943330764770508e-01
7.021943330764770508e-01
1.022658348083496094e+00
1.022658348083496094e+00
1.022658348083496094e+00
1.022658348083496094e+00
1.022658348083496094e+00
1.022658348083496094e+00
1.022658348083496094e+00
6.460272073745727539e-01
6.460272073745727539e-01
6.460272073745727539e-01
1.272013425827026367e+00
1.272013425827026367e+00
1.272013425827026367e+00
1.272013425827026367e+00
7.399727702140808105e-01
7.399727702140808105e-01
7.399727702140808105e-01
7.399727702140808105e-01
1.937421798706054688e+00
1.159475564956665039e+00
1.159475564956665039e+00
1.159475564956665039e+00
1.159475564956665039e+00
2.174164295196533203e+00
2.174164295196533203e+00
7.797440290451049805e-01
7.797440290451049805e-01
7.797440290451049805e-01
7.797440290451049805e-01
9.515948891639709473e-01
9.515948891639709473e-01
9.515948891639709473e-01
9.515948891639709473e-01
7.142734527587890625e-01
7.275804281234741211e-01
7.275804281234741211e-01
1.371896028518676758e+00
1.411034345626831055e+00
1.411034345626831055e+00
1.411034345626831055e+00
9.793386459350585938e-01
9.793386459350585938e-01
9.793386459350585938e-01
9.793386459350585938e-01
5.785620808601379395e-01
5.785620808601379395e-01
5.785620808601379395e-01
5.785620808601379395e-01
5.785620808601379395e-01
9.760178327560424805e-01
9.760178327560424805e-01
9.760178327560424805e-01
9.760178327560424805e-01
1.263426780700683594e+00
1.263426780700683594e+00
1.263426780700683594e+00
1.263426780700683594e+00
1.263426780700683594e+00
1.263426780700683594e+00
1.263426780700683594e+00
1.263426780700683594e+00
1.263426780700683594e+00
1.263426780700683594e+00
1.263426780700683594e+00
1.263426780700683594e+00
3.698349714279174805e+00
3.698349714279174805e+00
3.698349714279174805e+00
3.698349714279174805e+00
3.274207115173339844e+00
2.480008363723754883e+00
2.480008363723754883e+00
2.733578205108642578e+00
2.733578205108642578e+00
4.959334373474121094e+00
4.959334373474121094e+00
2.542840480804443359e+00
1.684078693389892578e+00
1.617748260498046875e+00
1.617748260498046875e+00
1.617748260498046875e+00
1.617748260498046875e+00
1.617748260498046875e+00
1.617748260498046875e+00
1.617748260498046875e+00
1.617748260498046875e+00
1.617748260498046875e+00
1.148477435111999512e+00
1.148477435111999512e+00
1.148477435111999512e+00
1.148477435111999512e+00
1.148477435111999512e+00
4.510042071342468262e-01
4.510042071342468262e-01
4.510042071342468262e-01
4.510042071342468262e-01
5.883495807647705078e-01
1.280295372009277344e+00
1.280295372009277344e+00
1.280295372009277344e+00
1.280295372009277344e+00
5.496934056282043457e-01
5.496934056282043457e-01
5.496934056282043457e-01
5.496934056282043457e-01
1.092623353004455566e+00
1.092623353004455566e+00
1.092623353004455566e+00
1.092623353004455566e+00
1.108987331390380859e+00
1.108987331390380859e+00
1.108987331390380859e+00
1.108987331390380859e+00
1.108987331390380859e+00
1.108987331390380859e+00
1.108987331390380859e+00
1.108987331390380859e+00
1.108987331390380859e+00
1.108987331390380859e+00
1.108987331390380859e+00
1.108987331390380859e+00
1.903997659683227539e+00
1.042110204696655273e+00
1.042110204696655273e+00
1.042110204696655273e+00
1.042110204696655273e+00
1.042110204696655273e+00
1.042110204696655273e+00
1.042110204696655273e+00
1.042110204696655273e+00
1.042110204696655273e+00
1.042110204696655273e+00
1.071597456932067871e+00
1.071597456932067871e+00
1.071597456932067871e+00
1.071597456932067871e+00
1.071597456932067871e+00
1.071597456932067871e+00
1.071597456932067871e+00
1.071597456932067871e+00
1.071597456932067871e+00
1.071597456932067871e+00
1.071597456932067871e+00
1.071597456932067871e+00
1.030827522277832031e+00
1.774633049964904785e+00
1.774633049964904785e+00
1.436389565467834473e+00
1.436389565467834473e+00
6.566231846809387207e-01
6.566231846809387207e-01
6.566231846809387207e-01
6.566231846809387207e-01
6.566231846809387207e-01
6.566231846809387207e-01
6.566231846809387207e-01
6.566231846809387207e-01
6.566231846809387207e-01
6.566231846809387207e-01
6.566231846809387207e-01
6.566231846809387207e-01
6.566231846809387207e-01
6.566231846809387207e-01
6.566231846809387207e-01
1.164155006408691406e+00
1.164155006408691406e+00
1.164155006408691406e+00
1.164155006408691406e+00
1.164155006408691406e+00
1.164155006408691406e+00
1.164155006408691406e+00
1.164155006408691406e+00
1.164155006408691406e+00
1.164155006408691406e+00
2.116023540496826172e+00
2.116023540496826172e+00
2.116023540496826172e+00
1.967550158500671387e+00
7.460533380508422852e-01
7.460533380508422852e-01
7.460533380508422852e-01
7.460533380508422852e-01
7.460533380508422852e-01
7.460533380508422852e-01
2.052564144134521484e+00
1.091084241867065430e+00
1.091084241867065430e+00
1.091084241867065430e+00
1.091084241867065430e+00
1.342859387397766113e+00
1.342859387397766113e+00
1.342859387397766113e+00
1.043860912322998047e+00
1.043860912322998047e+00
1.043860912322998047e+00
1.043860912322998047e+00
1.043860912322998047e+00
1.036948561668395996e+00
1.036948561668395996e+00
1.036948561668395996e+00
1.036948561668395996e+00
1.036948561668395996e+00
1.036948561668395996e+00
4.810307025909423828e-01
4.810307025909423828e-01
4.810307025909423828e-01
4.810307025909423828e-01
4.810307025909423828e-01
4.810307025909423828e-01
5.683853030204772949e-01
5.683853030204772949e-01
5.683853030204772949e-01
5.683853030204772949e-01
5.683853030204772949e-01
5.683853030204772949e-01
1.462069988250732422e+00
1.462069988250732422e+00
1.462069988250732422e+00
1.462069988250732422e+00
1.462069988250732422e+00
1.462069988250732422e+00
1.462069988250732422e+00
1.462069988250732422e+00
1.462069988250732422e+00
1.462069988250732422e+00
8.760364651679992676e-01
8.760364651679992676e-01
7.054802775382995605e-01
8.419811129570007324e-01
8.419811129570007324e-01
8.419811129570007324e-01
8.419811129570007324e-01
8.419811129570007324e-01
8.419811129570007324e-01
8.419811129570007324e-01
8.419811129570007324e-01
8.419811129570007324e-01
8.419811129570007324e-01
8.419811129570007324e-01
8.419811129570007324e-01
8.419811129570007324e-01
8.419811129570007324e-01
9.304894208908081055e-01
9.304894208908081055e-01
9.304894208908081055e-01
9.304894208908081055e-01
9.304894208908081055e-01
9.304894208908081055e-01
9.304894208908081055e-01
9.304894208908081055e-01
8.492464423179626465e-01
8.492464423179626465e-01
8.492464423179626465e-01
8.492464423179626465e-01
8.492464423179626465e-01
8.492464423179626465e-01
8.492464423179626465e-01
8.492464423179626465e-01
8.492464423179626465e-01
8.492464423179626465e-01
8.492464423179626465e-01
8.492464423179626465e-01
8.492464423179626465e-01
8.492464423179626465e-01
8.542808294296264648e-01
8.542808294296264648e-01
8.542808294296264648e-01
8.542808294296264648e-01
8.542808294296264648e-01
8.542808294296264648e-01
8.542808294296264648e-01
8.542808294296264648e-01
8.542808294296264648e-01
8.542808294296264648e-01
8.542808294296264648e-01
8.542808294296264648e-01
8.542808294296264648e-01
8.542808294296264648e-01
8.542808294296264648e-01
7.737302184104919434e-01
1.334977149963378906e+00
1.334977149963378906e+00
1.334977149963378906e+00
1.334977149963378906e+00
1.334977149963378906e+00
1.334977149963378906e+00
1.334977149963378906e+00
1.153719425201416016e+00
1.153719425201416016e+00
7.076448202133178711e-01
7.076448202133178711e-01
7.076448202133178711e-01
7.076448202133178711e-01
7.076448202133178711e-01
7.076448202133178711e-01
7.076448202133178711e-01
7.028930187225341797e-01
7.028930187225341797e-01
7.028930187225341797e-01
7.028930187225341797e-01
7.028930187225341797e-01
9.793454408645629883e-01
8.995030522346496582e-01
8.995030522346496582e-01
8.995030522346496582e-01
8.995030522346496582e-01
8.995030522346496582e-01
8.995030522346496582e-01
8.995030522346496582e-01
8.995030522346496582e-01
8.995030522346496582e-01
8.995030522346496582e-01
8.995030522346496582e-01
8.995030522346496582e-01
8.995030522346496582e-01
8.995030522346496582e-01
8.995030522346496582e-01
8.995030522346496582e-01
8.995030522346496582e-01
8.995030522346496582e-01
8.995030522346496582e-01
8.995030522346496582e-01
8.995030522346496582e-01
1.542831897735595703e+00
1.542831897735595703e+00
1.542831897735595703e+00
1.542831897735595703e+00
1.542831897735595703e+00
1.542831897735595703e+00
1.542831897735595703e+00
7.386271953582763672e-01
7.386271953582763672e-01
7.386271953582763672e-01
7.386271953582763672e-01
7.386271953582763672e-01
1.667100787162780762e+00
7.783249020576477051e-01
7.783249020576477051e-01
7.994034886360168457e-01
7.994034886360168457e-01
7.994034886360168457e-01
7.994034886360168457e-01
7.994034886360168457e-01
7.994034886360168457e-01
7.994034886360168457e-01
7.994034886360168457e-01
7.994034886360168457e-01
7.994034886360168457e-01
7.994034886360168457e-01
7.994034886360168457e-01
1.502353310585021973e+00
1.502353310585021973e+00
1.502353310585021973e+00
1.502353310585021973e+00
1.222238063812255859e+00
1.222238063812255859e+00
1.761067390441894531e+00
1.761067390441894531e+00
1.761067390441894531e+00
1.761067390441894531e+00
1.761067390441894531e+00
6.581546068191528320e-01
6.581546068191528320e-01
6.581546068191528320e-01
6.581546068191528320e-01
6.581546068191528320e-01
6.581546068191528320e-01
6.581546068191528320e-01
6.581546068191528320e-01
6.581546068191528320e-01
6.581546068191528320e-01
6.581546068191528320e-01
6.581546068191528320e-01
6.581546068191528320e-01
6.581546068191528320e-01
6.581546068191528320e-01
6.581546068191528320e-01
6.581546068191528320e-01
6.581546068191528320e-01
6.581546068191528320e-01
6.581546068191528320e-01
1.082675695419311523e+00
1.082675695419311523e+00
9.236859083175659180e-01
9.236859083175659180e-01
8.333470821380615234e-01
1.078619956970214844e+00
1.078619956970214844e+00
1.034296274185180664e+00
1.034296274185180664e+00
1.034296274185180664e+00
7.801028490066528320e-01
7.801028490066528320e-01
7.801028490066528320e-01
7.801028490066528320e-01
7.801028490066528320e-01
7.801028490066528320e-01
7.801028490066528320e-01
7.801028490066528320e-01
7.801028490066528320e-01
7.801028490066528320e-01
7.801028490066528320e-01
7.801028490066528320e-01
7.801028490066528320e-01
7.801028490066528320e-01
1.211187362670898438e+00
1.211187362670898438e+00
1.211187362670898438e+00
1.211187362670898438e+00
1.211187362670898438e+00
1.211187362670898438e+00
1.211187362670898438e+00
1.211187362670898438e+00
1.211187362670898438e+00
1.211187362670898438e+00
1.211187362670898438e+00
1.211187362670898438e+00
1.211187362670898438e+00
1.211187362670898438e+00
1.211187362670898438e+00
1.211187362670898438e+00
1.211187362670898438e+00
1.211187362670898438e+00
1.211187362670898438e+00
1.435242533683776855e+00
1.435242533683776855e+00
1.435242533683776855e+00
1.188255906105041504e+00
1.188255906105041504e+00
1.188255906105041504e+00
1.188255906105041504e+00
1.188255906105041504e+00
1.188255906105041504e+00
1.529909849166870117e+00
1.529909849166870117e+00
1.114401459693908691e+00
1.290551185607910156e+00
1.290551185607910156e+00
1.290551185607910156e+00
1.290551185607910156e+00
1.290551185607910156e+00
1.290551185607910156e+00
1.290551185607910156e+00
1.290551185607910156e+00
1.290551185607910156e+00
1.290551185607910156e+00
1.290551185607910156e+00
1.290551185607910156e+00
1.290551185607910156e+00
1.290551185607910156e+00
1.290551185607910156e+00
1.442918181419372559e+00
1.446995615959167480e+00
1.446995615959167480e+00
1.080773353576660156e+00
1.080773353576660156e+00
1.080773353576660156e+00
1.080773353576660156e+00
1.080773353576660156e+00
1.080773353576660156e+00
1.080773353576660156e+00
1.080773353576660156e+00
1.080773353576660156e+00
1.080773353576660156e+00
1.080773353576660156e+00
1.080773353576660156e+00
1.248477458953857422e+00
6.933728456497192383e-01
6.933728456497192383e-01
6.933728456497192383e-01
6.933728456497192383e-01
6.933728456497192383e-01
6.933728456497192383e-01
6.933728456497192383e-01
6.933728456497192383e-01
6.933728456497192383e-01
6.933728456497192383e-01
6.933728456497192383e-01
6.933728456497192383e-01
1.341285347938537598e+00
1.341285347938537598e+00
1.341285347938537598e+00
1.341285347938537598e+00
1.341285347938537598e+00
2.751848697662353516e+00
3.259904861450195312e+00
1.195633888244628906e+00
8.919135332107543945e-01
8.919135332107543945e-01
1.637207746505737305e+00
9.919164776802062988e-01
9.919164776802062988e-01
9.919164776802062988e-01
9.919164776802062988e-01
9.919164776802062988e-01
9.919164776802062988e-01
5.948978066444396973e-01
5.948978066444396973e-01
5.948978066444396973e-01
5.948978066444396973e-01
5.948978066444396973e-01
5.948978066444396973e-01
5.948978066444396973e-01
5.948978066444396973e-01
5.948978066444396973e-01
1.025713682174682617e+00
1.025713682174682617e+00
1.025713682174682617e+00
1.025713682174682617e+00
1.025713682174682617e+00
1.771474123001098633e+00
5.521488189697265625e-01
5.521488189697265625e-01
5.521488189697265625e-01
1.223766207695007324e+00
1.223766207695007324e+00
1.223766207695007324e+00
1.286961436271667480e+00
6.477966904640197754e-01
6.477966904640197754e-01
1.128814935684204102e+00
1.128814935684204102e+00
2.162881374359130859e+00
2.853573560714721680e-01
4.471113681793212891e+00
5.097038745880126953e+00
2.903716087341308594e+00
3.548536777496337891e+00
3.181251287460327148e+00
3.673752546310424805e+00
3.305325031280517578e+00
3.305325031280517578e+00
3.305325031280517578e+00
7.658033370971679688e-01
7.658033370971679688e-01
7.658033370971679688e-01
7.658033370971679688e-01
9.280927777290344238e-01
9.280927777290344238e-01
1.004623770713806152e+00
1.101826310157775879e+00
1.101826310157775879e+00
1.101826310157775879e+00
1.101826310157775879e+00
1.101826310157775879e+00
8.445414304733276367e-01
8.445414304733276367e-01
8.445414304733276367e-01
8.445414304733276367e-01
1.332110166549682617e+00
1.332110166549682617e+00
1.332110166549682617e+00
1.332110166549682617e+00
1.332110166549682617e+00
1.332110166549682617e+00
1.332110166549682617e+00
7.228499650955200195e-01
7.228499650955200195e-01
7.228499650955200195e-01
7.228499650955200195e-01
7.228499650955200195e-01
9.522478580474853516e-01
9.522478580474853516e-01
9.522478580474853516e-01
8.558830618858337402e-01
8.558830618858337402e-01
8.558830618858337402e-01
8.558830618858337402e-01
8.558830618858337402e-01
8.558830618858337402e-01
8.197826147079467773e-01
8.197826147079467773e-01
8.197826147079467773e-01
8.197826147079467773e-01
8.197826147079467773e-01
8.005077838897705078e-01
8.005077838897705078e-01
7.312357425689697266e-01
7.312357425689697266e-01
7.312357425689697266e-01
8.985861539840698242e-01
8.985861539840698242e-01
8.985861539840698242e-01
8.985861539840698242e-01
8.985861539840698242e-01
8.985861539840698242e-01
8.985861539840698242e-01
8.985861539840698242e-01
6.994651556015014648e-01
6.994651556015014648e-01
7.066046595573425293e-01
8.067414760589599609e-01
8.067414760589599609e-01
8.067414760589599609e-01
8.067414760589599609e-01
8.067414760589599609e-01
8.067414760589599609e-01
8.067414760589599609e-01
8.067414760589599609e-01
8.067414760589599609e-01
8.067414760589599609e-01
8.067414760589599609e-01
8.067414760589599609e-01
7.971326708793640137e-01
7.971326708793640137e-01
7.971326708793640137e-01
7.971326708793640137e-01
1.204853534698486328e+00
2.109892845153808594e+00
2.109892845153808594e+00
2.109892845153808594e+00
2.109892845153808594e+00
2.109892845153808594e+00
2.109892845153808594e+00
1.125158548355102539e+00
1.125158548355102539e+00
1.125158548355102539e+00
1.125158548355102539e+00
1.125158548355102539e+00
1.125158548355102539e+00
1.125158548355102539e+00
8.962742686271667480e-01
8.962742686271667480e-01
8.962742686271667480e-01
8.962742686271667480e-01
8.962742686271667480e-01
8.962742686271667480e-01
8.962742686271667480e-01
7.198774814605712891e-01
7.198774814605712891e-01
7.198774814605712891e-01
7.198774814605712891e-01
7.198774814605712891e-01
7.198774814605712891e-01
7.198774814605712891e-01
7.198774814605712891e-01
7.198774814605712891e-01
7.198774814605712891e-01
7.198774814605712891e-01
7.198774814605712891e-01
1.098943948745727539e+00
1.098943948745727539e+00
1.098943948745727539e+00
1.098943948745727539e+00
1.098943948745727539e+00
1.098943948745727539e+00
1.098943948745727539e+00
1.098943948745727539e+00
1.098943948745727539e+00
1.098943948745727539e+00
2.781660556793212891e+00
2.781660556793212891e+00
2.781660556793212891e+00
2.781660556793212891e+00
2.781660556793212891e+00
2.781660556793212891e+00
2.781660556793212891e+00
1.662016272544860840e+00
1.662016272544860840e+00
1.662016272544860840e+00
1.662016272544860840e+00
1.662016272544860840e+00
1.662016272544860840e+00
1.662016272544860840e+00
1.662016272544860840e+00
1.662016272544860840e+00
1.662016272544860840e+00
1.662016272544860840e+00
1.662016272544860840e+00
1.662016272544860840e+00
1.662016272544860840e+00
1.662016272544860840e+00
1.085423946380615234e+00
1.085423946380615234e+00
1.085423946380615234e+00
1.085423946380615234e+00
1.085423946380615234e+00
1.085423946380615234e+00
1.085423946380615234e+00
1.085423946380615234e+00
1.085423946380615234e+00
1.085423946380615234e+00
1.085423946380615234e+00
1.085423946380615234e+00
1.085423946380615234e+00
1.085423946380615234e+00
1.085423946380615234e+00
1.085423946380615234e+00
1.085423946380615234e+00
1.085423946380615234e+00
1.085423946380615234e+00
7.947711348533630371e-01
7.947711348533630371e-01
7.947711348533630371e-01
7.947711348533630371e-01
7.947711348533630371e-01
7.947711348533630371e-01
7.122222185134887695e-01
7.122222185134887695e-01
1.153830051422119141e+00
1.153830051422119141e+00
1.153830051422119141e+00
1.153830051422119141e+00
1.153830051422119141e+00
1.153830051422119141e+00
1.153830051422119141e+00
1.153830051422119141e+00
1.153830051422119141e+00
1.554393529891967773e+00
1.199897766113281250e+00
1.199897766113281250e+00
1.199897766113281250e+00
1.199897766113281250e+00
7.378364801406860352e-01
7.378364801406860352e-01
7.378364801406860352e-01
8.971766233444213867e-01
8.971766233444213867e-01
8.971766233444213867e-01
8.971766233444213867e-01
8.971766233444213867e-01
8.971766233444213867e-01
8.971766233444213867e-01
8.971766233444213867e-01
1.231939673423767090e+00
1.231939673423767090e+00
1.231939673423767090e+00
1.231939673423767090e+00
1.231939673423767090e+00
1.231939673423767090e+00
1.231939673423767090e+00
1.231939673423767090e+00
1.231939673423767090e+00
1.231939673423767090e+00
1.231939673423767090e+00
1.231939673423767090e+00
7.603105306625366211e-01
7.603105306625366211e-01
7.603105306625366211e-01
7.603105306625366211e-01
7.603105306625366211e-01
7.603105306625366211e-01
9.022241234779357910e-01
9.022241234779357910e-01
9.022241234779357910e-01
9.022241234779357910e-01
9.022241234779357910e-01
9.022241234779357910e-01
9.022241234779357910e-01
9.022241234779357910e-01
9.022241234779357910e-01
9.022241234779357910e-01
9.022241234779357910e-01
9.022241234779357910e-01
9.022241234779357910e-01
9.022241234779357910e-01
9.022241234779357910e-01
9.022241234779357910e-01
9.022241234779357910e-01
1.673031568527221680e+00
1.673031568527221680e+00
3.015959978103637695e+00
3.015959978103637695e+00
3.015959978103637695e+00
3.015959978103637695e+00
3.015959978103637695e+00
3.015959978103637695e+00
7.235896587371826172e-01
7.235896587371826172e-01
8.027300834655761719e-01
8.027300834655761719e-01
8.027300834655761719e-01
8.027300834655761719e-01
8.027300834655761719e-01
8.027300834655761719e-01
8.027300834655761719e-01
8.027300834655761719e-01
8.027300834655761719e-01
8.027300834655761719e-01
8.027300834655761719e-01
8.027300834655761719e-01
8.027300834655761719e-01
8.027300834655761719e-01
7.893215417861938477e-01
1.838739633560180664e+00
1.838739633560180664e+00
1.838739633560180664e+00
1.180612206459045410e+00
1.180612206459045410e+00
1.180612206459045410e+00
1.180612206459045410e+00
1.180612206459045410e+00
1.180612206459045410e+00
9.859659671783447266e-01
9.859659671783447266e-01
9.859659671783447266e-01
9.859659671783447266e-01
9.859659671783447266e-01
9.859659671783447266e-01
9.859659671783447266e-01
9.859659671783447266e-01
9.859659671783447266e-01
1.213856935501098633e+00
1.213856935501098633e+00
1.213856935501098633e+00
1.213856935501098633e+00
1.213856935501098633e+00
1.213856935501098633e+00
1.213856935501098633e+00
1.213856935501098633e+00
1.121846437454223633e+00
1.121846437454223633e+00
1.302824258804321289e+00
1.302824258804321289e+00
1.302824258804321289e+00
1.302824258804321289e+00
1.302824258804321289e+00
1.302824258804321289e+00
1.302824258804321289e+00
1.302824258804321289e+00
1.302824258804321289e+00
1.302824258804321289e+00
1.302824258804321289e+00
1.302824258804321289e+00
1.302824258804321289e+00
1.302824258804321289e+00
1.302824258804321289e+00
1.302824258804321289e+00
1.302824258804321289e+00
9.225300550460815430e-01
9.225300550460815430e-01
9.225300550460815430e-01
9.225300550460815430e-01
9.225300550460815430e-01
9.225300550460815430e-01
9.225300550460815430e-01
9.225300550460815430e-01
9.225300550460815430e-01
8.962756991386413574e-01
8.962756991386413574e-01
8.962756991386413574e-01
7.567571401596069336e-01
7.567571401596069336e-01
7.567571401596069336e-01
7.567571401596069336e-01
7.567571401596069336e-01
7.567571401596069336e-01
7.567571401596069336e-01
7.567571401596069336e-01
7.567571401596069336e-01
7.567571401596069336e-01
7.567571401596069336e-01
7.567571401596069336e-01
7.567571401596069336e-01
7.567571401596069336e-01
7.567571401596069336e-01
7.567571401596069336e-01
7.567571401596069336e-01
7.567571401596069336e-01
7.567571401596069336e-01
7.567571401596069336e-01
7.567571401596069336e-01
7.567571401596069336e-01
7.567571401596069336e-01
7.567571401596069336e-01
7.567571401596069336e-01
7.567571401596069336e-01
7.567571401596069336e-01
7.567571401596069336e-01
7.567571401596069336e-01
