6.296457052230834961e-01
6.296457052230834961e-01
6.296457052230834961e-01
6.296457052230834961e-01
6.290355324745178223e-01
6.290355324745178223e-01
6.290355324745178223e-01
6.290355324745178223e-01
1.215002298355102539e+00
1.215002298355102539e+00
1.215002298355102539e+00
1.215002298355102539e+00
1.215002298355102539e+00
1.215002298355102539e+00
1.215002298355102539e+00
1.429401159286499023e+00
4.610221982002258301e-01
4.610221982002258301e-01
4.610221982002258301e-01
9.708968997001647949e-01
9.708968997001647949e-01
9.708968997001647949e-01
9.708968997001647949e-01
9.708968997001647949e-01
9.708968997001647949e-01
1.552895069122314453e+00
1.807163596153259277e+00
1.180911064147949219e+00
1.340501666069030762e+00
8.144488334655761719e-01
8.144488334655761719e-01
8.144488334655761719e-01
1.501327276229858398e+00
4.301239013671875000e+00
4.511947154998779297e+00
7.076362609863281250e+00
4.306951522827148438e+00
2.825970172882080078e+00
2.825970172882080078e+00
2.825970172882080078e+00
3.245330333709716797e+00
2.473126411437988281e+00
2.952819824218750000e+00
3.055425882339477539e+00
3.151409387588500977e+00
6.591756343841552734e-01
1.027088165283203125e+00
4.123453497886657715e-01
1.399333953857421875e+00
1.399333953857421875e+00
1.399333953857421875e+00
2.180529117584228516e+00
1.194980382919311523e+00
1.194980382919311523e+00
1.194980382919311523e+00
1.299237728118896484e+00
9.961102008819580078e-01
9.961102008819580078e-01
9.961102008819580078e-01
9.961102008819580078e-01
7.083270549774169922e-01
5.873709321022033691e-01
5.873709321022033691e-01
5.873709321022033691e-01
7.119839191436767578e-01
7.119839191436767578e-01
7.119839191436767578e-01
7.119839191436767578e-01
7.119839191436767578e-01
7.119839191436767578e-01
7.119839191436767578e-01
7.119839191436767578e-01
7.119839191436767578e-01
1.374743461608886719e+00
1.374743461608886719e+00
1.374743461608886719e+00
1.374743461608886719e+00
1.374743461608886719e+00
1.374743461608886719e+00
1.888878941535949707e+00
2.255884647369384766e+00
3.454707145690917969e+00
4.820296287536621094e+00
3.024598836898803711e+00
2.923123359680175781e+00
2.306525945663452148e+00
2.306525945663452148e+00
2.580275297164916992e+00
3.485075712203979492e+00
3.485075712203979492e+00
1.957027316093444824e+00
7.684124708175659180e-01
7.684124708175659180e-01
1.140394926071166992e+00
1.140394926071166992e+00
1.140394926071166992e+00
1.140394926071166992e+00
1.140394926071166992e+00
1.610919713973999023e+00
1.610919713973999023e+00
1.610919713973999023e+00
2.462442159652709961e+00
2.462442159652709961e+00
3.232159137725830078e+00
2.701946496963500977e+00
2.751996040344238281e+00
2.751996040344238281e+00
2.371629714965820312e+00
1.530592441558837891e+00
1.530592441558837891e+00
1.530592441558837891e+00
1.529015302658081055e+00
1.529015302658081055e+00
1.529015302658081055e+00
1.529015302658081055e+00
1.529015302658081055e+00
1.529015302658081055e+00
7.123986482620239258e-01
7.123986482620239258e-01
7.123986482620239258e-01
9.256963729858398438e-01
9.256963729858398438e-01
9.256963729858398438e-01
9.256963729858398438e-01
6.139582991600036621e-01
6.139582991600036621e-01
6.139582991600036621e-01
9.086399078369140625e-01
2.062780857086181641e+00
1.570743322372436523e+00
1.570743322372436523e+00
2.358947277069091797e+00
2.594377279281616211e+00
2.594377279281616211e+00
2.594377279281616211e+00
2.810862064361572266e+00
4.898219108581542969e-01
4.898219108581542969e-01
4.898219108581542969e-01
4.898219108581542969e-01
2.770833015441894531e+00
2.770833015441894531e+00
9.530771970748901367e-01
9.530771970748901367e-01
9.530771970748901367e-01
9.530771970748901367e-01
9.530771970748901367e-01
9.530771970748901367e-01
1.441564321517944336e+00
1.696628570556640625e+00
1.696628570556640625e+00
1.942288517951965332e+00
1.264117717742919922e+00
1.264117717742919922e+00
1.264117717742919922e+00
1.143388032913208008e+00
2.412542819976806641e+00
4.643441200256347656e+00
6.088120937347412109e+00
6.088120937347412109e+00
2.932658910751342773e+00
4.145331859588623047e+00
4.145331859588623047e+00
4.714780330657958984e+00
3.683588504791259766e+00
3.683588504791259766e+00
3.613090515136718750e+00
4.233751296997070312e+00
3.053817749023437500e+00
2.529845714569091797e+00
2.876686811447143555e+00
2.876686811447143555e+00
6.112501621246337891e-01
1.193515777587890625e+00
8.493949770927429199e-01
8.493949770927429199e-01
6.556944847106933594e-01
6.556944847106933594e-01
8.357236385345458984e-01
8.357236385345458984e-01
8.357236385345458984e-01
8.357236385345458984e-01
8.357236385345458984e-01
2.866260766983032227e+00
1.540210008621215820e+00
4.598815917968750000e+00
4.598815917968750000e+00
4.601174831390380859e+00
3.978490829467773438e+00
5.841279983520507812e+00
4.075178623199462891e+00
2.156170368194580078e+00
3.999859094619750977e-01
3.999859094619750977e-01
3.999859094619750977e-01
2.849352359771728516e+00
2.849352359771728516e+00
3.112527608871459961e+00
3.112527608871459961e+00
4.591168880462646484e+00
4.591168880462646484e+00
4.916833400726318359e+00
3.032388448715209961e+00
3.032388448715209961e+00
2.859632968902587891e+00
2.859632968902587891e+00
2.859632968902587891e+00
1.984554290771484375e+00
1.984554290771484375e+00
1.984554290771484375e+00
1.984554290771484375e+00
2.525270462036132812e+00
2.525270462036132812e+00
2.525270462036132812e+00
2.525270462036132812e+00
5.896841287612915039e-01
5.896841287612915039e-01
5.896841287612915039e-01
5.896841287612915039e-01
5.896841287612915039e-01
5.896841287612915039e-01
5.896841287612915039e-01
5.986871123313903809e-01
6.205810308456420898e-01
6.205810308456420898e-01
6.205810308456420898e-01
6.205810308456420898e-01
1.889984965324401855e+00
1.198607921600341797e+00
1.198607921600341797e+00
1.198607921600341797e+00
1.198607921600341797e+00
2.194096326828002930e+00
2.194096326828002930e+00
2.194096326828002930e+00
1.372427821159362793e+00
1.372427821159362793e+00
1.372427821159362793e+00
1.372427821159362793e+00
9.131976366043090820e-01
9.131976366043090820e-01
9.131976366043090820e-01
9.131976366043090820e-01
9.131976366043090820e-01
8.065904974937438965e-01
8.065904974937438965e-01
1.062186479568481445e+00
1.062186479568481445e+00
1.062186479568481445e+00
1.062186479568481445e+00
1.062186479568481445e+00
1.062186479568481445e+00
1.238122701644897461e+00
1.238122701644897461e+00
1.238122701644897461e+00
1.075021028518676758e+00
1.674085617065429688e+00
1.571350932121276855e+00
8.486310839653015137e-01
1.411442279815673828e+00
1.411442279815673828e+00
1.411442279815673828e+00
7.925666570663452148e-01
1.845215559005737305e+00
1.845215559005737305e+00
1.845215559005737305e+00
6.227275133132934570e-01
1.464573383331298828e+00
1.464573383331298828e+00
1.464573383331298828e+00
1.464573383331298828e+00
3.565519809722900391e+00
3.565519809722900391e+00
3.565519809722900391e+00
3.294199705123901367e+00
3.294199705123901367e+00
3.294199705123901367e+00
3.294199705123901367e+00
3.144816637039184570e+00
3.353060007095336914e+00
3.199508905410766602e+00
3.199508905410766602e+00
3.199508905410766602e+00
2.265475749969482422e+00
2.265475749969482422e+00
9.468947649002075195e-01
9.468947649002075195e-01
1.379812479019165039e+00
1.379812479019165039e+00
1.379812479019165039e+00
1.379812479019165039e+00
1.379812479019165039e+00
1.379812479019165039e+00
2.044244289398193359e+00
2.044244289398193359e+00
2.044244289398193359e+00
2.044244289398193359e+00
8.057343959808349609e-01
8.057343959808349609e-01
8.057343959808349609e-01
8.057343959808349609e-01
4.546501636505126953e-01
3.647966980934143066e-01
3.647966980934143066e-01
3.647966980934143066e-01
3.647966980934143066e-01
3.647966980934143066e-01
3.647966980934143066e-01
3.647966980934143066e-01
1.489213705062866211e+00
1.489213705062866211e+00
1.489213705062866211e+00
7.700396180152893066e-01
6.072266101837158203e-01
1.619402170181274414e+00
1.648598551750183105e+00
1.648598551750183105e+00
1.648598551750183105e+00
2.083031415939331055e+00
2.123573541641235352e+00
2.123573541641235352e+00
5.994001626968383789e-01
5.994001626968383789e-01
1.263381481170654297e+00
1.263381481170654297e+00
1.038850784301757812e+00
1.038850784301757812e+00
1.038850784301757812e+00
1.038850784301757812e+00
1.038850784301757812e+00
5.926092863082885742e-01
5.503473877906799316e-01
1.562064409255981445e+00
1.562064409255981445e+00
1.562064409255981445e+00
1.079649806022644043e+00
1.079649806022644043e+00
1.079649806022644043e+00
1.079649806022644043e+00
1.234600543975830078e+00
1.234600543975830078e+00
8.175700902938842773e-01
8.175700902938842773e-01
1.187639713287353516e+00
1.187639713287353516e+00
1.187639713287353516e+00
1.963443636894226074e+00
1.963443636894226074e+00
1.963443636894226074e+00
9.605243206024169922e-01
9.605243206024169922e-01
1.022775411605834961e+00
1.022775411605834961e+00
2.096448421478271484e+00
9.641422033309936523e-01
2.185877323150634766e+00
2.181210517883300781e+00
6.183198690414428711e-01
6.183198690414428711e-01
6.183198690414428711e-01
4.607014656066894531e-01
4.607014656066894531e-01
4.607014656066894531e-01
4.607014656066894531e-01
4.607014656066894531e-01
1.237646579742431641e+00
2.238471984863281250e+00
2.238471984863281250e+00
2.238471984863281250e+00
2.614937543869018555e+00
2.319870948791503906e+00
2.319870948791503906e+00
2.319870948791503906e+00
7.123047113418579102e-01
7.123047113418579102e-01
7.123047113418579102e-01
7.123047113418579102e-01
7.123047113418579102e-01
6.933842897415161133e-01
6.933842897415161133e-01
6.933842897415161133e-01
6.933842897415161133e-01
6.933842897415161133e-01
6.933842897415161133e-01
6.933842897415161133e-01
6.933842897415161133e-01
6.933842897415161133e-01
1.775763273239135742e+00
7.183693647384643555e-01
7.183693647384643555e-01
7.183693647384643555e-01
7.183693647384643555e-01
7.183693647384643555e-01
1.388535737991333008e+00
1.211987733840942383e+00
7.253968119621276855e-01
7.253968119621276855e-01
7.253968119621276855e-01
7.253968119621276855e-01
7.253968119621276855e-01
7.253968119621276855e-01
7.253968119621276855e-01
7.253968119621276855e-01
7.253968119621276855e-01
7.253968119621276855e-01
7.673262357711791992e-01
8.766179084777832031e-01
8.766179084777832031e-01
8.766179084777832031e-01
9.538751840591430664e-01
9.538751840591430664e-01
1.045009970664978027e+00
1.044242978096008301e+00
5.194684267044067383e-01
1.187080144882202148e+00
1.187080144882202148e+00
1.187080144882202148e+00
1.187080144882202148e+00
9.222630262374877930e-01
9.222630262374877930e-01
1.295255780220031738e+00
1.326723456382751465e+00
1.326723456382751465e+00
1.326723456382751465e+00
1.326723456382751465e+00
1.326723456382751465e+00
1.326723456382751465e+00
1.326723456382751465e+00
5.248194336891174316e-01
2.325165987014770508e+00
6.704027652740478516e-01
7.292568683624267578e-01
7.292568683624267578e-01
7.292568683624267578e-01
1.015529155731201172e+00
9.074746370315551758e-01
9.074746370315551758e-01
9.074746370315551758e-01
9.074746370315551758e-01
9.074746370315551758e-01
9.074746370315551758e-01
9.074746370315551758e-01
8.210724592208862305e-01
5.878419876098632812e-01
5.878419876098632812e-01
5.878419876098632812e-01
9.146292209625244141e-01
9.146292209625244141e-01
9.146292209625244141e-01
9.146292209625244141e-01
9.146292209625244141e-01
9.146292209625244141e-01
9.146292209625244141e-01
9.146292209625244141e-01
9.146292209625244141e-01
9.146292209625244141e-01
5.923614501953125000e-01
5.923614501953125000e-01
5.923614501953125000e-01
5.923614501953125000e-01
5.923614501953125000e-01
5.923614501953125000e-01
9.189064502716064453e-01
9.189064502716064453e-01
9.189064502716064453e-01
9.189064502716064453e-01
9.189064502716064453e-01
9.189064502716064453e-01
9.189064502716064453e-01
9.189064502716064453e-01
9.189064502716064453e-01
5.976029634475708008e-01
5.976029634475708008e-01
6.206826567649841309e-01
6.206826567649841309e-01
7.450855970382690430e-01
7.450855970382690430e-01
7.450855970382690430e-01
7.450855970382690430e-01
7.450855970382690430e-01
3.449341297149658203e+00
2.574880838394165039e+00
2.395585775375366211e+00
1.345880985260009766e+00
1.345880985260009766e+00
1.800546169281005859e+00
1.979473352432250977e+00
1.979473352432250977e+00
1.979473352432250977e+00
1.418913602828979492e+00
1.418913602828979492e+00
1.418913602828979492e+00
1.418913602828979492e+00
1.418913602828979492e+00
4.638606309890747070e-01
4.638606309890747070e-01
4.638606309890747070e-01
4.638606309890747070e-01
4.638606309890747070e-01
1.703975439071655273e+00
7.789331078529357910e-01
7.789331078529357910e-01
7.789331078529357910e-01
1.314361333847045898e+00
7.419356107711791992e-01
5.611188411712646484e-01
8.511741161346435547e-01
8.511741161346435547e-01
8.511741161346435547e-01
9.879403114318847656e-01
9.879403114318847656e-01
9.879403114318847656e-01
1.453069090843200684e+00
1.453069090843200684e+00
1.228340148925781250e+00
1.228340148925781250e+00
8.342918157577514648e-01
1.361435174942016602e+00
1.361435174942016602e+00
1.361435174942016602e+00
3.636103630065917969e+00
3.636103630065917969e+00
7.030265331268310547e-01
8.420593142509460449e-01
1.486590385437011719e+00
1.036863803863525391e+00
1.036863803863525391e+00
1.036863803863525391e+00
4.330882549285888672e+00
4.330882549285888672e+00
2.448977947235107422e+00
1.222061157226562500e+00
1.222061157226562500e+00
1.222061157226562500e+00
1.222061157226562500e+00
1.222061157226562500e+00
1.222061157226562500e+00
1.222061157226562500e+00
1.222061157226562500e+00
1.654348850250244141e+00
1.654348850250244141e+00
5.291149616241455078e-01
8.822271823883056641e-01
1.637591838836669922e+00
1.637591838836669922e+00
1.637591838836669922e+00
1.019250154495239258e+00
1.019250154495239258e+00
1.312765955924987793e+00
1.606581926345825195e+00
1.805645704269409180e+00
1.805645704269409180e+00
1.805645704269409180e+00
1.805645704269409180e+00
6.167944669723510742e-01
6.167944669723510742e-01
6.167944669723510742e-01
9.352914690971374512e-01
9.352914690971374512e-01
1.351191997528076172e+00
2.229990959167480469e+00
2.671304225921630859e+00
3.132124185562133789e+00
3.132124185562133789e+00
3.132124185562133789e+00
2.633579015731811523e+00
2.633579015731811523e+00
2.633579015731811523e+00
2.633579015731811523e+00
2.633579015731811523e+00
2.800432682037353516e+00
1.393175840377807617e+00
1.393175840377807617e+00
1.396456003189086914e+00
1.396456003189086914e+00
1.396456003189086914e+00
1.396456003189086914e+00
1.396456003189086914e+00
1.396456003189086914e+00
1.396456003189086914e+00
1.756720781326293945e+00
3.881733417510986328e-01
3.881733417510986328e-01
3.881733417510986328e-01
8.834416866302490234e-01
8.834416866302490234e-01
8.834416866302490234e-01
8.834416866302490234e-01
8.834416866302490234e-01
8.834416866302490234e-01
1.019519090652465820e+00
1.726509809494018555e+00
2.264926671981811523e+00
2.406126260757446289e+00
2.619790554046630859e+00
3.760031223297119141e+00
2.171045064926147461e+00
2.171045064926147461e+00
2.171045064926147461e+00
2.709512233734130859e+00
5.136215686798095703e-01
1.002086877822875977e+00
1.002086877822875977e+00
1.002086877822875977e+00
1.002086877822875977e+00
5.476395487785339355e-01
5.476395487785339355e-01
5.476395487785339355e-01
5.476395487785339355e-01
1.227334499359130859e+00
1.227334499359130859e+00
1.294395565986633301e+00
2.047605037689208984e+00
2.024104118347167969e+00
2.439018011093139648e+00
2.136353015899658203e+00
2.271230697631835938e+00
2.271230697631835938e+00
2.271230697631835938e+00
1.445910930633544922e+00
1.445910930633544922e+00
1.445910930633544922e+00
2.038757801055908203e+00
2.038757801055908203e+00
5.409851074218750000e+00
3.029587268829345703e+00
1.489163875579833984e+00
1.100703716278076172e+00
1.100703716278076172e+00
1.100703716278076172e+00
1.141566157341003418e+00
1.141566157341003418e+00
1.141566157341003418e+00
1.141566157341003418e+00
1.141566157341003418e+00
2.180707931518554688e+00
2.180707931518554688e+00
2.180707931518554688e+00
2.180707931518554688e+00
2.180707931518554688e+00
2.317936182022094727e+00
8.291922807693481445e-01
8.291922807693481445e-01
8.291922807693481445e-01
8.291922807693481445e-01
2.393378257751464844e+00
2.660958766937255859e+00
1.507970809936523438e+00
1.328106641769409180e+00
1.328106641769409180e+00
1.602970719337463379e+00
2.359255313873291016e+00
1.370342493057250977e+00
1.370342493057250977e+00
1.370342493057250977e+00
1.370342493057250977e+00
1.376500606536865234e+00
1.603650450706481934e+00
1.603650450706481934e+00
1.603650450706481934e+00
1.852984666824340820e+00
3.265554904937744141e+00
3.265554904937744141e+00
2.658143997192382812e+00
1.473623514175415039e+00
1.473623514175415039e+00
1.473623514175415039e+00
1.473623514175415039e+00
1.473623514175415039e+00
9.594922065734863281e-01
9.594922065734863281e-01
9.594922065734863281e-01
6.776275634765625000e-01
6.776275634765625000e-01
6.776275634765625000e-01
1.265888452529907227e+00
1.265888452529907227e+00
1.265888452529907227e+00
1.265888452529907227e+00
1.265888452529907227e+00
1.265888452529907227e+00
1.265888452529907227e+00
1.874870061874389648e+00
1.874870061874389648e+00
1.622715115547180176e+00
1.622715115547180176e+00
1.622715115547180176e+00
1.567762494087219238e+00
1.557383894920349121e+00
1.557383894920349121e+00
1.557383894920349121e+00
1.557383894920349121e+00
1.557383894920349121e+00
1.198260545730590820e+00
1.198260545730590820e+00
1.198260545730590820e+00
1.198260545730590820e+00
4.636391401290893555e-01
1.676418423652648926e+00
1.676418423652648926e+00
1.676418423652648926e+00
1.129871606826782227e+00
9.465569257736206055e-01
9.465569257736206055e-01
9.465569257736206055e-01
3.643941402435302734e+00
1.487753391265869141e+00
1.487753391265869141e+00
1.487753391265869141e+00
5.424766540527343750e-01
5.424766540527343750e-01
5.424766540527343750e-01
5.424766540527343750e-01
5.424766540527343750e-01
5.424766540527343750e-01
3.653956651687622070e-01
3.653956651687622070e-01
1.653165340423583984e+00
1.653165340423583984e+00
1.653165340423583984e+00
1.264044284820556641e+00
1.303304791450500488e+00
1.303304791450500488e+00
1.648293852806091309e+00
1.648293852806091309e+00
1.648293852806091309e+00
2.139213562011718750e+00
1.349337816238403320e+00
1.349337816238403320e+00
1.349337816238403320e+00
7.991377115249633789e-01
7.991377115249633789e-01
7.991377115249633789e-01
7.991377115249633789e-01
7.630621790885925293e-01
7.630621790885925293e-01
7.630621790885925293e-01
7.630621790885925293e-01
7.630621790885925293e-01
7.630621790885925293e-01
7.630621790885925293e-01
7.630621790885925293e-01
2.630674362182617188e+00
2.986919164657592773e+00
3.143374681472778320e+00
4.201771736145019531e+00
4.270369529724121094e+00
4.270369529724121094e+00
4.445496082305908203e+00
2.994096517562866211e+00
2.994096517562866211e+00
1.308656334877014160e+00
1.451106905937194824e+00
9.028826951980590820e-01
7.065623998641967773e-01
7.065623998641967773e-01
7.065623998641967773e-01
7.065623998641967773e-01
7.065623998641967773e-01
7.065623998641967773e-01
1.549509286880493164e+00
2.581513643264770508e+00
4.279515743255615234e+00
4.279515743255615234e+00
1.189620971679687500e+00
1.189620971679687500e+00
1.189620971679687500e+00
1.251278877258300781e+00
8.949191570281982422e-01
8.949191570281982422e-01
8.949191570281982422e-01
8.949191570281982422e-01
8.949191570281982422e-01
8.949191570281982422e-01
8.949191570281982422e-01
8.949191570281982422e-01
1.046111941337585449e+00
6.403566598892211914e-01
1.291867733001708984e+00
1.276814818382263184e+00
1.276814818382263184e+00
6.933504343032836914e-01
6.933504343032836914e-01
6.933504343032836914e-01
6.933504343032836914e-01
1.015043973922729492e+00
1.015043973922729492e+00
1.015043973922729492e+00
7.302845716476440430e-01
7.302845716476440430e-01
7.302845716476440430e-01
1.520237684249877930e+00
1.520237684249877930e+00
1.520237684249877930e+00
8.768063187599182129e-01
8.768063187599182129e-01
8.768063187599182129e-01
8.768063187599182129e-01
8.768063187599182129e-01
8.768063187599182129e-01
8.768063187599182129e-01
8.768063187599182129e-01
2.448612689971923828e+00
2.448612689971923828e+00
3.315896511077880859e+00
1.542797088623046875e+00
1.542797088623046875e+00
1.542797088623046875e+00
1.542797088623046875e+00
1.556141376495361328e+00
4.223043441772460938e+00
3.789904594421386719e+00
3.789904594421386719e+00
2.906472682952880859e+00
2.906472682952880859e+00
2.906472682952880859e+00
2.906472682952880859e+00
2.906472682952880859e+00
9.307225942611694336e-01
9.307225942611694336e-01
1.918395996093750000e+00
1.273370504379272461e+00
1.273370504379272461e+00
1.273370504379272461e+00
1.273370504379272461e+00
1.273370504379272461e+00
1.273370504379272461e+00
1.273370504379272461e+00
1.273370504379272461e+00
1.273370504379272461e+00
9.096552133560180664e-01
1.505751848220825195e+00
1.505751848220825195e+00
1.505751848220825195e+00
1.505751848220825195e+00
1.505751848220825195e+00
1.505751848220825195e+00
1.061454057693481445e+00
1.061454057693481445e+00
1.061454057693481445e+00
1.061454057693481445e+00
1.061454057693481445e+00
1.061454057693481445e+00
1.061454057693481445e+00
8.522697091102600098e-01
1.066481351852416992e+00
1.066481351852416992e+00
1.066481351852416992e+00
1.066481351852416992e+00
1.233222842216491699e+00
1.745011210441589355e+00
1.614709019660949707e+00
1.537638068199157715e+00
1.537638068199157715e+00
1.775644779205322266e+00
1.775644779205322266e+00
1.775644779205322266e+00
3.345505952835083008e+00
1.638800144195556641e+00
9.708554148674011230e-01
2.536704301834106445e+00
1.669773101806640625e+00
1.669773101806640625e+00
1.669773101806640625e+00
1.669773101806640625e+00
1.624293088912963867e+00
7.318375110626220703e-01
7.318375110626220703e-01
1.820973277091979980e+00
7.388290166854858398e-01
7.388290166854858398e-01
2.240274667739868164e+00
2.240274667739868164e+00
3.187668323516845703e+00
2.419770717620849609e+00
8.785687685012817383e-01
5.867331027984619141e-01
5.867331027984619141e-01
5.867331027984619141e-01
5.867331027984619141e-01
1.817811608314514160e+00
1.817811608314514160e+00
2.220522403717041016e+00
8.923425674438476562e-01
8.923425674438476562e-01
1.194717884063720703e+00
1.194717884063720703e+00
8.424285650253295898e-01
8.424285650253295898e-01
8.424285650253295898e-01
8.424285650253295898e-01
8.424285650253295898e-01
8.424285650253295898e-01
8.424285650253295898e-01
8.986884951591491699e-01
8.986884951591491699e-01
8.986884951591491699e-01
8.986884951591491699e-01
8.986884951591491699e-01
8.986884951591491699e-01
8.986884951591491699e-01
8.986884951591491699e-01
8.986884951591491699e-01
8.986884951591491699e-01
8.986884951591491699e-01
8.986884951591491699e-01
8.986884951591491699e-01
8.986884951591491699e-01
8.986884951591491699e-01
8.986884951591491699e-01
8.986884951591491699e-01
8.986884951591491699e-01
8.986884951591491699e-01
8.986884951591491699e-01
9.253942370414733887e-01
9.253942370414733887e-01
2.706884145736694336e+00
1.662193655967712402e+00
1.179953575134277344e+00
1.179953575134277344e+00
6.932318210601806641e-01
6.932318210601806641e-01
4.866457939147949219e+00
2.368485212326049805e+00
2.129179716110229492e+00
3.073798179626464844e+00
1.602612853050231934e+00
1.602612853050231934e+00
2.894028425216674805e+00
2.894028425216674805e+00
4.207928657531738281e+00
1.985324621200561523e+00
1.246771335601806641e+00
8.197808265686035156e-01
8.197808265686035156e-01
8.197808265686035156e-01
8.197808265686035156e-01
8.197808265686035156e-01
8.197808265686035156e-01
2.494147777557373047e+00
1.618092298507690430e+00
1.597935080528259277e+00
1.597935080528259277e+00
1.597935080528259277e+00
1.716217994689941406e+00
8.189938068389892578e-01
8.189938068389892578e-01
8.189938068389892578e-01
8.189938068389892578e-01
8.189938068389892578e-01
8.189938068389892578e-01
8.189938068389892578e-01
8.189938068389892578e-01
8.189938068389892578e-01
8.189938068389892578e-01
8.189938068389892578e-01
8.189938068389892578e-01
8.189938068389892578e-01
8.189938068389892578e-01
8.189938068389892578e-01
8.189938068389892578e-01
3.032311797142028809e-01
3.032311797142028809e-01
2.181555986404418945e+00
2.181555986404418945e+00
2.181555986404418945e+00
5.434331893920898438e-01
5.434331893920898438e-01
5.434331893920898438e-01
5.434331893920898438e-01
1.318728804588317871e+00
1.318728804588317871e+00
4.692775607109069824e-01
4.692775607109069824e-01
4.692775607109069824e-01
4.692775607109069824e-01
4.692775607109069824e-01
5.884539484977722168e-01
5.884539484977722168e-01
5.884539484977722168e-01
5.884539484977722168e-01
1.827432394027709961e+00
1.170442342758178711e+00
1.170442342758178711e+00
1.326242208480834961e+00
1.326242208480834961e+00
1.326242208480834961e+00
1.326242208480834961e+00
1.326242208480834961e+00
8.246438503265380859e-01
2.703815460205078125e+00
2.703815460205078125e+00
2.703815460205078125e+00
2.703815460205078125e+00
2.013356208801269531e+00
8.040075302124023438e-01
8.040075302124023438e-01
8.040075302124023438e-01
6.658040881156921387e-01
6.658040881156921387e-01
4.963818788528442383e-01
4.963818788528442383e-01
4.963818788528442383e-01
4.963818788528442383e-01
7.762565612792968750e-01
7.762565612792968750e-01
7.762565612792968750e-01
7.762565612792968750e-01
2.246041297912597656e+00
2.246041297912597656e+00
2.246041297912597656e+00
2.036674261093139648e+00
2.484113454818725586e+00
3.494077205657958984e+00
3.641196012496948242e+00
3.552706241607666016e+00
4.600219726562500000e-01
1.679976940155029297e+00
1.679976940155029297e+00
5.371060371398925781e-01
5.371060371398925781e-01
1.000547766685485840e+00
1.000547766685485840e+00
1.000547766685485840e+00
1.000547766685485840e+00
1.000547766685485840e+00
1.000547766685485840e+00
1.000547766685485840e+00
1.000547766685485840e+00
1.000547766685485840e+00
1.427376985549926758e+00
8.142272830009460449e-01
8.142272830009460449e-01
8.142272830009460449e-01
8.142272830009460449e-01
1.146119952201843262e+00
1.019780397415161133e+00
6.547179222106933594e-01
3.031863927841186523e+00
2.822735071182250977e+00
1.880372524261474609e+00
1.561865568161010742e+00
2.347703933715820312e+00
2.347703933715820312e+00
1.338868737220764160e+00
1.777281761169433594e+00
1.062495589256286621e+00
1.062495589256286621e+00
1.008940458297729492e+00
1.008940458297729492e+00
1.008940458297729492e+00
1.008940458297729492e+00
1.008940458297729492e+00
1.008940458297729492e+00
9.271618723869323730e-01
9.271618723869323730e-01
9.981470704078674316e-01
9.981470704078674316e-01
9.981470704078674316e-01
9.981470704078674316e-01
8.514229059219360352e-01
8.514229059219360352e-01
8.514229059219360352e-01
8.514229059219360352e-01
7.873486876487731934e-01
7.873486876487731934e-01
7.873486876487731934e-01
7.873486876487731934e-01
7.873486876487731934e-01
7.873486876487731934e-01
7.873486876487731934e-01
6.842170357704162598e-01
6.842170357704162598e-01
6.842170357704162598e-01
1.589771866798400879e+00
1.617290616035461426e+00
1.617290616035461426e+00
1.617290616035461426e+00
1.617290616035461426e+00
1.230743765830993652e+00
1.230743765830993652e+00
1.230743765830993652e+00
1.230743765830993652e+00
1.230743765830993652e+00
1.230743765830993652e+00
1.230743765830993652e+00
5.397514104843139648e-01
5.397514104843139648e-01
5.397514104843139648e-01
1.171947002410888672e+00
1.171947002410888672e+00
1.171947002410888672e+00
1.171947002410888672e+00
1.171947002410888672e+00
1.171947002410888672e+00
1.171947002410888672e+00
1.171947002410888672e+00
1.171947002410888672e+00
1.171947002410888672e+00
1.171947002410888672e+00
1.171947002410888672e+00
7.287529706954956055e-01
1.250261068344116211e+00
1.250261068344116211e+00
1.271026968955993652e+00
1.271026968955993652e+00
1.271026968955993652e+00
1.271026968955993652e+00
1.271026968955993652e+00
7.847992181777954102e-01
7.847992181777954102e-01
7.847992181777954102e-01
7.847992181777954102e-01
7.847992181777954102e-01
7.847992181777954102e-01
7.847992181777954102e-01
7.847992181777954102e-01
1.605924248695373535e+00
1.605924248695373535e+00
1.605924248695373535e+00
1.130157351493835449e+00
1.433136105537414551e+00
1.641718745231628418e+00
1.948781251907348633e+00
1.948781251907348633e+00
1.948781251907348633e+00
1.948781251907348633e+00
2.341232299804687500e+00
3.733694076538085938e+00
3.733694076538085938e+00
1.226511001586914062e+00
6.120571494102478027e-01
6.120571494102478027e-01
1.360837221145629883e+00
1.807489156723022461e+00
1.634990334510803223e+00
9.299367666244506836e-01
9.299367666244506836e-01
9.299367666244506836e-01
9.299367666244506836e-01
9.299367666244506836e-01
9.299367666244506836e-01
9.299367666244506836e-01
9.008066058158874512e-01
9.008066058158874512e-01
9.008066058158874512e-01
9.008066058158874512e-01
9.008066058158874512e-01
9.008066058158874512e-01
9.560861587524414062e-01
9.560861587524414062e-01
9.560861587524414062e-01
9.560861587524414062e-01
9.560861587524414062e-01
9.560861587524414062e-01
9.560861587524414062e-01
9.560861587524414062e-01
9.560861587524414062e-01
9.560861587524414062e-01
1.757598161697387695e+00
1.937101364135742188e+00
2.870874643325805664e+00
2.870874643325805664e+00
2.587976217269897461e+00
2.079649925231933594e+00
1.396047592163085938e+00
1.396047592163085938e+00
1.684846401214599609e+00
4.402558803558349609e-01
4.402558803558349609e-01
4.402558803558349609e-01
4.402558803558349609e-01
4.402558803558349609e-01
1.820275187492370605e+00
1.570665121078491211e+00
1.570665121078491211e+00
1.570665121078491211e+00
1.570665121078491211e+00
1.117120981216430664e+00
1.117120981216430664e+00
1.117120981216430664e+00
1.117120981216430664e+00
1.117120981216430664e+00
9.247747659683227539e-01
1.216004848480224609e+00
1.216004848480224609e+00
1.216004848480224609e+00
1.216004848480224609e+00
1.216004848480224609e+00
1.216004848480224609e+00
1.254721641540527344e+00
1.254721641540527344e+00
1.254721641540527344e+00
1.254721641540527344e+00
8.454962968826293945e-01
8.454962968826293945e-01
8.454962968826293945e-01
7.783719897270202637e-01
7.783719897270202637e-01
6.403017044067382812e-01
6.403017044067382812e-01
6.403017044067382812e-01
8.686419725418090820e-01
8.686419725418090820e-01
8.686419725418090820e-01
8.686419725418090820e-01
8.686419725418090820e-01
8.686419725418090820e-01
8.806370496749877930e-01
8.806370496749877930e-01
8.806370496749877930e-01
8.806370496749877930e-01
8.806370496749877930e-01
8.806370496749877930e-01
8.806370496749877930e-01
8.806370496749877930e-01
8.806370496749877930e-01
8.806370496749877930e-01
8.806370496749877930e-01
1.446634054183959961e+00
8.619894385337829590e-01
8.619894385337829590e-01
8.619894385337829590e-01
8.619894385337829590e-01
8.619894385337829590e-01
8.619894385337829590e-01
8.619894385337829590e-01
8.619894385337829590e-01
8.619894385337829590e-01
8.619894385337829590e-01
8.619894385337829590e-01
1.437554359436035156e+00
1.603277802467346191e+00
7.695786356925964355e-01
7.695786356925964355e-01
7.695786356925964355e-01
7.695786356925964355e-01
1.945289134979248047e+00
1.945289134979248047e+00
1.945289134979248047e+00
1.945289134979248047e+00
1.090809941291809082e+00
1.072527050971984863e+00
1.362872600555419922e+00
1.362872600555419922e+00
4.496926784515380859e+00
4.496926784515380859e+00
3.944143533706665039e+00
1.089535236358642578e+00
1.089535236358642578e+00
2.451596975326538086e+00
1.751880526542663574e+00
1.751880526542663574e+00
2.198086500167846680e+00
2.198086500167846680e+00
1.882032871246337891e+00
1.882032871246337891e+00
1.882032871246337891e+00
7.639482021331787109e-01
7.639482021331787109e-01
7.639482021331787109e-01
7.639482021331787109e-01
5.302000045776367188e-01
1.079663276672363281e+00
1.079663276672363281e+00
1.590241670608520508e+00
1.237579703330993652e+00
1.237579703330993652e+00
1.237579703330993652e+00
1.237579703330993652e+00
1.237579703330993652e+00
1.237579703330993652e+00
2.267961025238037109e+00
2.267961025238037109e+00
2.730038642883300781e+00
2.730038642883300781e+00
1.973825216293334961e+00
1.973825216293334961e+00
1.973825216293334961e+00
1.973825216293334961e+00
1.973825216293334961e+00
8.742047548294067383e-01
8.440691828727722168e-01
9.490959644317626953e-01
9.490959644317626953e-01
9.490959644317626953e-01
9.490959644317626953e-01
9.490959644317626953e-01
9.490959644317626953e-01
9.490959644317626953e-01
9.490959644317626953e-01
9.490959644317626953e-01
9.490959644317626953e-01
8.217965364456176758e-01
1.166037201881408691e+00
8.755459189414978027e-01
8.755459189414978027e-01
8.755459189414978027e-01
8.755459189414978027e-01
8.755459189414978027e-01
1.428383469581604004e+00
1.428383469581604004e+00
1.217806100845336914e+00
1.129136562347412109e+00
1.129136562347412109e+00
1.411039471626281738e+00
1.411039471626281738e+00
1.411039471626281738e+00
1.161822795867919922e+00
1.161822795867919922e+00
1.592926621437072754e+00
1.053708314895629883e+00
1.053708314895629883e+00
1.053708314895629883e+00
1.091935038566589355e+00
1.091935038566589355e+00
1.091935038566589355e+00
1.091935038566589355e+00
1.091935038566589355e+00
1.091935038566589355e+00
1.091935038566589355e+00
1.091935038566589355e+00
9.498783349990844727e-01
9.498783349990844727e-01
9.498783349990844727e-01
9.498783349990844727e-01
9.498783349990844727e-01
5.847192406654357910e-01
5.847192406654357910e-01
5.847192406654357910e-01
5.847192406654357910e-01
5.847192406654357910e-01
4.908846616744995117e-01
4.908846616744995117e-01
4.908846616744995117e-01
5.614088773727416992e-01
5.614088773727416992e-01
1.153787136077880859e+00
1.153787136077880859e+00
2.001132011413574219e+00
1.700961589813232422e+00
1.700961589813232422e+00
2.043149232864379883e+00
2.043149232864379883e+00
7.902560234069824219e-01
7.902560234069824219e-01
7.902560234069824219e-01
7.902560234069824219e-01
7.902560234069824219e-01
7.902560234069824219e-01
7.902560234069824219e-01
1.557492494583129883e+00
6.750376224517822266e-01
6.750376224517822266e-01
6.750376224517822266e-01
6.750376224517822266e-01
6.750376224517822266e-01
6.750376224517822266e-01
8.841255903244018555e-01
6.278711557388305664e-01
6.278711557388305664e-01
6.278711557388305664e-01
6.278711557388305664e-01
6.278711557388305664e-01
6.278711557388305664e-01
2.300208091735839844e+00
2.300208091735839844e+00
1.781917572021484375e+00
1.781917572021484375e+00
1.986260414123535156e+00
1.930359840393066406e+00
1.930359840393066406e+00
1.930359840393066406e+00
1.930359840393066406e+00
2.570857763290405273e+00
2.570857763290405273e+00
2.570857763290405273e+00
2.570857763290405273e+00
2.570857763290405273e+00
2.570857763290405273e+00
2.570857763290405273e+00
2.986934185028076172e-01
3.198967695236206055e+00
3.198967695236206055e+00
4.066363811492919922e+00
4.066363811492919922e+00
3.210049867630004883e+00
3.210049867630004883e+00
1.861410856246948242e+00
3.347818851470947266e+00
1.896188139915466309e+00
1.680521965026855469e+00
1.680521965026855469e+00
1.680521965026855469e+00
1.680521965026855469e+00
1.680521965026855469e+00
1.680521965026855469e+00
6.822832226753234863e-01
1.350960850715637207e+00
8.234646916389465332e-01
8.234646916389465332e-01
8.234646916389465332e-01
8.234646916389465332e-01
8.234646916389465332e-01
9.374227523803710938e-01
2.860566139221191406e+00
4.176115989685058594e-01
1.894997119903564453e+00
1.894997119903564453e+00
1.894997119903564453e+00
1.378711581230163574e+00
3.327831745147705078e+00
3.327831745147705078e+00
1.484301567077636719e+00
1.484301567077636719e+00
8.645257353782653809e-01
8.645257353782653809e-01
2.399520397186279297e+00
7.621804475784301758e-01
7.621804475784301758e-01
7.621804475784301758e-01
7.621804475784301758e-01
7.621804475784301758e-01
1.066612958908081055e+00
1.066612958908081055e+00
1.688893556594848633e+00
3.823614120483398438e+00
2.610154628753662109e+00
2.367095232009887695e+00
1.230655550956726074e+00
1.230655550956726074e+00
1.230655550956726074e+00
1.230655550956726074e+00
1.230655550956726074e+00
1.112243533134460449e+00
7.071665525436401367e-01
7.071665525436401367e-01
7.071665525436401367e-01
7.071665525436401367e-01
7.071665525436401367e-01
7.071665525436401367e-01
7.071665525436401367e-01
4.499507844448089600e-01
4.499507844448089600e-01
4.499507844448089600e-01
4.499507844448089600e-01
4.499507844448089600e-01
4.499507844448089600e-01
4.388746917247772217e-01
2.496750831604003906e+00
2.496750831604003906e+00
7.044101953506469727e-01
7.044101953506469727e-01
7.044101953506469727e-01
7.044101953506469727e-01
7.044101953506469727e-01
4.347291588783264160e-01
4.347291588783264160e-01
4.347291588783264160e-01
6.466360092163085938e-01
6.466360092163085938e-01
2.546866893768310547e+00
2.153634548187255859e+00
8.956769704818725586e-01
8.956769704818725586e-01
8.956769704818725586e-01
8.956769704818725586e-01
1.066425085067749023e+00
1.905117273330688477e+00
7.341883182525634766e-01
7.341883182525634766e-01
7.341883182525634766e-01
1.180441737174987793e+00
1.569328904151916504e+00
1.569328904151916504e+00
1.360928058624267578e+00
1.360928058624267578e+00
1.618475437164306641e+00
1.618475437164306641e+00
1.730594754219055176e+00
1.725165247917175293e+00
1.725165247917175293e+00
1.725165247917175293e+00
2.265524387359619141e+00
1.790452718734741211e+00
1.790452718734741211e+00
6.042823791503906250e-01
1.040071129798889160e+00
1.040071129798889160e+00
7.086077332496643066e-01
4.838909506797790527e-01
4.686922132968902588e-01
4.686922132968902588e-01
1.642304301261901855e+00
1.276143670082092285e+00
5.783622264862060547e-01
5.783622264862060547e-01
1.255170345306396484e+00
7.490670680999755859e-01
7.490670680999755859e-01
8.199532628059387207e-01
9.924068450927734375e-01
9.924068450927734375e-01
9.202264547348022461e-01
9.202264547348022461e-01
1.582376241683959961e+00
1.582376241683959961e+00
1.401872277259826660e+00
1.401872277259826660e+00
1.401872277259826660e+00
1.401872277259826660e+00
1.401872277259826660e+00
1.401872277259826660e+00
1.401872277259826660e+00
1.401872277259826660e+00
1.195633292198181152e+00
1.195633292198181152e+00
1.195633292198181152e+00
1.195633292198181152e+00
1.195633292198181152e+00
1.821028470993041992e+00
1.821028470993041992e+00
3.174916028976440430e+00
1.279771447181701660e+00
8.771896958351135254e-01
8.771896958351135254e-01
8.771896958351135254e-01
8.771896958351135254e-01
8.771896958351135254e-01
8.771896958351135254e-01
8.771896958351135254e-01
5.964276790618896484e-01
5.964276790618896484e-01
6.399967074394226074e-01
6.399967074394226074e-01
4.221277832984924316e-01
4.221277832984924316e-01
4.221277832984924316e-01
4.221277832984924316e-01
4.221277832984924316e-01
1.621873378753662109e+00
9.905310273170471191e-01
9.905310273170471191e-01
9.905310273170471191e-01
9.905310273170471191e-01
9.905310273170471191e-01
9.905310273170471191e-01
9.446756243705749512e-01
9.446756243705749512e-01
9.446756243705749512e-01
9.446756243705749512e-01
1.002323865890502930e+00
1.002323865890502930e+00
1.302408814430236816e+00
2.446822166442871094e+00
2.446822166442871094e+00
2.300346612930297852e+00
2.300346612930297852e+00
2.532060146331787109e+00
1.577068090438842773e+00
1.577068090438842773e+00
1.577068090438842773e+00
2.164616107940673828e+00
2.164616107940673828e+00
2.164616107940673828e+00
1.289746046066284180e+00
1.158033967018127441e+00
5.665763616561889648e-01
5.665763616561889648e-01
5.665763616561889648e-01
5.665763616561889648e-01
5.665763616561889648e-01
9.916998147964477539e-01
1.197611331939697266e+00
1.146961092948913574e+00
1.146961092948913574e+00
1.146961092948913574e+00
1.146961092948913574e+00
8.798564672470092773e-01
8.798564672470092773e-01
7.457485795021057129e-01
3.771933019161224365e-01
1.895603299140930176e+00
1.027971982955932617e+00
1.027971982955932617e+00
9.607042074203491211e-01
9.607042074203491211e-01
9.607042074203491211e-01
2.309685707092285156e+00
1.003725290298461914e+00
1.003725290298461914e+00
1.003725290298461914e+00
1.003725290298461914e+00
1.003725290298461914e+00
1.003725290298461914e+00
9.597281813621520996e-01
9.597281813621520996e-01
9.597281813621520996e-01
9.597281813621520996e-01
9.597281813621520996e-01
9.597281813621520996e-01
9.597281813621520996e-01
9.597281813621520996e-01
1.855781078338623047e+00
1.855781078338623047e+00
1.138901710510253906e+00
5.402830243110656738e-01
2.941663026809692383e+00
1.664982318878173828e+00
1.908543348312377930e+00
1.908543348312377930e+00
6.991469860076904297e-01
6.991469860076904297e-01
6.991469860076904297e-01
1.401062965393066406e+00
1.401062965393066406e+00
1.401062965393066406e+00
1.401062965393066406e+00
2.428407669067382812e-01
1.768023014068603516e+00
8.672332763671875000e-01
8.672332763671875000e-01
1.959170579910278320e+00
1.115106105804443359e+00
1.115106105804443359e+00
1.115106105804443359e+00
3.472448825836181641e+00
3.702837228775024414e+00
3.702837228775024414e+00
3.702837228775024414e+00
2.090366363525390625e+00
2.883939504623413086e+00
2.963156700134277344e+00
2.963156700134277344e+00
1.277342796325683594e+00
4.937555193901062012e-01
1.305735111236572266e+00
6.526126861572265625e-01
6.526126861572265625e-01
6.526126861572265625e-01
1.206201076507568359e+00
1.206201076507568359e+00
1.206201076507568359e+00
1.127859592437744141e+00
1.127859592437744141e+00
1.127859592437744141e+00
1.864867329597473145e+00
2.578448295593261719e+00
2.578448295593261719e+00
3.695203781127929688e+00
3.695203781127929688e+00
4.744196891784667969e+00
6.474701881408691406e+00
2.626460552215576172e+00
2.626460552215576172e+00
2.626460552215576172e+00
2.626460552215576172e+00
2.568330526351928711e+00
2.568330526351928711e+00
2.568330526351928711e+00
2.367408275604248047e+00
2.367408275604248047e+00
2.367408275604248047e+00
1.522261619567871094e+00
1.522261619567871094e+00
1.522261619567871094e+00
1.522261619567871094e+00
1.522261619567871094e+00
1.522261619567871094e+00
1.522261619567871094e+00
1.522261619567871094e+00
1.522261619567871094e+00
3.661021232604980469e+00
3.557033538818359375e+00
2.186872005462646484e+00
2.186872005462646484e+00
2.186872005462646484e+00
1.410574316978454590e+00
8.068014383316040039e-01
8.068014383316040039e-01
8.327980041503906250e-01
9.885469675064086914e-01
2.091120243072509766e+00
2.091120243072509766e+00
1.717996954917907715e+00
1.717996954917907715e+00
1.717996954917907715e+00
1.717996954917907715e+00
1.324427127838134766e+00
1.324427127838134766e+00
9.763597249984741211e-01
9.763597249984741211e-01
9.763597249984741211e-01
9.763597249984741211e-01
9.763597249984741211e-01
3.143443107604980469e+00
2.989100933074951172e+00
5.560161113739013672e+00
3.751280784606933594e+00
3.751280784606933594e+00
4.221545219421386719e+00
5.814880847930908203e+00
5.508958816528320312e+00
4.989310741424560547e+00
4.989310741424560547e+00
3.851788282394409180e+00
4.739613056182861328e+00
4.739613056182861328e+00
3.096615552902221680e+00
4.933932304382324219e+00
5.817289829254150391e+00
5.059221744537353516e+00
5.059221744537353516e+00
5.059221744537353516e+00
3.613228797912597656e+00
4.155821323394775391e+00
4.155821323394775391e+00
4.155821323394775391e+00
3.343846797943115234e+00
1.900466799736022949e+00
2.058877944946289062e+00
2.301777362823486328e+00
2.301777362823486328e+00
1.810009479522705078e+00
1.810009479522705078e+00
6.782003641128540039e-01
6.782003641128540039e-01
6.782003641128540039e-01
6.782003641128540039e-01
6.782003641128540039e-01
6.782003641128540039e-01
6.782003641128540039e-01
6.782003641128540039e-01
6.782003641128540039e-01
6.782003641128540039e-01
6.782003641128540039e-01
1.434260249137878418e+00
4.815828204154968262e-01
4.815828204154968262e-01
4.815828204154968262e-01
4.815828204154968262e-01
4.815828204154968262e-01
2.914046287536621094e+00
2.914046287536621094e+00
2.914046287536621094e+00
2.914046287536621094e+00
2.914046287536621094e+00
2.914046287536621094e+00
3.516540765762329102e+00
3.516540765762329102e+00
1.801790475845336914e+00
1.340582132339477539e+00
1.340582132339477539e+00
1.340582132339477539e+00
1.982492208480834961e+00
3.183641195297241211e+00
3.146523952484130859e+00
3.737826347351074219e+00
3.489703416824340820e+00
2.385221719741821289e+00
2.385221719741821289e+00
1.237982988357543945e+00
1.237982988357543945e+00
1.237982988357543945e+00
1.237982988357543945e+00
1.237982988357543945e+00
1.237982988357543945e+00
1.237982988357543945e+00
5.516645312309265137e-01
5.644742846488952637e-01
2.978558540344238281e+00
2.587700366973876953e+00
2.587700366973876953e+00
9.878315925598144531e-01
9.878315925598144531e-01
9.878315925598144531e-01
1.103759169578552246e+00
8.515571355819702148e-01
8.515571355819702148e-01
8.515571355819702148e-01
1.635536193847656250e+00
1.130613327026367188e+00
9.812844991683959961e-01
9.812844991683959961e-01
1.509313821792602539e+00
1.509313821792602539e+00
1.429804563522338867e+00
1.429804563522338867e+00
1.429804563522338867e+00
1.570990085601806641e+00
1.570990085601806641e+00
1.570990085601806641e+00
1.570990085601806641e+00
8.746500611305236816e-01
8.746500611305236816e-01
1.364111781120300293e+00
2.106407165527343750e+00
2.106407165527343750e+00
2.106407165527343750e+00
1.215863227844238281e+00
1.420220017433166504e+00
1.829112648963928223e+00
6.026584148406982422e+00
6.312012672424316406e+00
4.678480148315429688e+00
4.843616962432861328e+00
3.302990913391113281e+00
3.631325960159301758e+00
2.480786323547363281e+00
2.480786323547363281e+00
2.480786323547363281e+00
2.480786323547363281e+00
1.647711157798767090e+00
3.487090349197387695e+00
3.920297861099243164e+00
7.222639083862304688e+00
1.001465988159179688e+01
9.122931480407714844e+00
6.992837905883789062e+00
8.611779212951660156e+00
8.611779212951660156e+00
4.341052532196044922e+00
2.464988231658935547e+00
2.646791219711303711e+00
2.509275197982788086e+00
2.915944337844848633e+00
2.379857063293457031e+00
2.379857063293457031e+00
2.379857063293457031e+00
2.379857063293457031e+00
2.379857063293457031e+00
2.379857063293457031e+00
3.057555198669433594e+00
2.409797191619873047e+00
9.897270202636718750e-01
9.897270202636718750e-01
9.897270202636718750e-01
9.897270202636718750e-01
9.897270202636718750e-01
9.897270202636718750e-01
9.897270202636718750e-01
3.355657339096069336e+00
3.355657339096069336e+00
3.355657339096069336e+00
3.672697782516479492e+00
3.672697782516479492e+00
2.255830764770507812e+00
5.559443235397338867e-01
5.559443235397338867e-01
5.559443235397338867e-01
5.559443235397338867e-01
5.559443235397338867e-01
5.559443235397338867e-01
5.559443235397338867e-01
5.559443235397338867e-01
5.559443235397338867e-01
5.559443235397338867e-01
5.559443235397338867e-01
8.805094957351684570e-01
8.805094957351684570e-01
8.805094957351684570e-01
8.805094957351684570e-01
6.135073900222778320e-01
6.135073900222778320e-01
6.135073900222778320e-01
6.135073900222778320e-01
6.135073900222778320e-01
6.135073900222778320e-01
6.135073900222778320e-01
6.135073900222778320e-01
6.135073900222778320e-01
6.135073900222778320e-01
6.135073900222778320e-01
6.135073900222778320e-01
6.135073900222778320e-01
6.135073900222778320e-01
6.135073900222778320e-01
6.135073900222778320e-01
6.135073900222778320e-01
9.772295951843261719e-01
9.772295951843261719e-01
9.772295951843261719e-01
9.772295951843261719e-01
8.012032508850097656e-01
8.012032508850097656e-01
8.012032508850097656e-01
7.937054038047790527e-01
7.937054038047790527e-01
1.227085828781127930e+00
1.227085828781127930e+00
6.155424118041992188e-01
6.155424118041992188e-01
6.155424118041992188e-01
6.155424118041992188e-01
6.155424118041992188e-01
6.155424118041992188e-01
6.155424118041992188e-01
1.261942148208618164e+00
1.083955883979797363e+00
1.083955883979797363e+00
1.083955883979797363e+00
1.083955883979797363e+00
9.182137250900268555e-01
9.182137250900268555e-01
3.636354804039001465e-01
3.636354804039001465e-01
1.561599731445312500e+00
9.728559851646423340e-01
6.652714014053344727e-01
6.652714014053344727e-01
4.020804166793823242e-01
1.085067749023437500e+00
1.407952904701232910e+00
1.407952904701232910e+00
1.407952904701232910e+00
1.407952904701232910e+00
1.407952904701232910e+00
1.907115459442138672e+00
1.907115459442138672e+00
1.263318061828613281e+00
1.263318061828613281e+00
1.263318061828613281e+00
2.310727596282958984e+00
2.310727596282958984e+00
2.310727596282958984e+00
2.310727596282958984e+00
2.310727596282958984e+00
2.310727596282958984e+00
2.310727596282958984e+00
1.120440602302551270e+00
1.120440602302551270e+00
1.120440602302551270e+00
1.120440602302551270e+00
5.114296674728393555e-01
7.570324540138244629e-01
7.570324540138244629e-01
1.368529438972473145e+00
1.368529438972473145e+00
1.144648313522338867e+00
1.144648313522338867e+00
1.144648313522338867e+00
3.122531414031982422e+00
3.270787239074707031e+00
1.560254812240600586e+00
1.446526288986206055e+00
1.446526288986206055e+00
1.446526288986206055e+00
9.305442571640014648e-01
1.710895776748657227e+00
1.710895776748657227e+00
1.710895776748657227e+00
1.710895776748657227e+00
1.710895776748657227e+00
1.710895776748657227e+00
1.324226140975952148e+00
1.266903877258300781e+00
1.266903877258300781e+00
1.266903877258300781e+00
1.266903877258300781e+00
1.266903877258300781e+00
1.266903877258300781e+00
6.520675420761108398e-01
6.520675420761108398e-01
6.520675420761108398e-01
6.520675420761108398e-01
6.520675420761108398e-01
6.520675420761108398e-01
6.520675420761108398e-01
4.296514987945556641e-01
4.296514987945556641e-01
1.276604413986206055e+00
1.676754474639892578e+00
1.676754474639892578e+00
1.676754474639892578e+00
2.011065959930419922e+00
2.560786008834838867e+00
7.306510210037231445e-01
7.306510210037231445e-01
7.306510210037231445e-01
7.306510210037231445e-01
7.306510210037231445e-01
7.306510210037231445e-01
5.524881482124328613e-01
5.524881482124328613e-01
5.524881482124328613e-01
1.507985830307006836e+00
1.644509315490722656e+00
1.644509315490722656e+00
1.644509315490722656e+00
1.644509315490722656e+00
1.644509315490722656e+00
1.150116443634033203e+00
1.150116443634033203e+00
8.369508981704711914e-01
8.369508981704711914e-01
8.369508981704711914e-01
8.369508981704711914e-01
8.369508981704711914e-01
8.369508981704711914e-01
8.369508981704711914e-01
8.809881806373596191e-01
8.809881806373596191e-01
8.430874347686767578e-01
4.216556251049041748e-01
2.102733850479125977e+00
2.102733850479125977e+00
5.887119770050048828e-01
5.887119770050048828e-01
5.887119770050048828e-01
5.887119770050048828e-01
1.099611997604370117e+00
1.099611997604370117e+00
1.099611997604370117e+00
1.444900631904602051e+00
2.030560255050659180e+00
7.067071199417114258e-01
7.067071199417114258e-01
7.067071199417114258e-01
7.067071199417114258e-01
7.067071199417114258e-01
7.067071199417114258e-01
7.067071199417114258e-01
3.952752053737640381e-01
1.719237804412841797e+00
1.719237804412841797e+00
1.719237804412841797e+00
1.719237804412841797e+00
1.274339675903320312e+00
6.797003149986267090e-01
1.921739101409912109e+00
1.228033304214477539e+00
4.644609689712524414e-01
4.644609689712524414e-01
3.590883016586303711e-01
2.447502136230468750e+00
2.447502136230468750e+00
2.623334646224975586e+00
2.474160909652709961e+00
2.248143672943115234e+00
2.248143672943115234e+00
2.248143672943115234e+00
2.056277751922607422e+00
2.056277751922607422e+00
1.442281723022460938e+00
1.442281723022460938e+00
6.382252573966979980e-01
6.382252573966979980e-01
6.382252573966979980e-01
6.382252573966979980e-01
6.382252573966979980e-01
6.382252573966979980e-01
6.382252573966979980e-01
1.030259251594543457e+00
1.030259251594543457e+00
3.003713846206665039e+00
4.200391769409179688e+00
4.465748786926269531e+00
3.401627779006958008e+00
3.401627779006958008e+00
3.401627779006958008e+00
3.461623191833496094e+00
3.608604431152343750e+00
3.801978826522827148e+00
3.801978826522827148e+00
1.460055589675903320e+00
1.460055589675903320e+00
1.460055589675903320e+00
1.843021631240844727e+00
1.843021631240844727e+00
2.431358814239501953e+00
2.606115818023681641e+00
2.606115818023681641e+00
2.606115818023681641e+00
1.247773766517639160e+00
4.904851317405700684e-01
4.904851317405700684e-01
6.098095178604125977e-01
6.098095178604125977e-01
6.098095178604125977e-01
6.098095178604125977e-01
7.249639630317687988e-01
7.249639630317687988e-01
7.249639630317687988e-01
7.249639630317687988e-01
6.541327238082885742e-01
6.541327238082885742e-01
6.541327238082885742e-01
6.541327238082885742e-01
6.541327238082885742e-01
6.541327238082885742e-01
6.541327238082885742e-01
6.541327238082885742e-01
2.093263149261474609e+00
1.334583640098571777e+00
1.334583640098571777e+00
1.334583640098571777e+00
1.334583640098571777e+00
1.334583640098571777e+00
1.334583640098571777e+00
1.334583640098571777e+00
1.334583640098571777e+00
1.793851852416992188e+00
1.793851852416992188e+00
2.568438291549682617e+00
4.558534622192382812e+00
4.726972103118896484e+00
6.665974617004394531e+00
6.665974617004394531e+00
4.196848392486572266e+00
1.890021324157714844e+00
1.890021324157714844e+00
6.225959062576293945e-01
6.225959062576293945e-01
7.857657670974731445e-01
8.550063967704772949e-01
8.550063967704772949e-01
8.550063967704772949e-01
8.550063967704772949e-01
8.550063967704772949e-01
4.884141385555267334e-01
4.884141385555267334e-01
4.884141385555267334e-01
4.884141385555267334e-01
4.884141385555267334e-01
4.884141385555267334e-01
1.661633610725402832e+00
1.661633610725402832e+00
1.059325098991394043e+00
1.059325098991394043e+00
1.059325098991394043e+00
1.059325098991394043e+00
1.221297383308410645e+00
1.221297383308410645e+00
1.221297383308410645e+00
1.221297383308410645e+00
1.221297383308410645e+00
1.922120332717895508e+00
1.922120332717895508e+00
1.922120332717895508e+00
1.455702543258666992e+00
1.968847036361694336e+00
1.968847036361694336e+00
1.968847036361694336e+00
1.968847036361694336e+00
4.097442626953125000e-01
4.097442626953125000e-01
1.751587152481079102e+00
1.738249540328979492e+00
2.822081089019775391e+00
2.822081089019775391e+00
1.678779363632202148e+00
5.285875797271728516e-01
2.214433193206787109e+00
2.214433193206787109e+00
2.214433193206787109e+00
1.226103067398071289e+00
1.226103067398071289e+00
9.607622623443603516e-01
9.607622623443603516e-01
9.607622623443603516e-01
9.607622623443603516e-01
9.748212695121765137e-01
9.748212695121765137e-01
9.748212695121765137e-01
9.748212695121765137e-01
9.748212695121765137e-01
9.748212695121765137e-01
7.566642165184020996e-01
8.551182746887207031e-01
8.551182746887207031e-01
8.551182746887207031e-01
8.551182746887207031e-01
8.553745150566101074e-01
5.944625139236450195e-01
5.944625139236450195e-01
3.045807361602783203e+00
4.357332706451416016e+00
3.059910297393798828e+00
3.170114755630493164e+00
2.016406059265136719e+00
2.494128465652465820e+00
2.494128465652465820e+00
8.214380741119384766e-01
8.214380741119384766e-01
8.214380741119384766e-01
8.214380741119384766e-01
8.214380741119384766e-01
5.995588898658752441e-01
5.995588898658752441e-01
5.995588898658752441e-01
5.995588898658752441e-01
5.995588898658752441e-01
5.268691778182983398e-01
9.260478019714355469e-01
9.260478019714355469e-01
9.260478019714355469e-01
7.630267739295959473e-01
7.630267739295959473e-01
7.630267739295959473e-01
6.288040876388549805e-01
6.288040876388549805e-01
8.365510702133178711e-01
8.365510702133178711e-01
8.365510702133178711e-01
8.365510702133178711e-01
8.365510702133178711e-01
8.365510702133178711e-01
8.365510702133178711e-01
8.365510702133178711e-01
8.365510702133178711e-01
8.365510702133178711e-01
9.281891584396362305e-01
1.657044410705566406e+00
1.657044410705566406e+00
1.657044410705566406e+00
1.657044410705566406e+00
5.424052476882934570e-01
5.424052476882934570e-01
5.424052476882934570e-01
2.101502895355224609e+00
1.026981592178344727e+00
1.026981592178344727e+00
1.026981592178344727e+00
1.026981592178344727e+00
1.026981592178344727e+00
9.110365509986877441e-01
3.534265995025634766e+00
7.066309452056884766e-01
7.066309452056884766e-01
7.066309452056884766e-01
7.066309452056884766e-01
7.066309452056884766e-01
7.066309452056884766e-01
7.066309452056884766e-01
7.066309452056884766e-01
1.649548292160034180e+00
1.649548292160034180e+00
1.649548292160034180e+00
1.649548292160034180e+00
1.649548292160034180e+00
2.428540706634521484e+00
1.963374018669128418e+00
1.963374018669128418e+00
1.963374018669128418e+00
3.083524227142333984e+00
3.083524227142333984e+00
2.152389526367187500e+00
2.152389526367187500e+00
2.068242311477661133e+00
1.044874429702758789e+00
1.044874429702758789e+00
1.044874429702758789e+00
1.285555839538574219e+00
1.285555839538574219e+00
4.752865433692932129e-01
4.752865433692932129e-01
4.752865433692932129e-01
4.752865433692932129e-01
4.752865433692932129e-01
1.502195596694946289e+00
1.627078533172607422e+00
3.966711759567260742e+00
3.966711759567260742e+00
3.966711759567260742e+00
3.966711759567260742e+00
5.095829963684082031e+00
2.706688404083251953e+00
2.706688404083251953e+00
2.706688404083251953e+00
2.706688404083251953e+00
2.706688404083251953e+00
1.888120889663696289e+00
5.853612422943115234e-01
2.288094520568847656e+00
3.867956399917602539e-01
3.867956399917602539e-01
9.046257138252258301e-01
9.046257138252258301e-01
9.046257138252258301e-01
9.046257138252258301e-01
9.046257138252258301e-01
9.046257138252258301e-01
9.871271252632141113e-01
9.871271252632141113e-01
4.298546910285949707e-01
1.410604119300842285e+00
1.449257493019104004e+00
1.908177375793457031e+00
1.861221671104431152e+00
9.113733768463134766e-01
9.113733768463134766e-01
1.846154928207397461e+00
2.308264732360839844e+00
2.768490791320800781e+00
7.318704128265380859e-01
7.318704128265380859e-01
7.318704128265380859e-01
7.318704128265380859e-01
1.754075288772583008e+00
1.754075288772583008e+00
1.204894185066223145e+00
1.743000268936157227e+00
1.743000268936157227e+00
1.743000268936157227e+00
1.743000268936157227e+00
1.743000268936157227e+00
1.396745920181274414e+00
1.396745920181274414e+00
2.237086296081542969e+00
2.237086296081542969e+00
9.161058664321899414e-01
1.165863037109375000e+00
1.071242213249206543e+00
1.071242213249206543e+00
2.163287162780761719e+00
1.745490789413452148e+00
1.745490789413452148e+00
2.976191043853759766e+00
5.163798332214355469e-01
5.163798332214355469e-01
1.052744984626770020e+00
1.052744984626770020e+00
1.052744984626770020e+00
1.052744984626770020e+00
1.052744984626770020e+00
1.096169114112854004e+00
1.096169114112854004e+00
1.096169114112854004e+00
1.096169114112854004e+00
8.506503701210021973e-01
8.506503701210021973e-01
8.506503701210021973e-01
8.506503701210021973e-01
8.506503701210021973e-01
8.506503701210021973e-01
8.506503701210021973e-01
8.506503701210021973e-01
5.323758125305175781e-01
5.323758125305175781e-01
5.323758125305175781e-01
9.630320668220520020e-01
9.630320668220520020e-01
9.630320668220520020e-01
9.630320668220520020e-01
9.630320668220520020e-01
1.768204569816589355e+00
1.129549264907836914e+00
1.129549264907836914e+00
1.150215744972229004e+00
3.648502826690673828e+00
3.648502826690673828e+00
3.648502826690673828e+00
2.718347787857055664e+00
3.235805511474609375e+00
2.968562602996826172e+00
1.107655286788940430e+00
1.107655286788940430e+00
1.107655286788940430e+00
1.107655286788940430e+00
1.107655286788940430e+00
1.107655286788940430e+00
1.107655286788940430e+00
1.107655286788940430e+00
1.107655286788940430e+00
1.945076823234558105e+00
3.341227531433105469e+00
3.826993703842163086e+00
6.253077507019042969e+00
2.639268398284912109e+00
2.726646661758422852e+00
1.344123005867004395e+00
1.149492502212524414e+00
1.149492502212524414e+00
1.149492502212524414e+00
3.780021667480468750e-01
3.780021667480468750e-01
3.035121917724609375e+00
3.035121917724609375e+00
3.035121917724609375e+00
1.015000820159912109e+00
6.102933883666992188e-01
6.102933883666992188e-01
6.102933883666992188e-01
6.102933883666992188e-01
6.102933883666992188e-01
6.102933883666992188e-01
6.102933883666992188e-01
6.102933883666992188e-01
6.102933883666992188e-01
8.526920676231384277e-01
8.526920676231384277e-01
8.526920676231384277e-01
8.526920676231384277e-01
8.526920676231384277e-01
7.326609492301940918e-01
7.326609492301940918e-01
7.326609492301940918e-01
7.326609492301940918e-01
1.112111210823059082e+00
1.112111210823059082e+00
1.112111210823059082e+00
2.281481027603149414e+00
1.261295676231384277e+00
1.261295676231384277e+00
1.261295676231384277e+00
1.269669055938720703e+00
1.251528143882751465e+00
1.251528143882751465e+00
1.251528143882751465e+00
1.251528143882751465e+00
1.251528143882751465e+00
6.589713692665100098e-01
1.117770671844482422e+00
1.117770671844482422e+00
1.117770671844482422e+00
6.809400916099548340e-01
6.809400916099548340e-01
6.809400916099548340e-01
6.809400916099548340e-01
6.809400916099548340e-01
6.809400916099548340e-01
6.809400916099548340e-01
6.809400916099548340e-01
6.809400916099548340e-01
6.809400916099548340e-01
6.809400916099548340e-01
9.538109898567199707e-01
7.059352397918701172e-01
7.059352397918701172e-01
7.059352397918701172e-01
1.355548858642578125e+00
3.836314082145690918e-01
3.836314082145690918e-01
2.665328741073608398e+00
2.692474365234375000e+00
6.976140737533569336e-01
6.976140737533569336e-01
1.319270372390747070e+00
1.319270372390747070e+00
1.319270372390747070e+00
1.319270372390747070e+00
2.191750049591064453e+00
2.587535858154296875e+00
1.228070020675659180e+00
1.228070020675659180e+00
1.228070020675659180e+00
1.632155060768127441e+00
1.632155060768127441e+00
1.632155060768127441e+00
1.472204208374023438e+00
1.472204208374023438e+00
1.472204208374023438e+00
1.314433693885803223e+00
1.314433693885803223e+00
1.314433693885803223e+00
1.314433693885803223e+00
3.229760169982910156e+00
1.489191174507141113e+00
1.015430092811584473e+00
8.503062725067138672e-01
8.503062725067138672e-01
2.083858013153076172e+00
2.083858013153076172e+00
2.083858013153076172e+00
5.968980789184570312e-01
5.968980789184570312e-01
5.968980789184570312e-01
3.911537528038024902e-01
3.911537528038024902e-01
3.911537528038024902e-01
2.804268836975097656e+00
3.276277780532836914e+00
3.276277780532836914e+00
7.023537158966064453e-01
7.023537158966064453e-01
7.023537158966064453e-01
7.023537158966064453e-01
7.023537158966064453e-01
9.011770486831665039e-01
9.011770486831665039e-01
9.011770486831665039e-01
9.011770486831665039e-01
7.760032415390014648e-01
7.760032415390014648e-01
7.760032415390014648e-01
7.760032415390014648e-01
7.760032415390014648e-01
2.122029304504394531e+00
2.122029304504394531e+00
3.416488885879516602e+00
1.734246492385864258e+00
1.734246492385864258e+00
1.734246492385864258e+00
1.734246492385864258e+00
1.175937175750732422e+00
1.175937175750732422e+00
1.175937175750732422e+00
1.175937175750732422e+00
1.175937175750732422e+00
1.175937175750732422e+00
1.175937175750732422e+00
3.760138154029846191e-01
3.760138154029846191e-01
7.980501055717468262e-01
7.980501055717468262e-01
7.980501055717468262e-01
7.980501055717468262e-01
7.980501055717468262e-01
7.980501055717468262e-01
7.980501055717468262e-01
7.980501055717468262e-01
7.980501055717468262e-01
7.980501055717468262e-01
6.133717298507690430e-01
6.133717298507690430e-01
6.133717298507690430e-01
4.531069099903106689e-01
4.531069099903106689e-01
1.955533623695373535e+00
1.955533623695373535e+00
1.955533623695373535e+00
2.037539243698120117e+00
1.754415988922119141e+00
1.754415988922119141e+00
1.754415988922119141e+00
1.754415988922119141e+00
3.627409934997558594e-01
3.627409934997558594e-01
3.627409934997558594e-01
2.324280977249145508e+00
2.324280977249145508e+00
2.324280977249145508e+00
2.324280977249145508e+00
2.324280977249145508e+00
1.639066934585571289e+00
1.397115707397460938e+00
1.397115707397460938e+00
1.397115707397460938e+00
1.397115707397460938e+00
1.397115707397460938e+00
1.397115707397460938e+00
1.397115707397460938e+00
1.172108173370361328e+00
1.172108173370361328e+00
1.172108173370361328e+00
1.958470344543457031e+00
3.003357887268066406e+00
2.252824068069458008e+00
1.461106300354003906e+00
1.461106300354003906e+00
7.728127837181091309e-01
7.728127837181091309e-01
1.222382426261901855e+00
1.459610223770141602e+00
2.379809379577636719e+00
2.668850898742675781e+00
2.668850898742675781e+00
2.417488813400268555e+00
1.352321743965148926e+00
1.352321743965148926e+00
1.352321743965148926e+00
1.339051008224487305e+00
1.339051008224487305e+00
1.339051008224487305e+00
1.339051008224487305e+00
1.339051008224487305e+00
1.339051008224487305e+00
1.339051008224487305e+00
1.339051008224487305e+00
1.336883902549743652e+00
1.336883902549743652e+00
1.311960101127624512e+00
1.311960101127624512e+00
1.829127550125122070e+00
1.829127550125122070e+00
3.512578010559082031e+00
2.611361980438232422e+00
7.227272987365722656e-01
8.394997715950012207e-01
8.394997715950012207e-01
1.335131406784057617e+00
1.335131406784057617e+00
1.335131406784057617e+00
1.616040825843811035e+00
1.616040825843811035e+00
1.851952314376831055e+00
1.919024825096130371e+00
5.792071819305419922e-01
5.792071819305419922e-01
5.792071819305419922e-01
5.792071819305419922e-01
5.792071819305419922e-01
1.988675117492675781e+00
2.614060163497924805e+00
2.498960733413696289e+00
2.498960733413696289e+00
2.498960733413696289e+00
2.498960733413696289e+00
1.839652419090270996e+00
1.839652419090270996e+00
1.839652419090270996e+00
1.839652419090270996e+00
6.533641815185546875e-01
6.533641815185546875e-01
4.599663615226745605e-01
4.599663615226745605e-01
4.599663615226745605e-01
4.599663615226745605e-01
4.599663615226745605e-01
1.846756696701049805e+00
4.095057249069213867e-01
4.095057249069213867e-01
4.095057249069213867e-01
4.095057249069213867e-01
4.095057249069213867e-01
4.095057249069213867e-01
4.095057249069213867e-01
7.677649259567260742e-01
7.211085557937622070e-01
7.211085557937622070e-01
7.211085557937622070e-01
6.361160278320312500e-01
6.361160278320312500e-01
6.361160278320312500e-01
6.361160278320312500e-01
6.361160278320312500e-01
6.361160278320312500e-01
6.361160278320312500e-01
6.361160278320312500e-01
9.164953231811523438e-01
9.164953231811523438e-01
9.164953231811523438e-01
8.370721340179443359e-01
8.370721340179443359e-01
8.370721340179443359e-01
8.370721340179443359e-01
1.070964813232421875e+00
2.933619499206542969e+00
3.265719413757324219e+00
3.265719413757324219e+00
3.265719413757324219e+00
3.038225889205932617e+00
2.176974773406982422e+00
1.496551752090454102e+00
1.496551752090454102e+00
1.400986075401306152e+00
1.400986075401306152e+00
6.027076244354248047e-01
1.573803186416625977e+00
8.877340555191040039e-01
8.877340555191040039e-01
8.877340555191040039e-01
8.877340555191040039e-01
8.877340555191040039e-01
1.058266401290893555e+00
1.058266401290893555e+00
9.983546733856201172e-01
9.983546733856201172e-01
9.983546733856201172e-01
6.791303157806396484e-01
6.791303157806396484e-01
6.791303157806396484e-01
1.465655326843261719e+00
2.184124708175659180e+00
1.717356920242309570e+00
9.474931955337524414e-01
9.474931955337524414e-01
9.474931955337524414e-01
4.432168483734130859e+00
5.040981769561767578e+00
5.546362876892089844e+00
1.820041656494140625e+00
1.820041656494140625e+00
5.104357004165649414e-01
5.104357004165649414e-01
1.095783233642578125e+00
1.095783233642578125e+00
1.095783233642578125e+00
9.533903598785400391e-01
9.613745212554931641e-01
9.613745212554931641e-01
1.347963809967041016e+00
1.371446847915649414e+00
1.371446847915649414e+00
1.371446847915649414e+00
1.112429380416870117e+00
1.112429380416870117e+00
1.112429380416870117e+00
1.112429380416870117e+00
8.719634413719177246e-01
3.911837339401245117e-01
6.974052190780639648e-01
6.974052190780639648e-01
6.974052190780639648e-01
6.974052190780639648e-01
6.974052190780639648e-01
6.974052190780639648e-01
6.974052190780639648e-01
6.974052190780639648e-01
5.921065807342529297e-01
4.668300151824951172e-01
1.758345961570739746e+00
1.758345961570739746e+00
2.058036804199218750e+00
2.058036804199218750e+00
2.058036804199218750e+00
2.058036804199218750e+00
2.058036804199218750e+00
2.058036804199218750e+00
2.058036804199218750e+00
2.058036804199218750e+00
3.518990516662597656e+00
3.518990516662597656e+00
3.518990516662597656e+00
1.180700063705444336e+00
2.063196420669555664e+00
2.063196420669555664e+00
2.063196420669555664e+00
2.063196420669555664e+00
2.063196420669555664e+00
1.202960968017578125e+00
7.439500093460083008e-01
7.439500093460083008e-01
1.375250339508056641e+00
1.375250339508056641e+00
1.746689081192016602e+00
1.746689081192016602e+00
1.746689081192016602e+00
1.746689081192016602e+00
1.746689081192016602e+00
6.075314283370971680e-01
6.075314283370971680e-01
6.075314283370971680e-01
6.075314283370971680e-01
9.180171489715576172e-01
1.488120436668395996e+00
1.488120436668395996e+00
1.488120436668395996e+00
1.488120436668395996e+00
5.979934930801391602e-01
8.736025094985961914e-01
8.736025094985961914e-01
8.736025094985961914e-01
1.488977909088134766e+00
1.488977909088134766e+00
1.488977909088134766e+00
1.733676910400390625e+00
1.733676910400390625e+00
1.733676910400390625e+00
1.733676910400390625e+00
1.733676910400390625e+00
1.733676910400390625e+00
1.733676910400390625e+00
1.733676910400390625e+00
1.733676910400390625e+00
1.733676910400390625e+00
1.733676910400390625e+00
1.733676910400390625e+00
1.733676910400390625e+00
1.733676910400390625e+00
1.733676910400390625e+00
1.644258379936218262e+00
2.303231239318847656e+00
2.303231239318847656e+00
8.747428655624389648e-01
1.351749062538146973e+00
8.346165418624877930e-01
8.346165418624877930e-01
5.910210609436035156e-01
5.910210609436035156e-01
5.910210609436035156e-01
5.428091287612915039e-01
5.428091287612915039e-01
5.428091287612915039e-01
5.428091287612915039e-01
5.428091287612915039e-01
5.605014562606811523e-01
5.605014562606811523e-01
5.605014562606811523e-01
1.875715255737304688e+00
1.875715255737304688e+00
2.500516653060913086e+00
2.500516653060913086e+00
2.670896053314208984e+00
2.208964347839355469e+00
2.208964347839355469e+00
1.575959682464599609e+00
1.575959682464599609e+00
1.575959682464599609e+00
1.575959682464599609e+00
1.894040584564208984e+00
5.306402444839477539e-01
1.227006793022155762e+00
1.227006793022155762e+00
1.227006793022155762e+00
1.227006793022155762e+00
1.227006793022155762e+00
1.227006793022155762e+00
1.227006793022155762e+00
1.227006793022155762e+00
1.227006793022155762e+00
1.227006793022155762e+00
1.227006793022155762e+00
6.522057056427001953e-01
1.370596289634704590e+00
1.370596289634704590e+00
1.370596289634704590e+00
1.370596289634704590e+00
1.370596289634704590e+00
1.370596289634704590e+00
1.370596289634704590e+00
1.805339932441711426e+00
5.970156192779541016e-01
1.331120252609252930e+00
1.331120252609252930e+00
1.331120252609252930e+00
1.331120252609252930e+00
1.331120252609252930e+00
9.152011871337890625e-01
9.152011871337890625e-01
9.152011871337890625e-01
8.261171579360961914e-01
8.261171579360961914e-01
5.290803313255310059e-01
1.251370429992675781e+00
1.251370429992675781e+00
1.251370429992675781e+00
2.035276889801025391e+00
1.458388924598693848e+00
1.458388924598693848e+00
1.458388924598693848e+00
1.458388924598693848e+00
1.458388924598693848e+00
2.938620090484619141e+00
2.938620090484619141e+00
1.665311217308044434e+00
1.665311217308044434e+00
1.665311217308044434e+00
2.303598880767822266e+00
9.808704853057861328e-01
2.318111658096313477e+00
2.313964128494262695e+00
2.313964128494262695e+00
1.878200650215148926e+00
1.878200650215148926e+00
1.265636086463928223e+00
1.265636086463928223e+00
9.320853948593139648e-01
9.320853948593139648e-01
3.482237815856933594e+00
5.857991695404052734e+00
3.235571384429931641e+00
2.890534400939941406e+00
2.942947149276733398e+00
2.381241083145141602e+00
3.924597263336181641e+00
6.250062465667724609e+00
3.832445144653320312e+00
3.832445144653320312e+00
2.039363384246826172e+00
2.039363384246826172e+00
2.039363384246826172e+00
2.039363384246826172e+00
2.039363384246826172e+00
2.039363384246826172e+00
2.039363384246826172e+00
2.070144414901733398e+00
2.070144414901733398e+00
2.175141811370849609e+00
1.823521733283996582e+00
1.823521733283996582e+00
1.721188068389892578e+00
1.803088545799255371e+00
8.240386247634887695e-01
8.240386247634887695e-01
8.240386247634887695e-01
8.240386247634887695e-01
5.565181374549865723e-01
5.565181374549865723e-01
1.904461145401000977e+00
1.622409224510192871e+00
1.189095497131347656e+00
1.189095497131347656e+00
1.189095497131347656e+00
1.242200493812561035e+00
4.102113723754882812e+00
1.272946357727050781e+00
2.763890743255615234e+00
2.763890743255615234e+00
1.894974827766418457e+00
4.425354003906250000e-01
3.937895894050598145e-01
3.937895894050598145e-01
3.937895894050598145e-01
3.937895894050598145e-01
2.388818979263305664e+00
2.094388723373413086e+00
1.645718574523925781e+00
1.645718574523925781e+00
2.579064369201660156e+00
7.846992015838623047e-01
7.846992015838623047e-01
7.846992015838623047e-01
7.846992015838623047e-01
7.846992015838623047e-01
7.877198457717895508e-01
7.877198457717895508e-01
7.877198457717895508e-01
7.877198457717895508e-01
7.877198457717895508e-01
1.460536241531372070e+00
1.460536241531372070e+00
1.035897731781005859e+00
2.024369239807128906e+00
2.024369239807128906e+00
2.024369239807128906e+00
2.024369239807128906e+00
3.877506017684936523e+00
3.753509283065795898e+00
4.158915042877197266e+00
7.066134452819824219e+00
7.017804145812988281e+00
7.354552268981933594e+00
6.454062461853027344e+00
3.893672943115234375e+00
7.763094902038574219e-01
7.763094902038574219e-01
7.763094902038574219e-01
6.675548553466796875e-01
6.675548553466796875e-01
6.675548553466796875e-01
6.675548553466796875e-01
6.675548553466796875e-01
6.675548553466796875e-01
6.675548553466796875e-01
6.675548553466796875e-01
6.675548553466796875e-01
6.647037863731384277e-01
6.647037863731384277e-01
6.647037863731384277e-01
6.647037863731384277e-01
6.647037863731384277e-01
8.305752277374267578e-01
7.826697826385498047e-01
7.826697826385498047e-01
2.020147323608398438e+00
1.719450831413269043e+00
1.719450831413269043e+00
1.438491463661193848e+00
1.438491463661193848e+00
1.438491463661193848e+00
2.329955339431762695e+00
2.329955339431762695e+00
2.329955339431762695e+00
2.329955339431762695e+00
2.329955339431762695e+00
4.055609703063964844e+00
3.307009220123291016e+00
3.307009220123291016e+00
2.744716882705688477e+00
2.856271266937255859e+00
2.981782197952270508e+00
2.981782197952270508e+00
5.998387336730957031e+00
2.639993906021118164e+00
9.404681921005249023e-01
9.404681921005249023e-01
9.404681921005249023e-01
9.404681921005249023e-01
9.404681921005249023e-01
9.404681921005249023e-01
2.290597677230834961e+00
6.055511236190795898e-01
6.055511236190795898e-01
6.055511236190795898e-01
6.055511236190795898e-01
6.055511236190795898e-01
6.055511236190795898e-01
6.055511236190795898e-01
6.055511236190795898e-01
6.055511236190795898e-01
6.055511236190795898e-01
6.055511236190795898e-01
1.433607816696166992e+00
1.433607816696166992e+00
1.433607816696166992e+00
1.433607816696166992e+00
1.433607816696166992e+00
1.433607816696166992e+00
1.433607816696166992e+00
2.830199241638183594e+00
3.296411037445068359e+00
3.128341913223266602e+00
3.281468868255615234e+00
3.281468868255615234e+00
3.604766368865966797e+00
3.604766368865966797e+00
3.869993448257446289e+00
1.668356895446777344e+00
3.273774862289428711e+00
