2.540470600128173828e+00
2.540470600128173828e+00
2.540470600128173828e+00
1.624808788299560547e+00
1.527767062187194824e+00
1.527767062187194824e+00
1.527767062187194824e+00
1.398321270942687988e+00
1.398321270942687988e+00
1.398321270942687988e+00
1.398321270942687988e+00
1.398321270942687988e+00
1.398321270942687988e+00
1.398321270942687988e+00
1.398321270942687988e+00
6.216132640838623047e-01
6.216132640838623047e-01
6.216132640838623047e-01
6.531454324722290039e-01
6.531454324722290039e-01
1.060098409652709961e+00
1.529285788536071777e+00
1.573071241378784180e+00
1.573071241378784180e+00
1.573071241378784180e+00
1.573071241378784180e+00
1.573071241378784180e+00
1.573071241378784180e+00
1.330578088760375977e+00
1.330578088760375977e+00
3.767099142074584961e+00
2.594205379486083984e+00
1.207122683525085449e+00
1.161479830741882324e+00
1.161479830741882324e+00
1.161479830741882324e+00
2.078809022903442383e+00
1.557801246643066406e+00
6.511316299438476562e-01
6.511316299438476562e-01
6.511316299438476562e-01
8.184784054756164551e-01
8.184784054756164551e-01
8.184784054756164551e-01
8.184784054756164551e-01
1.218153715133666992e+00
1.218153715133666992e+00
1.218153715133666992e+00
2.056021928787231445e+00
2.056021928787231445e+00
2.056021928787231445e+00
9.728691577911376953e-01
9.728691577911376953e-01
1.040100336074829102e+00
1.040100336074829102e+00
2.199667215347290039e+00
9.767765998840332031e-01
9.767765998840332031e-01
9.717363119125366211e-01
9.717363119125366211e-01
9.717363119125366211e-01
9.717363119125366211e-01
8.015084266662597656e-01
8.015084266662597656e-01
8.015084266662597656e-01
9.783260226249694824e-01
7.436499595642089844e-01
7.436499595642089844e-01
7.436499595642089844e-01
7.436499595642089844e-01
7.436499595642089844e-01
1.150232791900634766e+00
8.315608501434326172e-01
8.315608501434326172e-01
8.315608501434326172e-01
8.315608501434326172e-01
8.315608501434326172e-01
3.037180423736572266e+00
3.037180423736572266e+00
3.037180423736572266e+00
3.037180423736572266e+00
4.046309471130371094e+00
3.451898574829101562e+00
3.451898574829101562e+00
1.738837003707885742e+00
6.395641565322875977e-01
6.395641565322875977e-01
6.395641565322875977e-01
1.005803108215332031e+00
1.005803108215332031e+00
1.005803108215332031e+00
5.239430665969848633e-01
5.239430665969848633e-01
5.239430665969848633e-01
1.247722864151000977e+00
1.057051062583923340e+00
1.057051062583923340e+00
5.563765764236450195e-01
5.563765764236450195e-01
5.563765764236450195e-01
5.563765764236450195e-01
5.563765764236450195e-01
5.563765764236450195e-01
5.563765764236450195e-01
5.968217253684997559e-01
5.968217253684997559e-01
6.421055197715759277e-01
7.601405382156372070e-01
7.601405382156372070e-01
7.601405382156372070e-01
8.435783982276916504e-01
8.435783982276916504e-01
9.420039057731628418e-01
9.411755204200744629e-01
9.411755204200744629e-01
1.662196278572082520e+00
1.662196278572082520e+00
1.662196278572082520e+00
1.662196278572082520e+00
1.662196278572082520e+00
2.660338640213012695e+00
2.660338640213012695e+00
2.660338640213012695e+00
2.660338640213012695e+00
2.660338640213012695e+00
2.660338640213012695e+00
7.280594110488891602e-01
7.280594110488891602e-01
7.280594110488891602e-01
7.280594110488891602e-01
7.280594110488891602e-01
7.280594110488891602e-01
7.280594110488891602e-01
7.280594110488891602e-01
1.006657600402832031e+00
1.006657600402832031e+00
1.315831661224365234e+00
1.199132800102233887e+00
1.199132800102233887e+00
1.199132800102233887e+00
1.199132800102233887e+00
1.199132800102233887e+00
8.833270072937011719e-01
8.833270072937011719e-01
6.314381361007690430e-01
6.314381361007690430e-01
6.314381361007690430e-01
9.843683838844299316e-01
9.843683838844299316e-01
9.843683838844299316e-01
9.843683838844299316e-01
9.843683838844299316e-01
9.843683838844299316e-01
9.843683838844299316e-01
9.843683838844299316e-01
9.843683838844299316e-01
9.843683838844299316e-01
9.843683838844299316e-01
9.843683838844299316e-01
9.843683838844299316e-01
9.843683838844299316e-01
1.375597119331359863e+00
1.375597119331359863e+00
1.728265762329101562e+00
1.728265762329101562e+00
7.112840414047241211e-01
1.103505611419677734e+00
1.103505611419677734e+00
1.103505611419677734e+00
1.103505611419677734e+00
1.103505611419677734e+00
1.103505611419677734e+00
7.564978599548339844e-01
7.564978599548339844e-01
7.814239263534545898e-01
7.814239263534545898e-01
9.157791137695312500e-01
9.157791137695312500e-01
9.157791137695312500e-01
9.157791137695312500e-01
6.702589988708496094e-01
6.702589988708496094e-01
6.702589988708496094e-01
6.702589988708496094e-01
6.702589988708496094e-01
1.641937494277954102e+00
1.835178852081298828e+00
1.835178852081298828e+00
1.835178852081298828e+00
1.229774475097656250e+00
1.229774475097656250e+00
1.229774475097656250e+00
1.229774475097656250e+00
1.229774475097656250e+00
1.229774475097656250e+00
1.229774475097656250e+00
1.229774475097656250e+00
2.351481914520263672e+00
9.352673292160034180e-01
9.352673292160034180e-01
6.336969137191772461e-01
1.233010292053222656e+00
1.233010292053222656e+00
3.891414999961853027e-01
3.891414999961853027e-01
3.891414999961853027e-01
7.024012207984924316e-01
7.024012207984924316e-01
7.024012207984924316e-01
2.873717069625854492e+00
2.243219375610351562e+00
2.243219375610351562e+00
2.243219375610351562e+00
1.298292160034179688e+00
1.298292160034179688e+00
1.298292160034179688e+00
8.727200031280517578e-01
8.727200031280517578e-01
1.230226755142211914e+00
1.230226755142211914e+00
1.230226755142211914e+00
1.230226755142211914e+00
1.261048674583435059e+00
1.261048674583435059e+00
1.261048674583435059e+00
1.261048674583435059e+00
1.261048674583435059e+00
4.818588733673095703e+00
4.818588733673095703e+00
4.818588733673095703e+00
5.566677570343017578e+00
2.795151948928833008e+00
3.045603513717651367e+00
2.679738521575927734e+00
3.765469074249267578e+00
1.076175689697265625e+00
1.076175689697265625e+00
1.076175689697265625e+00
1.076175689697265625e+00
1.076175689697265625e+00
1.076175689697265625e+00
1.076175689697265625e+00
1.891969561576843262e+00
1.891969561576843262e+00
1.891969561576843262e+00
1.224160552024841309e+00
1.224160552024841309e+00
1.541157722473144531e+00
1.858479022979736328e+00
2.073467969894409180e+00
2.073467969894409180e+00
2.073467969894409180e+00
6.302161216735839844e-01
6.302161216735839844e-01
6.302161216735839844e-01
9.840207695960998535e-01
9.557761549949645996e-01
1.299752950668334961e+00
1.299752950668334961e+00
1.299752950668334961e+00
2.248855829238891602e+00
2.725474119186401367e+00
3.223159790039062500e+00
3.223159790039062500e+00
3.223159790039062500e+00
2.684731006622314453e+00
2.684731006622314453e+00
2.684731006622314453e+00
2.684731006622314453e+00
1.092168569564819336e+00
1.272370576858520508e+00
1.272370576858520508e+00
1.272370576858520508e+00
1.275913119316101074e+00
1.275913119316101074e+00
1.275913119316101074e+00
1.275913119316101074e+00
1.275913119316101074e+00
1.275913119316101074e+00
1.275913119316101074e+00
1.664999127388000488e+00
1.664999127388000488e+00
1.664999127388000488e+00
1.664999127388000488e+00
1.664999127388000488e+00
2.296263456344604492e+00
2.296263456344604492e+00
2.481534957885742188e+00
2.481534957885742188e+00
1.328968524932861328e+00
1.328968524932861328e+00
1.328968524932861328e+00
1.607309222221374512e+00
2.188799381256103516e+00
2.341295003890991211e+00
2.572052478790283203e+00
2.572052478790283203e+00
8.559474945068359375e-01
8.559474945068359375e-01
1.316590309143066406e+00
1.316590309143066406e+00
1.316590309143066406e+00
1.897466421127319336e+00
1.897466421127319336e+00
1.897466421127319336e+00
1.897466421127319336e+00
1.406663298606872559e+00
1.406663298606872559e+00
1.939076662063598633e+00
1.939076662063598633e+00
1.939076662063598633e+00
2.011502504348754883e+00
2.824968576431274414e+00
2.799587726593017578e+00
2.799587726593017578e+00
2.886537790298461914e+00
3.032205581665039062e+00
3.032205581665039062e+00
3.245143413543701172e+00
1.773457288742065430e+00
1.773457288742065430e+00
2.413732051849365234e+00
2.413732051849365234e+00
3.374171972274780273e+00
3.594810009002685547e+00
1.931152701377868652e+00
1.931152701377868652e+00
1.931152701377868652e+00
1.931152701377868652e+00
1.975284099578857422e+00
1.975284099578857422e+00
1.975284099578857422e+00
1.975284099578857422e+00
3.449160337448120117e+00
3.449160337448120117e+00
6.891210079193115234e-01
6.891210079193115234e-01
6.891210079193115234e-01
6.891210079193115234e-01
8.373274207115173340e-01
8.373274207115173340e-01
8.373274207115173340e-01
8.373274207115173340e-01
8.373274207115173340e-01
8.373274207115173340e-01
2.526648044586181641e+00
2.815634965896606445e+00
1.570407986640930176e+00
1.376154661178588867e+00
1.376154661178588867e+00
1.673007845878601074e+00
2.489795207977294922e+00
1.421769380569458008e+00
1.421769380569458008e+00
1.421769380569458008e+00
1.421769380569458008e+00
1.428420186042785645e+00
1.673742055892944336e+00
1.673742055892944336e+00
1.673742055892944336e+00
1.943022966384887695e+00
1.943022966384887695e+00
1.943022966384887695e+00
1.287019252777099609e+00
1.287019252777099609e+00
1.287019252777099609e+00
1.287019252777099609e+00
1.287019252777099609e+00
1.287019252777099609e+00
7.317574024200439453e-01
1.102831602096557617e+00
1.102831602096557617e+00
7.984178066253662109e-01
7.984178066253662109e-01
7.984178066253662109e-01
7.984178066253662109e-01
7.984178066253662109e-01
7.984178066253662109e-01
7.984178066253662109e-01
7.984178066253662109e-01
7.984178066253662109e-01
7.984178066253662109e-01
7.984178066253662109e-01
7.984178066253662109e-01
1.456117987632751465e+00
1.456117987632751465e+00
1.183790683746337891e+00
1.183790683746337891e+00
1.183790683746337891e+00
1.124441862106323242e+00
1.113232970237731934e+00
1.113232970237731934e+00
1.113232970237731934e+00
1.113232970237731934e+00
1.113232970237731934e+00
2.057237148284912109e+00
2.057237148284912109e+00
7.195506095886230469e-01
7.195506095886230469e-01
1.432286739349365234e+00
1.432286739349365234e+00
1.432286739349365234e+00
1.432286739349365234e+00
1.432286739349365234e+00
8.420161008834838867e-01
6.440362334251403809e-01
6.440362334251403809e-01
1.245957612991333008e+00
4.159132957458496094e+00
1.830450057983398438e+00
1.830450057983398438e+00
1.830450057983398438e+00
8.095512390136718750e-01
8.095512390136718750e-01
8.095512390136718750e-01
8.095512390136718750e-01
8.095512390136718750e-01
8.095512390136718750e-01
6.183037757873535156e-01
6.183037757873535156e-01
6.183037757873535156e-01
6.183037757873535156e-01
1.333058595657348633e+00
9.128078818321228027e-01
9.552091956138610840e-01
9.552091956138610840e-01
1.327797412872314453e+00
1.327797412872314453e+00
1.327797412872314453e+00
1.327797412872314453e+00
4.747316837310791016e-01
2.926490783691406250e+00
2.926490783691406250e+00
2.926490783691406250e+00
2.926490783691406250e+00
2.333198547363281250e+00
2.333198547363281250e+00
2.294236898422241211e+00
2.294236898422241211e+00
5.197190046310424805e-01
5.197190046310424805e-01
5.197190046310424805e-01
5.197190046310424805e-01
5.197190046310424805e-01
5.197190046310424805e-01
5.197190046310424805e-01
5.197190046310424805e-01
6.886909604072570801e-01
1.831759452819824219e+00
1.905845284461975098e+00
1.905845284461975098e+00
2.094981670379638672e+00
5.274701118469238281e-01
1.217682003974914551e+00
1.217682003974914551e+00
1.217682003974914551e+00
1.352173209190368652e+00
1.352173209190368652e+00
1.795385241508483887e+00
1.795385241508483887e+00
1.795385241508483887e+00
1.671558499336242676e+00
9.863694906234741211e-01
9.863694906234741211e-01
9.863694906234741211e-01
9.863694906234741211e-01
2.100934267044067383e+00
3.934776544570922852e+00
3.934776544570922852e+00
5.976903438568115234e-01
5.976903438568115234e-01
5.976903438568115234e-01
1.209254503250122070e+00
1.209254503250122070e+00
6.577084064483642578e-01
6.577084064483642578e-01
1.548832654953002930e+00
1.548832654953002930e+00
1.548832654953002930e+00
5.704851150512695312e-01
5.704851150512695312e-01
5.704851150512695312e-01
8.948264718055725098e-01
8.948264718055725098e-01
8.785693645477294922e-01
8.785693645477294922e-01
8.785693645477294922e-01
8.785693645477294922e-01
8.785693645477294922e-01
8.785693645477294922e-01
1.225998401641845703e+00
1.225998401641845703e+00
1.225998401641845703e+00
7.458161115646362305e-01
7.458161115646362305e-01
7.458161115646362305e-01
1.104907035827636719e+00
1.104907035827636719e+00
1.104907035827636719e+00
1.104907035827636719e+00
1.104907035827636719e+00
1.104907035827636719e+00
1.104907035827636719e+00
1.104907035827636719e+00
1.104907035827636719e+00
1.104907035827636719e+00
2.802457809448242188e+00
2.802457809448242188e+00
3.739124298095703125e+00
1.824176907539367676e+00
1.824176907539367676e+00
1.824176907539367676e+00
1.824176907539367676e+00
1.838588714599609375e+00
4.718842506408691406e+00
4.251052379608154297e+00
4.251052379608154297e+00
3.296946048736572266e+00
3.296946048736572266e+00
3.296946048736572266e+00
3.296946048736572266e+00
3.296946048736572266e+00
1.163136005401611328e+00
1.163136005401611328e+00
2.229823112487792969e+00
1.533195614814758301e+00
1.533195614814758301e+00
1.533195614814758301e+00
1.533195614814758301e+00
1.533195614814758301e+00
1.533195614814758301e+00
1.533195614814758301e+00
1.533195614814758301e+00
1.533195614814758301e+00
1.140383124351501465e+00
1.140383124351501465e+00
1.140383124351501465e+00
1.140383124351501465e+00
1.140383124351501465e+00
1.140383124351501465e+00
1.140383124351501465e+00
4.346906661987304688e+00
4.514181613922119141e+00
4.514181613922119141e+00
4.514181613922119141e+00
4.150959491729736328e+00
4.150959491729736328e+00
3.793580770492553711e+00
3.793580770492553711e+00
3.793580770492553711e+00
3.793580770492553711e+00
3.149364233016967773e+00
3.149364233016967773e+00
3.149364233016967773e+00
3.329445123672485352e+00
3.882176637649536133e+00
3.741450309753417969e+00
3.658213615417480469e+00
3.658213615417480469e+00
3.915260791778564453e+00
3.915260791778564453e+00
3.915260791778564453e+00
3.915260791778564453e+00
3.498661518096923828e+00
2.777281284332275391e+00
4.468398094177246094e+00
3.532112360000610352e+00
3.532112360000610352e+00
3.532112360000610352e+00
3.532112360000610352e+00
3.482994079589843750e+00
2.157305717468261719e+00
2.747158527374267578e+00
2.747158527374267578e+00
1.578442811965942383e+00
1.578442811965942383e+00
1.578442811965942383e+00
1.578442811965942383e+00
1.603276252746582031e+00
7.739467024803161621e-01
7.739467024803161621e-01
9.436197876930236816e-01
6.284372806549072266e-01
6.284372806549072266e-01
6.284372806549072266e-01
6.284372806549072266e-01
6.284372806549072266e-01
1.586025714874267578e+00
1.586025714874267578e+00
1.586025714874267578e+00
1.586025714874267578e+00
1.586025714874267578e+00
1.912591099739074707e+00
1.912591099739074707e+00
1.532118558883666992e+00
1.532118558883666992e+00
1.073527336120605469e+00
8.884106278419494629e-01
8.884106278419494629e-01
8.884106278419494629e-01
8.884106278419494629e-01
8.884106278419494629e-01
8.884106278419494629e-01
8.884106278419494629e-01
8.884106278419494629e-01
8.884106278419494629e-01
8.884106278419494629e-01
8.884106278419494629e-01
1.016819000244140625e+00
1.016819000244140625e+00
1.016819000244140625e+00
1.016819000244140625e+00
1.016819000244140625e+00
1.016819000244140625e+00
1.016819000244140625e+00
1.016819000244140625e+00
1.016819000244140625e+00
1.016819000244140625e+00
1.016819000244140625e+00
1.016819000244140625e+00
1.016819000244140625e+00
1.016819000244140625e+00
1.045661211013793945e+00
1.045661211013793945e+00
2.969670295715332031e+00
1.841404557228088379e+00
1.320585250854492188e+00
1.320585250854492188e+00
7.949256896972656250e-01
7.949256896972656250e-01
7.949256896972656250e-01
7.949256896972656250e-01
2.031775474548339844e+00
2.031775474548339844e+00
3.051963329315185547e+00
1.463083148002624512e+00
1.463083148002624512e+00
2.857811927795410156e+00
2.857811927795410156e+00
2.857811927795410156e+00
4.573996067047119141e-01
4.573996067047119141e-01
4.573996067047119141e-01
4.573996067047119141e-01
4.573996067047119141e-01
4.573996067047119141e-01
2.057855129241943359e+00
2.057855129241943359e+00
1.123180866241455078e+00
8.281260728836059570e-01
8.281260728836059570e-01
8.281260728836059570e-01
8.281260728836059570e-01
8.281260728836059570e-01
9.558716416358947754e-01
9.558716416358947754e-01
9.558716416358947754e-01
9.558716416358947754e-01
9.558716416358947754e-01
9.558716416358947754e-01
9.558716416358947754e-01
9.558716416358947754e-01
9.558716416358947754e-01
9.558716416358947754e-01
9.558716416358947754e-01
9.558716416358947754e-01
9.558716416358947754e-01
9.558716416358947754e-01
9.558716416358947754e-01
9.558716416358947754e-01
3.988480567932128906e-01
3.988480567932128906e-01
2.427438735961914062e+00
2.427438735961914062e+00
2.427438735961914062e+00
6.582660675048828125e-01
6.582660675048828125e-01
6.582660675048828125e-01
6.582660675048828125e-01
6.582660675048828125e-01
6.582660675048828125e-01
6.582660675048828125e-01
6.582660675048828125e-01
6.582660675048828125e-01
6.582660675048828125e-01
6.582660675048828125e-01
6.582660675048828125e-01
7.869765758514404297e-01
7.869765758514404297e-01
7.869765758514404297e-01
1.380860686302185059e+00
1.380860686302185059e+00
1.380860686302185059e+00
1.549124479293823242e+00
1.549124479293823242e+00
1.549124479293823242e+00
1.549124479293823242e+00
1.549124479293823242e+00
1.007398247718811035e+00
1.007398247718811035e+00
1.007398247718811035e+00
1.007398247718811035e+00
1.007398247718811035e+00
1.007398247718811035e+00
1.007398247718811035e+00
1.007398247718811035e+00
1.007398247718811035e+00
1.007398247718811035e+00
8.581385612487792969e-01
7.193927764892578125e-01
5.364167690277099609e-01
5.364167690277099609e-01
5.364167690277099609e-01
5.364167690277099609e-01
5.364167690277099609e-01
5.364167690277099609e-01
8.386814594268798828e-01
8.386814594268798828e-01
8.386814594268798828e-01
8.386814594268798828e-01
2.426049232482910156e+00
2.426049232482910156e+00
2.426049232482910156e+00
2.199932813644409180e+00
2.683166980743408203e+00
2.683166980743408203e+00
3.365923166275024414e+00
2.902496337890625000e+00
2.902496337890625000e+00
1.668195724487304688e+00
1.668195724487304688e+00
2.168712615966796875e+00
1.228260040283203125e+00
1.228260040283203125e+00
1.228260040283203125e+00
1.228260040283203125e+00
1.228260040283203125e+00
1.228260040283203125e+00
1.228260040283203125e+00
1.228260040283203125e+00
1.689235687255859375e+00
1.027034044265747070e+00
1.027034044265747070e+00
1.027034044265747070e+00
1.027034044265747070e+00
1.027034044265747070e+00
8.905872702598571777e-01
4.963198304176330566e-01
3.063637495040893555e+00
2.837778329849243164e+00
1.820026755332946777e+00
1.476039171218872070e+00
2.324744701385498047e+00
2.324744701385498047e+00
1.235202670097351074e+00
1.708688735961914062e+00
9.367196559906005859e-01
9.367196559906005859e-01
8.788801431655883789e-01
8.788801431655883789e-01
8.788801431655883789e-01
8.788801431655883789e-01
8.788801431655883789e-01
8.788801431655883789e-01
7.905592322349548340e-01
7.905592322349548340e-01
7.905592322349548340e-01
7.905592322349548340e-01
2.507379531860351562e+00
2.474841594696044922e+00
2.474841594696044922e+00
3.096261262893676758e+00
3.096261262893676758e+00
3.096261262893676758e+00
2.430821180343627930e+00
2.465068817138671875e+00
2.465068817138671875e+00
2.465068817138671875e+00
2.334688425064086914e+00
2.334688425064086914e+00
2.334688425064086914e+00
1.267826199531555176e+00
1.305057764053344727e+00
1.305057764053344727e+00
1.305057764053344727e+00
1.305057764053344727e+00
1.305057764053344727e+00
1.305057764053344727e+00
8.875871896743774414e-01
8.875871896743774414e-01
8.875871896743774414e-01
8.875871896743774414e-01
8.875871896743774414e-01
8.875871896743774414e-01
8.875871896743774414e-01
8.875871896743774414e-01
8.875871896743774414e-01
8.875871896743774414e-01
8.875871896743774414e-01
8.875871896743774414e-01
8.875871896743774414e-01
8.875871896743774414e-01
8.875871896743774414e-01
8.875871896743774414e-01
6.304833889007568359e-01
6.304833889007568359e-01
6.304833889007568359e-01
6.304833889007568359e-01
6.304833889007568359e-01
6.304833889007568359e-01
7.435042858123779297e-01
7.435042858123779297e-01
7.435042858123779297e-01
9.201967120170593262e-01
9.201967120170593262e-01
9.201967120170593262e-01
9.201967120170593262e-01
9.201967120170593262e-01
3.950707316398620605e-01
3.950707316398620605e-01
3.950707316398620605e-01
2.584240674972534180e+00
2.584240674972534180e+00
2.222228527069091797e+00
1.655536174774169922e+00
8.390066623687744141e-01
1.725821733474731445e+00
1.725821733474731445e+00
1.725821733474731445e+00
1.211993455886840820e+00
1.539210557937622070e+00
1.764479756355285645e+00
2.096107244491577148e+00
2.096107244491577148e+00
2.096107244491577148e+00
2.096107244491577148e+00
2.096107244491577148e+00
2.096107244491577148e+00
2.096107244491577148e+00
2.096107244491577148e+00
2.096107244491577148e+00
1.030719637870788574e+00
1.261393547058105469e+00
1.261393547058105469e+00
1.261393547058105469e+00
1.075094819068908691e+00
1.529078960418701172e+00
1.529078960418701172e+00
1.529078960418701172e+00
9.353796243667602539e-01
9.353796243667602539e-01
9.353796243667602539e-01
9.039190411567687988e-01
3.201342344284057617e+00
3.499692201614379883e+00
3.499692201614379883e+00
3.371429920196533203e+00
3.371429920196533203e+00
3.431131839752197266e+00
3.431131839752197266e+00
3.431131839752197266e+00
5.375297069549560547e-01
5.375297069549560547e-01
5.375297069549560547e-01
5.375297069549560547e-01
5.375297069549560547e-01
1.935677289962768555e+00
1.935677289962768555e+00
2.801310300827026367e+00
2.995173931121826172e+00
2.995173931121826172e+00
2.995173931121826172e+00
2.689643621444702148e+00
2.140651226043701172e+00
1.402360677719116211e+00
1.402360677719116211e+00
1.714263319969177246e+00
1.714263319969177246e+00
5.319768190383911133e-01
5.319768190383911133e-01
5.319768190383911133e-01
2.022397518157958984e+00
1.752818703651428223e+00
1.752818703651428223e+00
1.752818703651428223e+00
1.752818703651428223e+00
1.262991070747375488e+00
1.262991070747375488e+00
1.262991070747375488e+00
1.262991070747375488e+00
1.262991070747375488e+00
1.055257201194763184e+00
1.055257201194763184e+00
1.055257201194763184e+00
1.055257201194763184e+00
1.055257201194763184e+00
1.055257201194763184e+00
1.055257201194763184e+00
1.097071290016174316e+00
1.097071290016174316e+00
1.097071290016174316e+00
1.097071290016174316e+00
6.551079750061035156e-01
6.551079750061035156e-01
6.551079750061035156e-01
5.826137661933898926e-01
5.826137661933898926e-01
5.826137661933898926e-01
5.826137661933898926e-01
8.292212486267089844e-01
8.292212486267089844e-01
8.292212486267089844e-01
8.292212486267089844e-01
1.055104732513427734e+00
1.055104732513427734e+00
1.068059444427490234e+00
1.068059444427490234e+00
1.068059444427490234e+00
1.068059444427490234e+00
1.068059444427490234e+00
1.068059444427490234e+00
1.068059444427490234e+00
1.068059444427490234e+00
1.068059444427490234e+00
1.068059444427490234e+00
1.068059444427490234e+00
1.068059444427490234e+00
1.068059444427490234e+00
1.068059444427490234e+00
1.068059444427490234e+00
1.068059444427490234e+00
1.068059444427490234e+00
1.068059444427490234e+00
9.634996652603149414e-01
2.308177471160888672e+00
4.825282096862792969e+00
8.870398998260498047e-01
8.870398998260498047e-01
8.870398998260498047e-01
8.870398998260498047e-01
8.870398998260498047e-01
8.870398998260498047e-01
2.156807422637939453e+00
2.156807422637939453e+00
2.156807422637939453e+00
2.156807422637939453e+00
1.233969926834106445e+00
1.214224338531494141e+00
1.527797460556030273e+00
1.527797460556030273e+00
4.912575721740722656e+00
4.912575721740722656e+00
4.315569877624511719e+00
1.232593059539794922e+00
1.232593059539794922e+00
1.232593059539794922e+00
1.232593059539794922e+00
1.714495539665222168e+00
1.714495539665222168e+00
1.373157501220703125e+00
1.373157501220703125e+00
1.373157501220703125e+00
1.373157501220703125e+00
1.373157501220703125e+00
1.373157501220703125e+00
1.373157501220703125e+00
1.120709419250488281e+00
1.120709419250488281e+00
1.120709419250488281e+00
1.672134041786193848e+00
1.670548558235168457e+00
1.670548558235168457e+00
1.670548558235168457e+00
1.670548558235168457e+00
1.670548558235168457e+00
2.783360242843627930e+00
2.783360242843627930e+00
3.282403945922851562e+00
3.282403945922851562e+00
2.465693473815917969e+00
2.465693473815917969e+00
2.465693473815917969e+00
2.465693473815917969e+00
2.465693473815917969e+00
1.278103351593017578e+00
1.245556950569152832e+00
1.358985900878906250e+00
1.358985900878906250e+00
1.358985900878906250e+00
5.451291203498840332e-01
5.451291203498840332e-01
5.451291203498840332e-01
5.451291203498840332e-01
5.451291203498840332e-01
5.451291203498840332e-01
5.451291203498840332e-01
3.228094577789306641e+00
3.658634901046752930e+00
4.776821136474609375e+00
4.463090419769287109e+00
2.729662418365478516e+00
2.729662418365478516e+00
2.729662418365478516e+00
2.729662418365478516e+00
3.326726913452148438e+00
3.326726913452148438e+00
3.099303483963012695e+00
3.003540515899658203e+00
3.003540515899658203e+00
3.307995557785034180e+00
2.124516010284423828e+00
2.124516010284423828e+00
3.297821044921875000e+00
2.358329057693481445e+00
2.823921203613281250e+00
2.241565465927124023e+00
2.241565465927124023e+00
2.241565465927124023e+00
6.190818548202514648e-01
6.395242810249328613e-01
5.012007951736450195e-01
5.012007951736450195e-01
7.497395277023315430e-01
7.497395277023315430e-01
7.497395277023315430e-01
1.925384283065795898e+00
2.080294132232666016e+00
2.080294132232666016e+00
2.080294132232666016e+00
2.080294132232666016e+00
2.080294132232666016e+00
1.685922265052795410e+00
1.685922265052795410e+00
1.685922265052795410e+00
1.824970006942749023e+00
1.824970006942749023e+00
1.723628640174865723e+00
1.075969934463500977e+00
1.075969934463500977e+00
1.152136087417602539e+00
1.152136087417602539e+00
1.152136087417602539e+00
1.152136087417602539e+00
1.152136087417602539e+00
1.152136087417602539e+00
1.152136087417602539e+00
1.521698594093322754e+00
1.521698594093322754e+00
1.521698594093322754e+00
1.521698594093322754e+00
1.521698594093322754e+00
1.521698594093322754e+00
1.521698594093322754e+00
1.521698594093322754e+00
1.521698594093322754e+00
1.773741126060485840e+00
8.206898570060729980e-01
8.206898570060729980e-01
8.206898570060729980e-01
8.206898570060729980e-01
8.206898570060729980e-01
8.206898570060729980e-01
1.046504855155944824e+00
7.697501182556152344e-01
7.697501182556152344e-01
7.697501182556152344e-01
7.697501182556152344e-01
7.697501182556152344e-01
7.697501182556152344e-01
7.662356495857238770e-01
1.362973928451538086e+00
1.362973928451538086e+00
1.362973928451538086e+00
1.362973928451538086e+00
1.302601337432861328e+00
1.302601337432861328e+00
1.302601337432861328e+00
1.302601337432861328e+00
1.994339227676391602e+00
1.994339227676391602e+00
1.994339227676391602e+00
1.994339227676391602e+00
1.994339227676391602e+00
1.994339227676391602e+00
1.994339227676391602e+00
1.994339227676391602e+00
1.994339227676391602e+00
1.994339227676391602e+00
1.695148110389709473e+00
1.695148110389709473e+00
7.703291177749633789e-01
7.703291177749633789e-01
7.703291177749633789e-01
1.337238192558288574e+00
1.337238192558288574e+00
1.337238192558288574e+00
1.104318737983703613e+00
1.104318737983703613e+00
1.104318737983703613e+00
1.104318737983703613e+00
1.104318737983703613e+00
1.104318737983703613e+00
1.366669654846191406e+00
1.366669654846191406e+00
2.088841438293457031e+00
1.519145607948303223e+00
8.275864124298095703e-01
8.275864124298095703e-01
7.549064159393310547e-01
7.549064159393310547e-01
7.549064159393310547e-01
8.779811263084411621e-01
8.779811263084411621e-01
8.779811263084411621e-01
8.779811263084411621e-01
8.779811263084411621e-01
8.779811263084411621e-01
8.779811263084411621e-01
8.779811263084411621e-01
8.779811263084411621e-01
8.779811263084411621e-01
8.779811263084411621e-01
8.779811263084411621e-01
8.779811263084411621e-01
8.779811263084411621e-01
6.847540140151977539e-01
1.093865275382995605e+00
1.621927022933959961e+00
1.621927022933959961e+00
1.152291297912597656e+00
1.152291297912597656e+00
1.152291297912597656e+00
1.152291297912597656e+00
1.152291297912597656e+00
3.457789659500122070e+00
2.147253513336181641e+00
1.884749412536621094e+00
6.573945283889770508e-01
6.573945283889770508e-01
6.573945283889770508e-01
6.573945283889770508e-01
6.573945283889770508e-01
5.295096039772033691e-01
5.295096039772033691e-01
5.295096039772033691e-01
5.295096039772033691e-01
5.295096039772033691e-01
5.295096039772033691e-01
5.295096039772033691e-01
2.338618278503417969e+00
1.868021965026855469e+00
1.590228915214538574e+00
1.590228915214538574e+00
1.590228915214538574e+00
1.590228915214538574e+00
1.631562948226928711e+00
1.631562948226928711e+00
1.619600772857666016e+00
1.619600772857666016e+00
1.619600772857666016e+00
1.619600772857666016e+00
1.619600772857666016e+00
1.619600772857666016e+00
1.619600772857666016e+00
1.619600772857666016e+00
1.328345298767089844e+00
1.328345298767089844e+00
1.328345298767089844e+00
1.557204723358154297e+00
1.557204723358154297e+00
1.557204723358154297e+00
1.132513761520385742e+00
1.132513761520385742e+00
1.132513761520385742e+00
1.132513761520385742e+00
1.132513761520385742e+00
1.316921710968017578e+00
2.222709178924560547e+00
9.581059217453002930e-01
9.581059217453002930e-01
9.581059217453002930e-01
9.581059217453002930e-01
1.378103971481323242e+00
1.378103971481323242e+00
1.153031110763549805e+00
1.153031110763549805e+00
1.431182146072387695e+00
1.431182146072387695e+00
1.552271008491516113e+00
1.546407222747802734e+00
1.546407222747802734e+00
1.546407222747802734e+00
2.129994869232177734e+00
1.616917371749877930e+00
1.616917371749877930e+00
1.616917371749877930e+00
2.087569236755371094e+00
2.087569236755371094e+00
1.729588747024536133e+00
1.486894607543945312e+00
1.470479965209960938e+00
8.786019682884216309e-01
8.786019682884216309e-01
8.786019682884216309e-01
8.786019682884216309e-01
8.786019682884216309e-01
8.786019682884216309e-01
8.786019682884216309e-01
9.551590681076049805e-01
9.551590681076049805e-01
9.551590681076049805e-01
8.772042393684387207e-01
8.772042393684387207e-01
1.592326164245605469e+00
1.592326164245605469e+00
1.397381901741027832e+00
1.397381901741027832e+00
1.397381901741027832e+00
1.397381901741027832e+00
1.397381901741027832e+00
1.397381901741027832e+00
1.397381901741027832e+00
1.397381901741027832e+00
1.174643754959106445e+00
1.174643754959106445e+00
1.174643754959106445e+00
1.174643754959106445e+00
1.174643754959106445e+00
1.850070714950561523e+00
1.850070714950561523e+00
3.312269210815429688e+00
1.265512943267822266e+00
8.307246565818786621e-01
8.307246565818786621e-01
8.307246565818786621e-01
8.307246565818786621e-01
8.307246565818786621e-01
8.307246565818786621e-01
8.307246565818786621e-01
5.275017023086547852e-01
5.275017023086547852e-01
5.745562314987182617e-01
5.745562314987182617e-01
5.745562314987182617e-01
5.745562314987182617e-01
5.745562314987182617e-01
5.745562314987182617e-01
5.745562314987182617e-01
1.870281577110290527e+00
1.188431859016418457e+00
1.188431859016418457e+00
1.188431859016418457e+00
1.188431859016418457e+00
1.188431859016418457e+00
1.188431859016418457e+00
1.188431859016418457e+00
1.188431859016418457e+00
1.188431859016418457e+00
1.188431859016418457e+00
1.512523651123046875e+00
2.748490095138549805e+00
2.748490095138549805e+00
2.590296506881713867e+00
2.590296506881713867e+00
2.590296506881713867e+00
2.983687400817871094e+00
2.983687400817871094e+00
2.983687400817871094e+00
2.983687400817871094e+00
2.983687400817871094e+00
2.983687400817871094e+00
2.038827896118164062e+00
1.162495374679565430e+00
1.162495374679565430e+00
1.162495374679565430e+00
5.827355384826660156e-01
5.827355384826660156e-01
5.827355384826660156e-01
1.041868925094604492e+00
1.264253377914428711e+00
1.209551095962524414e+00
1.209551095962524414e+00
1.209551095962524414e+00
1.209551095962524414e+00
1.209551095962524414e+00
9.072988033294677734e-01
7.624622583389282227e-01
7.624622583389282227e-01
7.624622583389282227e-01
7.624622583389282227e-01
7.624622583389282227e-01
7.624622583389282227e-01
7.624622583389282227e-01
7.624622583389282227e-01
7.624622583389282227e-01
2.219362258911132812e+00
8.089250326156616211e-01
8.089250326156616211e-01
8.089250326156616211e-01
8.089250326156616211e-01
8.089250326156616211e-01
8.089250326156616211e-01
8.089250326156616211e-01
8.089250326156616211e-01
8.089250326156616211e-01
8.089250326156616211e-01
1.900560498237609863e+00
9.830237030982971191e-01
1.201276659965515137e+00
1.201276659965515137e+00
1.710114240646362305e+00
2.677851438522338867e+00
2.677851438522338867e+00
2.031343221664428711e+00
8.108217716217041016e-01
8.108217716217041016e-01
1.073867797851562500e+00
1.073867797851562500e+00
1.073867797851562500e+00
1.073867797851562500e+00
1.073867797851562500e+00
1.073867797851562500e+00
1.073867797851562500e+00
1.073867797851562500e+00
1.073867797851562500e+00
1.073867797851562500e+00
1.073867797851562500e+00
1.073867797851562500e+00
1.073867797851562500e+00
1.073867797851562500e+00
2.253159999847412109e+00
1.341570258140563965e+00
1.341570258140563965e+00
1.341570258140563965e+00
2.252401590347290039e+00
2.501220941543579102e+00
2.501220941543579102e+00
2.501220941543579102e+00
7.597525119781494141e-01
1.616811394691467285e+00
1.702365875244140625e+00
1.702365875244140625e+00
1.702365875244140625e+00
1.268610835075378418e+00
1.268610835075378418e+00
7.758828401565551758e-01
8.752266168594360352e-01
8.752266168594360352e-01
8.752266168594360352e-01
8.752266168594360352e-01
1.473102092742919922e+00
1.473102092742919922e+00
1.473102092742919922e+00
1.388493299484252930e+00
1.388493299484252930e+00
1.388493299484252930e+00
2.184461593627929688e+00
2.955129146575927734e+00
2.955129146575927734e+00
4.161225318908691406e+00
4.161225318908691406e+00
4.161225318908691406e+00
3.215411901473999023e+00
3.215411901473999023e+00
3.215411901473999023e+00
3.299865722656250000e+00
3.299865722656250000e+00
3.644342660903930664e+00
3.644342660903930664e+00
3.644342660903930664e+00
3.427346467971801758e+00
7.478687763214111328e-01
7.478687763214111328e-01
7.478687763214111328e-01
7.478687763214111328e-01
7.478687763214111328e-01
7.478687763214111328e-01
8.399589657783508301e-01
8.399589657783508301e-01
8.399589657783508301e-01
8.399589657783508301e-01
8.399589657783508301e-01
8.399589657783508301e-01
7.276523709297180176e-01
7.276523709297180176e-01
7.276523709297180176e-01
7.276523709297180176e-01
7.276523709297180176e-01
7.649085521697998047e-01
2.029355049133300781e+00
2.057431459426879883e+00
2.225640296936035156e+00
3.416419267654418945e+00
3.416419267654418945e+00
3.013446092605590820e+00
1.418407678604125977e+00
1.418407678604125977e+00
1.418407678604125977e+00
1.418407678604125977e+00
1.418407678604125977e+00
1.418407678604125977e+00
9.001231789588928223e-01
9.001231789588928223e-01
9.001231789588928223e-01
9.001231789588928223e-01
9.001231789588928223e-01
3.240573167800903320e+00
3.073883533477783203e+00
5.850628852844238281e+00
3.897038221359252930e+00
3.897038221359252930e+00
4.404923915863037109e+00
4.404923915863037109e+00
4.074528217315673828e+00
3.513308286666870117e+00
3.513308286666870117e+00
2.284784078598022461e+00
3.243635177612304688e+00
3.243635177612304688e+00
1.469197869300842285e+00
1.469197869300842285e+00
1.469197869300842285e+00
6.504845023155212402e-01
1.082035779953002930e+00
1.082035779953002930e+00
1.082035779953002930e+00
1.082035779953002930e+00
1.082035779953002930e+00
1.082035779953002930e+00
1.082035779953002930e+00
8.955625295639038086e-01
8.955625295639038086e-01
8.955625295639038086e-01
8.955625295639038086e-01
2.329504489898681641e+00
1.798395156860351562e+00
1.798395156860351562e+00
1.798395156860351562e+00
1.798395156860351562e+00
1.508164763450622559e+00
1.508164763450622559e+00
1.508164763450622559e+00
1.508164763450622559e+00
1.508164763450622559e+00
1.446791768074035645e+00
1.446791768074035645e+00
1.446791768074035645e+00
1.446791768074035645e+00
5.683283805847167969e-01
2.457761287689208984e+00
1.428869724273681641e+00
1.428869724273681641e+00
1.428869724273681641e+00
7.875487208366394043e-01
7.875487208366394043e-01
7.875487208366394043e-01
7.875487208366394043e-01
7.875487208366394043e-01
7.875487208366394043e-01
7.875487208366394043e-01
1.438242793083190918e+00
1.438242793083190918e+00
1.438242793083190918e+00
9.214247465133666992e-01
8.166252374649047852e-01
8.166252374649047852e-01
1.509888052940368652e+00
2.807128906250000000e+00
2.767042398452758789e+00
2.767042398452758789e+00
2.499069690704345703e+00
1.306229472160339355e+00
1.306229472160339355e+00
1.306229472160339355e+00
1.306229472160339355e+00
1.306229472160339355e+00
1.306229472160339355e+00
1.306229472160339355e+00
1.306229472160339355e+00
1.306229472160339355e+00
5.650055408477783203e-01
5.788400769233703613e-01
3.186050891876220703e+00
2.763924121856689453e+00
2.763924121856689453e+00
1.036065816879272461e+00
1.036065816879272461e+00
1.036065816879272461e+00
1.161267638206481934e+00
1.161267638206481934e+00
1.161267638206481934e+00
1.161267638206481934e+00
1.220153689384460449e+00
1.220153689384460449e+00
1.220153689384460449e+00
1.220153689384460449e+00
1.220153689384460449e+00
1.220153689384460449e+00
1.220153689384460449e+00
1.134283661842346191e+00
1.134283661842346191e+00
1.134283661842346191e+00
1.286764025688171387e+00
1.286764025688171387e+00
8.534834384918212891e-01
8.534834384918212891e-01
8.534834384918212891e-01
8.534834384918212891e-01
8.534834384918212891e-01
8.534834384918212891e-01
8.534834384918212891e-01
1.074188709259033203e+00
1.515792727470397949e+00
1.515792727470397949e+00
1.515792727470397949e+00
1.515792727470397949e+00
1.475679636001586914e+00
1.475679636001586914e+00
1.475679636001586914e+00
1.475679636001586914e+00
1.475679636001586914e+00
1.475679636001586914e+00
1.475679636001586914e+00
1.475679636001586914e+00
5.759584307670593262e-01
2.562487840652465820e+00
3.030351877212524414e+00
3.030351877212524414e+00
3.030351877212524414e+00
2.067285060882568359e+00
2.067285060882568359e+00
6.172689199447631836e-01
6.172689199447631836e-01
6.172689199447631836e-01
3.489385247230529785e-01
2.597603797912597656e+00
2.597603797912597656e+00
2.597603797912597656e+00
2.449086427688598633e+00
2.888289213180541992e+00
2.309314727783203125e+00
2.309314727783203125e+00
2.309314727783203125e+00
1.038323998451232910e+00
1.038323998451232910e+00
1.057149648666381836e+00
1.789063692092895508e+00
1.089484930038452148e+00
1.089484930038452148e+00
1.089484930038452148e+00
1.089484930038452148e+00
1.089484930038452148e+00
5.209184288978576660e-01
5.209184288978576660e-01
5.209184288978576660e-01
3.076123237609863281e+00
3.076123237609863281e+00
3.076123237609863281e+00
3.076123237609863281e+00
3.180254220962524414e+00
2.486510038375854492e+00
9.562935829162597656e-01
9.562935829162597656e-01
9.562935829162597656e-01
1.373240947723388672e+00
5.191175341606140137e-01
9.816023111343383789e-01
9.816023111343383789e-01
9.816023111343383789e-01
9.816023111343383789e-01
9.816023111343383789e-01
9.816023111343383789e-01
9.816023111343383789e-01
9.816023111343383789e-01
9.816023111343383789e-01
9.816023111343383789e-01
6.932400465011596680e-01
6.932400465011596680e-01
6.932400465011596680e-01
6.932400465011596680e-01
6.932400465011596680e-01
6.932400465011596680e-01
6.932400465011596680e-01
6.932400465011596680e-01
6.932400465011596680e-01
6.932400465011596680e-01
6.932400465011596680e-01
6.932400465011596680e-01
6.932400465011596680e-01
6.932400465011596680e-01
6.932400465011596680e-01
6.932400465011596680e-01
6.932400465011596680e-01
1.086060047149658203e+00
1.086060047149658203e+00
1.086060047149658203e+00
1.086060047149658203e+00
8.959516286849975586e-01
8.959516286849975586e-01
8.959516286849975586e-01
8.878539800643920898e-01
8.878539800643920898e-01
1.355904817581176758e+00
1.355904817581176758e+00
6.954379677772521973e-01
6.954379677772521973e-01
6.954379677772521973e-01
6.954379677772521973e-01
6.954379677772521973e-01
6.954379677772521973e-01
6.954379677772521973e-01
1.393549680709838867e+00
1.201324462890625000e+00
1.201324462890625000e+00
1.201324462890625000e+00
1.201324462890625000e+00
1.022322893142700195e+00
1.022322893142700195e+00
1.022322893142700195e+00
6.704628467559814453e-01
6.704628467559814453e-01
6.704628467559814453e-01
6.704628467559814453e-01
6.704628467559814453e-01
6.704628467559814453e-01
1.408089160919189453e+00
1.756805181503295898e+00
1.756805181503295898e+00
1.756805181503295898e+00
1.756805181503295898e+00
1.756805181503295898e+00
2.295900821685791016e+00
2.295900821685791016e+00
1.600599527359008789e+00
1.600599527359008789e+00
1.600599527359008789e+00
2.731801748275756836e+00
2.731801748275756836e+00
2.731801748275756836e+00
2.731801748275756836e+00
4.237374305725097656e+00
3.407170772552490234e-01
2.194699764251708984e+00
9.091898202896118164e-01
9.091898202896118164e-01
9.091898202896118164e-01
9.091898202896118164e-01
9.091898202896118164e-01
8.012789487838745117e-01
8.012789487838745117e-01
8.012789487838745117e-01
8.012789487838745117e-01
8.012789487838745117e-01
8.012789487838745117e-01
2.937392711639404297e+00
3.097509145736694336e+00
1.250134110450744629e+00
1.127307295799255371e+00
1.127307295799255371e+00
1.127307295799255371e+00
5.700466632843017578e-01
1.412826299667358398e+00
1.412826299667358398e+00
1.412826299667358398e+00
1.412826299667358398e+00
1.412826299667358398e+00
1.412826299667358398e+00
9.952230453491210938e-01
9.333149790763854980e-01
9.333149790763854980e-01
9.333149790763854980e-01
9.333149790763854980e-01
9.333149790763854980e-01
9.333149790763854980e-01
9.333149790763854980e-01
9.333149790763854980e-01
9.333149790763854980e-01
9.333149790763854980e-01
9.333149790763854980e-01
9.333149790763854980e-01
9.333149790763854980e-01
9.333149790763854980e-01
6.931056976318359375e-01
6.931056976318359375e-01
1.607814788818359375e+00
2.039976835250854492e+00
2.039976835250854492e+00
2.039976835250854492e+00
1.635212302207946777e+00
2.228909969329833984e+00
2.228909969329833984e+00
2.228909969329833984e+00
7.659094333648681641e-01
9.420310854911804199e-01
9.420310854911804199e-01
9.420310854911804199e-01
9.420310854911804199e-01
9.420310854911804199e-01
9.420310854911804199e-01
9.420310854911804199e-01
1.922417640686035156e+00
1.997360229492187500e+00
1.997360229492187500e+00
9.952752590179443359e-01
1.233763337135314941e+00
6.998190283775329590e-01
2.058058977127075195e+00
1.719840168952941895e+00
9.536055326461791992e-01
9.536055326461791992e-01
9.536055326461791992e-01
9.536055326461791992e-01
9.536055326461791992e-01
9.536055326461791992e-01
1.001165747642517090e+00
1.001165747642517090e+00
9.602329730987548828e-01
5.050866603851318359e-01
2.320651054382324219e+00
2.320651054382324219e+00
6.855074167251586914e-01
6.855074167251586914e-01
6.855074167251586914e-01
6.855074167251586914e-01
1.237279415130615234e+00
1.237279415130615234e+00
1.237279415130615234e+00
1.237279415130615234e+00
1.869791865348815918e+00
4.400304555892944336e-01
2.547770977020263672e+00
1.266849160194396973e+00
1.266849160194396973e+00
1.266849160194396973e+00
1.266849160194396973e+00
9.305026531219482422e-01
9.305026531219482422e-01
9.305026531219482422e-01
9.305026531219482422e-01
9.305026531219482422e-01
9.305026531219482422e-01
9.305026531219482422e-01
2.271904468536376953e+00
5.258387327194213867e-01
1.289946317672729492e+00
1.289946317672729492e+00
1.176143884658813477e+00
1.176143884658813477e+00
1.176143884658813477e+00
1.176143884658813477e+00
1.176143884658813477e+00
1.176143884658813477e+00
1.176143884658813477e+00
1.176143884658813477e+00
1.176143884658813477e+00
9.689286947250366211e-01
9.689286947250366211e-01
9.689286947250366211e-01
9.689286947250366211e-01
9.689286947250366211e-01
9.689286947250366211e-01
5.884807109832763672e-01
5.884807109832763672e-01
5.884807109832763672e-01
5.884807109832763672e-01
5.884807109832763672e-01
1.011877417564392090e+00
1.011877417564392090e+00
1.011877417564392090e+00
1.011877417564392090e+00
1.298462867736816406e+00
1.298462867736816406e+00
1.298462867736816406e+00
1.298462867736816406e+00
1.363257884979248047e+00
1.521997570991516113e+00
1.730841875076293945e+00
1.730841875076293945e+00
7.429746985435485840e-01
7.429746985435485840e-01
7.429746985435485840e-01
1.156578063964843750e+00
1.156578063964843750e+00
1.156578063964843750e+00
1.345315456390380859e+00
1.345315456390380859e+00
1.345315456390380859e+00
1.345315456390380859e+00
5.274437069892883301e-01
5.274437069892883301e-01
6.563140153884887695e-01
6.563140153884887695e-01
6.563140153884887695e-01
6.563140153884887695e-01
6.563140153884887695e-01
1.097840309143066406e+00
1.097840309143066406e+00
1.097840309143066406e+00
1.097840309143066406e+00
1.360457539558410645e+00
1.360457539558410645e+00
1.360457539558410645e+00
1.360457539558410645e+00
1.279712796211242676e+00
4.201458096504211426e-01
4.201458096504211426e-01
4.201458096504211426e-01
4.201458096504211426e-01
4.201458096504211426e-01
1.235272169113159180e+00
3.968420743942260742e+00
3.968420743942260742e+00
2.975904226303100586e+00
2.975904226303100586e+00
2.975904226303100586e+00
3.471913814544677734e+00
1.445966243743896484e+00
1.445966243743896484e+00
1.445966243743896484e+00
1.445966243743896484e+00
1.452808976173400879e+00
1.452808976173400879e+00
2.053633451461791992e+00
2.053633451461791992e+00
2.053633451461791992e+00
2.053633451461791992e+00
1.734924077987670898e+00
1.911147594451904297e+00
1.985927462577819824e+00
7.600358724594116211e-01
7.600358724594116211e-01
7.600358724594116211e-01
7.600358724594116211e-01
7.600358724594116211e-01
7.600358724594116211e-01
7.600358724594116211e-01
7.600358724594116211e-01
7.600358724594116211e-01
7.600358724594116211e-01
7.600358724594116211e-01
7.600358724594116211e-01
8.073457479476928711e-01
8.073457479476928711e-01
8.073457479476928711e-01
9.822757840156555176e-01
9.822757840156555176e-01
9.822757840156555176e-01
9.822757840156555176e-01
9.822757840156555176e-01
1.739164590835571289e+00
1.739164590835571289e+00
1.739164590835571289e+00
1.235433340072631836e+00
1.789629459381103516e+00
1.789629459381103516e+00
1.789629459381103516e+00
1.789629459381103516e+00
1.789629459381103516e+00
1.789629459381103516e+00
3.238819837570190430e+00
3.224415302276611328e+00
4.394953250885009766e+00
4.394953250885009766e+00
4.394953250885009766e+00
4.394953250885009766e+00
4.669496536254882812e+00
6.490209579467773438e+00
6.490209579467773438e+00
6.490209579467773438e+00
5.422812938690185547e+00
2.914364337921142578e+00
2.627796173095703125e+00
2.627796173095703125e+00
2.627796173095703125e+00
2.627796173095703125e+00
2.642979860305786133e+00
2.642979860305786133e+00
1.497929334640502930e+00
1.497929334640502930e+00
1.497929334640502930e+00
1.497929334640502930e+00
1.262319684028625488e+00
1.368650078773498535e+00
1.368650078773498535e+00
1.368650078773498535e+00
1.368650078773498535e+00
1.368926882743835449e+00
1.087141871452331543e+00
1.087141871452331543e+00
3.734594345092773438e+00
3.734594345092773438e+00
2.333377838134765625e+00
2.452398538589477539e+00
1.206393241882324219e+00
1.722333431243896484e+00
1.722333431243896484e+00
1.722333431243896484e+00
8.915896415710449219e-01
8.915896415710449219e-01
8.915896415710449219e-01
8.915896415710449219e-01
8.915896415710449219e-01
8.915896415710449219e-01
5.584875345230102539e-01
9.951376914978027344e-01
9.951376914978027344e-01
9.951376914978027344e-01
9.951376914978027344e-01
1.426250576972961426e+00
1.426250576972961426e+00
6.555361151695251465e-01
4.794734120368957520e-01
4.794734120368957520e-01
4.794734120368957520e-01
4.794734120368957520e-01
4.794734120368957520e-01
7.038401365280151367e-01
4.499983489513397217e-01
4.499983489513397217e-01
4.590551257133483887e-01
4.590551257133483887e-01
2.116044282913208008e+00
1.310997009277343750e+00
1.310997009277343750e+00
1.310997009277343750e+00
1.310997009277343750e+00
1.310997009277343750e+00
1.310997009277343750e+00
1.409966111183166504e+00
2.197129726409912109e+00
2.197129726409912109e+00
2.197129726409912109e+00
9.933193922042846680e-01
7.815586328506469727e-01
7.815586328506469727e-01
7.815586328506469727e-01
7.815586328506469727e-01
7.639691829681396484e-01
7.639691829681396484e-01
7.639691829681396484e-01
7.639691829681396484e-01
7.639691829681396484e-01
6.387485265731811523e-01
6.387485265731811523e-01
6.387485265731811523e-01
6.387485265731811523e-01
6.387485265731811523e-01
6.387485265731811523e-01
7.325296401977539062e-01
6.775782108306884766e-01
4.774390459060668945e-01
4.774390459060668945e-01
4.774390459060668945e-01
2.773691177368164062e+00
2.773691177368164062e+00
2.773691177368164062e+00
2.932019472122192383e+00
3.406340599060058594e+00
4.225672721862792969e+00
3.177699089050292969e+00
3.177699089050292969e+00
2.950042247772216797e+00
3.134106636047363281e+00
3.134106636047363281e+00
1.156018495559692383e+00
1.491923213005065918e+00
1.491923213005065918e+00
1.401044368743896484e+00
2.200668573379516602e+00
2.200668573379516602e+00
2.200668573379516602e+00
2.200668573379516602e+00
2.200668573379516602e+00
1.527076244354248047e+00
1.733214020729064941e+00
1.733214020729064941e+00
1.733214020729064941e+00
1.733214020729064941e+00
3.158501148223876953e+00
3.158501148223876953e+00
3.158501148223876953e+00
3.158501148223876953e+00
1.092407941818237305e+00
7.185766100883483887e-01
7.185766100883483887e-01
1.222457170486450195e+00
6.443182826042175293e-01
6.443182826042175293e-01
1.216339588165283203e+00
1.216339588165283203e+00
1.216339588165283203e+00
1.235049128532409668e+00
1.235049128532409668e+00
1.222814440727233887e+00
1.222814440727233887e+00
1.222814440727233887e+00
1.222814440727233887e+00
1.222814440727233887e+00
1.222814440727233887e+00
1.222814440727233887e+00
1.222814440727233887e+00
1.222814440727233887e+00
1.222814440727233887e+00
1.900194764137268066e+00
5.948951244354248047e-01
1.398294210433959961e+00
1.347582101821899414e+00
1.347582101821899414e+00
1.303421497344970703e+00
1.303421497344970703e+00
1.303421497344970703e+00
1.303421497344970703e+00
1.303421497344970703e+00
1.303421497344970703e+00
1.303421497344970703e+00
1.759137153625488281e+00
1.759137153625488281e+00
2.904759407043457031e+00
2.904759407043457031e+00
3.086154699325561523e+00
3.839371204376220703e-01
1.795106172561645508e+00
1.795106172561645508e+00
1.795106172561645508e+00
1.421151399612426758e+00
1.421151399612426758e+00
2.036151409149169922e+00
2.281013250350952148e+00
6.810970306396484375e-01
5.789065361022949219e-01
5.789065361022949219e-01
1.560222744941711426e+00
2.201222181320190430e+00
2.390248537063598633e+00
2.390248537063598633e+00
2.390248537063598633e+00
2.355542659759521484e+00
1.146220922470092773e+00
1.725495338439941406e+00
1.725495338439941406e+00
1.725495338439941406e+00
1.725495338439941406e+00
1.725495338439941406e+00
1.725495338439941406e+00
1.725495338439941406e+00
1.725495338439941406e+00
1.460335135459899902e+00
1.460335135459899902e+00
1.407886862754821777e+00
1.407886862754821777e+00
1.407886862754821777e+00
1.407886862754821777e+00
1.407886862754821777e+00
1.968202114105224609e+00
4.595799446105957031e-01
4.595799446105957031e-01
1.254616856575012207e+00
1.719725608825683594e+00
8.832143545150756836e-01
8.832143545150756836e-01
8.832143545150756836e-01
8.832143545150756836e-01
8.832143545150756836e-01
8.832143545150756836e-01
8.832143545150756836e-01
9.055342078208923340e-01
9.055342078208923340e-01
9.055342078208923340e-01
9.055342078208923340e-01
9.055342078208923340e-01
9.055342078208923340e-01
9.055342078208923340e-01
9.055342078208923340e-01
9.055342078208923340e-01
9.055342078208923340e-01
1.229920506477355957e+00
1.229920506477355957e+00
1.229920506477355957e+00
1.229920506477355957e+00
1.229920506477355957e+00
1.229920506477355957e+00
1.229920506477355957e+00
2.134335756301879883e+00
2.134335756301879883e+00
2.658963203430175781e+00
5.279133796691894531e+00
1.376219987869262695e+00
1.470588564872741699e+00
1.470588564872741699e+00
1.470588564872741699e+00
1.470588564872741699e+00
7.615703344345092773e-01
7.615703344345092773e-01
7.615703344345092773e-01
7.615703344345092773e-01
7.615703344345092773e-01
7.615703344345092773e-01
7.615703344345092773e-01
1.252880930900573730e+00
1.252880930900573730e+00
1.373409867286682129e+00
1.534889459609985352e+00
1.534889459609985352e+00
5.057609081268310547e-01
5.057609081268310547e-01
5.057609081268310547e-01
1.536752223968505859e+00
1.459892272949218750e+00
1.459892272949218750e+00
1.459892272949218750e+00
2.441529750823974609e+00
1.364171862602233887e+00
2.268677234649658203e+00
1.361840844154357910e+00
1.361840844154357910e+00
5.893741846084594727e-01
1.036414027214050293e+00
1.036414027214050293e+00
2.299333572387695312e+00
1.197533488273620605e+00
1.221582293510437012e+00
1.758949041366577148e+00
1.758949041366577148e+00
1.758949041366577148e+00
1.767992377281188965e+00
1.748400211334228516e+00
1.748400211334228516e+00
7.196077108383178711e-01
7.196077108383178711e-01
7.196077108383178711e-01
7.196077108383178711e-01
1.827944278717041016e+00
1.827944278717041016e+00
1.827944278717041016e+00
1.356167316436767578e+00
1.356167316436767578e+00
1.356167316436767578e+00
1.356167316436767578e+00
7.686924934387207031e-01
7.686924934387207031e-01
7.686924934387207031e-01
7.686924934387207031e-01
1.227258682250976562e+00
1.227258682250976562e+00
6.636596322059631348e-01
6.636596322059631348e-01
6.636596322059631348e-01
1.129767656326293945e+00
8.620618581771850586e-01
8.620618581771850586e-01
8.620618581771850586e-01
8.620618581771850586e-01
8.620618581771850586e-01
8.620618581771850586e-01
8.620618581771850586e-01
8.913790583610534668e-01
8.913790583610534668e-01
8.913790583610534668e-01
8.913790583610534668e-01
8.913790583610534668e-01
8.913790583610534668e-01
8.913790583610534668e-01
1.833657145500183105e+00
2.261105775833129883e+00
7.928826808929443359e-01
7.928826808929443359e-01
7.928826808929443359e-01
1.229294538497924805e+00
1.229294538497924805e+00
1.229294538497924805e+00
1.056547641754150391e+00
1.056547641754150391e+00
1.056547641754150391e+00
8.861554861068725586e-01
8.861554861068725586e-01
8.861554861068725586e-01
8.861554861068725586e-01
8.861554861068725586e-01
8.861554861068725586e-01
8.861554861068725586e-01
8.861554861068725586e-01
2.218391418457031250e+00
2.218391418457031250e+00
2.218391418457031250e+00
6.124747991561889648e-01
6.124747991561889648e-01
6.124747991561889648e-01
6.124747991561889648e-01
6.124747991561889648e-01
6.124747991561889648e-01
6.124747991561889648e-01
6.124747991561889648e-01
2.154685497283935547e+00
2.154685497283935547e+00
2.154685497283935547e+00
2.154685497283935547e+00
2.154685497283935547e+00
2.154685497283935547e+00
2.369414806365966797e+00
9.953376054763793945e-01
9.953376054763793945e-01
9.953376054763793945e-01
8.601499199867248535e-01
8.601499199867248535e-01
8.601499199867248535e-01
8.601499199867248535e-01
8.601499199867248535e-01
8.601499199867248535e-01
8.601499199867248535e-01
8.601499199867248535e-01
8.601499199867248535e-01
8.601499199867248535e-01
8.601499199867248535e-01
8.601499199867248535e-01
8.601499199867248535e-01
8.601499199867248535e-01
8.601499199867248535e-01
8.601499199867248535e-01
8.601499199867248535e-01
8.601499199867248535e-01
8.601499199867248535e-01
8.601499199867248535e-01
8.601499199867248535e-01
8.601499199867248535e-01
1.221124529838562012e+00
1.221124529838562012e+00
1.904822826385498047e+00
1.904822826385498047e+00
2.012531042098999023e+00
2.012531042098999023e+00
2.012531042098999023e+00
2.146486997604370117e+00
1.462836742401123047e+00
1.462836742401123047e+00
8.767559528350830078e-01
8.767559528350830078e-01
8.767559528350830078e-01
8.767559528350830078e-01
8.767559528350830078e-01
8.767559528350830078e-01
8.767559528350830078e-01
8.767559528350830078e-01
8.767559528350830078e-01
9.653220176696777344e-01
9.653220176696777344e-01
9.653220176696777344e-01
9.653220176696777344e-01
9.653220176696777344e-01
9.653220176696777344e-01
9.653220176696777344e-01
1.404554843902587891e+00
1.221893429756164551e+00
1.221893429756164551e+00
1.221893429756164551e+00
1.221893429756164551e+00
1.221893429756164551e+00
1.221893429756164551e+00
4.818623065948486328e-01
4.818623065948486328e-01
4.818623065948486328e-01
4.818623065948486328e-01
1.842792034149169922e+00
1.842792034149169922e+00
1.842792034149169922e+00
1.842792034149169922e+00
1.842792034149169922e+00
1.324025630950927734e+00
1.994351863861083984e+00
2.843622922897338867e+00
3.972101211547851562e+00
3.161524772644042969e+00
2.306469440460205078e+00
2.306469440460205078e+00
2.306469440460205078e+00
2.306469440460205078e+00
2.792004585266113281e+00
3.048210620880126953e+00
4.042025566101074219e+00
4.354190349578857422e+00
4.354190349578857422e+00
4.105798244476318359e+00
3.660885334014892578e+00
2.735593795776367188e+00
2.721261501312255859e+00
8.902169466018676758e-01
8.902169466018676758e-01
8.902169466018676758e-01
8.902169466018676758e-01
8.902169466018676758e-01
8.902169466018676758e-01
1.359564423561096191e+00
1.357223868370056152e+00
1.357223868370056152e+00
1.330306172370910645e+00
1.330306172370910645e+00
1.888846874237060547e+00
1.888846874237060547e+00
1.888846874237060547e+00
9.155334830284118652e-01
9.155334830284118652e-01
1.041647791862487793e+00
1.041647791862487793e+00
1.576930046081542969e+00
1.576930046081542969e+00
1.576930046081542969e+00
1.880312204360961914e+00
1.880312204360961914e+00
2.135096549987792969e+00
2.207534790039062500e+00
7.605316638946533203e-01
7.605316638946533203e-01
7.605316638946533203e-01
7.605316638946533203e-01
7.605316638946533203e-01
7.605316638946533203e-01
1.435947418212890625e+00
1.311640024185180664e+00
1.311640024185180664e+00
1.311640024185180664e+00
1.311640024185180664e+00
5.995870232582092285e-01
5.995870232582092285e-01
5.995870232582092285e-01
5.995870232582092285e-01
5.995870232582092285e-01
5.995870232582092285e-01
5.995870232582092285e-01
5.995870232582092285e-01
1.015718340873718262e+00
1.015718340873718262e+00
1.015718340873718262e+00
1.015718340873718262e+00
1.015718340873718262e+00
1.015718340873718262e+00
1.015718340873718262e+00
1.015718340873718262e+00
1.015718340873718262e+00
1.015718340873718262e+00
7.775796651840209961e-01
1.164499640464782715e+00
1.114110827445983887e+00
6.058669090270996094e-01
6.058669090270996094e-01
6.058669090270996094e-01
6.058669090270996094e-01
6.058669090270996094e-01
6.058669090270996094e-01
6.058669090270996094e-01
6.058669090270996094e-01
6.058669090270996094e-01
6.058669090270996094e-01
9.086765050888061523e-01
9.086765050888061523e-01
9.086765050888061523e-01
9.086765050888061523e-01
9.086765050888061523e-01
9.086765050888061523e-01
9.086765050888061523e-01
1.161280632019042969e+00
1.161280632019042969e+00
1.161280632019042969e+00
1.161280632019042969e+00
1.161280632019042969e+00
9.155875444412231445e-01
9.155875444412231445e-01
9.155875444412231445e-01
9.155875444412231445e-01
9.155875444412231445e-01
8.123766183853149414e-01
8.123766183853149414e-01
8.123766183853149414e-01
8.123766183853149414e-01
8.123766183853149414e-01
8.123766183853149414e-01
8.123766183853149414e-01
5.683196187019348145e-01
5.683196187019348145e-01
5.683196187019348145e-01
9.739587306976318359e-01
1.699558496475219727e+00
1.699558496475219727e+00
1.699558496475219727e+00
1.354796171188354492e+00
1.354796171188354492e+00
1.354796171188354492e+00
2.130743026733398438e+00
1.626633882522583008e+00
7.951810359954833984e-01
7.951810359954833984e-01
7.951810359954833984e-01
4.558629989624023438e+00
5.216148376464843750e+00
5.761960029602050781e+00
1.737533092498779297e+00
1.737533092498779297e+00
1.737533092498779297e+00
8.535434007644653320e-01
8.535434007644653320e-01
8.535434007644653320e-01
8.535434007644653320e-01
6.997591257095336914e-01
7.083820104598999023e-01
7.083820104598999023e-01
1.125898480415344238e+00
1.151260137557983398e+00
1.151260137557983398e+00
1.151260137557983398e+00
8.715213537216186523e-01
8.715213537216186523e-01
8.715213537216186523e-01
8.715213537216186523e-01
6.118181347846984863e-01
6.118181347846984863e-01
9.425373077392578125e-01
9.425373077392578125e-01
9.425373077392578125e-01
9.425373077392578125e-01
9.425373077392578125e-01
9.425373077392578125e-01
9.425373077392578125e-01
9.425373077392578125e-01
8.288147449493408203e-01
6.935160160064697266e-01
6.935160160064697266e-01
6.935160160064697266e-01
1.017182111740112305e+00
1.017182111740112305e+00
1.017182111740112305e+00
1.017182111740112305e+00
1.017182111740112305e+00
1.017182111740112305e+00
1.017182111740112305e+00
1.017182111740112305e+00
2.595012187957763672e+00
2.595012187957763672e+00
2.595012187957763672e+00
2.595012187957763672e+00
3.548108339309692383e+00
3.548108339309692383e+00
3.548108339309692383e+00
1.491024255752563477e+00
1.491024255752563477e+00
5.619698762893676758e-01
5.619698762893676758e-01
5.619698762893676758e-01
1.243774175643920898e+00
1.243774175643920898e+00
1.644928097724914551e+00
1.644928097724914551e+00
1.644928097724914551e+00
1.644928097724914551e+00
1.644928097724914551e+00
4.146378040313720703e-01
3.160658359527587891e+00
2.856570959091186523e+00
2.856570959091186523e+00
2.856570959091186523e+00
2.856570959091186523e+00
1.418074965476989746e+00
1.418074965476989746e+00
1.418074965476989746e+00
1.418074965476989746e+00
1.418074965476989746e+00
1.418074965476989746e+00
7.957461476325988770e-01
1.460351467132568359e+00
1.460351467132568359e+00
1.460351467132568359e+00
1.460351467132568359e+00
1.460351467132568359e+00
7.954143285751342773e-01
7.954143285751342773e-01
7.954143285751342773e-01
7.954143285751342773e-01
7.954143285751342773e-01
7.954143285751342773e-01
7.954143285751342773e-01
7.954143285751342773e-01
7.954143285751342773e-01
7.954143285751342773e-01
7.954143285751342773e-01
7.954143285751342773e-01
7.954143285751342773e-01
6.988423466682434082e-01
1.410533189773559570e+00
1.410533189773559570e+00
1.410533189773559570e+00
2.340448856353759766e+00
1.781945705413818359e+00
1.781945705413818359e+00
1.781945705413818359e+00
1.781945705413818359e+00
1.781945705413818359e+00
1.781945705413818359e+00
1.503220558166503906e+00
1.503220558166503906e+00
1.208597183227539062e+00
1.711026191711425781e+00
1.711026191711425781e+00
1.711026191711425781e+00
6.112532615661621094e-01
6.112532615661621094e-01
9.835965037345886230e-01
1.658381938934326172e+00
1.658381938934326172e+00
1.658381938934326172e+00
1.709024071693420410e+00
1.709024071693420410e+00
1.709024071693420410e+00
1.709024071693420410e+00
1.709024071693420410e+00
1.682605147361755371e+00
2.164591073989868164e+00
3.177061080932617188e+00
3.520588397979736328e+00
2.048115968704223633e+00
2.800191879272460938e+00
2.800191879272460938e+00
2.800191879272460938e+00
2.800191879272460938e+00
2.800191879272460938e+00
1.274460315704345703e+00
1.406817793846130371e+00
1.406817793846130371e+00
2.199970483779907227e+00
9.549757242202758789e-01
9.549757242202758789e-01
9.549757242202758789e-01
9.549757242202758789e-01
1.730837583541870117e+00
1.730837583541870117e+00
1.730837583541870117e+00
1.730837583541870117e+00
1.730837583541870117e+00
1.730837583541870117e+00
1.730837583541870117e+00
2.200360774993896484e+00
8.953704833984375000e-01
1.688203454017639160e+00
1.688203454017639160e+00
8.179008364677429199e-01
8.179008364677429199e-01
8.179008364677429199e-01
3.687082231044769287e-01
3.027840375900268555e+00
3.027840375900268555e+00
2.931629657745361328e+00
2.140099763870239258e+00
1.819299936294555664e+00
1.819299936294555664e+00
1.819299936294555664e+00
1.819299936294555664e+00
2.665918827056884766e+00
2.042879819869995117e+00
2.042879819869995117e+00
2.042879819869995117e+00
2.042879819869995117e+00
2.042879819869995117e+00
2.042879819869995117e+00
2.516889572143554688e+00
2.516889572143554688e+00
3.206240177154541016e+00
1.777693510055541992e+00
3.221913814544677734e+00
3.217434644699096680e+00
3.217434644699096680e+00
3.217434644699096680e+00
2.555864810943603516e+00
2.555864810943603516e+00
1.527880311012268066e+00
1.527880311012268066e+00
1.527880311012268066e+00
1.527880311012268066e+00
1.527880311012268066e+00
1.527880311012268066e+00
1.527880311012268066e+00
1.527880311012268066e+00
1.527880311012268066e+00
3.194705009460449219e+00
5.706207275390625000e+00
3.095180749893188477e+00
3.095180749893188477e+00
1.158652424812316895e+00
1.158652424812316895e+00
1.158652424812316895e+00
1.158652424812316895e+00
1.158652424812316895e+00
1.158652424812316895e+00
1.158652424812316895e+00
1.191895961761474609e+00
1.191895961761474609e+00
1.191895961761474609e+00
8.121462464332580566e-01
8.121462464332580566e-01
7.016258239746093750e-01
7.900783419609069824e-01
7.900783419609069824e-01
7.900783419609069824e-01
7.900783419609069824e-01
7.900783419609069824e-01
5.011562108993530273e-01
5.011562108993530273e-01
1.956934690475463867e+00
1.652318596839904785e+00
1.184339880943298340e+00
1.184339880943298340e+00
6.670023798942565918e-01
6.670023798942565918e-01
7.243557572364807129e-01
3.813061952590942383e+00
7.575612068176269531e-01
2.367781162261962891e+00
2.367781162261962891e+00
1.429352045059204102e+00
1.429352045059204102e+00
1.429352045059204102e+00
1.429352045059204102e+00
1.429352045059204102e+00
1.429352045059204102e+00
1.429352045059204102e+00
1.429352045059204102e+00
1.111367225646972656e+00
6.268033981323242188e-01
6.268033981323242188e-01
1.448563694953918457e+00
1.448563694953918457e+00
1.448563694953918457e+00
1.452331423759460449e+00
1.452331423759460449e+00
1.452331423759460449e+00
1.455593705177307129e+00
1.455593705177307129e+00
1.455593705177307129e+00
1.130881071090698242e+00
1.130881071090698242e+00
8.409755229949951172e-01
8.409755229949951172e-01
8.409755229949951172e-01
9.919645786285400391e-01
9.919645786285400391e-01
9.919645786285400391e-01
9.919645786285400391e-01
9.919645786285400391e-01
1.429803013801574707e+00
1.429803013801574707e+00
1.377606153488159180e+00
1.741294145584106445e+00
7.687651515007019043e-01
7.687651515007019043e-01
7.687651515007019043e-01
7.687651515007019043e-01
7.687651515007019043e-01
7.687651515007019043e-01
6.513101458549499512e-01
6.513101458549499512e-01
6.513101458549499512e-01
6.513101458549499512e-01
6.513101458549499512e-01
6.513101458549499512e-01
6.513101458549499512e-01
6.513101458549499512e-01
6.513101458549499512e-01
6.482309699058532715e-01
6.482309699058532715e-01
6.482309699058532715e-01
1.159310817718505859e+00
1.159310817718505859e+00
1.096835613250732422e+00
1.096835613250732422e+00
1.766481757164001465e+00
3.102957725524902344e+00
2.778205394744873047e+00
2.778205394744873047e+00
2.474769353866577148e+00
2.474769353866577148e+00
2.474769353866577148e+00
3.437550306320190430e+00
3.437550306320190430e+00
3.437550306320190430e+00
3.437550306320190430e+00
3.437550306320190430e+00
3.437550306320190430e+00
2.629061698913574219e+00
2.629061698913574219e+00
2.021785974502563477e+00
2.142264842987060547e+00
2.277816534042358398e+00
2.277816534042358398e+00
2.694693565368652344e+00
2.694693565368652344e+00
2.694693565368652344e+00
8.592057228088378906e-01
8.592057228088378906e-01
8.592057228088378906e-01
8.592057228088378906e-01
8.592057228088378906e-01
8.592057228088378906e-01
9.677557945251464844e-01
9.677557945251464844e-01
9.677557945251464844e-01
9.677557945251464844e-01
9.677557945251464844e-01
9.677557945251464844e-01
9.677557945251464844e-01
9.677557945251464844e-01
9.677557945251464844e-01
9.677557945251464844e-01
9.677557945251464844e-01
9.677557945251464844e-01
9.677557945251464844e-01
9.677557945251464844e-01
9.677557945251464844e-01
9.677557945251464844e-01
9.677557945251464844e-01
9.677557945251464844e-01
9.677557945251464844e-01
9.677557945251464844e-01
9.677557945251464844e-01
9.677557945251464844e-01
7.862410545349121094e-01
9.516180753707885742e-01
9.516180753707885742e-01
1.300779461860656738e+00
1.300779461860656738e+00
1.300779461860656738e+00
1.300779461860656738e+00
1.300779461860656738e+00
5.860919952392578125e-01
5.860919952392578125e-01
5.860919952392578125e-01
1.390345335006713867e+00
1.390345335006713867e+00
1.390345335006713867e+00
9.782528877258300781e-01
9.782528877258300781e-01
1.410075664520263672e+00
1.347500324249267578e+00
1.432087182998657227e+00
1.432087182998657227e+00
1.432087182998657227e+00
1.432087182998657227e+00
1.432087182998657227e+00
9.592986106872558594e-01
9.592986106872558594e-01
9.592986106872558594e-01
9.592986106872558594e-01
9.592986106872558594e-01
9.592986106872558594e-01
9.592986106872558594e-01
9.592986106872558594e-01
9.592986106872558594e-01
9.592986106872558594e-01
8.562732338905334473e-01
5.599049329757690430e-01
5.599049329757690430e-01
7.188417315483093262e-01
7.188417315483093262e-01
7.188417315483093262e-01
7.188417315483093262e-01
7.188417315483093262e-01
5.541244149208068848e-01
5.541244149208068848e-01
5.541244149208068848e-01
1.147038459777832031e+00
8.227165937423706055e-01
8.227165937423706055e-01
8.227165937423706055e-01
8.227165937423706055e-01
8.227165937423706055e-01
8.227165937423706055e-01
8.227165937423706055e-01
8.227165937423706055e-01
8.227165937423706055e-01
8.227165937423706055e-01
1.102059364318847656e+00
1.102059364318847656e+00
1.102059364318847656e+00
1.102059364318847656e+00
1.102059364318847656e+00
1.102059364318847656e+00
1.102059364318847656e+00
1.102059364318847656e+00
1.102059364318847656e+00
1.102059364318847656e+00
1.724336624145507812e+00
9.915490150451660156e-01
9.915490150451660156e-01
9.915490150451660156e-01
9.915490150451660156e-01
9.915490150451660156e-01
9.915490150451660156e-01
9.915490150451660156e-01
1.136736750602722168e+00
1.231877207756042480e+00
1.231877207756042480e+00
1.071829915046691895e+00
1.510843157768249512e+00
1.510843157768249512e+00
1.510843157768249512e+00
1.510843157768249512e+00
1.510843157768249512e+00
1.510843157768249512e+00
1.510843157768249512e+00
2.500215053558349609e+00
2.438076019287109375e+00
2.438076019287109375e+00
2.438076019287109375e+00
1.706875085830688477e+00
2.468669414520263672e+00
1.333207964897155762e+00
1.333207964897155762e+00
1.333207964897155762e+00
1.333207964897155762e+00
1.333207964897155762e+00
1.709961652755737305e+00
1.709961652755737305e+00
1.709961652755737305e+00
9.316086769104003906e-01
9.316086769104003906e-01
9.316086769104003906e-01
1.030342459678649902e+00
1.032984614372253418e+00
1.581097841262817383e+00
1.343785762786865234e+00
1.481481432914733887e+00
1.481481432914733887e+00
1.481481432914733887e+00
1.481481432914733887e+00
1.481481432914733887e+00
1.481481432914733887e+00
8.936368227005004883e-01
8.936368227005004883e-01
8.936368227005004883e-01
8.936368227005004883e-01
8.936368227005004883e-01
8.936368227005004883e-01
8.936368227005004883e-01
8.936368227005004883e-01
8.936368227005004883e-01
8.936368227005004883e-01
8.936368227005004883e-01
8.936368227005004883e-01
8.936368227005004883e-01
8.936368227005004883e-01
8.936368227005004883e-01
8.936368227005004883e-01
8.936368227005004883e-01
8.936368227005004883e-01
8.936368227005004883e-01
8.936368227005004883e-01
8.936368227005004883e-01
8.936368227005004883e-01
8.936368227005004883e-01
8.936368227005004883e-01
8.936368227005004883e-01
1.807681798934936523e+00
2.136902093887329102e+00
7.992545366287231445e-01
7.992545366287231445e-01
2.229280471801757812e+00
2.712231159210205078e+00
2.294082403182983398e+00
2.886589765548706055e+00
5.218532085418701172e-01
5.218532085418701172e-01
5.218532085418701172e-01
5.218532085418701172e-01
2.645851075649261475e-01
2.645851075649261475e-01
9.449813365936279297e-01
8.218514323234558105e-01
8.218514323234558105e-01
7.738528251647949219e-01
7.738528251647949219e-01
9.489943385124206543e-01
9.489943385124206543e-01
9.489943385124206543e-01
1.228163003921508789e+00
1.228163003921508789e+00
1.228163003921508789e+00
1.228163003921508789e+00
1.228163003921508789e+00
1.711415767669677734e+00
9.212930202484130859e-01
9.212930202484130859e-01
9.212930202484130859e-01
1.356501102447509766e+00
1.356501102447509766e+00
1.356501102447509766e+00
1.356501102447509766e+00
1.356501102447509766e+00
1.356501102447509766e+00
1.356501102447509766e+00
1.356501102447509766e+00
1.356501102447509766e+00
1.856204032897949219e+00
1.856204032897949219e+00
1.856204032897949219e+00
1.856204032897949219e+00
4.349310398101806641e-01
8.527747988700866699e-01
6.147737503051757812e-01
9.339146018028259277e-01
6.951736211776733398e-01
6.951736211776733398e-01
6.951736211776733398e-01
6.951736211776733398e-01
6.951736211776733398e-01
6.951736211776733398e-01
6.951736211776733398e-01
6.951736211776733398e-01
1.546323776245117188e+00
1.546323776245117188e+00
1.546323776245117188e+00
1.257665276527404785e+00
1.257665276527404785e+00
1.157693862915039062e+00
1.157693862915039062e+00
1.157693862915039062e+00
1.157693862915039062e+00
1.157693862915039062e+00
1.157693862915039062e+00
1.157693862915039062e+00
1.688457489013671875e+00
2.004401922225952148e+00
2.004401922225952148e+00
7.259925603866577148e-01
7.259925603866577148e-01
7.259925603866577148e-01
7.259925603866577148e-01
7.259925603866577148e-01
9.751628637313842773e-01
5.803622603416442871e-01
5.803622603416442871e-01
5.803622603416442871e-01
5.803622603416442871e-01
7.290120720863342285e-01
7.290120720863342285e-01
7.290120720863342285e-01
7.290120720863342285e-01
7.290120720863342285e-01
7.290120720863342285e-01
7.290120720863342285e-01
7.290120720863342285e-01
7.056189775466918945e-01
7.056189775466918945e-01
7.056189775466918945e-01
7.056189775466918945e-01
2.162490844726562500e+00
2.150000810623168945e+00
2.150000810623168945e+00
2.105112552642822266e+00
1.221343517303466797e+00
1.221343517303466797e+00
1.329786539077758789e+00
1.329786539077758789e+00
1.329786539077758789e+00
1.329786539077758789e+00
1.329786539077758789e+00
1.051360726356506348e+00
1.051360726356506348e+00
1.051360726356506348e+00
1.051360726356506348e+00
1.049668192863464355e+00
1.049668192863464355e+00
1.049668192863464355e+00
1.049668192863464355e+00
1.049668192863464355e+00
1.049668192863464355e+00
1.049668192863464355e+00
1.049668192863464355e+00
1.049668192863464355e+00
8.126883506774902344e-01
8.126883506774902344e-01
8.126883506774902344e-01
1.903246402740478516e+00
1.897019863128662109e+00
1.897019863128662109e+00
1.897019863128662109e+00
1.897019863128662109e+00
1.897019863128662109e+00
1.897019863128662109e+00
2.134266614913940430e+00
2.134266614913940430e+00
2.134266614913940430e+00
2.469666957855224609e+00
2.469666957855224609e+00
1.831559181213378906e+00
2.006685256958007812e+00
2.006685256958007812e+00
2.006685256958007812e+00
2.006685256958007812e+00
2.006685256958007812e+00
3.677410602569580078e+00
3.529093503952026367e+00
3.085455417633056641e+00
3.085455417633056641e+00
4.187130928039550781e+00
3.384305953979492188e+00
2.861344575881958008e+00
