7.956337928771972656e+00
7.956337928771972656e+00
2.971397876739501953e+00
2.971397876739501953e+00
2.971397876739501953e+00
2.971397876739501953e+00
3.726246118545532227e+00
2.336278915405273438e+00
3.199727058410644531e+00
3.384418010711669922e+00
3.557188272476196289e+00
3.557188272476196289e+00
3.557188272476196289e+00
2.450651168823242188e+00
4.227230548858642578e+00
2.100592374801635742e+00
2.100592374801635742e+00
3.506743431091308594e+00
1.732755780220031738e+00
1.732755780220031738e+00
1.732755780220031738e+00
1.920419096946716309e+00
1.374789476394653320e+00
1.374789476394653320e+00
1.374789476394653320e+00
1.062093019485473633e+00
1.523768067359924316e+00
1.306046962738037109e+00
1.306046962738037109e+00
1.306046962738037109e+00
1.306046962738037109e+00
1.306046962738037109e+00
1.858012795448303223e+00
1.858012795448303223e+00
1.858012795448303223e+00
1.668739795684814453e+00
1.668739795684814453e+00
1.668739795684814453e+00
1.668739795684814453e+00
1.668739795684814453e+00
1.668739795684814453e+00
1.668739795684814453e+00
1.668739795684814453e+00
1.668739795684814453e+00
1.895724534988403320e+00
1.895724534988403320e+00
2.821168422698974609e+00
3.481778621673583984e+00
5.639658927917480469e+00
8.097719192504882812e+00
7.486608982086181641e+00
7.303953170776367188e+00
6.194077491760253906e+00
7.869050502777099609e+00
8.361799240112304688e+00
9.990440368652343750e+00
9.990440368652343750e+00
7.239953041076660156e+00
5.100446224212646484e+00
3.998040914535522461e+00
4.667609214782714844e+00
1.186071634292602539e+00
1.631508946418762207e+00
1.685651183128356934e+00
1.685651183128356934e+00
1.685651183128356934e+00
4.321919441223144531e+00
1.946396112442016602e+00
1.946396112442016602e+00
1.946396112442016602e+00
9.920132756233215332e-01
1.082102656364440918e+00
1.082102656364440918e+00
1.082102656364440918e+00
1.082102656364440918e+00
1.082102656364440918e+00
1.082102656364440918e+00
1.079263687133789062e+00
1.079263687133789062e+00
1.079263687133789062e+00
1.079263687133789062e+00
1.079263687133789062e+00
1.079263687133789062e+00
1.079263687133789062e+00
1.079263687133789062e+00
1.079263687133789062e+00
1.079263687133789062e+00
1.323217988014221191e+00
1.323217988014221191e+00
1.323217988014221191e+00
7.620894908905029297e-01
7.620894908905029297e-01
7.620894908905029297e-01
7.620894908905029297e-01
2.839542865753173828e+00
1.953875422477722168e+00
1.953875422477722168e+00
3.372642517089843750e+00
3.796416282653808594e+00
3.796416282653808594e+00
3.796416282653808594e+00
4.186089038848876953e+00
4.186089038848876953e+00
3.832478761672973633e+00
1.765932321548461914e+00
1.765932321548461914e+00
1.765932321548461914e+00
2.463592052459716797e+00
2.463592052459716797e+00
2.022027254104614258e+00
2.022027254104614258e+00
3.589412212371826172e+00
3.589412212371826172e+00
4.468688964843750000e+00
4.927804946899414062e+00
4.927804946899414062e+00
5.369992733001708984e+00
4.149285316467285156e+00
4.149285316467285156e+00
4.149285316467285156e+00
3.931971788406372070e+00
6.216450691223144531e+00
6.216450691223144531e+00
5.777438163757324219e+00
5.777438163757324219e+00
5.777438163757324219e+00
7.960249900817871094e+00
7.960249900817871094e+00
8.985257148742675781e+00
7.129111766815185547e+00
7.129111766815185547e+00
7.002215385437011719e+00
8.119404792785644531e+00
5.995524406433105469e+00
5.052374839782714844e+00
5.676688671112060547e+00
5.676688671112060547e+00
1.598902702331542969e+00
1.598902702331542969e+00
9.794852733612060547e-01
9.794852733612060547e-01
6.308244466781616211e-01
6.308244466781616211e-01
9.548768997192382812e-01
9.548768997192382812e-01
9.548768997192382812e-01
9.548768997192382812e-01
9.548768997192382812e-01
9.548768997192382812e-01
9.548768997192382812e-01
2.432029008865356445e+00
2.432029008865356445e+00
2.436275482177734375e+00
1.315444111824035645e+00
1.315444111824035645e+00
1.315444111824035645e+00
1.315444111824035645e+00
1.315444111824035645e+00
1.315444111824035645e+00
1.315444111824035645e+00
3.043748140335083008e+00
3.043748140335083008e+00
3.517463684082031250e+00
3.517463684082031250e+00
6.179018020629882812e+00
6.179018020629882812e+00
6.765214443206787109e+00
3.373213529586791992e+00
3.373213529586791992e+00
3.062253952026367188e+00
3.062253952026367188e+00
3.062253952026367188e+00
1.487112402915954590e+00
1.487112402915954590e+00
1.487112402915954590e+00
1.487112402915954590e+00
2.460401535034179688e+00
2.460401535034179688e+00
2.460401535034179688e+00
2.460401535034179688e+00
2.460401535034179688e+00
2.460401535034179688e+00
2.460401535034179688e+00
2.460401535034179688e+00
1.668260812759399414e+00
1.668260812759399414e+00
1.684466242790222168e+00
1.684466242790222168e+00
1.684466242790222168e+00
1.684466242790222168e+00
1.684466242790222168e+00
3.969393253326416016e+00
2.724914550781250000e+00
5.732812881469726562e-01
5.732812881469726562e-01
5.732812881469726562e-01
2.365160465240478516e+00
2.365160465240478516e+00
2.365160465240478516e+00
8.861571550369262695e-01
8.861571550369262695e-01
8.861571550369262695e-01
8.861571550369262695e-01
8.861571550369262695e-01
8.861571550369262695e-01
8.861571550369262695e-01
8.861571550369262695e-01
8.861571550369262695e-01
6.942643523216247559e-01
6.942643523216247559e-01
1.154337167739868164e+00
1.154337167739868164e+00
1.154337167739868164e+00
1.154337167739868164e+00
1.154337167739868164e+00
1.154337167739868164e+00
1.471022367477416992e+00
1.471022367477416992e+00
1.471022367477416992e+00
1.177439451217651367e+00
2.255755662918090820e+00
2.070833206176757812e+00
7.699375152587890625e-01
1.782997608184814453e+00
1.782997608184814453e+00
6.690214872360229492e-01
6.690214872360229492e-01
6.690214872360229492e-01
6.690214872360229492e-01
6.690214872360229492e-01
6.690214872360229492e-01
6.690214872360229492e-01
9.027133584022521973e-01
9.027133584022521973e-01
9.027133584022521973e-01
9.027133584022521973e-01
9.027133584022521973e-01
9.027133584022521973e-01
9.027133584022521973e-01
9.027133584022521973e-01
1.635248184204101562e+00
1.635248184204101562e+00
1.358856320381164551e+00
1.358856320381164551e+00
1.358856320381164551e+00
1.358856320381164551e+00
1.358856320381164551e+00
1.358856320381164551e+00
1.358856320381164551e+00
1.831418752670288086e+00
1.831418752670288086e+00
2.610670566558837891e+00
2.610670566558837891e+00
2.610670566558837891e+00
2.610670566558837891e+00
2.610670566558837891e+00
2.610670566558837891e+00
3.806648015975952148e+00
5.061817646026611328e+00
5.061817646026611328e+00
5.061817646026611328e+00
5.061817646026611328e+00
5.061817646026611328e+00
5.123071193695068359e+00
5.761355876922607422e+00
3.989846944808959961e+00
1.373090267181396484e+00
1.432436823844909668e+00
1.432436823844909668e+00
1.432436823844909668e+00
1.432436823844909668e+00
1.432436823844909668e+00
1.432436823844909668e+00
1.432436823844909668e+00
1.432436823844909668e+00
1.432436823844909668e+00
1.139373421669006348e+00
1.139373421669006348e+00
1.191926956176757812e+00
1.191926956176757812e+00
1.191926956176757812e+00
1.973906040191650391e+00
2.046881675720214844e+00
2.046881675720214844e+00
2.046881675720214844e+00
2.046881675720214844e+00
2.046881675720214844e+00
2.046881675720214844e+00
1.642726302146911621e+00
1.642726302146911621e+00
1.642726302146911621e+00
1.642726302146911621e+00
1.642726302146911621e+00
1.642726302146911621e+00
1.566654801368713379e+00
3.387745380401611328e+00
3.387745380401611328e+00
3.387745380401611328e+00
2.519399166107177734e+00
1.008283138275146484e+00
1.008283138275146484e+00
1.008283138275146484e+00
1.287194490432739258e+00
1.287194490432739258e+00
5.365396142005920410e-01
5.365396142005920410e-01
1.202665090560913086e+00
1.202665090560913086e+00
1.202665090560913086e+00
2.599112033843994141e+00
2.599112033843994141e+00
2.599112033843994141e+00
7.938573360443115234e-01
7.938573360443115234e-01
9.059092998504638672e-01
9.059092998504638672e-01
2.561087608337402344e+00
2.561087608337402344e+00
5.229365825653076172e-01
2.722059726715087891e+00
2.713659286499023438e+00
2.713659286499023438e+00
2.713659286499023438e+00
2.074457168579101562e+00
1.790744066238403320e+00
1.790744066238403320e+00
7.651783227920532227e-01
1.059874296188354492e+00
1.059874296188354492e+00
1.059874296188354492e+00
1.059874296188354492e+00
1.059874296188354492e+00
1.737512469291687012e+00
1.206392526626586914e+00
1.206392526626586914e+00
1.206392526626586914e+00
1.206392526626586914e+00
1.206392526626586914e+00
4.882425308227539062e+00
4.882425308227539062e+00
4.882425308227539062e+00
4.882425308227539062e+00
6.564307212829589844e+00
5.573622703552246094e+00
5.573622703552246094e+00
2.718520164489746094e+00
2.718520164489746094e+00
2.718520164489746094e+00
2.718520164489746094e+00
2.056915760040283203e+00
2.056915760040283203e+00
2.056915760040283203e+00
1.633701562881469727e+00
1.633701562881469727e+00
2.840001106262207031e+00
2.522214651107788086e+00
1.646351099014282227e+00
8.118936419486999512e-01
8.118936419486999512e-01
8.118936419486999512e-01
8.118936419486999512e-01
8.118936419486999512e-01
8.118936419486999512e-01
8.118936419486999512e-01
8.793022036552429199e-01
8.793022036552429199e-01
9.547752141952514648e-01
1.151500225067138672e+00
1.151500225067138672e+00
1.151500225067138672e+00
1.290563344955444336e+00
1.290563344955444336e+00
1.454605817794799805e+00
1.453225135803222656e+00
5.086308717727661133e-01
1.710332155227661133e+00
1.710332155227661133e+00
1.710332155227661133e+00
1.710332155227661133e+00
1.233661293983459473e+00
1.233661293983459473e+00
1.905048251152038574e+00
1.961690068244934082e+00
1.961690068244934082e+00
1.961690068244934082e+00
1.961690068244934082e+00
1.961690068244934082e+00
1.961690068244934082e+00
1.961690068244934082e+00
5.182628631591796875e-01
3.758886575698852539e+00
7.803127765655517578e-01
7.803127765655517578e-01
7.803127765655517578e-01
7.803127765655517578e-01
1.295602798461914062e+00
1.101104736328125000e+00
1.101104736328125000e+00
1.101104736328125000e+00
1.101104736328125000e+00
1.101104736328125000e+00
1.101104736328125000e+00
1.101104736328125000e+00
9.455808401107788086e-01
5.257660150527954102e-01
5.257660150527954102e-01
5.257660150527954102e-01
1.113983154296875000e+00
1.113983154296875000e+00
1.113983154296875000e+00
1.113983154296875000e+00
1.113983154296875000e+00
1.113983154296875000e+00
1.113983154296875000e+00
1.113983154296875000e+00
1.113983154296875000e+00
1.113983154296875000e+00
1.113983154296875000e+00
1.113983154296875000e+00
1.113983154296875000e+00
1.113983154296875000e+00
1.113983154296875000e+00
1.113983154296875000e+00
1.701764106750488281e+00
1.701764106750488281e+00
1.701764106750488281e+00
2.355466842651367188e+00
2.355466842651367188e+00
2.355466842651367188e+00
2.355466842651367188e+00
2.355466842651367188e+00
2.355466842651367188e+00
1.777120590209960938e+00
1.486187338829040527e+00
1.527730703353881836e+00
1.527730703353881836e+00
1.527730703353881836e+00
1.527730703353881836e+00
1.527730703353881836e+00
1.527730703353881836e+00
1.527730703353881836e+00
1.863263130187988281e+00
1.863263130187988281e+00
1.863263130187988281e+00
2.681660413742065430e+00
3.003729343414306641e+00
3.003729343414306641e+00
3.003729343414306641e+00
1.994721889495849609e+00
1.994721889495849609e+00
1.994721889495849609e+00
1.994721889495849609e+00
1.994721889495849609e+00
1.994721889495849609e+00
1.994721889495849609e+00
1.994721889495849609e+00
1.471042513847351074e+00
1.471042513847351074e+00
1.471042513847351074e+00
1.471042513847351074e+00
1.471042513847351074e+00
1.471042513847351074e+00
7.147055864334106445e-01
1.678476333618164062e+00
6.481100320816040039e-01
6.481100320816040039e-01
1.170209646224975586e+00
1.170209646224975586e+00
1.170209646224975586e+00
4.789069175720214844e+00
3.738239765167236328e+00
3.738239765167236328e+00
3.738239765167236328e+00
2.163361072540283203e+00
2.163361072540283203e+00
2.163361072540283203e+00
2.163361072540283203e+00
1.454074144363403320e+00
2.402932405471801758e+00
2.402932405471801758e+00
2.402932405471801758e+00
6.497335433959960938e+00
6.497335433959960938e+00
1.217796325683593750e+00
1.468055248260498047e+00
2.628211259841918945e+00
1.818703413009643555e+00
1.818703413009643555e+00
1.818703413009643555e+00
7.747937202453613281e+00
7.747937202453613281e+00
4.360508918762207031e+00
2.152058839797973633e+00
2.152058839797973633e+00
2.152058839797973633e+00
2.152058839797973633e+00
2.152058839797973633e+00
2.152058839797973633e+00
2.152058839797973633e+00
2.152058839797973633e+00
2.930176734924316406e+00
2.930176734924316406e+00
9.047558307647705078e-01
9.047558307647705078e-01
2.264412403106689453e+00
2.264412403106689453e+00
2.264412403106689453e+00
1.151397466659545898e+00
1.151397466659545898e+00
1.679725885391235352e+00
2.208594560623168945e+00
2.566909313201904297e+00
2.566909313201904297e+00
2.566909313201904297e+00
2.566909313201904297e+00
2.566909313201904297e+00
2.566909313201904297e+00
2.566909313201904297e+00
2.519834995269775391e+00
3.093129634857177734e+00
3.093129634857177734e+00
3.093129634857177734e+00
4.674967765808105469e+00
5.469331264495849609e+00
6.298807144165039062e+00
6.298807144165039062e+00
6.298807144165039062e+00
4.573410511016845703e+00
2.133620500564575195e+00
2.133620500564575195e+00
2.133620500564575195e+00
2.133620500564575195e+00
2.133620500564575195e+00
8.061727285385131836e-01
2.110174655914306641e+00
2.116078853607177734e+00
2.116078853607177734e+00
2.116078853607177734e+00
2.116078853607177734e+00
2.116078853607177734e+00
2.116078853607177734e+00
2.116078853607177734e+00
2.764555454254150391e+00
2.764555454254150391e+00
7.127094268798828125e-01
7.127094268798828125e-01
7.127094268798828125e-01
7.127094268798828125e-01
7.127094268798828125e-01
7.127094268798828125e-01
7.127094268798828125e-01
9.576487541198730469e-01
2.230232000350952148e+00
3.199382305145263672e+00
3.453541755676269531e+00
3.838137626647949219e+00
5.890570640563964844e+00
3.030395507812500000e+00
3.030395507812500000e+00
3.030395507812500000e+00
3.030395507812500000e+00
3.030395507812500000e+00
3.998522281646728516e+00
3.998522281646728516e+00
3.998522281646728516e+00
3.998522281646728516e+00
3.180517196655273438e+00
1.414095044136047363e+00
2.301450490951538086e+00
2.301450490951538086e+00
2.301450490951538086e+00
1.416719675064086914e+00
9.094023704528808594e-01
9.094023704528808594e-01
9.094023704528808594e-01
2.232584238052368164e+00
2.232584238052368164e+00
2.475363969802856445e+00
2.475363969802856445e+00
2.475363969802856445e+00
9.897885322570800781e-01
9.897885322570800781e-01
9.897885322570800781e-01
2.056913137435913086e+00
2.056913137435913086e+00
8.124881744384765625e+00
3.840406894683837891e+00
1.067644834518432617e+00
1.067644834518432617e+00
1.067644834518432617e+00
1.067644834518432617e+00
1.141197204589843750e+00
1.141197204589843750e+00
1.141197204589843750e+00
1.141197204589843750e+00
1.141197204589843750e+00
1.141197204589843750e+00
1.141197204589843750e+00
1.141197204589843750e+00
1.141197204589843750e+00
1.141197204589843750e+00
1.141197204589843750e+00
1.157130479812622070e+00
1.157130479812622070e+00
5.870774984359741211e-01
5.870774984359741211e-01
5.870774984359741211e-01
3.402611732482910156e+00
3.884256839752197266e+00
1.808878421783447266e+00
1.485122799873352051e+00
1.485122799873352051e+00
1.979878187179565430e+00
3.341190338134765625e+00
1.561147332191467285e+00
1.561147332191467285e+00
1.561147332191467285e+00
1.561147332191467285e+00
1.561147332191467285e+00
1.561147332191467285e+00
1.561147332191467285e+00
1.561147332191467285e+00
2.009948730468750000e+00
2.009948730468750000e+00
2.009948730468750000e+00
2.009948730468750000e+00
2.009948730468750000e+00
2.009948730468750000e+00
2.009948730468750000e+00
2.009948730468750000e+00
2.009948730468750000e+00
1.084512352943420410e+00
1.084512352943420410e+00
1.084512352943420410e+00
5.771560072898864746e-01
5.771560072898864746e-01
5.771560072898864746e-01
5.771560072898864746e-01
1.636025667190551758e+00
1.636025667190551758e+00
1.636025667190551758e+00
1.636025667190551758e+00
1.636025667190551758e+00
2.451992750167846680e+00
1.544281959533691406e+00
1.544281959533691406e+00
1.718905925750732422e+00
1.718905925750732422e+00
3.016182422637939453e+00
3.016182422637939453e+00
2.424919605255126953e+00
9.692524671554565430e-01
8.703377246856689453e-01
8.516563177108764648e-01
8.516563177108764648e-01
8.516563177108764648e-01
8.516563177108764648e-01
8.516563177108764648e-01
2.424996376037597656e+00
2.424996376037597656e+00
2.424996376037597656e+00
8.139338493347167969e-01
8.139338493347167969e-01
8.139338493347167969e-01
8.139338493347167969e-01
8.139338493347167969e-01
8.139338493347167969e-01
8.139338493347167969e-01
8.139338493347167969e-01
8.139338493347167969e-01
8.139338493347167969e-01
8.139338493347167969e-01
8.139338493347167969e-01
1.055073022842407227e+00
1.055073022842407227e+00
1.055073022842407227e+00
6.610878705978393555e-01
1.002287149429321289e+00
1.002287149429321289e+00
1.002287149429321289e+00
1.002287149429321289e+00
6.835413575172424316e-01
6.835413575172424316e-01
6.835413575172424316e-01
6.835413575172424316e-01
1.874799489974975586e+00
1.174381732940673828e+00
1.245050549507141113e+00
1.245050549507141113e+00
1.245050549507141113e+00
1.245050549507141113e+00
1.245050549507141113e+00
1.245050549507141113e+00
1.245050549507141113e+00
2.738771438598632812e+00
2.738771438598632812e+00
2.738771438598632812e+00
2.738771438598632812e+00
1.749951124191284180e+00
1.749951124191284180e+00
1.685015201568603516e+00
1.685015201568603516e+00
1.685015201568603516e+00
1.685015201568603516e+00
1.685015201568603516e+00
1.685015201568603516e+00
1.685015201568603516e+00
1.685015201568603516e+00
1.685015201568603516e+00
1.966635107994079590e+00
3.871749401092529297e+00
3.995225667953491211e+00
3.995225667953491211e+00
4.310452938079833984e+00
1.697933673858642578e+00
1.697933673858642578e+00
1.697933673858642578e+00
1.697933673858642578e+00
1.922085762023925781e+00
1.922085762023925781e+00
1.922085762023925781e+00
1.922085762023925781e+00
1.922085762023925781e+00
1.922085762023925781e+00
1.132359027862548828e+00
1.132359027862548828e+00
1.132359027862548828e+00
1.132359027862548828e+00
1.132359027862548828e+00
1.132359027862548828e+00
1.132359027862548828e+00
1.132359027862548828e+00
1.132359027862548828e+00
9.724648594856262207e-01
1.083449244499206543e+00
1.083449244499206543e+00
2.508670806884765625e+00
3.926940441131591797e+00
3.706458806991577148e+00
3.706458806991577148e+00
2.866669178009033203e+00
2.866669178009033203e+00
2.866669178009033203e+00
2.236233711242675781e+00
2.776802539825439453e+00
2.776802539825439453e+00
2.749707221984863281e+00
2.749707221984863281e+00
1.699471354484558105e+00
1.221562147140502930e+00
1.221562147140502930e+00
1.221562147140502930e+00
1.800610423088073730e+00
1.800610423088073730e+00
1.800610423088073730e+00
1.000306606292724609e+00
1.000306606292724609e+00
1.000306606292724609e+00
2.422222137451171875e+00
2.422222137451171875e+00
2.422222137451171875e+00
1.264045715332031250e+00
1.264045715332031250e+00
1.264045715332031250e+00
1.264045715332031250e+00
1.264045715332031250e+00
8.699553012847900391e-01
2.500182628631591797e+00
2.424771070480346680e+00
2.424771070480346680e+00
2.424771070480346680e+00
2.424771070480346680e+00
2.424771070480346680e+00
2.424771070480346680e+00
2.424771070480346680e+00
2.448790788650512695e+00
7.249214172363281250e+00
6.469564437866210938e+00
6.469564437866210938e+00
6.469564437866210938e+00
6.469564437866210938e+00
2.392634391784667969e+00
2.392634391784667969e+00
1.405278444290161133e+00
1.405278444290161133e+00
1.134366035461425781e+00
1.134366035461425781e+00
1.134366035461425781e+00
1.134366035461425781e+00
1.134366035461425781e+00
1.134366035461425781e+00
1.134366035461425781e+00
1.134366035461425781e+00
1.134366035461425781e+00
1.134366035461425781e+00
1.134366035461425781e+00
4.796784520149230957e-01
1.552652359008789062e+00
1.552652359008789062e+00
1.552652359008789062e+00
1.552652359008789062e+00
1.552652359008789062e+00
1.552652359008789062e+00
6.896858692169189453e+00
7.175650596618652344e+00
8.428202629089355469e+00
3.350419998168945312e-01
3.350419998168945312e-01
3.350419998168945312e-01
3.350419998168945312e-01
3.350419998168945312e-01
3.350419998168945312e-01
3.350419998168945312e-01
3.350419998168945312e-01
3.903417110443115234e+00
3.903417110443115234e+00
3.903417110443115234e+00
4.203551769256591797e+00
5.124770641326904297e+00
4.890226364135742188e+00
4.751498699188232422e+00
4.751498699188232422e+00
5.179910659790039062e+00
5.179910659790039062e+00
5.179910659790039062e+00
5.179910659790039062e+00
4.485578536987304688e+00
3.283277988433837891e+00
6.101805686950683594e+00
4.541329383850097656e+00
4.541329383850097656e+00
4.541329383850097656e+00
6.971026420593261719e+00
6.889162540435791016e+00
4.679681777954101562e+00
5.662770271301269531e+00
5.662770271301269531e+00
3.714910507202148438e+00
3.714910507202148438e+00
6.417512893676757812e+00
6.417512893676757812e+00
6.458901882171630859e+00
5.076685905456542969e+00
5.076685905456542969e+00
4.449394702911376953e+00
3.924090623855590820e+00
5.877468585968017578e-01
5.877468585968017578e-01
5.877468585968017578e-01
5.877468585968017578e-01
5.877468585968017578e-01
5.877468585968017578e-01
5.877468585968017578e-01
5.877468585968017578e-01
1.110481977462768555e+00
1.654757618904113770e+00
1.654757618904113770e+00
1.020636796951293945e+00
1.020636796951293945e+00
1.020636796951293945e+00
7.121089696884155273e-01
7.121089696884155273e-01
7.121089696884155273e-01
7.121089696884155273e-01
7.121089696884155273e-01
7.121089696884155273e-01
7.121089696884155273e-01
7.121089696884155273e-01
7.121089696884155273e-01
7.121089696884155273e-01
7.121089696884155273e-01
7.121089696884155273e-01
9.261229038238525391e-01
9.261229038238525391e-01
9.261229038238525391e-01
9.261229038238525391e-01
9.261229038238525391e-01
9.261229038238525391e-01
9.261229038238525391e-01
9.261229038238525391e-01
9.261229038238525391e-01
9.261229038238525391e-01
9.261229038238525391e-01
9.261229038238525391e-01
9.261229038238525391e-01
9.261229038238525391e-01
9.261229038238525391e-01
9.741932749748229980e-01
9.741932749748229980e-01
4.180874824523925781e+00
2.300431966781616211e+00
1.432399749755859375e+00
1.432399749755859375e+00
5.563005208969116211e-01
5.563005208969116211e-01
5.563005208969116211e-01
5.563005208969116211e-01
2.617716789245605469e+00
6.744053840637207031e+00
8.444367408752441406e+00
5.796233654022216797e+00
1.302052021026611328e+00
1.302052021026611328e+00
1.302052021026611328e+00
1.302052021026611328e+00
1.302052021026611328e+00
2.833816528320312500e+00
4.310006141662597656e+00
2.437052726745605469e+00
2.437052726745605469e+00
2.437052726745605469e+00
2.437052726745605469e+00
1.096275091171264648e+00
1.096275091171264648e+00
1.096275091171264648e+00
1.096275091171264648e+00
1.096275091171264648e+00
1.096275091171264648e+00
1.096275091171264648e+00
1.309184432029724121e+00
1.309184432029724121e+00
1.309184432029724121e+00
1.309184432029724121e+00
1.309184432029724121e+00
1.309184432029724121e+00
1.309184432029724121e+00
1.309184432029724121e+00
1.309184432029724121e+00
1.309184432029724121e+00
1.309184432029724121e+00
1.309184432029724121e+00
1.309184432029724121e+00
1.309184432029724121e+00
1.309184432029724121e+00
1.309184432029724121e+00
1.309184432029724121e+00
3.808117508888244629e-01
3.808117508888244629e-01
3.761796236038208008e+00
3.761796236038208008e+00
3.761796236038208008e+00
8.131752014160156250e-01
8.131752014160156250e-01
8.131752014160156250e-01
8.131752014160156250e-01
8.131752014160156250e-01
8.131752014160156250e-01
8.131752014160156250e-01
8.131752014160156250e-01
8.131752014160156250e-01
8.131752014160156250e-01
8.131752014160156250e-01
8.131752014160156250e-01
8.131752014160156250e-01
8.131752014160156250e-01
8.131752014160156250e-01
8.131752014160156250e-01
8.131752014160156250e-01
8.131752014160156250e-01
8.131752014160156250e-01
1.250614166259765625e+00
1.606608629226684570e+00
1.400602102279663086e+00
1.589150428771972656e+00
1.589150428771972656e+00
1.589150428771972656e+00
1.589150428771972656e+00
1.589150428771972656e+00
1.589150428771972656e+00
1.589150428771972656e+00
1.589150428771972656e+00
1.589150428771972656e+00
1.589150428771972656e+00
1.589150428771972656e+00
1.589150428771972656e+00
1.340384244918823242e+00
1.340384244918823242e+00
1.340384244918823242e+00
1.340384244918823242e+00
1.340384244918823242e+00
1.340384244918823242e+00
1.340384244918823242e+00
1.340384244918823242e+00
1.844158649444580078e+00
1.844158649444580078e+00
1.844158649444580078e+00
1.844158649444580078e+00
4.489771366119384766e+00
4.489771366119384766e+00
4.489771366119384766e+00
4.112910747528076172e+00
4.918301105499267578e+00
4.918301105499267578e+00
6.056228160858154297e+00
5.283850193023681641e+00
5.283850193023681641e+00
3.226682662963867188e+00
3.226682662963867188e+00
7.498066425323486328e-01
7.498066425323486328e-01
7.498066425323486328e-01
7.498066425323486328e-01
7.498066425323486328e-01
3.352172374725341797e+00
3.352172374725341797e+00
1.872985601425170898e+00
1.805870056152343750e+00
1.544092416763305664e+00
1.544092416763305664e+00
1.544092416763305664e+00
1.440821528434753418e+00
1.440821528434753418e+00
1.213410258293151855e+00
5.562978386878967285e-01
5.562978386878967285e-01
5.562978386878967285e-01
5.562978386878967285e-01
5.562978386878967285e-01
5.562978386878967285e-01
5.562978386878967285e-01
5.562978386878967285e-01
2.084759235382080078e+00
2.084759235382080078e+00
2.084759235382080078e+00
1.988360047340393066e+00
1.988360047340393066e+00
1.988360047340393066e+00
1.988360047340393066e+00
1.988360047340393066e+00
1.988360047340393066e+00
1.841158509254455566e+00
1.841158509254455566e+00
1.841158509254455566e+00
1.841158509254455566e+00
4.702525615692138672e+00
4.648295879364013672e+00
4.648295879364013672e+00
5.683995246887207031e+00
5.683995246887207031e+00
7.529348850250244141e+00
6.420281887054443359e+00
6.477361202239990234e+00
6.477361202239990234e+00
6.477361202239990234e+00
6.260060787200927734e+00
6.260060787200927734e+00
6.260060787200927734e+00
4.481956958770751953e+00
4.544009685516357422e+00
2.708510875701904297e+00
2.708510875701904297e+00
2.708510875701904297e+00
2.708510875701904297e+00
2.708510875701904297e+00
2.012726545333862305e+00
2.012726545333862305e+00
2.012726545333862305e+00
2.012726545333862305e+00
2.012726545333862305e+00
2.012726545333862305e+00
2.012726545333862305e+00
7.689402103424072266e-01
7.689402103424072266e-01
7.689402103424072266e-01
7.689402103424072266e-01
7.689402103424072266e-01
7.689402103424072266e-01
7.689402103424072266e-01
7.689402103424072266e-01
7.689402103424072266e-01
7.689402103424072266e-01
7.689402103424072266e-01
7.689402103424072266e-01
7.689402103424072266e-01
7.689402103424072266e-01
7.689402103424072266e-01
7.689402103424072266e-01
7.689402103424072266e-01
7.689402103424072266e-01
9.573083519935607910e-01
9.573083519935607910e-01
9.573083519935607910e-01
1.251795768737792969e+00
1.251795768737792969e+00
1.251795768737792969e+00
1.251795768737792969e+00
1.251795768737792969e+00
3.765857815742492676e-01
3.765857815742492676e-01
3.765857815742492676e-01
4.025202274322509766e+00
4.025202274322509766e+00
3.421848773956298828e+00
2.477361440658569336e+00
1.116478919982910156e+00
2.594503879547119141e+00
2.594503879547119141e+00
2.594503879547119141e+00
1.738123536109924316e+00
2.283485412597656250e+00
2.658934116363525391e+00
3.211646795272827148e+00
3.211646795272827148e+00
3.211646795272827148e+00
3.211646795272827148e+00
3.211646795272827148e+00
3.211646795272827148e+00
3.211646795272827148e+00
3.211646795272827148e+00
2.127563953399658203e+00
2.127563953399658203e+00
2.127563953399658203e+00
2.127563953399658203e+00
1.817065954208374023e+00
5.479695796966552734e-01
5.479695796966552734e-01
5.479695796966552734e-01
1.312118768692016602e+00
1.312118768692016602e+00
1.312118768692016602e+00
5.888722538948059082e-01
5.888722538948059082e-01
5.888722538948059082e-01
5.888722538948059082e-01
5.888722538948059082e-01
5.888722538948059082e-01
5.888722538948059082e-01
5.888722538948059082e-01
5.888722538948059082e-01
5.888722538948059082e-01
3.737860202789306641e+00
3.737860202789306641e+00
3.737860202789306641e+00
3.737860202789306641e+00
3.737860202789306641e+00
3.737860202789306641e+00
6.068106174468994141e+00
2.176279783248901367e+00
2.176279783248901367e+00
2.499385595321655273e+00
2.499385595321655273e+00
2.499385595321655273e+00
1.990168452262878418e+00
1.075181365013122559e+00
1.075181365013122559e+00
1.075181365013122559e+00
1.595019102096557617e+00
1.595019102096557617e+00
1.595019102096557617e+00
1.595019102096557617e+00
3.291553258895874023e-01
3.055290222167968750e+00
3.055290222167968750e+00
3.520638942718505859e+00
5.736432075500488281e-01
5.736432075500488281e-01
5.736432075500488281e-01
5.736432075500488281e-01
5.736432075500488281e-01
5.736432075500488281e-01
5.736432075500488281e-01
5.736432075500488281e-01
5.736432075500488281e-01
5.736432075500488281e-01
1.097857356071472168e+00
1.097857356071472168e+00
1.097857356071472168e+00
1.097857356071472168e+00
1.097857356071472168e+00
1.097857356071472168e+00
1.167547583580017090e+00
1.167547583580017090e+00
1.167547583580017090e+00
1.167547583580017090e+00
4.309419989585876465e-01
4.309419989585876465e-01
4.309419989585876465e-01
4.309419989585876465e-01
4.309419989585876465e-01
4.309419989585876465e-01
4.309419989585876465e-01
8.419544696807861328e-01
8.419544696807861328e-01
8.419544696807861328e-01
8.419544696807861328e-01
1.218426942825317383e+00
1.218426942825317383e+00
1.240018129348754883e+00
1.240018129348754883e+00
1.240018129348754883e+00
1.240018129348754883e+00
1.240018129348754883e+00
1.240018129348754883e+00
1.240018129348754883e+00
1.240018129348754883e+00
1.240018129348754883e+00
1.240018129348754883e+00
1.240018129348754883e+00
1.240018129348754883e+00
1.240018129348754883e+00
1.240018129348754883e+00
1.240018129348754883e+00
1.240018129348754883e+00
1.240018129348754883e+00
1.240018129348754883e+00
1.240018129348754883e+00
1.240018129348754883e+00
1.240018129348754883e+00
1.240018129348754883e+00
1.240018129348754883e+00
2.276034832000732422e+00
2.574337005615234375e+00
1.073678493499755859e+00
1.073678493499755859e+00
7.802077531814575195e-01
7.802077531814575195e-01
2.896486759185791016e+00
2.896486759185791016e+00
2.896486759185791016e+00
2.896486759185791016e+00
1.358424186706542969e+00
1.325514912605285645e+00
1.848136901855468750e+00
1.848136901855468750e+00
7.489434719085693359e+00
7.489434719085693359e+00
6.494424819946289062e+00
1.356130123138427734e+00
1.356130123138427734e+00
1.356130123138427734e+00
1.356130123138427734e+00
2.159301042556762695e+00
2.159301042556762695e+00
1.590404391288757324e+00
1.590404391288757324e+00
1.590404391288757324e+00
1.590404391288757324e+00
7.227939963340759277e-01
7.227939963340759277e-01
7.227939963340759277e-01
3.020471632480621338e-01
3.020471632480621338e-01
9.226534366607666016e-01
5.528141021728515625e+00
2.902296543121337891e+00
2.267505168914794922e+00
2.267505168914794922e+00
2.267505168914794922e+00
2.037878513336181641e+00
2.037878513336181641e+00
2.037878513336181641e+00
2.037878513336181641e+00
2.037878513336181641e+00
2.869618177413940430e+00
2.869618177413940430e+00
1.508433938026428223e+00
1.508433938026428223e+00
1.508433938026428223e+00
1.508433938026428223e+00
1.508433938026428223e+00
1.508433938026428223e+00
1.508433938026428223e+00
1.697482109069824219e+00
1.697482109069824219e+00
1.697482109069824219e+00
1.697482109069824219e+00
1.697482109069824219e+00
1.697482109069824219e+00
1.697482109069824219e+00
1.697482109069824219e+00
1.697482109069824219e+00
1.697482109069824219e+00
1.468343138694763184e+00
1.468343138694763184e+00
1.468343138694763184e+00
1.468343138694763184e+00
1.468343138694763184e+00
1.468343138694763184e+00
1.468343138694763184e+00
1.468343138694763184e+00
1.468343138694763184e+00
1.468343138694763184e+00
1.089303970336914062e+00
9.296988844871520996e-01
9.296988844871520996e-01
1.437124013900756836e+00
1.437124013900756836e+00
1.437124013900756836e+00
5.520859360694885254e-01
5.520859360694885254e-01
1.328072905540466309e+00
1.328072905540466309e+00
1.328072905540466309e+00
1.328072905540466309e+00
1.396880984306335449e+00
1.396880984306335449e+00
1.396880984306335449e+00
1.396880984306335449e+00
1.396880984306335449e+00
1.396880984306335449e+00
1.396880984306335449e+00
1.396880984306335449e+00
1.141178965568542480e+00
1.141178965568542480e+00
1.141178965568542480e+00
1.141178965568542480e+00
1.141178965568542480e+00
4.838925600051879883e-01
4.838925600051879883e-01
4.838925600051879883e-01
4.838925600051879883e-01
4.838925600051879883e-01
4.838925600051879883e-01
4.838925600051879883e-01
4.838925600051879883e-01
4.838925600051879883e-01
4.838925600051879883e-01
4.838925600051879883e-01
1.550173521041870117e+00
1.550173521041870117e+00
3.075394153594970703e+00
2.535087347030639648e+00
2.535087347030639648e+00
3.151024818420410156e+00
3.151024818420410156e+00
8.958170413970947266e-01
8.958170413970947266e-01
8.958170413970947266e-01
8.958170413970947266e-01
8.958170413970947266e-01
8.958170413970947266e-01
8.958170413970947266e-01
2.276842594146728516e+00
6.884237527847290039e-01
6.884237527847290039e-01
6.884237527847290039e-01
6.884237527847290039e-01
6.884237527847290039e-01
6.884237527847290039e-01
1.064782142639160156e+00
6.035242080688476562e-01
6.035242080688476562e-01
6.035242080688476562e-01
6.035242080688476562e-01
6.035242080688476562e-01
6.035242080688476562e-01
6.035242080688476562e-01
9.643247127532958984e-01
9.643247127532958984e-01
1.148227095603942871e+00
1.148227095603942871e+00
1.047606110572814941e+00
1.047606110572814941e+00
1.047606110572814941e+00
1.047606110572814941e+00
2.200502395629882812e+00
2.200502395629882812e+00
2.200502395629882812e+00
2.200502395629882812e+00
2.200502395629882812e+00
2.200502395629882812e+00
2.200502395629882812e+00
2.200502395629882812e+00
2.200502395629882812e+00
2.200502395629882812e+00
1.701850533485412598e+00
1.701850533485412598e+00
1.701850533485412598e+00
1.701850533485412598e+00
1.701850533485412598e+00
2.646698951721191406e+00
2.646698951721191406e+00
2.258499860763549805e+00
2.258499860763549805e+00
2.258499860763549805e+00
2.258499860763549805e+00
2.258499860763549805e+00
2.258499860763549805e+00
2.695751428604125977e+00
2.086411714553833008e+00
1.152299880981445312e+00
2.465898036956787109e+00
2.465898036956787109e+00
2.465898036956787109e+00
2.465898036956787109e+00
2.465898036956787109e+00
1.388270139694213867e+00
1.388270139694213867e+00
1.388270139694213867e+00
1.388270139694213867e+00
1.388270139694213867e+00
1.388270139694213867e+00
1.388270139694213867e+00
1.388270139694213867e+00
1.388270139694213867e+00
1.388270139694213867e+00
1.388270139694213867e+00
1.388270139694213867e+00
1.388270139694213867e+00
1.066225051879882812e+00
1.748077154159545898e+00
2.628180027008056641e+00
2.628180027008056641e+00
1.845453739166259766e+00
1.845453739166259766e+00
1.845453739166259766e+00
1.845453739166259766e+00
1.845453739166259766e+00
5.687951087951660156e+00
3.503724098205566406e+00
3.066217422485351562e+00
1.020625829696655273e+00
1.020625829696655273e+00
1.020625829696655273e+00
1.020625829696655273e+00
1.020625829696655273e+00
8.074842691421508789e-01
8.074842691421508789e-01
8.074842691421508789e-01
8.074842691421508789e-01
8.074842691421508789e-01
8.074842691421508789e-01
8.074842691421508789e-01
8.074842691421508789e-01
8.074842691421508789e-01
8.074842691421508789e-01
8.074842691421508789e-01
8.074842691421508789e-01
8.074842691421508789e-01
8.074842691421508789e-01
8.074842691421508789e-01
7.875472903251647949e-01
7.875472903251647949e-01
7.875472903251647949e-01
7.875472903251647949e-01
7.875472903251647949e-01
7.875472903251647949e-01
7.875472903251647949e-01
7.875472903251647949e-01
7.875472903251647949e-01
7.875472903251647949e-01
7.875472903251647949e-01
1.168979644775390625e+00
1.168979644775390625e+00
1.168979644775390625e+00
1.168979644775390625e+00
1.168979644775390625e+00
1.168979644775390625e+00
1.168979644775390625e+00
1.168979644775390625e+00
1.168979644775390625e+00
1.168979644775390625e+00
1.179107666015625000e+00
1.179107666015625000e+00
1.179107666015625000e+00
1.179107666015625000e+00
1.179107666015625000e+00
1.179107666015625000e+00
8.039861917495727539e-01
8.039861917495727539e-01
8.039861917495727539e-01
8.039861917495727539e-01
1.005800962448120117e+00
9.960279464721679688e-01
9.960279464721679688e-01
9.960279464721679688e-01
9.960279464721679688e-01
9.960279464721679688e-01
9.960279464721679688e-01
9.960279464721679688e-01
9.960279464721679688e-01
9.960279464721679688e-01
9.960279464721679688e-01
9.960279464721679688e-01
2.514590263366699219e+00
2.514590263366699219e+00
2.514590263366699219e+00
2.514590263366699219e+00
2.514590263366699219e+00
2.514590263366699219e+00
2.514590263366699219e+00
1.097996711730957031e+00
1.225591897964477539e+00
1.536008358001708984e+00
1.536008358001708984e+00
1.406083703041076660e+00
1.406083703041076660e+00
1.406083703041076660e+00
1.406083703041076660e+00
1.081176638603210449e+00
1.081176638603210449e+00
1.081176638603210449e+00
1.081176638603210449e+00
1.081176638603210449e+00
1.081176638603210449e+00
1.081176638603210449e+00
1.081176638603210449e+00
7.099465131759643555e-01
1.061218380928039551e+00
1.061218380928039551e+00
7.968243360519409180e-01
7.968243360519409180e-01
7.968243360519409180e-01
1.922535777091979980e+00
1.922535777091979980e+00
4.359533309936523438e+00
9.482729434967041016e-01
2.038662672042846680e+00
1.314015507698059082e+00
1.314015507698059082e+00
1.314015507698059082e+00
1.314015507698059082e+00
1.314015507698059082e+00
1.314015507698059082e+00
1.314015507698059082e+00
1.386271357536315918e+00
8.808997869491577148e-01
8.808997869491577148e-01
9.593240022659301758e-01
9.593240022659301758e-01
5.671598911285400391e-01
5.671598911285400391e-01
5.671598911285400391e-01
5.671598911285400391e-01
5.671598911285400391e-01
5.671598911285400391e-01
5.671598911285400391e-01
5.671598911285400391e-01
8.602767586708068848e-01
8.602767586708068848e-01
8.602767586708068848e-01
8.602767586708068848e-01
8.602767586708068848e-01
8.602767586708068848e-01
8.602767586708068848e-01
8.602767586708068848e-01
8.602767586708068848e-01
8.602767586708068848e-01
8.602767586708068848e-01
8.602767586708068848e-01
5.966206789016723633e-01
5.966206789016723633e-01
1.013705015182495117e+00
1.013705015182495117e+00
1.013705015182495117e+00
1.013705015182495117e+00
2.071291685104370117e+00
2.071291685104370117e+00
2.071291685104370117e+00
4.965256452560424805e-01
4.965256452560424805e-01
4.965256452560424805e-01
4.965256452560424805e-01
4.965256452560424805e-01
4.965256452560424805e-01
4.965256452560424805e-01
4.965256452560424805e-01
4.965256452560424805e-01
1.398117065429687500e+00
1.398117065429687500e+00
1.768757820129394531e+00
1.677587270736694336e+00
1.677587270736694336e+00
1.677587270736694336e+00
1.677587270736694336e+00
1.196799039840698242e+00
6.930451989173889160e-01
6.930451989173889160e-01
6.930451989173889160e-01
6.930451989173889160e-01
6.930451989173889160e-01
6.930451989173889160e-01
6.930451989173889160e-01
6.930451989173889160e-01
1.025638461112976074e+00
1.025638461112976074e+00
1.025638461112976074e+00
1.025638461112976074e+00
2.564836502075195312e+00
2.564836502075195312e+00
3.721957206726074219e+00
2.895567417144775391e+00
1.315047979354858398e+00
1.315047979354858398e+00
1.235853195190429688e+00
1.235853195190429688e+00
1.235853195190429688e+00
1.235853195190429688e+00
1.235853195190429688e+00
1.235853195190429688e+00
1.235853195190429688e+00
1.235853195190429688e+00
2.848748207092285156e+00
2.848748207092285156e+00
1.558365225791931152e+00
1.558365225791931152e+00
1.558365225791931152e+00
1.558365225791931152e+00
1.558365225791931152e+00
1.558365225791931152e+00
1.558365225791931152e+00
3.764189243316650391e+00
1.789592742919921875e+00
1.789592742919921875e+00
1.789592742919921875e+00
1.789592742919921875e+00
1.789592742919921875e+00
1.789592742919921875e+00
1.789592742919921875e+00
1.789592742919921875e+00
1.789592742919921875e+00
1.789592742919921875e+00
1.789592742919921875e+00
8.684963583946228027e-01
8.684963583946228027e-01
8.684963583946228027e-01
8.684963583946228027e-01
5.111712932586669922e+00
5.526412010192871094e+00
5.526412010192871094e+00
5.526412010192871094e+00
2.623964548110961914e+00
2.623964548110961914e+00
2.766555309295654297e+00
2.766555309295654297e+00
2.766555309295654297e+00
2.043630361557006836e+00
2.043630361557006836e+00
1.222417116165161133e+00
1.387989997863769531e+00
1.387989997863769531e+00
2.699986457824707031e+00
1.994841098785400391e+00
1.994841098785400391e+00
1.994841098785400391e+00
2.204531192779541016e+00
2.204531192779541016e+00
2.204531192779541016e+00
3.531145095825195312e+00
4.815590858459472656e+00
4.815590858459472656e+00
6.825750827789306641e+00
6.825750827789306641e+00
6.825750827789306641e+00
5.249395370483398438e+00
5.249395370483398438e+00
5.249395370483398438e+00
5.390151500701904297e+00
5.390151500701904297e+00
5.964279651641845703e+00
5.964279651641845703e+00
5.964279651641845703e+00
5.602619171142578125e+00
1.136822700500488281e+00
1.136822700500488281e+00
1.136822700500488281e+00
1.136822700500488281e+00
1.136822700500488281e+00
1.136822700500488281e+00
1.136822700500488281e+00
1.136822700500488281e+00
1.136822700500488281e+00
1.136822700500488281e+00
1.136822700500488281e+00
1.136822700500488281e+00
9.496450424194335938e-01
9.496450424194335938e-01
9.496450424194335938e-01
9.496450424194335938e-01
9.496450424194335938e-01
1.011738657951354980e+00
3.119149684906005859e+00
3.165943622589111328e+00
3.446291685104370117e+00
5.430923461914062500e+00
5.430923461914062500e+00
4.759301662445068359e+00
2.100904464721679688e+00
2.100904464721679688e+00
2.100904464721679688e+00
2.100904464721679688e+00
2.100904464721679688e+00
2.100904464721679688e+00
1.237097024917602539e+00
4.050392508506774902e-01
4.050392508506774902e-01
3.798337697982788086e+00
1.134913682937622070e+00
1.134913682937622070e+00
1.134913682937622070e+00
1.134913682937622070e+00
1.134913682937622070e+00
1.134913682937622070e+00
1.981389522552490234e+00
1.981389522552490234e+00
1.430730104446411133e+00
1.430730104446411133e+00
1.430730104446411133e+00
1.430730104446411133e+00
1.430730104446411133e+00
1.430730104446411133e+00
1.430730104446411133e+00
1.430730104446411133e+00
1.430730104446411133e+00
1.405981421470642090e+00
1.405981421470642090e+00
1.405981421470642090e+00
1.405981421470642090e+00
9.401328563690185547e-01
1.905319571495056152e+00
1.905319571495056152e+00
1.905319571495056152e+00
1.905319571495056152e+00
4.437656402587890625e-01
4.437656402587890625e-01
1.623688936233520508e+00
7.633156180381774902e-01
7.633156180381774902e-01
7.633156180381774902e-01
7.633156180381774902e-01
7.633156180381774902e-01
3.463318824768066406e+00
4.422698497772216797e+00
3.529956817626953125e+00
1.218004941940307617e+00
1.218004941940307617e+00
1.218004941940307617e+00
1.115716695785522461e+00
1.115716695785522461e+00
1.115716695785522461e+00
1.115716695785522461e+00
1.115716695785522461e+00
2.476624488830566406e+00
7.618051767349243164e-01
7.618051767349243164e-01
7.618051767349243164e-01
7.618051767349243164e-01
7.618051767349243164e-01
7.618051767349243164e-01
7.618051767349243164e-01
7.618051767349243164e-01
7.618051767349243164e-01
7.618051767349243164e-01
7.618051767349243164e-01
1.846295356750488281e+00
1.846295356750488281e+00
1.846295356750488281e+00
9.849319458007812500e-01
8.102660775184631348e-01
8.102660775184631348e-01
1.965703964233398438e+00
4.127772331237792969e+00
4.060961723327636719e+00
4.060961723327636719e+00
3.614340305328369141e+00
1.626273155212402344e+00
1.626273155212402344e+00
1.626273155212402344e+00
1.626273155212402344e+00
1.387285828590393066e+00
1.387285828590393066e+00
1.387285828590393066e+00
1.387285828590393066e+00
1.387285828590393066e+00
2.327792644500732422e+00
2.327792644500732422e+00
1.092419385910034180e+00
1.115476965904235840e+00
1.115476965904235840e+00
4.119324088096618652e-01
4.119324088096618652e-01
4.119324088096618652e-01
4.119324088096618652e-01
4.119324088096618652e-01
4.511169433593750000e+00
4.511169433593750000e+00
4.511169433593750000e+00
4.511169433593750000e+00
5.922331809997558594e+00
5.013470649719238281e+00
4.744678497314453125e+00
4.744678497314453125e+00
5.695131301879882812e+00
5.695131301879882812e+00
5.695131301879882812e+00
7.981939315795898438e-01
7.981939315795898438e-01
1.052327871322631836e+00
1.052327871322631836e+00
1.052327871322631836e+00
1.052327871322631836e+00
1.052327871322631836e+00
1.052327871322631836e+00
1.052327871322631836e+00
1.052327871322631836e+00
1.052327871322631836e+00
1.052327871322631836e+00
1.420170068740844727e+00
2.156176805496215820e+00
2.156176805496215820e+00
2.156176805496215820e+00
2.156176805496215820e+00
2.453422784805297852e+00
2.453422784805297852e+00
2.453422784805297852e+00
2.453422784805297852e+00
2.453422784805297852e+00
2.453422784805297852e+00
2.453422784805297852e+00
2.453422784805297852e+00
9.538874626159667969e-01
4.264770030975341797e+00
5.044543266296386719e+00
5.044543266296386719e+00
1.007018089294433594e+01
8.465069770812988281e+00
4.630901336669921875e+00
4.630901336669921875e+00
4.630901336669921875e+00
4.630901336669921875e+00
4.630901336669921875e+00
4.630901336669921875e+00
5.221976757049560547e+00
6.749423027038574219e+00
6.463542938232421875e+00
5.498585700988769531e+00
6.478204727172851562e-01
1.297250747680664062e+00
1.297250747680664062e+00
1.297250747680664062e+00
1.297250747680664062e+00
1.297250747680664062e+00
1.297250747680664062e+00
1.297250747680664062e+00
1.297250747680664062e+00
4.652714133262634277e-01
4.652714133262634277e-01
4.652714133262634277e-01
4.652714133262634277e-01
4.652714133262634277e-01
4.652714133262634277e-01
4.652714133262634277e-01
4.723946094512939453e+00
4.723946094512939453e+00
4.723946094512939453e+00
4.723946094512939453e+00
4.897497653961181641e+00
3.741257667541503906e+00
1.190896987915039062e+00
1.190896987915039062e+00
1.190896987915039062e+00
1.885809421539306641e+00
4.622703790664672852e-01
1.233078360557556152e+00
1.233078360557556152e+00
1.233078360557556152e+00
1.233078360557556152e+00
1.233078360557556152e+00
1.233078360557556152e+00
1.233078360557556152e+00
1.233078360557556152e+00
1.233078360557556152e+00
1.233078360557556152e+00
1.233078360557556152e+00
1.233078360557556152e+00
1.233078360557556152e+00
1.233078360557556152e+00
1.233078360557556152e+00
5.784350633621215820e-01
5.784350633621215820e-01
5.784350633621215820e-01
5.784350633621215820e-01
5.784350633621215820e-01
5.784350633621215820e-01
5.784350633621215820e-01
5.784350633621215820e-01
5.784350633621215820e-01
5.784350633621215820e-01
5.784350633621215820e-01
6.400203704833984375e-01
6.400203704833984375e-01
6.400203704833984375e-01
1.986330270767211914e+00
1.986330270767211914e+00
1.986330270767211914e+00
1.669482946395874023e+00
1.669482946395874023e+00
1.669482946395874023e+00
1.655986905097961426e+00
1.655986905097961426e+00
2.436071634292602539e+00
2.436071634292602539e+00
1.335293531417846680e+00
1.335293531417846680e+00
1.335293531417846680e+00
7.773630023002624512e-01
7.773630023002624512e-01
7.773630023002624512e-01
7.773630023002624512e-01
1.940882444381713867e+00
1.620507121086120605e+00
1.620507121086120605e+00
1.620507121086120605e+00
1.620507121086120605e+00
1.322171211242675781e+00
1.322171211242675781e+00
1.322171211242675781e+00
7.357377409934997559e-01
7.357377409934997559e-01
7.357377409934997559e-01
7.357377409934997559e-01
7.357377409934997559e-01
7.357377409934997559e-01
1.965115070343017578e+00
2.546308517456054688e+00
2.546308517456054688e+00
2.546308517456054688e+00
2.546308517456054688e+00
2.546308517456054688e+00
3.444801092147827148e+00
3.444801092147827148e+00
2.285965681076049805e+00
2.285965681076049805e+00
2.285965681076049805e+00
4.171302795410156250e+00
4.171302795410156250e+00
4.171302795410156250e+00
4.171302795410156250e+00
4.171302795410156250e+00
4.171302795410156250e+00
4.171302795410156250e+00
2.028786182403564453e+00
2.028786182403564453e+00
2.028786182403564453e+00
5.377172231674194336e-01
5.377172231674194336e-01
5.377172231674194336e-01
5.377172231674194336e-01
5.377172231674194336e-01
5.377172231674194336e-01
5.377172231674194336e-01
5.377172231674194336e-01
5.377172231674194336e-01
4.097906589508056641e+00
4.364767074584960938e+00
1.285808563232421875e+00
1.081097245216369629e+00
1.081097245216369629e+00
1.081097245216369629e+00
1.081097245216369629e+00
1.081097245216369629e+00
1.081097245216369629e+00
1.081097245216369629e+00
1.081097245216369629e+00
1.081097245216369629e+00
3.850918412208557129e-01
3.850918412208557129e-01
3.850918412208557129e-01
4.337670803070068359e+00
1.629252195358276367e+00
1.841417193412780762e+00
1.841417193412780762e+00
4.249176025390625000e+00
7.240183353424072266e+00
7.240183353424072266e+00
2.193686008453369141e+00
2.193686008453369141e+00
2.181216955184936523e+00
1.780868053436279297e+00
4.581847190856933594e-01
1.200590848922729492e+00
1.200590848922729492e+00
1.200590848922729492e+00
1.200590848922729492e+00
5.259832739830017090e-01
1.515479326248168945e+00
1.515479326248168945e+00
4.002357482910156250e+00
4.002357482910156250e+00
2.782626152038574219e+00
2.782626152038574219e+00
2.782626152038574219e+00
1.283592700958251953e+00
1.283592700958251953e+00
1.283592700958251953e+00
2.917570352554321289e+00
3.042474746704101562e+00
3.042474746704101562e+00
1.372333049774169922e+00
1.769813179969787598e+00
8.799059391021728516e-01
8.799059391021728516e-01
8.799059391021728516e-01
8.799059391021728516e-01
9.046929478645324707e-01
1.629677772521972656e+00
1.629677772521972656e+00
1.629677772521972656e+00
1.629677772521972656e+00
1.708944916725158691e+00
1.708944916725158691e+00
1.640723586082458496e+00
8.821463584899902344e-01
8.821463584899902344e-01
8.821463584899902344e-01
8.821463584899902344e-01
8.821463584899902344e-01
8.821463584899902344e-01
8.821463584899902344e-01
8.821463584899902344e-01
8.821463584899902344e-01
8.821463584899902344e-01
8.821463584899902344e-01
8.821463584899902344e-01
1.936333775520324707e+00
1.936333775520324707e+00
1.936333775520324707e+00
1.854744672775268555e+00
1.854744672775268555e+00
1.854744672775268555e+00
1.854744672775268555e+00
1.854744672775268555e+00
1.294167280197143555e+00
1.294167280197143555e+00
1.294167280197143555e+00
1.294167280197143555e+00
1.294167280197143555e+00
1.294167280197143555e+00
1.294167280197143555e+00
3.529836893081665039e+00
6.197273731231689453e-01
1.893239974975585938e+00
1.893239974975585938e+00
1.703569173812866211e+00
1.703569173812866211e+00
1.703569173812866211e+00
1.703569173812866211e+00
1.703569173812866211e+00
1.703569173812866211e+00
1.703569173812866211e+00
1.703569173812866211e+00
1.703569173812866211e+00
1.358210563659667969e+00
1.358210563659667969e+00
1.358210563659667969e+00
1.358210563659667969e+00
1.358210563659667969e+00
1.358210563659667969e+00
1.358210563659667969e+00
1.358210563659667969e+00
1.358210563659667969e+00
1.358210563659667969e+00
1.358210563659667969e+00
1.358210563659667969e+00
1.358210563659667969e+00
1.358210563659667969e+00
1.358210563659667969e+00
1.835852980613708496e+00
1.835852980613708496e+00
6.808201074600219727e-01
6.808201074600219727e-01
6.808201074600219727e-01
6.808201074600219727e-01
6.808201074600219727e-01
6.808201074600219727e-01
6.808201074600219727e-01
6.808201074600219727e-01
6.808201074600219727e-01
1.370158910751342773e+00
1.370158910751342773e+00
1.370158910751342773e+00
1.684721350669860840e+00
1.684721350669860840e+00
1.684721350669860840e+00
1.684721350669860840e+00
1.684721350669860840e+00
1.684721350669860840e+00
1.232850074768066406e+00
1.447633981704711914e+00
1.447633981704711914e+00
1.447633981704711914e+00
9.314002394676208496e-01
1.138678312301635742e+00
1.138678312301635742e+00
1.138678312301635742e+00
1.138678312301635742e+00
1.011182069778442383e+00
1.011182069778442383e+00
1.011182069778442383e+00
1.011182069778442383e+00
1.011182069778442383e+00
8.766074180603027344e-01
8.766074180603027344e-01
8.766074180603027344e-01
8.766074180603027344e-01
8.766074180603027344e-01
8.766074180603027344e-01
8.766074180603027344e-01
8.766074180603027344e-01
1.074833154678344727e+00
1.074833154678344727e+00
1.074833154678344727e+00
1.074833154678344727e+00
1.074833154678344727e+00
2.028365135192871094e+00
2.028365135192871094e+00
2.282845020294189453e+00
2.282845020294189453e+00
2.282845020294189453e+00
2.294249534606933594e+00
2.294249534606933594e+00
3.295623779296875000e+00
3.295623779296875000e+00
3.295623779296875000e+00
3.295623779296875000e+00
2.764441490173339844e+00
3.058147192001342773e+00
3.182780265808105469e+00
1.139627695083618164e+00
1.139627695083618164e+00
1.139627695083618164e+00
1.139627695083618164e+00
4.797616004943847656e-01
4.797616004943847656e-01
4.797616004943847656e-01
4.797616004943847656e-01
4.797616004943847656e-01
4.797616004943847656e-01
4.797616004943847656e-01
4.797616004943847656e-01
4.797616004943847656e-01
4.797616004943847656e-01
4.797616004943847656e-01
4.797616004943847656e-01
4.797616004943847656e-01
7.713116407394409180e-01
7.713116407394409180e-01
7.713116407394409180e-01
7.713116407394409180e-01
7.713116407394409180e-01
2.032793045043945312e+00
2.032793045043945312e+00
2.032793045043945312e+00
1.193240880966186523e+00
2.116901159286499023e+00
2.116901159286499023e+00
2.116901159286499023e+00
2.116901159286499023e+00
2.116901159286499023e+00
2.116901159286499023e+00
4.183667182922363281e+00
4.159659385681152344e+00
6.110556125640869141e+00
6.110556125640869141e+00
6.586721420288085938e+00
6.586721420288085938e+00
7.044293880462646484e+00
1.007881546020507812e+01
1.007881546020507812e+01
1.007881546020507812e+01
8.299821853637695312e+00
4.119074344635009766e+00
4.119074344635009766e+00
4.119074344635009766e+00
4.119074344635009766e+00
4.119074344635009766e+00
4.144380569458007812e+00
4.144380569458007812e+00
2.235962867736816406e+00
2.235962867736816406e+00
2.235962867736816406e+00
2.235962867736816406e+00
2.235962867736816406e+00
2.413180112838745117e+00
2.413180112838745117e+00
2.413180112838745117e+00
2.413180112838745117e+00
2.413180112838745117e+00
1.943538427352905273e+00
9.224766492843627930e-01
5.334897518157958984e+00
5.334897518157958984e+00
2.999536991119384766e+00
3.197904825210571289e+00
1.121229410171508789e+00
1.981129884719848633e+00
1.981129884719848633e+00
1.981129884719848633e+00
5.965569019317626953e-01
5.965569019317626953e-01
5.965569019317626953e-01
5.965569019317626953e-01
5.965569019317626953e-01
5.965569019317626953e-01
5.965569019317626953e-01
5.965569019317626953e-01
5.965569019317626953e-01
5.965569019317626953e-01
1.315078377723693848e+00
1.315078377723693848e+00
1.315078377723693848e+00
1.021640539169311523e+00
1.021640539169311523e+00
1.021640539169311523e+00
1.021640539169311523e+00
1.021640539169311523e+00
1.395585060119628906e+00
9.725154042243957520e-01
9.725154042243957520e-01
9.876100420951843262e-01
9.876100420951843262e-01
9.876100420951843262e-01
9.876100420951843262e-01
9.876100420951843262e-01
9.876100420951843262e-01
9.876100420951843262e-01
9.876100420951843262e-01
9.876100420951843262e-01
2.299549579620361328e+00
2.299549579620361328e+00
2.299549579620361328e+00
2.299549579620361328e+00
2.931990623474121094e-01
2.931990623474121094e-01
1.401967644691467285e+00
1.401967644691467285e+00
1.401967644691467285e+00
1.372651815414428711e+00
1.372651815414428711e+00
1.372651815414428711e+00
1.372651815414428711e+00
1.372651815414428711e+00
1.163950800895690918e+00
1.163950800895690918e+00
1.163950800895690918e+00
1.163950800895690918e+00
1.163950800895690918e+00
1.163950800895690918e+00
1.320252656936645508e+00
1.228666901588439941e+00
8.951016664505004883e-01
8.951016664505004883e-01
8.951016664505004883e-01
8.951016664505004883e-01
8.951016664505004883e-01
8.951016664505004883e-01
8.951016664505004883e-01
8.951016664505004883e-01
1.123850822448730469e+00
2.526037216186523438e+00
1.688737154006958008e+00
1.688737154006958008e+00
1.688737154006958008e+00
1.688737154006958008e+00
1.688737154006958008e+00
1.688737154006958008e+00
1.688737154006958008e+00
1.688737154006958008e+00
1.688737154006958008e+00
1.688737154006958008e+00
1.688737154006958008e+00
1.688737154006958008e+00
1.688737154006958008e+00
1.688737154006958008e+00
1.688737154006958008e+00
1.688737154006958008e+00
1.688737154006958008e+00
5.164475440979003906e-01
5.164475440979003906e-01
5.164475440979003906e-01
7.412366867065429688e-01
3.116715192794799805e+00
3.116715192794799805e+00
3.116715192794799805e+00
3.116715192794799805e+00
3.116715192794799805e+00
3.116715192794799805e+00
3.116715192794799805e+00
3.116715192794799805e+00
3.956516265869140625e+00
2.992951393127441406e+00
2.992951393127441406e+00
3.946320295333862305e+00
7.011240005493164062e+00
3.588902235031127930e+00
3.192461252212524414e+00
4.124555587768554688e+00
4.124555587768554688e+00
1.317285299301147461e+00
1.317285299301147461e+00
1.317285299301147461e+00
1.317285299301147461e+00
1.317285299301147461e+00
1.465787887573242188e+00
1.465787887573242188e+00
4.626975059509277344e-01
4.626975059509277344e-01
5.322735309600830078e-01
1.358329176902770996e+00
1.273808956146240234e+00
1.273808956146240234e+00
1.200207948684692383e+00
1.200207948684692383e+00
1.200207948684692383e+00
1.200207948684692383e+00
1.200207948684692383e+00
1.200207948684692383e+00
1.200207948684692383e+00
1.959734082221984863e+00
1.959734082221984863e+00
3.869104385375976562e+00
3.869104385375976562e+00
2.880578517913818359e+00
3.849169731140136719e+00
3.849169731140136719e+00
3.849169731140136719e+00
3.849169731140136719e+00
3.849169731140136719e+00
3.225911855697631836e+00
3.225911855697631836e+00
4.250911712646484375e+00
4.659014701843261719e+00
1.992487668991088867e+00
1.992487668991088867e+00
1.992487668991088867e+00
1.992487668991088867e+00
3.628014564514160156e+00
4.696347236633300781e+00
5.011391162872314453e+00
5.011391162872314453e+00
5.011391162872314453e+00
4.953547954559326172e+00
2.938011646270751953e+00
3.903468847274780273e+00
3.903468847274780273e+00
1.331629753112792969e+00
1.331629753112792969e+00
1.331629753112792969e+00
1.409793257713317871e+00
1.409793257713317871e+00
1.409793257713317871e+00
1.409793257713317871e+00
9.678595066070556641e-01
9.678595066070556641e-01
9.678595066070556641e-01
9.678595066070556641e-01
9.678595066070556641e-01
2.284021377563476562e+00
5.698707580566406250e+00
4.685515403747558594e+00
5.410034656524658203e+00
4.837140560150146484e+00
1.761636972427368164e+00
1.761636972427368164e+00
1.761636972427368164e+00
1.761636972427368164e+00
1.761636972427368164e+00
1.761636972427368164e+00
1.761636972427368164e+00
1.761636972427368164e+00
6.120574474334716797e-01
6.120574474334716797e-01
6.492571830749511719e-01
5.146174430847167969e+00
5.146174430847167969e+00
5.146174430847167969e+00
5.146174430847167969e+00
6.077598571777343750e+00
5.596561431884765625e+00
2.246928215026855469e+00
2.246928215026855469e+00
2.246928215026855469e+00
5.726908445358276367e-01
5.726908445358276367e-01
3.716743946075439453e+00
3.716743946075439453e+00
3.716743946075439453e+00
3.716743946075439453e+00
5.224102973937988281e+00
7.737174034118652344e+00
8.611553192138671875e+00
1.297850418090820312e+01
6.473647594451904297e+00
6.630928516387939453e+00
4.142385482788085938e+00
3.792050361633300781e+00
1.380721569061279297e+00
1.380721569061279297e+00
1.380721569061279297e+00
1.380721569061279297e+00
1.380721569061279297e+00
1.380721569061279297e+00
1.380721569061279297e+00
1.380721569061279297e+00
2.199572563171386719e+00
1.713862061500549316e+00
1.982994794845581055e+00
1.982994794845581055e+00
1.982994794845581055e+00
1.745870590209960938e+00
1.745870590209960938e+00
1.745870590209960938e+00
1.617770552635192871e+00
1.617770552635192871e+00
1.617770552635192871e+00
3.253832817077636719e+00
1.458236217498779297e+00
2.965745210647583008e+00
1.454351186752319336e+00
1.454351186752319336e+00
1.454351186752319336e+00
1.454351186752319336e+00
1.454351186752319336e+00
3.559216976165771484e+00
1.722883462905883789e+00
1.762964725494384766e+00
1.762964725494384766e+00
1.762964725494384766e+00
1.778036832809448242e+00
1.745383143424987793e+00
1.745383143424987793e+00
1.745383143424987793e+00
1.745383143424987793e+00
1.745383143424987793e+00
6.787810325622558594e-01
6.787810325622558594e-01
6.787810325622558594e-01
8.723808526992797852e-01
8.723808526992797852e-01
8.723808526992797852e-01
8.723808526992797852e-01
8.723808526992797852e-01
8.723808526992797852e-01
8.723808526992797852e-01
8.723808526992797852e-01
8.723808526992797852e-01
8.723808526992797852e-01
1.636657953262329102e+00
1.636657953262329102e+00
6.973262429237365723e-01
6.973262429237365723e-01
6.973262429237365723e-01
6.973262429237365723e-01
1.474173069000244141e+00
1.027996778488159180e+00
1.027996778488159180e+00
1.027996778488159180e+00
1.027996778488159180e+00
1.027996778488159180e+00
1.027996778488159180e+00
1.027996778488159180e+00
1.076858878135681152e+00
1.076858878135681152e+00
1.076858878135681152e+00
1.076858878135681152e+00
1.076858878135681152e+00
1.076858878135681152e+00
1.076858878135681152e+00
2.647322177886962891e+00
3.359736442565917969e+00
9.126980304718017578e-01
9.126980304718017578e-01
9.126980304718017578e-01
1.640051126480102539e+00
1.640051126480102539e+00
1.640051126480102539e+00
1.352139711380004883e+00
1.352139711380004883e+00
1.352139711380004883e+00
1.068152904510498047e+00
1.068152904510498047e+00
1.068152904510498047e+00
1.068152904510498047e+00
1.068152904510498047e+00
1.068152904510498047e+00
1.068152904510498047e+00
1.068152904510498047e+00
1.068152904510498047e+00
1.068152904510498047e+00
1.068152904510498047e+00
1.068152904510498047e+00
1.068152904510498047e+00
1.068152904510498047e+00
1.068152904510498047e+00
6.978131532669067383e-01
6.978131532669067383e-01
6.978131532669067383e-01
6.978131532669067383e-01
6.978131532669067383e-01
6.978131532669067383e-01
6.978131532669067383e-01
6.978131532669067383e-01
6.978131532669067383e-01
6.978131532669067383e-01
6.978131532669067383e-01
1.055695176124572754e+00
1.055695176124572754e+00
1.055695176124572754e+00
1.055695176124572754e+00
8.303823471069335938e-01
8.303823471069335938e-01
8.303823471069335938e-01
8.303823471069335938e-01
8.303823471069335938e-01
8.303823471069335938e-01
8.303823471069335938e-01
8.303823471069335938e-01
8.303823471069335938e-01
8.303823471069335938e-01
8.303823471069335938e-01
8.303823471069335938e-01
8.303823471069335938e-01
8.303823471069335938e-01
4.002988040447235107e-01
1.325425505638122559e+00
1.325425505638122559e+00
1.325425505638122559e+00
1.325425505638122559e+00
1.325425505638122559e+00
1.325425505638122559e+00
1.325425505638122559e+00
1.927049875259399414e+00
1.927049875259399414e+00
1.927049875259399414e+00
1.927049875259399414e+00
2.106563806533813477e+00
2.106563806533813477e+00
2.106563806533813477e+00
2.106563806533813477e+00
9.671466350555419922e-01
9.671466350555419922e-01
9.671466350555419922e-01
9.671466350555419922e-01
9.671466350555419922e-01
9.671466350555419922e-01
6.786699295043945312e-01
6.786699295043945312e-01
6.786699295043945312e-01
6.786699295043945312e-01
6.786699295043945312e-01
8.262800574302673340e-01
8.262800574302673340e-01
8.262800574302673340e-01
8.262800574302673340e-01
8.262800574302673340e-01
8.262800574302673340e-01
8.262800574302673340e-01
8.262800574302673340e-01
8.262800574302673340e-01
8.262800574302673340e-01
8.262800574302673340e-01
8.262800574302673340e-01
8.262800574302673340e-01
8.262800574302673340e-01
8.262800574302673340e-01
8.262800574302673340e-01
8.262800574302673340e-01
8.262800574302673340e-01
8.262800574302673340e-01
8.262800574302673340e-01
8.262800574302673340e-01
8.262800574302673340e-01
8.262800574302673340e-01
2.241731882095336914e+00
4.122529029846191406e+00
2.771568298339843750e+00
1.346476197242736816e+00
1.346476197242736816e+00
1.346476197242736816e+00
1.346476197242736816e+00
2.155701637268066406e+00
2.582711696624755859e+00
4.239069938659667969e+00
4.759345054626464844e+00
4.759345054626464844e+00
4.306893348693847656e+00
2.389592647552490234e+00
1.648071169853210449e+00
1.648071169853210449e+00
1.624183893203735352e+00
1.624183893203735352e+00
1.624183893203735352e+00
1.624183893203735352e+00
1.624183893203735352e+00
2.892056703567504883e-01
4.538771152496337891e+00
4.538771152496337891e+00
4.534870147705078125e+00
4.534870147705078125e+00
1.059812784194946289e+00
1.059812784194946289e+00
1.059812784194946289e+00
1.059812784194946289e+00
1.059812784194946289e+00
1.059812784194946289e+00
1.059812784194946289e+00
1.270003199577331543e+00
1.270003199577331543e+00
2.162140130996704102e+00
2.162140130996704102e+00
2.162140130996704102e+00
2.667777061462402344e+00
2.667777061462402344e+00
3.092417716979980469e+00
3.213148355484008789e+00
8.014764785766601562e-01
8.014764785766601562e-01
8.014764785766601562e-01
8.014764785766601562e-01
8.014764785766601562e-01
8.014764785766601562e-01
8.014764785766601562e-01
5.942974686622619629e-01
1.789911985397338867e+00
1.789911985397338867e+00
1.789911985397338867e+00
6.031570434570312500e-01
6.031570434570312500e-01
6.031570434570312500e-01
6.031570434570312500e-01
6.031570434570312500e-01
6.031570434570312500e-01
6.031570434570312500e-01
6.031570434570312500e-01
6.031570434570312500e-01
1.296709299087524414e+00
1.296709299087524414e+00
1.296709299087524414e+00
1.296709299087524414e+00
1.296709299087524414e+00
1.296709299087524414e+00
1.296709299087524414e+00
1.296709299087524414e+00
1.296709299087524414e+00
1.296709299087524414e+00
8.998115062713623047e-01
1.544678092002868652e+00
1.460696697235107422e+00
6.136235594749450684e-01
6.136235594749450684e-01
6.136235594749450684e-01
6.136235594749450684e-01
6.136235594749450684e-01
6.136235594749450684e-01
6.136235594749450684e-01
6.136235594749450684e-01
6.136235594749450684e-01
6.136235594749450684e-01
1.118306159973144531e+00
1.118306159973144531e+00
1.118306159973144531e+00
9.753444194793701172e-01
9.753444194793701172e-01
9.753444194793701172e-01
9.753444194793701172e-01
1.396351337432861328e+00
1.396351337432861328e+00
1.396351337432861328e+00
1.396351337432861328e+00
1.396351337432861328e+00
9.868628382682800293e-01
9.868628382682800293e-01
9.868628382682800293e-01
9.868628382682800293e-01
1.332963943481445312e+00
1.332963943481445312e+00
1.332963943481445312e+00
1.332963943481445312e+00
1.332963943481445312e+00
1.332963943481445312e+00
2.909593582153320312e+00
2.909593582153320312e+00
2.909593582153320312e+00
2.909593582153320312e+00
3.216551780700683594e+00
3.216551780700683594e+00
3.108710527420043945e+00
3.108710527420043945e+00
1.424112439155578613e+00
8.495085239410400391e-01
8.495085239410400391e-01
8.495085239410400391e-01
8.495085239410400391e-01
2.142753601074218750e+00
1.302571773529052734e+00
1.302571773529052734e+00
2.601323127746582031e+00
2.601323127746582031e+00
3.697186946868896484e+00
4.606873512268066406e+00
4.606873512268066406e+00
2.884774208068847656e-01
2.884774208068847656e-01
2.884774208068847656e-01
4.740763604640960693e-01
4.740763604640960693e-01
4.740763604640960693e-01
4.740763604640960693e-01
4.740763604640960693e-01
4.884478747844696045e-01
4.884478747844696045e-01
1.184308767318725586e+00
1.226578116416931152e+00
1.226578116416931152e+00
1.226578116416931152e+00
7.603467702865600586e-01
7.603467702865600586e-01
7.603467702865600586e-01
7.603467702865600586e-01
7.603467702865600586e-01
7.603467702865600586e-01
7.603467702865600586e-01
7.603467702865600586e-01
7.603467702865600586e-01
1.189598917961120605e+00
1.189598917961120605e+00
1.189598917961120605e+00
1.189598917961120605e+00
1.189598917961120605e+00
1.000061273574829102e+00
7.745634317398071289e-01
7.745634317398071289e-01
7.745634317398071289e-01
1.314006805419921875e+00
1.314006805419921875e+00
1.314006805419921875e+00
1.314006805419921875e+00
1.314006805419921875e+00
1.314006805419921875e+00
1.314006805419921875e+00
1.314006805419921875e+00
3.943723440170288086e+00
3.943723440170288086e+00
3.943723440170288086e+00
3.943723440170288086e+00
3.485649585723876953e+00
2.627914905548095703e+00
3.659372091293334961e+00
3.933227539062500000e+00
5.047540664672851562e-01
5.047540664672851562e-01
5.047540664672851562e-01
5.047540664672851562e-01
5.047540664672851562e-01
4.331172108650207520e-01
4.331172108650207520e-01
1.101706981658935547e+00
1.101706981658935547e+00
1.101706981658935547e+00
1.101706981658935547e+00
1.101706981658935547e+00
1.101706981658935547e+00
1.101706981658935547e+00
1.101706981658935547e+00
5.948945283889770508e-01
5.948945283889770508e-01
1.153768777847290039e+00
1.153768777847290039e+00
1.153768777847290039e+00
4.004976749420166016e-01
4.004976749420166016e-01
4.004976749420166016e-01
4.004976749420166016e-01
5.488306879997253418e-01
1.296132087707519531e+00
1.296132087707519531e+00
1.296132087707519531e+00
1.296132087707519531e+00
5.070819258689880371e-01
5.070819258689880371e-01
5.070819258689880371e-01
5.070819258689880371e-01
1.093446254730224609e+00
1.093446254730224609e+00
1.093446254730224609e+00
1.093446254730224609e+00
1.093446254730224609e+00
1.093446254730224609e+00
1.093446254730224609e+00
1.093446254730224609e+00
1.093446254730224609e+00
1.093446254730224609e+00
1.093446254730224609e+00
1.093446254730224609e+00
9.324929714202880859e-01
2.118644237518310547e+00
2.118644237518310547e+00
2.118644237518310547e+00
3.668503522872924805e+00
2.737664937973022461e+00
3.782513141632080078e-01
2.585212945938110352e+00
2.585212945938110352e+00
2.585212945938110352e+00
2.585212945938110352e+00
2.120671033859252930e+00
2.120671033859252930e+00
1.629631996154785156e+00
2.467013597488403320e+00
2.467013597488403320e+00
2.467013597488403320e+00
6.340585947036743164e-01
6.340585947036743164e-01
1.254630684852600098e+00
1.254630684852600098e+00
1.254630684852600098e+00
1.254630684852600098e+00
1.339034199714660645e+00
1.339034199714660645e+00
1.339034199714660645e+00
1.339034199714660645e+00
1.339034199714660645e+00
1.295002698898315430e+00
2.098312616348266602e+00
2.670858144760131836e+00
2.670858144760131836e+00
3.924317836761474609e+00
3.924317836761474609e+00
3.924317836761474609e+00
3.924317836761474609e+00
3.924317836761474609e+00
1.381431818008422852e+00
1.602027654647827148e+00
1.602027654647827148e+00
2.923948764801025391e+00
8.489575386047363281e-01
8.489575386047363281e-01
8.489575386047363281e-01
8.489575386047363281e-01
8.489575386047363281e-01
8.489575386047363281e-01
8.489575386047363281e-01
8.489575386047363281e-01
8.489575386047363281e-01
8.489575386047363281e-01
8.489575386047363281e-01
1.631495952606201172e+00
1.631495952606201172e+00
1.631495952606201172e+00
1.631495952606201172e+00
1.631495952606201172e+00
1.631495952606201172e+00
1.631495952606201172e+00
8.828415870666503906e-01
8.828415870666503906e-01
8.828415870666503906e-01
7.224903106689453125e-01
7.224903106689453125e-01
7.224903106689453125e-01
7.224903106689453125e-01
7.224903106689453125e-01
7.224903106689453125e-01
7.224903106689453125e-01
2.133521795272827148e+00
1.095123529434204102e+00
1.095123529434204102e+00
1.095123529434204102e+00
1.095123529434204102e+00
1.095123529434204102e+00
1.095123529434204102e+00
1.095123529434204102e+00
7.722051143646240234e-01
7.722051143646240234e-01
1.921122908592224121e+00
1.921122908592224121e+00
1.921122908592224121e+00
5.500279664993286133e-01
1.105405449867248535e+00
1.105405449867248535e+00
1.105405449867248535e+00
1.105405449867248535e+00
1.105405449867248535e+00
5.050141811370849609e-01
5.050141811370849609e-01
5.095288276672363281e+00
9.371644973754882812e+00
4.651288032531738281e+00
4.030221462249755859e+00
4.124564647674560547e+00
3.113493680953979492e+00
5.891534805297851562e+00
1.007737159729003906e+01
5.725660800933837891e+00
5.725660800933837891e+00
2.498113632202148438e+00
2.498113632202148438e+00
2.498113632202148438e+00
2.498113632202148438e+00
2.498113632202148438e+00
2.498113632202148438e+00
2.498113632202148438e+00
2.553519487380981445e+00
2.553519487380981445e+00
2.553519487380981445e+00
1.920603275299072266e+00
1.920603275299072266e+00
1.736402630805969238e+00
1.883823513984680176e+00
1.883823513984680176e+00
1.883823513984680176e+00
7.676730155944824219e-01
7.676730155944824219e-01
7.676730155944824219e-01
7.676730155944824219e-01
3.193970441818237305e+00
2.686276912689208984e+00
1.906312346458435059e+00
1.906312346458435059e+00
1.044083118438720703e+00
1.044083118438720703e+00
1.044083118438720703e+00
1.044083118438720703e+00
1.044083118438720703e+00
1.044083118438720703e+00
3.727782726287841797e+00
3.727782726287841797e+00
2.163733959197998047e+00
2.163733959197998047e+00
2.163733959197998047e+00
2.163733959197998047e+00
2.163733959197998047e+00
2.163733959197998047e+00
2.163733959197998047e+00
2.163733959197998047e+00
1.633759379386901855e+00
8.261530399322509766e-01
8.261530399322509766e-01
2.195753574371337891e+00
3.875775814056396484e+00
6.459186077117919922e-01
6.459186077117919922e-01
6.459186077117919922e-01
6.459186077117919922e-01
6.459186077117919922e-01
6.513557434082031250e-01
6.513557434082031250e-01
6.513557434082031250e-01
6.513557434082031250e-01
6.513557434082031250e-01
1.862425327301025391e+00
1.862425327301025391e+00
1.862425327301025391e+00
1.862425327301025391e+00
1.862425327301025391e+00
1.862425327301025391e+00
1.862425327301025391e+00
5.198071479797363281e+00
4.974877357482910156e+00
5.704607963562011719e+00
5.704607963562011719e+00
5.617613315582275391e+00
6.223760128021240234e+00
4.602878570556640625e+00
4.602878570556640625e+00
2.912844657897949219e+00
3.282616615295410156e+00
1.480337738990783691e+00
1.500066637992858887e+00
1.025251626968383789e+00
1.188164830207824707e+00
1.188164830207824707e+00
1.118023753166198730e+00
1.118023753166198730e+00
1.118023753166198730e+00
1.118023753166198730e+00
1.118023753166198730e+00
1.112891793251037598e+00
1.112891793251037598e+00
1.112891793251037598e+00
1.112891793251037598e+00
1.112891793251037598e+00
1.411460399627685547e+00
1.325230598449707031e+00
1.325230598449707031e+00
7.839769124984741211e-01
7.839769124984741211e-01
7.839769124984741211e-01
7.839769124984741211e-01
7.839769124984741211e-01
2.388611793518066406e+00
2.388611793518066406e+00
2.388611793518066406e+00
2.388611793518066406e+00
2.388611793518066406e+00
2.388611793518066406e+00
1.041130661964416504e+00
1.041130661964416504e+00
1.041130661964416504e+00
1.241928577423095703e+00
1.467848062515258789e+00
1.467848062515258789e+00
2.162643432617187500e+00
2.162643432617187500e+00
2.162643432617187500e+00
2.162643432617187500e+00
2.064585447311401367e+00
1.625830292701721191e+00
1.625830292701721191e+00
1.114505052566528320e+00
1.114505052566528320e+00
