3.005133628845214844e+00
3.005133628845214844e+00
3.005133628845214844e+00
4.469798564910888672e+00
4.469798564910888672e+00
5.237832069396972656e+00
5.237832069396972656e+00
5.237832069396972656e+00
4.406923294067382812e+00
4.406923294067382812e+00
4.406923294067382812e+00
4.406923294067382812e+00
4.406923294067382812e+00
4.685012817382812500e+00
2.339584827423095703e+00
2.339584827423095703e+00
2.345051765441894531e+00
2.345051765441894531e+00
2.345051765441894531e+00
5.286934375762939453e-01
5.286934375762939453e-01
5.286934375762939453e-01
2.954359531402587891e+00
2.954359531402587891e+00
2.954359531402587891e+00
1.054502129554748535e+00
1.054502129554748535e+00
1.054502129554748535e+00
1.054502129554748535e+00
1.410060763359069824e+00
1.410060763359069824e+00
1.410060763359069824e+00
1.636856436729431152e+00
1.636856436729431152e+00
1.636856436729431152e+00
1.872189164161682129e+00
2.228296518325805664e+00
2.228296518325805664e+00
2.228296518325805664e+00
2.228296518325805664e+00
2.228296518325805664e+00
2.228296518325805664e+00
2.228296518325805664e+00
2.228296518325805664e+00
2.228296518325805664e+00
2.228296518325805664e+00
2.228296518325805664e+00
1.470884323120117188e+00
1.470884323120117188e+00
1.470884323120117188e+00
1.470884323120117188e+00
1.134445071220397949e+00
1.246213436126708984e+00
2.501562595367431641e+00
2.462394475936889648e+00
2.462394475936889648e+00
2.462394475936889648e+00
2.687190532684326172e+00
2.687190532684326172e+00
2.687190532684326172e+00
1.311657667160034180e+00
1.311657667160034180e+00
1.311657667160034180e+00
2.299736022949218750e+00
2.299736022949218750e+00
2.299736022949218750e+00
2.299736022949218750e+00
8.645793199539184570e-01
8.645793199539184570e-01
8.645793199539184570e-01
8.645793199539184570e-01
9.326834082603454590e-01
9.326834082603454590e-01
9.326834082603454590e-01
9.326834082603454590e-01
9.326834082603454590e-01
9.326834082603454590e-01
9.326834082603454590e-01
9.326834082603454590e-01
9.326834082603454590e-01
9.326834082603454590e-01
9.326834082603454590e-01
9.474364519119262695e-01
9.474364519119262695e-01
9.474364519119262695e-01
9.474364519119262695e-01
9.474364519119262695e-01
9.474364519119262695e-01
1.393404006958007812e+00
1.393404006958007812e+00
2.281848907470703125e+00
2.281848907470703125e+00
2.281848907470703125e+00
2.281848907470703125e+00
1.186610937118530273e+00
1.186610937118530273e+00
1.186610937118530273e+00
1.186610937118530273e+00
1.186610937118530273e+00
1.186610937118530273e+00
1.186610937118530273e+00
1.186610937118530273e+00
1.186610937118530273e+00
1.186610937118530273e+00
1.186610937118530273e+00
1.186610937118530273e+00
1.186610937118530273e+00
1.186610937118530273e+00
1.186610937118530273e+00
1.186610937118530273e+00
1.186610937118530273e+00
1.186610937118530273e+00
1.186610937118530273e+00
1.186610937118530273e+00
1.186610937118530273e+00
7.168365716934204102e-01
7.168365716934204102e-01
7.168365716934204102e-01
7.168365716934204102e-01
7.168365716934204102e-01
7.168365716934204102e-01
7.168365716934204102e-01
7.168365716934204102e-01
7.168365716934204102e-01
7.168365716934204102e-01
7.168365716934204102e-01
7.168365716934204102e-01
1.731805920600891113e+00
1.731805920600891113e+00
1.311547636985778809e+00
1.311547636985778809e+00
1.311547636985778809e+00
1.219959974288940430e+00
1.202662348747253418e+00
1.202662348747253418e+00
1.202662348747253418e+00
1.202662348747253418e+00
1.202662348747253418e+00
2.659458637237548828e+00
2.659458637237548828e+00
5.951275825500488281e-01
5.951275825500488281e-01
1.695029020309448242e+00
1.695029020309448242e+00
1.695029020309448242e+00
1.695029020309448242e+00
1.695029020309448242e+00
7.841175198554992676e-01
7.841175198554992676e-01
7.841175198554992676e-01
7.841175198554992676e-01
7.841175198554992676e-01
7.841175198554992676e-01
1.007394433021545410e+00
1.007394433021545410e+00
1.007394433021545410e+00
1.007394433021545410e+00
1.007394433021545410e+00
1.007394433021545410e+00
1.007394433021545410e+00
1.007394433021545410e+00
7.122594118118286133e-01
7.122594118118286133e-01
7.122594118118286133e-01
7.122594118118286133e-01
1.815276265144348145e+00
1.166741251945495605e+00
1.232175350189208984e+00
1.232175350189208984e+00
1.807157039642333984e+00
1.807157039642333984e+00
1.807157039642333984e+00
1.807157039642333984e+00
4.906976222991943359e-01
4.906976222991943359e-01
4.906976222991943359e-01
4.906976222991943359e-01
4.906976222991943359e-01
4.906976222991943359e-01
4.906976222991943359e-01
4.906976222991943359e-01
4.906976222991943359e-01
1.366392374038696289e+00
1.366392374038696289e+00
1.366392374038696289e+00
1.366392374038696289e+00
8.989358544349670410e-01
8.989358544349670410e-01
8.989358544349670410e-01
8.989358544349670410e-01
1.159695029258728027e+00
2.923689842224121094e+00
3.038019895553588867e+00
3.038019895553588867e+00
3.329897165298461914e+00
9.108977317810058594e-01
9.108977317810058594e-01
9.108977317810058594e-01
9.108977317810058594e-01
1.118445873260498047e+00
1.118445873260498047e+00
1.802415132522583008e+00
1.802415132522583008e+00
1.802415132522583008e+00
1.611324548721313477e+00
5.539340972900390625e-01
5.539340972900390625e-01
5.539340972900390625e-01
1.958845615386962891e+00
1.958845615386962891e+00
1.958845615386962891e+00
1.958845615386962891e+00
1.958845615386962891e+00
1.958845615386962891e+00
1.810795426368713379e+00
1.913558721542358398e+00
1.319625854492187500e+00
1.319625854492187500e+00
1.319625854492187500e+00
1.319625854492187500e+00
1.972450613975524902e+00
1.972450613975524902e+00
4.626550674438476562e-01
4.626550674438476562e-01
4.626550674438476562e-01
7.146430015563964844e-01
7.146430015563964844e-01
1.800494790077209473e+00
1.775406599044799805e+00
1.775406599044799805e+00
8.029659390449523926e-01
8.029659390449523926e-01
8.029659390449523926e-01
8.029659390449523926e-01
6.737264990806579590e-01
6.737264990806579590e-01
6.737264990806579590e-01
6.737264990806579590e-01
6.737264990806579590e-01
6.737264990806579590e-01
1.990314960479736328e+00
1.990314960479736328e+00
1.990314960479736328e+00
1.990314960479736328e+00
1.990314960479736328e+00
1.990314960479736328e+00
1.990314960479736328e+00
1.990314960479736328e+00
1.625416398048400879e+00
3.134886026382446289e+00
3.065060377120971680e+00
1.017118930816650391e+00
1.017118930816650391e+00
1.017118930816650391e+00
1.017118930816650391e+00
1.017118930816650391e+00
1.017118930816650391e+00
1.039359331130981445e+00
1.039359331130981445e+00
1.039359331130981445e+00
1.039359331130981445e+00
1.039359331130981445e+00
1.039359331130981445e+00
1.039359331130981445e+00
1.039359331130981445e+00
1.039359331130981445e+00
1.039359331130981445e+00
1.039359331130981445e+00
1.586058974266052246e+00
1.586058974266052246e+00
1.586058974266052246e+00
1.586058974266052246e+00
1.586058974266052246e+00
1.586058974266052246e+00
1.586058974266052246e+00
1.586058974266052246e+00
1.586058974266052246e+00
9.798668026924133301e-01
9.798668026924133301e-01
9.798668026924133301e-01
9.798668026924133301e-01
9.798668026924133301e-01
9.798668026924133301e-01
9.798668026924133301e-01
5.928205966949462891e+00
6.186346530914306641e+00
6.186346530914306641e+00
6.186346530914306641e+00
5.625818252563476562e+00
5.625818252563476562e+00
5.074307918548583984e+00
5.074307918548583984e+00
5.074307918548583984e+00
5.074307918548583984e+00
4.080146789550781250e+00
4.080146789550781250e+00
4.080146789550781250e+00
4.080146789550781250e+00
4.933127403259277344e+00
4.715957164764404297e+00
4.587505340576171875e+00
4.587505340576171875e+00
4.984183311462402344e+00
4.984183311462402344e+00
4.984183311462402344e+00
4.984183311462402344e+00
4.341282844543457031e+00
3.228041648864746094e+00
3.228041648864746094e+00
1.783156275749206543e+00
1.783156275749206543e+00
1.783156275749206543e+00
1.783156275749206543e+00
1.707356333732604980e+00
1.707356333732604980e+00
1.336627960205078125e+00
1.336627960205078125e+00
1.336627960205078125e+00
1.336627960205078125e+00
1.336627960205078125e+00
1.336627960205078125e+00
1.336627960205078125e+00
1.374951243400573730e+00
1.374951243400573730e+00
1.374951243400573730e+00
1.636792421340942383e+00
1.150399684906005859e+00
1.150399684906005859e+00
1.150399684906005859e+00
1.150399684906005859e+00
1.150399684906005859e+00
1.150399684906005859e+00
1.150399684906005859e+00
1.150399684906005859e+00
1.150399684906005859e+00
1.150399684906005859e+00
1.654358625411987305e+00
1.654358625411987305e+00
1.067209720611572266e+00
1.067209720611572266e+00
1.067209720611572266e+00
7.815357446670532227e-01
7.815357446670532227e-01
7.815357446670532227e-01
7.815357446670532227e-01
1.541168093681335449e+00
1.541168093681335449e+00
1.541168093681335449e+00
1.541168093681335449e+00
1.541168093681335449e+00
1.541168093681335449e+00
1.541168093681335449e+00
1.541168093681335449e+00
1.541168093681335449e+00
1.541168093681335449e+00
1.541168093681335449e+00
1.541168093681335449e+00
1.541168093681335449e+00
1.541168093681335449e+00
1.541168093681335449e+00
1.541168093681335449e+00
1.541168093681335449e+00
1.541168093681335449e+00
5.382071733474731445e-01
5.382071733474731445e-01
5.382071733474731445e-01
5.382071733474731445e-01
5.827167630195617676e-01
5.827167630195617676e-01
3.551866531372070312e+00
1.810715675354003906e+00
1.006982207298278809e+00
1.006982207298278809e+00
1.006982207298278809e+00
1.006982207298278809e+00
1.006982207298278809e+00
1.006982207298278809e+00
2.915700912475585938e+00
2.915700912475585938e+00
2.915700912475585938e+00
4.637253284454345703e-01
4.637253284454345703e-01
2.616084575653076172e+00
2.616084575653076172e+00
2.616084575653076172e+00
2.616084575653076172e+00
4.034385204315185547e+00
5.401227474212646484e+00
3.667011260986328125e+00
3.667011260986328125e+00
3.667011260986328125e+00
1.429964303970336914e+00
1.429964303970336914e+00
1.429964303970336914e+00
1.429964303970336914e+00
1.429964303970336914e+00
1.429964303970336914e+00
1.429964303970336914e+00
1.429964303970336914e+00
1.627102494239807129e+00
1.627102494239807129e+00
8.989311456680297852e-01
8.989311456680297852e-01
8.989311456680297852e-01
8.989311456680297852e-01
8.989311456680297852e-01
8.989311456680297852e-01
8.989311456680297852e-01
8.989311456680297852e-01
8.989311456680297852e-01
8.989311456680297852e-01
8.989311456680297852e-01
8.989311456680297852e-01
8.989311456680297852e-01
8.989311456680297852e-01
8.989311456680297852e-01
8.989311456680297852e-01
8.989311456680297852e-01
8.989311456680297852e-01
8.989311456680297852e-01
8.989311456680297852e-01
8.989311456680297852e-01
8.989311456680297852e-01
8.989311456680297852e-01
8.989311456680297852e-01
8.989311456680297852e-01
8.989311456680297852e-01
8.989311456680297852e-01
8.989311456680297852e-01
8.989311456680297852e-01
8.989311456680297852e-01
1.556999444961547852e+00
1.556999444961547852e+00
1.556999444961547852e+00
1.556999444961547852e+00
1.556999444961547852e+00
1.556999444961547852e+00
1.556999444961547852e+00
1.556999444961547852e+00
1.556999444961547852e+00
1.816665887832641602e+00
1.816665887832641602e+00
1.816665887832641602e+00
1.816665887832641602e+00
1.816665887832641602e+00
9.806686639785766602e-01
9.806686639785766602e-01
9.806686639785766602e-01
9.806686639785766602e-01
9.806686639785766602e-01
9.806686639785766602e-01
9.806686639785766602e-01
9.806686639785766602e-01
9.806686639785766602e-01
9.806686639785766602e-01
9.806686639785766602e-01
7.665547728538513184e-01
7.665547728538513184e-01
7.665547728538513184e-01
7.665547728538513184e-01
7.665547728538513184e-01
7.665547728538513184e-01
7.665547728538513184e-01
1.233012557029724121e+00
1.233012557029724121e+00
1.233012557029724121e+00
1.233012557029724121e+00
3.682653903961181641e+00
3.682653903961181641e+00
3.682653903961181641e+00
3.333709001541137695e+00
3.333709001541137695e+00
3.333709001541137695e+00
3.333709001541137695e+00
2.618544340133666992e+00
2.618544340133666992e+00
2.618544340133666992e+00
2.618544340133666992e+00
1.092153549194335938e+00
1.864556312561035156e+00
1.864556312561035156e+00
1.864556312561035156e+00
1.864556312561035156e+00
1.864556312561035156e+00
5.597501993179321289e-01
5.597501993179321289e-01
5.597501993179321289e-01
5.597501993179321289e-01
1.271132230758666992e+00
1.271132230758666992e+00
1.271132230758666992e+00
1.271132230758666992e+00
1.271132230758666992e+00
1.271132230758666992e+00
1.060566186904907227e+00
1.060566186904907227e+00
1.060566186904907227e+00
7.120182514190673828e-01
7.120182514190673828e-01
7.120182514190673828e-01
7.120182514190673828e-01
7.120182514190673828e-01
7.120182514190673828e-01
1.442706584930419922e+00
1.442706584930419922e+00
1.442706584930419922e+00
1.353448033332824707e+00
1.353448033332824707e+00
1.353448033332824707e+00
1.353448033332824707e+00
1.353448033332824707e+00
1.353448033332824707e+00
1.217150330543518066e+00
1.217150330543518066e+00
1.217150330543518066e+00
1.217150330543518066e+00
1.217150330543518066e+00
1.166937470436096191e+00
1.166937470436096191e+00
2.125918388366699219e+00
2.125918388366699219e+00
2.125918388366699219e+00
1.099004626274108887e+00
1.151855826377868652e+00
1.151855826377868652e+00
1.151855826377868652e+00
9.506516456604003906e-01
9.506516456604003906e-01
9.506516456604003906e-01
9.506516456604003906e-01
9.506516456604003906e-01
9.506516456604003906e-01
9.506516456604003906e-01
9.506516456604003906e-01
9.965161681175231934e-01
9.965161681175231934e-01
2.026426553726196289e+00
2.026426553726196289e+00
2.026426553726196289e+00
1.382181882858276367e+00
1.382181882858276367e+00
1.382181882858276367e+00
1.382181882858276367e+00
1.382181882858276367e+00
1.382181882858276367e+00
1.382181882858276367e+00
1.382181882858276367e+00
1.382181882858276367e+00
1.382181882858276367e+00
1.382181882858276367e+00
2.977717399597167969e+00
2.977717399597167969e+00
2.977717399597167969e+00
4.019073486328125000e+00
1.354224920272827148e+00
6.466975808143615723e-01
2.120695590972900391e+00
2.120695590972900391e+00
2.120695590972900391e+00
2.120695590972900391e+00
2.120695590972900391e+00
2.120695590972900391e+00
2.120695590972900391e+00
2.295110464096069336e+00
6.778105497360229492e-01
1.700812101364135742e+00
1.700812101364135742e+00
1.700812101364135742e+00
1.700812101364135742e+00
1.700812101364135742e+00
2.096974372863769531e+00
2.096974372863769531e+00
2.096974372863769531e+00
2.096974372863769531e+00
2.096974372863769531e+00
2.096974372863769531e+00
1.538313746452331543e+00
1.538313746452331543e+00
1.538313746452331543e+00
2.906855583190917969e+00
2.906855583190917969e+00
2.906855583190917969e+00
2.113910913467407227e+00
2.618875503540039062e+00
2.966513156890869141e+00
3.478284120559692383e+00
3.478284120559692383e+00
3.478284120559692383e+00
3.478284120559692383e+00
3.478284120559692383e+00
3.478284120559692383e+00
3.478284120559692383e+00
3.478284120559692383e+00
2.474503755569458008e+00
2.474503755569458008e+00
2.474503755569458008e+00
2.474503755569458008e+00
2.187005758285522461e+00
1.011916518211364746e+00
1.011916518211364746e+00
1.011916518211364746e+00
1.011916518211364746e+00
1.011916518211364746e+00
1.011916518211364746e+00
1.011916518211364746e+00
9.633662700653076172e-01
9.633662700653076172e-01
9.633662700653076172e-01
9.633662700653076172e-01
7.654306888580322266e-01
7.654306888580322266e-01
7.654306888580322266e-01
7.654306888580322266e-01
4.648026227951049805e-01
3.380532264709472656e+00
3.380532264709472656e+00
3.380532264709472656e+00
3.380532264709472656e+00
3.380532264709472656e+00
3.380532264709472656e+00
3.380532264709472656e+00
3.380532264709472656e+00
4.716385841369628906e+00
5.015557765960693359e+00
5.015557765960693359e+00
5.015557765960693359e+00
4.544060230255126953e+00
3.696849822998046875e+00
2.557512521743774414e+00
2.557512521743774414e+00
3.038843870162963867e+00
9.645264148712158203e-01
9.645264148712158203e-01
9.645264148712158203e-01
9.645264148712158203e-01
9.645264148712158203e-01
9.645264148712158203e-01
9.645264148712158203e-01
9.645264148712158203e-01
9.645264148712158203e-01
9.645264148712158203e-01
9.645264148712158203e-01
9.645264148712158203e-01
9.645264148712158203e-01
9.645264148712158203e-01
9.645264148712158203e-01
9.645264148712158203e-01
1.449909925460815430e+00
1.449909925460815430e+00
1.449909925460815430e+00
1.449909925460815430e+00
1.449909925460815430e+00
1.449909925460815430e+00
1.514437913894653320e+00
1.514437913894653320e+00
1.514437913894653320e+00
1.514437913894653320e+00
8.323957324028015137e-01
8.323957324028015137e-01
8.323957324028015137e-01
7.205219268798828125e-01
7.205219268798828125e-01
7.205219268798828125e-01
7.205219268798828125e-01
1.101089000701904297e+00
1.101089000701904297e+00
1.101089000701904297e+00
1.101089000701904297e+00
1.101089000701904297e+00
1.101089000701904297e+00
1.121080875396728516e+00
1.121080875396728516e+00
1.121080875396728516e+00
1.121080875396728516e+00
1.121080875396728516e+00
1.121080875396728516e+00
1.121080875396728516e+00
1.121080875396728516e+00
1.121080875396728516e+00
1.121080875396728516e+00
1.121080875396728516e+00
2.064409255981445312e+00
1.090001583099365234e+00
1.090001583099365234e+00
1.090001583099365234e+00
1.090001583099365234e+00
1.090001583099365234e+00
1.090001583099365234e+00
9.286439418792724609e-01
3.003763914108276367e+00
3.003763914108276367e+00
3.003763914108276367e+00
3.963038682937622070e+00
4.239244461059570312e+00
2.849745750427246094e+00
2.849745750427246094e+00
2.578013658523559570e+00
7.375506162643432617e-01
7.375506162643432617e-01
7.375506162643432617e-01
7.375506162643432617e-01
7.375506162643432617e-01
7.375506162643432617e-01
6.931138038635253906e-01
6.931138038635253906e-01
1.006163358688354492e+00
1.720488071441650391e+00
1.720488071441650391e+00
7.991827130317687988e-01
7.991827130317687988e-01
7.991827130317687988e-01
7.991827130317687988e-01
7.991827130317687988e-01
1.542859435081481934e+00
1.542859435081481934e+00
1.016103267669677734e+00
1.016103267669677734e+00
1.016103267669677734e+00
1.016103267669677734e+00
1.016103267669677734e+00
1.016103267669677734e+00
1.016103267669677734e+00
6.265228986740112305e-01
1.542295098304748535e+00
1.542295098304748535e+00
2.393259048461914062e+00
1.805489182472229004e+00
1.805489182472229004e+00
1.805489182472229004e+00
1.805489182472229004e+00
1.805489182472229004e+00
1.805489182472229004e+00
3.522791147232055664e+00
3.522791147232055664e+00
3.522791147232055664e+00
3.522791147232055664e+00
2.262435436248779297e+00
2.262435436248779297e+00
2.262435436248779297e+00
2.262435436248779297e+00
2.262435436248779297e+00
2.262435436248779297e+00
2.262435436248779297e+00
2.262435436248779297e+00
2.262435436248779297e+00
2.262435436248779297e+00
1.006483674049377441e+00
1.006483674049377441e+00
1.006483674049377441e+00
1.006483674049377441e+00
1.006483674049377441e+00
1.006483674049377441e+00
1.251708865165710449e+00
1.251708865165710449e+00
1.825443267822265625e+00
1.341291189193725586e+00
1.341291189193725586e+00
1.341291189193725586e+00
1.341291189193725586e+00
1.341291189193725586e+00
1.341291189193725586e+00
1.341291189193725586e+00
9.903290271759033203e-01
8.425465226173400879e-01
8.425465226173400879e-01
1.312384605407714844e+00
1.312384605407714844e+00
1.312384605407714844e+00
4.929049015045166016e-01
4.929049015045166016e-01
1.211411356925964355e+00
1.211411356925964355e+00
1.211411356925964355e+00
1.211411356925964355e+00
1.275122523307800293e+00
1.275122523307800293e+00
1.275122523307800293e+00
1.275122523307800293e+00
1.275122523307800293e+00
1.275122523307800293e+00
1.275122523307800293e+00
1.275122523307800293e+00
1.038361430168151855e+00
1.038361430168151855e+00
1.038361430168151855e+00
1.038361430168151855e+00
1.038361430168151855e+00
1.038361430168151855e+00
1.038361430168151855e+00
1.038361430168151855e+00
1.038361430168151855e+00
1.038361430168151855e+00
8.819704651832580566e-01
8.819704651832580566e-01
8.819704651832580566e-01
8.819704651832580566e-01
8.819704651832580566e-01
8.819704651832580566e-01
8.819704651832580566e-01
8.819704651832580566e-01
2.294211864471435547e+00
1.793927788734436035e+00
1.793927788734436035e+00
2.364240407943725586e+00
2.364240407943725586e+00
2.364240407943725586e+00
2.364240407943725586e+00
2.364240407943725586e+00
2.364240407943725586e+00
2.364240407943725586e+00
2.364240407943725586e+00
2.364240407943725586e+00
2.753195047378540039e+00
1.282436847686767578e+00
1.282436847686767578e+00
1.282436847686767578e+00
1.282436847686767578e+00
1.282436847686767578e+00
1.282436847686767578e+00
1.630916833877563477e+00
1.203826189041137695e+00
1.203826189041137695e+00
1.203826189041137695e+00
1.203826189041137695e+00
1.203826189041137695e+00
1.203826189041137695e+00
1.198402643203735352e+00
2.119294881820678711e+00
2.119294881820678711e+00
2.119294881820678711e+00
2.119294881820678711e+00
2.026127338409423828e+00
2.026127338409423828e+00
2.026127338409423828e+00
2.026127338409423828e+00
3.093624114990234375e+00
3.093624114990234375e+00
3.093624114990234375e+00
3.093624114990234375e+00
3.093624114990234375e+00
3.093624114990234375e+00
3.093624114990234375e+00
3.093624114990234375e+00
3.093624114990234375e+00
3.093624114990234375e+00
4.539284229278564453e+00
4.539284229278564453e+00
3.112094402313232422e+00
3.112094402313232422e+00
8.643627166748046875e-01
8.643627166748046875e-01
8.643627166748046875e-01
8.643627166748046875e-01
8.643627166748046875e-01
9.773928523063659668e-01
9.773928523063659668e-01
9.773928523063659668e-01
9.773928523063659668e-01
9.773928523063659668e-01
1.382255434989929199e+00
8.180519938468933105e-01
8.180519938468933105e-01
8.180519938468933105e-01
8.180519938468933105e-01
8.180519938468933105e-01
8.180519938468933105e-01
1.007982134819030762e+00
1.007982134819030762e+00
1.007982134819030762e+00
1.007982134819030762e+00
1.007982134819030762e+00
1.007982134819030762e+00
1.007982134819030762e+00
1.007982134819030762e+00
1.007982134819030762e+00
1.007982134819030762e+00
1.007982134819030762e+00
1.007982134819030762e+00
2.435513496398925781e+00
2.435513496398925781e+00
2.137323617935180664e+00
2.768668174743652344e+00
3.583578348159790039e+00
3.583578348159790039e+00
2.858831882476806641e+00
2.858831882476806641e+00
2.858831882476806641e+00
2.858831882476806641e+00
2.858831882476806641e+00
2.858831882476806641e+00
8.363995552062988281e-01
8.363995552062988281e-01
8.363995552062988281e-01
8.363995552062988281e-01
8.363995552062988281e-01
8.363995552062988281e-01
8.363995552062988281e-01
8.363995552062988281e-01
6.390462517738342285e-01
6.390462517738342285e-01
6.390462517738342285e-01
6.390462517738342285e-01
6.390462517738342285e-01
6.390462517738342285e-01
6.390462517738342285e-01
6.390462517738342285e-01
6.390462517738342285e-01
6.390462517738342285e-01
6.390462517738342285e-01
2.578279018402099609e+00
2.578279018402099609e+00
2.578279018402099609e+00
2.578279018402099609e+00
2.642066240310668945e+00
2.642066240310668945e+00
2.623606204986572266e+00
2.623606204986572266e+00
2.623606204986572266e+00
2.623606204986572266e+00
2.623606204986572266e+00
2.623606204986572266e+00
2.623606204986572266e+00
2.623606204986572266e+00
2.174137830734252930e+00
2.174137830734252930e+00
2.174137830734252930e+00
2.527315855026245117e+00
2.527315855026245117e+00
2.527315855026245117e+00
1.871928572654724121e+00
1.871928572654724121e+00
1.871928572654724121e+00
1.871928572654724121e+00
1.871928572654724121e+00
1.871928572654724121e+00
8.237999677658081055e-01
8.331777453422546387e-01
8.331777453422546387e-01
8.331777453422546387e-01
1.576933383941650391e+00
1.576933383941650391e+00
1.576933383941650391e+00
1.229598760604858398e+00
1.229598760604858398e+00
1.229598760604858398e+00
1.229598760604858398e+00
1.416464328765869141e+00
1.407415270805358887e+00
1.407415270805358887e+00
1.407415270805358887e+00
1.407415270805358887e+00
6.156291365623474121e-01
1.836732625961303711e+00
1.836732625961303711e+00
1.836732625961303711e+00
1.836732625961303711e+00
1.836732625961303711e+00
1.836732625961303711e+00
1.836732625961303711e+00
1.836732625961303711e+00
1.836732625961303711e+00
1.836732625961303711e+00
1.836732625961303711e+00
1.836732625961303711e+00
1.836732625961303711e+00
9.932271838188171387e-01
9.932271838188171387e-01
1.111370921134948730e+00
1.111370921134948730e+00
1.111370921134948730e+00
9.910702705383300781e-01
9.910702705383300781e-01
2.094653367996215820e+00
2.094653367996215820e+00
1.793813467025756836e+00
1.793813467025756836e+00
1.793813467025756836e+00
1.793813467025756836e+00
1.793813467025756836e+00
1.793813467025756836e+00
1.793813467025756836e+00
1.793813467025756836e+00
1.450081825256347656e+00
1.450081825256347656e+00
1.450081825256347656e+00
1.450081825256347656e+00
1.450081825256347656e+00
2.492407321929931641e+00
2.492407321929931641e+00
2.492407321929931641e+00
2.492407321929931641e+00
2.492407321929931641e+00
2.492407321929931641e+00
2.492407321929931641e+00
1.609484910964965820e+00
1.609484910964965820e+00
1.609484910964965820e+00
1.609484910964965820e+00
1.609484910964965820e+00
1.676388502120971680e+00
1.208451867103576660e+00
1.208451867103576660e+00
1.281066894531250000e+00
1.281066894531250000e+00
9.179520010948181152e-01
9.179520010948181152e-01
9.179520010948181152e-01
9.179520010948181152e-01
9.179520010948181152e-01
9.179520010948181152e-01
9.179520010948181152e-01
1.978193998336791992e+00
1.304942846298217773e+00
1.304942846298217773e+00
1.304942846298217773e+00
1.304942846298217773e+00
1.304942846298217773e+00
1.304942846298217773e+00
1.304942846298217773e+00
1.304942846298217773e+00
1.304942846298217773e+00
1.304942846298217773e+00
1.304942846298217773e+00
1.304942846298217773e+00
1.060816884040832520e+00
1.060816884040832520e+00
1.447006106376647949e+00
1.447006106376647949e+00
1.447006106376647949e+00
1.447006106376647949e+00
2.426252841949462891e+00
2.426252841949462891e+00
2.426252841949462891e+00
9.681361913681030273e-01
7.486160993576049805e-01
7.486160993576049805e-01
7.486160993576049805e-01
7.486160993576049805e-01
7.486160993576049805e-01
7.486160993576049805e-01
7.486160993576049805e-01
1.457155227661132812e+00
1.800341129302978516e+00
1.715924024581909180e+00
1.715924024581909180e+00
1.715924024581909180e+00
1.715924024581909180e+00
1.715924024581909180e+00
1.249485254287719727e+00
1.025972127914428711e+00
1.025972127914428711e+00
1.025972127914428711e+00
1.025972127914428711e+00
1.025972127914428711e+00
1.025972127914428711e+00
1.025972127914428711e+00
1.025972127914428711e+00
1.025972127914428711e+00
1.025972127914428711e+00
1.025972127914428711e+00
2.451155662536621094e+00
2.451155662536621094e+00
3.522563695907592773e+00
2.757388114929199219e+00
1.293944120407104492e+00
1.293944120407104492e+00
1.220615625381469727e+00
1.220615625381469727e+00
1.220615625381469727e+00
2.905238151550292969e+00
1.489286303520202637e+00
1.489286303520202637e+00
1.489286303520202637e+00
1.489286303520202637e+00
2.982707738876342773e+00
2.982707738876342773e+00
1.787908673286437988e+00
7.902108430862426758e-01
7.902108430862426758e-01
7.902108430862426758e-01
7.902108430862426758e-01
1.592578411102294922e+00
1.592578411102294922e+00
1.592578411102294922e+00
1.592578411102294922e+00
1.592578411102294922e+00
1.592578411102294922e+00
1.592578411102294922e+00
1.592578411102294922e+00
1.592578411102294922e+00
1.592578411102294922e+00
1.592578411102294922e+00
1.592578411102294922e+00
1.592578411102294922e+00
1.592578411102294922e+00
1.592578411102294922e+00
1.592578411102294922e+00
1.592578411102294922e+00
1.592578411102294922e+00
2.998182296752929688e+00
3.382162809371948242e+00
3.382162809371948242e+00
3.382162809371948242e+00
6.947114467620849609e-01
2.017333269119262695e+00
2.149361848831176758e+00
2.149361848831176758e+00
2.149361848831176758e+00
1.479986906051635742e+00
1.479986906051635742e+00
1.479986906051635742e+00
1.633295178413391113e+00
1.633295178413391113e+00
1.633295178413391113e+00
1.633295178413391113e+00
2.555942535400390625e+00
2.555942535400390625e+00
2.555942535400390625e+00
2.425373315811157227e+00
2.425373315811157227e+00
2.425373315811157227e+00
2.425373315811157227e+00
2.425373315811157227e+00
7.400423288345336914e-01
2.601301670074462891e+00
2.601301670074462891e+00
2.601301670074462891e+00
2.601301670074462891e+00
2.601301670074462891e+00
2.601301670074462891e+00
2.731631517410278320e+00
2.731631517410278320e+00
2.731631517410278320e+00
2.731631517410278320e+00
2.731631517410278320e+00
2.396760940551757812e+00
2.396760940551757812e+00
2.396760940551757812e+00
2.396760940551757812e+00
2.396760940551757812e+00
2.396760940551757812e+00
2.396760940551757812e+00
2.396760940551757812e+00
2.396760940551757812e+00
2.396760940551757812e+00
2.396760940551757812e+00
2.396760940551757812e+00
2.396760940551757812e+00
2.223448276519775391e+00
2.223448276519775391e+00
2.223448276519775391e+00
2.223448276519775391e+00
9.296188354492187500e-01
9.296188354492187500e-01
9.296188354492187500e-01
9.296188354492187500e-01
9.296188354492187500e-01
9.296188354492187500e-01
2.014665365219116211e+00
1.200608372688293457e+00
1.200608372688293457e+00
1.200608372688293457e+00
1.200608372688293457e+00
1.200608372688293457e+00
1.200608372688293457e+00
1.200608372688293457e+00
1.200608372688293457e+00
1.200608372688293457e+00
1.200608372688293457e+00
1.200608372688293457e+00
1.200608372688293457e+00
1.200608372688293457e+00
1.200608372688293457e+00
1.200608372688293457e+00
9.433713555335998535e-01
9.433713555335998535e-01
9.433713555335998535e-01
9.433713555335998535e-01
9.433713555335998535e-01
1.727145195007324219e+00
1.727145195007324219e+00
1.217275381088256836e+00
1.217275381088256836e+00
1.217275381088256836e+00
1.217275381088256836e+00
1.217275381088256836e+00
1.217275381088256836e+00
1.217275381088256836e+00
1.217275381088256836e+00
1.217275381088256836e+00
1.194359898567199707e+00
1.194359898567199707e+00
1.194359898567199707e+00
1.194359898567199707e+00
7.630186676979064941e-01
1.656710147857666016e+00
1.656710147857666016e+00
1.656710147857666016e+00
1.656710147857666016e+00
1.656710147857666016e+00
1.656710147857666016e+00
1.656710147857666016e+00
8.600682020187377930e-01
8.600682020187377930e-01
8.600682020187377930e-01
8.600682020187377930e-01
8.600682020187377930e-01
8.600682020187377930e-01
1.748382806777954102e+00
9.217702150344848633e-01
9.217702150344848633e-01
9.217702150344848633e-01
9.217702150344848633e-01
9.217702150344848633e-01
8.270588517189025879e-01
8.270588517189025879e-01
8.270588517189025879e-01
8.270588517189025879e-01
8.270588517189025879e-01
2.087158679962158203e+00
2.087158679962158203e+00
2.087158679962158203e+00
2.087158679962158203e+00
1.097465753555297852e+00
1.097465753555297852e+00
1.097465753555297852e+00
1.097465753555297852e+00
1.097465753555297852e+00
1.097465753555297852e+00
1.097465753555297852e+00
1.097465753555297852e+00
2.101623296737670898e+00
2.101623296737670898e+00
2.101623296737670898e+00
1.304064631462097168e+00
1.142336964607238770e+00
1.142336964607238770e+00
2.212186813354492188e+00
2.212186813354492188e+00
2.150324821472167969e+00
2.150324821472167969e+00
1.736786603927612305e+00
1.736786603927612305e+00
2.068700313568115234e+00
2.068700313568115234e+00
2.068700313568115234e+00
1.847415685653686523e+00
1.075226783752441406e+00
1.075226783752441406e+00
1.075226783752441406e+00
1.075226783752441406e+00
1.075226783752441406e+00
1.075226783752441406e+00
1.075226783752441406e+00
1.075226783752441406e+00
1.075226783752441406e+00
1.075226783752441406e+00
1.075226783752441406e+00
1.075226783752441406e+00
1.075226783752441406e+00
1.075226783752441406e+00
1.075226783752441406e+00
1.075226783752441406e+00
1.075226783752441406e+00
1.075226783752441406e+00
1.075226783752441406e+00
1.075226783752441406e+00
1.075226783752441406e+00
1.075226783752441406e+00
1.075226783752441406e+00
9.427113533020019531e-01
9.427113533020019531e-01
9.427113533020019531e-01
1.178020477294921875e+00
1.178020477294921875e+00
1.178020477294921875e+00
1.178020477294921875e+00
1.178020477294921875e+00
1.178020477294921875e+00
1.178020477294921875e+00
1.178020477294921875e+00
1.178020477294921875e+00
1.518615126609802246e+00
2.200102806091308594e+00
2.200102806091308594e+00
2.200102806091308594e+00
2.200102806091308594e+00
2.138199806213378906e+00
2.138199806213378906e+00
2.138199806213378906e+00
2.138199806213378906e+00
2.138199806213378906e+00
2.138199806213378906e+00
2.138199806213378906e+00
7.497411966323852539e-01
3.815372943878173828e+00
4.537385463714599609e+00
4.537385463714599609e+00
4.537385463714599609e+00
3.051171302795410156e+00
3.051171302795410156e+00
8.134920597076416016e-01
8.134920597076416016e-01
8.134920597076416016e-01
3.994019329547882080e-01
3.869564533233642578e+00
3.869564533233642578e+00
3.869564533233642578e+00
3.640371084213256836e+00
4.318152904510498047e+00
3.424674034118652344e+00
3.424674034118652344e+00
3.424674034118652344e+00
1.463268637657165527e+00
1.463268637657165527e+00
1.492320537567138672e+00
1.492320537567138672e+00
1.492320537567138672e+00
1.492320537567138672e+00
1.492320537567138672e+00
1.492320537567138672e+00
1.492320537567138672e+00
6.149030923843383789e-01
6.149030923843383789e-01
6.149030923843383789e-01
6.149030923843383789e-01
6.149030923843383789e-01
6.149030923843383789e-01
6.149030923843383789e-01
7.755990028381347656e-01
7.755990028381347656e-01
4.864877760410308838e-01
4.864877760410308838e-01
4.864877760410308838e-01
4.864877760410308838e-01
4.864877760410308838e-01
1.129925131797790527e+00
1.129925131797790527e+00
1.129925131797790527e+00
9.885420799255371094e-01
9.885420799255371094e-01
9.885420799255371094e-01
9.885420799255371094e-01
9.885420799255371094e-01
9.885420799255371094e-01
9.885420799255371094e-01
9.885420799255371094e-01
9.885420799255371094e-01
9.885420799255371094e-01
9.885420799255371094e-01
9.885420799255371094e-01
9.885420799255371094e-01
9.885420799255371094e-01
9.885420799255371094e-01
9.885420799255371094e-01
9.885420799255371094e-01
9.885420799255371094e-01
9.885420799255371094e-01
9.885420799255371094e-01
9.885420799255371094e-01
9.885420799255371094e-01
9.885420799255371094e-01
9.885420799255371094e-01
9.885420799255371094e-01
9.885420799255371094e-01
9.885420799255371094e-01
1.594745635986328125e+00
1.594745635986328125e+00
1.594745635986328125e+00
1.594745635986328125e+00
1.301368474960327148e+00
1.301368474960327148e+00
1.301368474960327148e+00
1.288872122764587402e+00
1.288872122764587402e+00
2.011172771453857422e+00
2.011172771453857422e+00
9.919338226318359375e-01
9.919338226318359375e-01
9.919338226318359375e-01
9.919338226318359375e-01
9.919338226318359375e-01
9.919338226318359375e-01
9.919338226318359375e-01
2.069266796112060547e+00
1.772623062133789062e+00
1.772623062133789062e+00
1.772623062133789062e+00
1.772623062133789062e+00
1.496386051177978516e+00
1.496386051177978516e+00
5.720890164375305176e-01
5.720890164375305176e-01
2.568696022033691406e+00
1.587456464767456055e+00
1.074815511703491211e+00
1.074815511703491211e+00
6.361638307571411133e-01
1.774476170539855957e+00
2.312618255615234375e+00
2.312618255615234375e+00
2.312618255615234375e+00
2.312618255615234375e+00
2.312618255615234375e+00
2.312618255615234375e+00
2.312618255615234375e+00
1.239622473716735840e+00
1.239622473716735840e+00
1.239622473716735840e+00
1.239622473716735840e+00
1.239622473716735840e+00
1.239622473716735840e+00
1.239622473716735840e+00
1.239622473716735840e+00
1.239622473716735840e+00
1.239622473716735840e+00
1.239622473716735840e+00
4.420144081115722656e+00
7.577528953552246094e-01
7.577528953552246094e-01
7.577528953552246094e-01
7.577528953552246094e-01
7.577528953552246094e-01
7.577528953552246094e-01
7.577528953552246094e-01
7.577528953552246094e-01
7.577528953552246094e-01
7.577528953552246094e-01
7.577528953552246094e-01
7.577528953552246094e-01
7.577528953552246094e-01
1.004846096038818359e+00
1.004846096038818359e+00
1.004846096038818359e+00
1.004846096038818359e+00
1.637116909027099609e+00
2.740417242050170898e+00
2.486876249313354492e+00
1.052075147628784180e+00
1.052075147628784180e+00
1.052075147628784180e+00
1.052075147628784180e+00
1.052075147628784180e+00
1.052075147628784180e+00
9.565380215644836426e-01
9.565380215644836426e-01
9.565380215644836426e-01
9.565380215644836426e-01
9.565380215644836426e-01
9.565380215644836426e-01
9.565380215644836426e-01
9.565380215644836426e-01
9.565380215644836426e-01
9.565380215644836426e-01
9.565380215644836426e-01
9.565380215644836426e-01
9.565380215644836426e-01
9.565380215644836426e-01
5.858446359634399414e-01
5.858446359634399414e-01
1.997432708740234375e+00
2.664349555969238281e+00
2.664349555969238281e+00
2.664349555969238281e+00
3.221535205841064453e+00
3.221535205841064453e+00
3.221535205841064453e+00
3.221535205841064453e+00
9.638183116912841797e-01
1.235610961914062500e+00
1.235610961914062500e+00
1.235610961914062500e+00
1.235610961914062500e+00
1.235610961914062500e+00
1.235610961914062500e+00
1.235610961914062500e+00
1.048401355743408203e+00
1.275940537452697754e+00
1.275940537452697754e+00
1.275940537452697754e+00
1.275940537452697754e+00
1.275940537452697754e+00
1.275940537452697754e+00
1.275940537452697754e+00
7.539979219436645508e-01
7.539979219436645508e-01
7.769488692283630371e-01
1.448231220245361328e+00
1.448231220245361328e+00
1.448231220245361328e+00
1.448231220245361328e+00
1.521626710891723633e+00
1.521626710891723633e+00
1.458458900451660156e+00
7.560725808143615723e-01
7.560725808143615723e-01
7.560725808143615723e-01
1.987920284271240234e+00
1.987920284271240234e+00
1.987920284271240234e+00
1.987920284271240234e+00
1.987920284271240234e+00
1.987920284271240234e+00
1.987920284271240234e+00
1.987920284271240234e+00
1.987920284271240234e+00
1.987920284271240234e+00
1.540662765502929688e+00
1.540662765502929688e+00
1.465117335319519043e+00
1.465117335319519043e+00
1.465117335319519043e+00
1.465117335319519043e+00
1.465117335319519043e+00
9.460641741752624512e-01
9.460641741752624512e-01
9.460641741752624512e-01
9.460641741752624512e-01
9.460641741752624512e-01
9.460641741752624512e-01
9.460641741752624512e-01
1.548152565956115723e+00
1.548152565956115723e+00
1.548152565956115723e+00
1.548152565956115723e+00
1.372531414031982422e+00
1.372531414031982422e+00
1.372531414031982422e+00
1.372531414031982422e+00
1.372531414031982422e+00
1.372531414031982422e+00
1.372531414031982422e+00
1.372531414031982422e+00
1.372531414031982422e+00
1.052754878997802734e+00
1.052754878997802734e+00
1.052754878997802734e+00
1.052754878997802734e+00
1.052754878997802734e+00
1.052754878997802734e+00
1.052754878997802734e+00
1.052754878997802734e+00
1.052754878997802734e+00
1.052754878997802734e+00
1.052754878997802734e+00
1.706144809722900391e+00
1.706144809722900391e+00
1.706144809722900391e+00
1.706144809722900391e+00
2.148406267166137695e+00
2.148406267166137695e+00
2.148406267166137695e+00
2.148406267166137695e+00
2.148406267166137695e+00
2.148406267166137695e+00
2.148406267166137695e+00
1.395651102066040039e+00
1.395651102066040039e+00
1.395651102066040039e+00
1.395651102066040039e+00
1.395651102066040039e+00
1.395651102066040039e+00
1.395651102066040039e+00
1.686912536621093750e+00
1.686912536621093750e+00
1.686912536621093750e+00
1.686912536621093750e+00
1.686912536621093750e+00
1.268513202667236328e+00
1.467387199401855469e+00
1.467387199401855469e+00
1.467387199401855469e+00
1.467387199401855469e+00
1.467387199401855469e+00
1.467387199401855469e+00
1.467387199401855469e+00
1.467387199401855469e+00
1.467387199401855469e+00
1.467387199401855469e+00
1.467387199401855469e+00
1.467387199401855469e+00
1.467387199401855469e+00
1.342781066894531250e+00
1.342781066894531250e+00
1.342781066894531250e+00
1.342781066894531250e+00
1.342781066894531250e+00
1.342781066894531250e+00
1.342781066894531250e+00
1.342781066894531250e+00
1.342781066894531250e+00
1.342781066894531250e+00
1.342781066894531250e+00
1.342781066894531250e+00
2.108228206634521484e+00
2.108228206634521484e+00
2.108228206634521484e+00
2.108228206634521484e+00
2.388957262039184570e+00
2.388957262039184570e+00
2.388957262039184570e+00
2.388957262039184570e+00
2.388957262039184570e+00
2.388957262039184570e+00
2.388957262039184570e+00
2.388957262039184570e+00
2.660907030105590820e+00
2.776308059692382812e+00
8.845000267028808594e-01
8.845000267028808594e-01
8.845000267028808594e-01
8.845000267028808594e-01
8.845000267028808594e-01
8.845000267028808594e-01
8.845000267028808594e-01
8.845000267028808594e-01
8.845000267028808594e-01
8.845000267028808594e-01
8.845000267028808594e-01
8.845000267028808594e-01
8.845000267028808594e-01
8.845000267028808594e-01
1.154453754425048828e+00
1.154453754425048828e+00
1.154453754425048828e+00
1.154453754425048828e+00
1.154453754425048828e+00
2.322492122650146484e+00
2.322492122650146484e+00
2.322492122650146484e+00
1.545129060745239258e+00
1.545129060745239258e+00
1.545129060745239258e+00
1.545129060745239258e+00
1.545129060745239258e+00
1.545129060745239258e+00
1.545129060745239258e+00
1.545129060745239258e+00
1.522899746894836426e+00
1.522899746894836426e+00
1.522899746894836426e+00
1.522899746894836426e+00
1.522899746894836426e+00
1.946577787399291992e+00
1.946577787399291992e+00
1.946577787399291992e+00
1.946577787399291992e+00
1.946577787399291992e+00
1.946577787399291992e+00
1.946577787399291992e+00
1.946577787399291992e+00
2.144112348556518555e+00
2.144112348556518555e+00
2.144112348556518555e+00
2.144112348556518555e+00
2.144112348556518555e+00
2.144112348556518555e+00
1.575905084609985352e+00
1.575905084609985352e+00
1.575905084609985352e+00
1.575905084609985352e+00
1.212309956550598145e+00
1.376399993896484375e+00
1.376399993896484375e+00
1.376399993896484375e+00
1.376399993896484375e+00
1.376399993896484375e+00
1.376399993896484375e+00
1.376399993896484375e+00
1.544538497924804688e+00
1.544538497924804688e+00
1.544538497924804688e+00
1.544538497924804688e+00
1.544538497924804688e+00
1.544538497924804688e+00
1.544538497924804688e+00
1.544538497924804688e+00
1.544538497924804688e+00
1.544538497924804688e+00
1.544538497924804688e+00
1.544538497924804688e+00
1.544538497924804688e+00
1.544538497924804688e+00
1.544538497924804688e+00
1.030492067337036133e+00
1.704334855079650879e+00
1.704334855079650879e+00
1.704334855079650879e+00
1.704334855079650879e+00
1.704334855079650879e+00
1.704334855079650879e+00
1.704334855079650879e+00
1.432633161544799805e+00
1.432633161544799805e+00
1.432633161544799805e+00
1.432633161544799805e+00
1.432633161544799805e+00
1.778878092765808105e+00
1.387146949768066406e+00
1.387146949768066406e+00
1.401123523712158203e+00
1.401123523712158203e+00
1.401123523712158203e+00
1.401123523712158203e+00
1.401123523712158203e+00
1.401123523712158203e+00
1.401123523712158203e+00
1.401123523712158203e+00
1.401123523712158203e+00
1.553853750228881836e+00
2.768612384796142578e+00
2.768612384796142578e+00
2.768612384796142578e+00
2.768612384796142578e+00
9.108804464340209961e-01
9.108804464340209961e-01
9.108804464340209961e-01
9.108804464340209961e-01
9.108804464340209961e-01
8.837361931800842285e-01
8.837361931800842285e-01
8.837361931800842285e-01
8.837361931800842285e-01
8.837361931800842285e-01
6.904944777488708496e-01
6.904944777488708496e-01
6.904944777488708496e-01
6.904944777488708496e-01
6.904944777488708496e-01
6.904944777488708496e-01
8.352184295654296875e-01
7.504168748855590820e-01
4.415601491928100586e-01
4.415601491928100586e-01
4.415601491928100586e-01
3.985159397125244141e+00
3.985159397125244141e+00
3.985159397125244141e+00
4.229493141174316406e+00
4.229493141174316406e+00
4.229493141174316406e+00
4.229493141174316406e+00
4.229493141174316406e+00
4.229493141174316406e+00
5.911237716674804688e+00
5.911237716674804688e+00
1.638979434967041016e+00
1.638979434967041016e+00
2.157351016998291016e+00
2.157351016998291016e+00
2.017105817794799805e+00
2.017105817794799805e+00
2.017105817794799805e+00
2.017105817794799805e+00
2.017105817794799805e+00
2.017105817794799805e+00
9.776114225387573242e-01
1.295725345611572266e+00
1.372008204460144043e+00
1.372008204460144043e+00
1.372008204460144043e+00
1.580146312713623047e+00
1.580146312713623047e+00
1.580146312713623047e+00
1.580146312713623047e+00
1.580146312713623047e+00
1.580146312713623047e+00
1.580146312713623047e+00
1.580146312713623047e+00
2.357739686965942383e+00
1.465549945831298828e+00
1.465549945831298828e+00
1.465549945831298828e+00
1.465549945831298828e+00
1.465549945831298828e+00
1.494422674179077148e+00
1.494422674179077148e+00
1.475542068481445312e+00
1.475542068481445312e+00
1.475542068481445312e+00
1.475542068481445312e+00
1.475542068481445312e+00
1.475542068481445312e+00
1.475542068481445312e+00
1.613044381141662598e+00
1.613044381141662598e+00
6.842570304870605469e-01
6.842570304870605469e-01
7.486792802810668945e-01
1.513545632362365723e+00
1.435286164283752441e+00
1.435286164283752441e+00
1.367137074470520020e+00
1.367137074470520020e+00
1.367137074470520020e+00
1.367137074470520020e+00
1.367137074470520020e+00
1.367137074470520020e+00
1.367137074470520020e+00
2.070402145385742188e+00
2.070402145385742188e+00
2.070402145385742188e+00
2.070402145385742188e+00
1.155100345611572266e+00
2.051944017410278320e+00
2.051944017410278320e+00
2.051944017410278320e+00
2.051944017410278320e+00
2.051944017410278320e+00
1.474853396415710449e+00
1.474853396415710449e+00
1.474853396415710449e+00
1.852726578712463379e+00
1.852726578712463379e+00
1.695025205612182617e+00
1.469680428504943848e+00
1.469680428504943848e+00
1.469680428504943848e+00
1.761387944221496582e+00
1.761387944221496582e+00
1.761387944221496582e+00
1.707829594612121582e+00
1.707829594612121582e+00
3.020273685455322266e+00
3.020273685455322266e+00
6.389412879943847656e-01
6.389412879943847656e-01
6.389412879943847656e-01
7.113148570060729980e-01
7.113148570060729980e-01
7.113148570060729980e-01
2.183724164962768555e+00
1.774526238441467285e+00
1.774526238441467285e+00
1.693587541580200195e+00
1.693587541580200195e+00
1.693587541580200195e+00
1.693587541580200195e+00
1.693587541580200195e+00
2.558271646499633789e+00
2.558271646499633789e+00
2.558271646499633789e+00
2.558271646499633789e+00
3.276031970977783203e+00
1.985119581222534180e+00
1.985119581222534180e+00
1.985119581222534180e+00
1.985119581222534180e+00
1.985119581222534180e+00
9.206941127777099609e-01
9.206941127777099609e-01
9.206941127777099609e-01
9.206941127777099609e-01
9.206941127777099609e-01
9.206941127777099609e-01
9.206941127777099609e-01
9.206941127777099609e-01
1.783123731613159180e+00
1.337718844413757324e+00
1.337718844413757324e+00
1.337718844413757324e+00
1.337718844413757324e+00
1.838315010070800781e+00
1.838315010070800781e+00
6.474395990371704102e-01
6.474395990371704102e-01
6.474395990371704102e-01
6.474395990371704102e-01
6.474395990371704102e-01
2.043142318725585938e+00
2.043142318725585938e+00
2.043142318725585938e+00
2.043142318725585938e+00
2.043142318725585938e+00
9.554435014724731445e-01
9.554435014724731445e-01
9.554435014724731445e-01
9.554435014724731445e-01
9.554435014724731445e-01
9.554435014724731445e-01
9.554435014724731445e-01
9.554435014724731445e-01
9.554435014724731445e-01
9.554435014724731445e-01
9.554435014724731445e-01
1.713638782501220703e+00
1.263906836509704590e+00
1.513103723526000977e+00
1.513103723526000977e+00
1.513103723526000977e+00
1.513103723526000977e+00
1.513103723526000977e+00
1.513103723526000977e+00
1.513103723526000977e+00
1.513103723526000977e+00
1.513103723526000977e+00
1.513103723526000977e+00
1.513103723526000977e+00
1.513103723526000977e+00
1.313051819801330566e+00
3.638771772384643555e-01
3.638771772384643555e-01
3.638771772384643555e-01
9.962943196296691895e-01
9.962943196296691895e-01
9.962943196296691895e-01
1.556895971298217773e+00
1.556895971298217773e+00
1.556895971298217773e+00
1.556895971298217773e+00
1.556895971298217773e+00
1.556895971298217773e+00
1.556895971298217773e+00
1.570851683616638184e+00
1.540616869926452637e+00
1.540616869926452637e+00
1.540616869926452637e+00
1.540616869926452637e+00
1.540616869926452637e+00
1.540616869926452637e+00
1.540616869926452637e+00
1.540616869926452637e+00
1.719875931739807129e+00
1.719875931739807129e+00
9.918249845504760742e-01
9.918249845504760742e-01
9.918249845504760742e-01
9.918249845504760742e-01
9.918249845504760742e-01
9.918249845504760742e-01
9.918249845504760742e-01
9.918249845504760742e-01
1.699488878250122070e+00
1.699488878250122070e+00
8.297372460365295410e-01
8.297372460365295410e-01
8.297372460365295410e-01
8.297372460365295410e-01
1.549039840698242188e+00
1.135913610458374023e+00
1.135913610458374023e+00
1.135913610458374023e+00
1.135913610458374023e+00
1.135913610458374023e+00
1.135913610458374023e+00
1.135913610458374023e+00
1.181156277656555176e+00
1.181156277656555176e+00
1.181156277656555176e+00
1.181156277656555176e+00
1.181156277656555176e+00
1.181156277656555176e+00
1.181156277656555176e+00
2.635289192199707031e+00
3.294932126998901367e+00
1.029155731201171875e+00
1.029155731201171875e+00
1.029155731201171875e+00
1.702630758285522461e+00
1.702630758285522461e+00
1.702630758285522461e+00
1.436046123504638672e+00
1.436046123504638672e+00
1.436046123504638672e+00
1.173095345497131348e+00
1.173095345497131348e+00
1.173095345497131348e+00
1.173095345497131348e+00
1.173095345497131348e+00
1.173095345497131348e+00
1.173095345497131348e+00
4.958900928497314453e+00
3.755189895629882812e+00
3.755189895629882812e+00
3.755189895629882812e+00
3.755189895629882812e+00
1.276923418045043945e+00
1.276923418045043945e+00
1.276923418045043945e+00
9.340162277221679688e-01
9.340162277221679688e-01
9.340162277221679688e-01
9.340162277221679688e-01
9.340162277221679688e-01
6.150037050247192383e-01
6.150037050247192383e-01
6.150037050247192383e-01
6.150037050247192383e-01
1.624876022338867188e+00
1.624876022338867188e+00
1.956248283386230469e+00
1.956248283386230469e+00
1.956248283386230469e+00
1.956248283386230469e+00
1.956248283386230469e+00
1.213446378707885742e+00
1.621560573577880859e+00
1.738590478897094727e+00
1.448899865150451660e+00
1.448899865150451660e+00
1.448899865150451660e+00
1.448899865150451660e+00
1.448899865150451660e+00
1.448899865150451660e+00
2.806889057159423828e+00
2.806889057159423828e+00
1.876373529434204102e+00
1.876373529434204102e+00
1.876373529434204102e+00
1.876373529434204102e+00
1.876373529434204102e+00
1.876373529434204102e+00
1.876373529434204102e+00
5.431679487228393555e-01
5.431679487228393555e-01
1.246561765670776367e+00
1.246561765670776367e+00
1.246561765670776367e+00
1.246561765670776367e+00
1.246561765670776367e+00
1.246561765670776367e+00
1.246561765670776367e+00
1.246561765670776367e+00
1.246561765670776367e+00
1.246561765670776367e+00
9.387645125389099121e-01
9.387645125389099121e-01
9.387645125389099121e-01
6.716564893722534180e-01
6.716564893722534180e-01
6.716564893722534180e-01
6.716564893722534180e-01
1.914889454841613770e+00
2.051565408706665039e+00
1.579693317413330078e+00
1.579693317413330078e+00
1.579693317413330078e+00
1.579693317413330078e+00
1.579693317413330078e+00
2.395359992980957031e+00
3.073188304901123047e+00
2.791303396224975586e+00
2.791303396224975586e+00
1.365031361579895020e+00
1.365031361579895020e+00
1.365031361579895020e+00
1.365031361579895020e+00
1.365031361579895020e+00
9.617794156074523926e-01
9.617794156074523926e-01
9.617794156074523926e-01
9.617794156074523926e-01
9.617794156074523926e-01
9.617794156074523926e-01
9.617794156074523926e-01
9.617794156074523926e-01
9.617794156074523926e-01
9.617794156074523926e-01
2.272382974624633789e+00
2.272382974624633789e+00
1.021493315696716309e+00
1.021493315696716309e+00
1.021493315696716309e+00
1.021493315696716309e+00
1.021493315696716309e+00
1.021493315696716309e+00
1.770776033401489258e+00
2.166155576705932617e+00
3.699820518493652344e+00
3.699820518493652344e+00
3.699820518493652344e+00
3.280883789062500000e+00
1.505605220794677734e+00
8.190112709999084473e-01
8.190112709999084473e-01
2.322814941406250000e+00
2.322814941406250000e+00
2.322814941406250000e+00
2.322814941406250000e+00
2.322814941406250000e+00
2.322814941406250000e+00
2.322814941406250000e+00
2.322814941406250000e+00
2.319203138351440430e+00
2.319203138351440430e+00
1.001181840896606445e+00
1.863127470016479492e+00
1.863127470016479492e+00
1.863127470016479492e+00
1.863127470016479492e+00
1.863127470016479492e+00
2.057748317718505859e+00
2.057748317718505859e+00
2.883800983428955078e+00
2.883800983428955078e+00
2.883800983428955078e+00
3.351983308792114258e+00
3.351983308792114258e+00
3.745168924331665039e+00
3.856956481933593750e+00
1.623927116394042969e+00
1.324212312698364258e+00
1.324212312698364258e+00
1.324212312698364258e+00
1.324212312698364258e+00
1.324212312698364258e+00
1.324212312698364258e+00
1.132379889488220215e+00
1.132379889488220215e+00
1.132379889488220215e+00
1.132379889488220215e+00
1.132379889488220215e+00
1.132379889488220215e+00
1.132379889488220215e+00
1.132379889488220215e+00
1.132379889488220215e+00
1.132379889488220215e+00
1.132379889488220215e+00
1.132379889488220215e+00
1.132379889488220215e+00
1.132379889488220215e+00
1.132379889488220215e+00
1.132379889488220215e+00
1.132379889488220215e+00
1.132379889488220215e+00
1.132379889488220215e+00
1.132379889488220215e+00
1.132379889488220215e+00
1.132379889488220215e+00
1.132379889488220215e+00
1.729478597640991211e+00
1.651718020439147949e+00
8.673909902572631836e-01
8.673909902572631836e-01
8.673909902572631836e-01
8.673909902572631836e-01
8.673909902572631836e-01
8.673909902572631836e-01
8.673909902572631836e-01
8.673909902572631836e-01
8.673909902572631836e-01
8.673909902572631836e-01
1.334689736366271973e+00
1.334689736366271973e+00
1.334689736366271973e+00
1.334689736366271973e+00
1.334689736366271973e+00
1.334689736366271973e+00
1.334689736366271973e+00
1.724510908126831055e+00
1.724510908126831055e+00
1.724510908126831055e+00
1.724510908126831055e+00
1.724510908126831055e+00
1.345354914665222168e+00
1.345354914665222168e+00
1.345354914665222168e+00
1.345354914665222168e+00
1.345354914665222168e+00
1.186078786849975586e+00
1.186078786849975586e+00
1.186078786849975586e+00
1.186078786849975586e+00
1.186078786849975586e+00
1.186078786849975586e+00
1.186078786849975586e+00
8.094476461410522461e-01
8.094476461410522461e-01
8.094476461410522461e-01
1.435433864593505859e+00
2.555186510086059570e+00
2.555186510086059570e+00
2.555186510086059570e+00
2.023145914077758789e+00
2.023145914077758789e+00
2.023145914077758789e+00
3.220594882965087891e+00
2.442648649215698242e+00
1.159542441368103027e+00
1.159542441368103027e+00
1.159542441368103027e+00
1.159542441368103027e+00
2.174231052398681641e+00
2.174231052398681641e+00
2.174231052398681641e+00
2.174231052398681641e+00
2.174231052398681641e+00
2.174231052398681641e+00
2.346081972122192383e+00
1.929315328598022461e+00
1.929315328598022461e+00
1.929315328598022461e+00
1.691993832588195801e+00
1.705300807952880859e+00
1.705300807952880859e+00
2.349616527557373047e+00
2.388754844665527344e+00
2.388754844665527344e+00
2.388754844665527344e+00
1.957059144973754883e+00
1.957059144973754883e+00
1.957059144973754883e+00
1.957059144973754883e+00
1.556282520294189453e+00
7.549830079078674316e-01
1.265352129936218262e+00
1.265352129936218262e+00
1.265352129936218262e+00
1.265352129936218262e+00
1.265352129936218262e+00
2.054328680038452148e+00
2.054328680038452148e+00
2.054328680038452148e+00
2.054328680038452148e+00
1.878830909729003906e+00
1.670036554336547852e+00
1.670036554336547852e+00
1.670036554336547852e+00
2.169521331787109375e+00
2.169521331787109375e+00
2.169521331787109375e+00
2.169521331787109375e+00
2.169521331787109375e+00
2.169521331787109375e+00
2.169521331787109375e+00
2.169521331787109375e+00
4.604444503784179688e+00
4.604444503784179688e+00
4.604444503784179688e+00
7.072937488555908203e-01
2.178121089935302734e+00
2.178121089935302734e+00
2.178121089935302734e+00
2.178121089935302734e+00
2.178121089935302734e+00
2.178121089935302734e+00
2.178121089935302734e+00
2.178121089935302734e+00
2.111790657043457031e+00
2.111790657043457031e+00
2.730855464935302734e+00
2.730855464935302734e+00
2.730855464935302734e+00
2.730855464935302734e+00
2.730855464935302734e+00
8.322594165802001953e-01
8.322594165802001953e-01
8.322594165802001953e-01
8.322594165802001953e-01
1.349735498428344727e+00
1.349735498428344727e+00
1.349735498428344727e+00
6.522622704505920410e-01
6.522622704505920410e-01
6.522622704505920410e-01
6.522622704505920410e-01
7.896076440811157227e-01
1.481553316116333008e+00
1.481553316116333008e+00
1.481553316116333008e+00
1.481553316116333008e+00
7.509513497352600098e-01
7.509513497352600098e-01
7.509513497352600098e-01
7.509513497352600098e-01
1.293881297111511230e+00
1.293881297111511230e+00
1.293881297111511230e+00
1.293881297111511230e+00
1.293881297111511230e+00
1.293881297111511230e+00
1.293881297111511230e+00
1.293881297111511230e+00
1.293881297111511230e+00
1.293881297111511230e+00
1.293881297111511230e+00
1.293881297111511230e+00
1.144850492477416992e+00
1.144850492477416992e+00
1.144850492477416992e+00
1.144850492477416992e+00
2.579905509948730469e+00
1.718018054962158203e+00
1.718018054962158203e+00
1.312025547027587891e+00
1.312025547027587891e+00
8.640547990798950195e-01
7.837015986442565918e-01
7.837015986442565918e-01
7.837015986442565918e-01
7.837015986442565918e-01
7.837015986442565918e-01
8.131887912750244141e-01
8.131887912750244141e-01
8.131887912750244141e-01
8.131887912750244141e-01
1.387792587280273438e+00
1.387792587280273438e+00
1.387792587280273438e+00
1.387792587280273438e+00
1.465944051742553711e+00
1.465944051742553711e+00
1.465944051742553711e+00
1.465944051742553711e+00
1.465944051742553711e+00
1.425174117088317871e+00
2.168979644775390625e+00
3.731433391571044922e+00
4.261568069458007812e+00
1.989234209060668945e+00
3.149845123291015625e+00
3.149845123291015625e+00
3.149845123291015625e+00
3.149845123291015625e+00
3.149845123291015625e+00
3.149845123291015625e+00
3.149845123291015625e+00
3.149845123291015625e+00
4.373846054077148438e+00
3.727331399917602539e+00
3.610054254531860352e+00
3.610054254531860352e+00
2.652052402496337891e+00
2.652052402496337891e+00
2.652052402496337891e+00
2.652052402496337891e+00
2.652052402496337891e+00
2.652052402496337891e+00
2.652052402496337891e+00
1.131436824798583984e+00
1.131436824798583984e+00
1.131436824798583984e+00
1.131436824798583984e+00
1.131436824798583984e+00
1.131436824798583984e+00
1.131436824798583984e+00
1.131436824798583984e+00
4.382383227348327637e-01
4.382383227348327637e-01
3.237556695938110352e+00
3.089083194732666016e+00
1.867586374282836914e+00
1.372524976730346680e+00
1.372524976730346680e+00
1.372524976730346680e+00
1.372524976730346680e+00
2.679035663604736328e+00
1.717555761337280273e+00
1.717555761337280273e+00
1.717555761337280273e+00
1.717555761337280273e+00
1.717555761337280273e+00
1.717555761337280273e+00
1.717555761337280273e+00
2.449052333831787109e+00
2.449052333831787109e+00
3.512865066528320312e+00
1.308317899703979492e+00
3.537053108215332031e+00
3.530140638351440430e+00
3.530140638351440430e+00
2.803868293762207031e+00
2.803868293762207031e+00
1.782927274703979492e+00
1.782927274703979492e+00
1.227009415626525879e+00
1.227009415626525879e+00
1.227009415626525879e+00
1.227009415626525879e+00
1.227009415626525879e+00
1.227009415626525879e+00
1.314364075660705566e+00
1.314364075660705566e+00
1.314364075660705566e+00
1.314364075660705566e+00
1.314364075660705566e+00
1.314364075660705566e+00
2.208048820495605469e+00
2.208048820495605469e+00
2.208048820495605469e+00
2.208048820495605469e+00
2.208048820495605469e+00
2.208048820495605469e+00
2.208048820495605469e+00
2.259350538253784180e+00
2.259350538253784180e+00
2.259350538253784180e+00
1.673316955566406250e+00
1.673316955566406250e+00
1.502760767936706543e+00
1.639261603355407715e+00
1.274600505828857422e+00
1.274600505828857422e+00
1.274600505828857422e+00
1.274600505828857422e+00
8.287330865859985352e-01
8.287330865859985352e-01
8.287330865859985352e-01
8.287330865859985352e-01
8.287330865859985352e-01
8.287330865859985352e-01
8.287330865859985352e-01
8.287330865859985352e-01
9.172413945198059082e-01
5.683763504028320312e+00
9.684844017028808594e-01
9.684844017028808594e-01
9.684844017028808594e-01
9.684844017028808594e-01
9.684844017028808594e-01
8.872414231300354004e-01
8.872414231300354004e-01
8.872414231300354004e-01
8.872414231300354004e-01
8.872414231300354004e-01
8.872414231300354004e-01
8.872414231300354004e-01
8.872414231300354004e-01
2.155390024185180664e+00
2.155390024185180664e+00
2.155390024185180664e+00
2.161204338073730469e+00
2.161204338073730469e+00
2.161204338073730469e+00
2.166238784790039062e+00
2.166238784790039062e+00
2.166238784790039062e+00
2.166238784790039062e+00
2.568995714187622070e+00
2.568995714187622070e+00
2.568995714187622070e+00
1.861264944076538086e+00
1.861264944076538086e+00
1.861264944076538086e+00
1.861264944076538086e+00
1.861264944076538086e+00
1.861264944076538086e+00
1.654603838920593262e+00
2.330280303955078125e+00
2.330280303955078125e+00
2.249729633331298828e+00
2.810976505279541016e+00
1.310160160064697266e+00
1.310160160064697266e+00
1.310160160064697266e+00
1.310160160064697266e+00
1.310160160064697266e+00
1.310160160064697266e+00
1.128902435302734375e+00
1.128902435302734375e+00
1.128902435302734375e+00
1.482078552246093750e+00
1.482078552246093750e+00
1.482078552246093750e+00
1.482078552246093750e+00
3.753864765167236328e+00
3.753864765167236328e+00
1.202909469604492188e+00
8.644747734069824219e-01
8.644747734069824219e-01
1.493699669837951660e+00
1.493699669837951660e+00
1.493699669837951660e+00
1.770152091979980469e+00
1.690309762954711914e+00
5.833474397659301758e-01
2.645810127258300781e+00
2.144649267196655273e+00
2.144649267196655273e+00
1.676383733749389648e+00
1.676383733749389648e+00
1.676383733749389648e+00
1.676383733749389648e+00
1.676383733749389648e+00
1.676383733749389648e+00
1.676383733749389648e+00
1.676383733749389648e+00
1.676383733749389648e+00
1.676383733749389648e+00
1.676383733749389648e+00
1.617245793342590332e+00
9.723329544067382812e-01
9.723329544067382812e-01
9.723329544067382812e-01
9.723329544067382812e-01
1.615661859512329102e+00
1.615661859512329102e+00
1.615661859512329102e+00
1.615661859512329102e+00
1.524867534637451172e+00
1.118612766265869141e+00
1.118612766265869141e+00
6.451635360717773438e-01
6.451635360717773438e-01
6.451635360717773438e-01
1.598182916641235352e+00
1.598182916641235352e+00
1.598182916641235352e+00
1.598182916641235352e+00
7.094070315361022949e-01
7.094070315361022949e-01
7.094070315361022949e-01
7.094070315361022949e-01
7.094070315361022949e-01
7.094070315361022949e-01
7.094070315361022949e-01
7.094070315361022949e-01
7.094070315361022949e-01
2.089501380920410156e+00
2.089501380920410156e+00
2.089501380920410156e+00
2.089501380920410156e+00
2.089501380920410156e+00
2.089501380920410156e+00
2.089501380920410156e+00
2.089501380920410156e+00
2.866521120071411133e+00
2.586405754089355469e+00
2.841617107391357422e+00
2.841617107391357422e+00
3.380446434020996094e+00
3.380446434020996094e+00
3.380446434020996094e+00
3.380446434020996094e+00
3.380446434020996094e+00
2.277533531188964844e+00
2.277533531188964844e+00
2.277533531188964844e+00
2.277533531188964844e+00
2.277533531188964844e+00
2.277533531188964844e+00
1.641588449478149414e+00
1.641588449478149414e+00
2.307981729507446289e+00
2.211414813995361328e+00
2.341950178146362305e+00
2.341950178146362305e+00
2.341950178146362305e+00
2.341950178146362305e+00
2.341950178146362305e+00
1.612338304519653320e+00
1.612338304519653320e+00
1.612338304519653320e+00
1.612338304519653320e+00
1.612338304519653320e+00
1.612338304519653320e+00
1.612338304519653320e+00
1.612338304519653320e+00
1.612338304519653320e+00
1.453348517417907715e+00
9.959899783134460449e-01
9.056511521339416504e-01
1.150923967361450195e+00
1.150923967361450195e+00
1.150923967361450195e+00
1.150923967361450195e+00
1.150923967361450195e+00
8.967305421829223633e-01
8.967305421829223633e-01
8.967305421829223633e-01
8.967305421829223633e-01
3.962337970733642578e-01
3.962337970733642578e-01
3.962337970733642578e-01
3.962337970733642578e-01
1.587568759918212891e+00
1.587568759918212891e+00
1.587568759918212891e+00
1.587568759918212891e+00
1.587568759918212891e+00
1.587568759918212891e+00
1.587568759918212891e+00
2.018653392791748047e+00
2.018653392791748047e+00
2.018653392791748047e+00
2.018653392791748047e+00
2.018653392791748047e+00
9.621087312698364258e-01
9.621087312698364258e-01
9.621087312698364258e-01
9.621087312698364258e-01
9.621087312698364258e-01
1.922413110733032227e+00
7.915680408477783203e-01
7.915680408477783203e-01
7.915680408477783203e-01
7.915680408477783203e-01
7.915680408477783203e-01
7.915680408477783203e-01
7.915680408477783203e-01
1.015623211860656738e+00
1.162444949150085449e+00
1.162444949150085449e+00
9.154583215713500977e-01
1.592947840690612793e+00
1.592947840690612793e+00
1.592947840690612793e+00
1.592947840690612793e+00
1.592947840690612793e+00
1.592947840690612793e+00
1.592947840690612793e+00
3.119756221771240234e+00
3.023862838745117188e+00
3.023862838745117188e+00
3.023862838745117188e+00
1.895466327667236328e+00
1.895466327667236328e+00
1.895466327667236328e+00
1.895466327667236328e+00
1.895466327667236328e+00
1.895466327667236328e+00
1.895466327667236328e+00
1.895466327667236328e+00
1.895466327667236328e+00
1.895466327667236328e+00
2.165728092193603516e+00
2.165728092193603516e+00
4.453250169754028320e-01
2.402769327163696289e+00
2.555136442184448242e+00
2.559213876724243164e+00
2.559213876724243164e+00
2.192991733551025391e+00
2.405485153198242188e+00
2.405485153198242188e+00
2.405485153198242188e+00
5.754661560058593750e-01
5.754661560058593750e-01
5.754661560058593750e-01
5.754661560058593750e-01
5.754661560058593750e-01
5.754661560058593750e-01
5.754661560058593750e-01
5.754661560058593750e-01
5.754661560058593750e-01
5.754661560058593750e-01
7.431702613830566406e-01
7.431702613830566406e-01
7.431702613830566406e-01
7.431702613830566406e-01
7.431702613830566406e-01
7.431702613830566406e-01
7.431702613830566406e-01
7.431702613830566406e-01
7.431702613830566406e-01
7.431702613830566406e-01
7.431702613830566406e-01
7.431702613830566406e-01
7.431702613830566406e-01
1.391082763671875000e+00
1.391082763671875000e+00
1.391082763671875000e+00
1.391082763671875000e+00
9.360179901123046875e-01
9.360179901123046875e-01
9.360179901123046875e-01
1.307416200637817383e+00
2.399154186248779297e+00
9.872372150421142578e-01
9.872372150421142578e-01
9.872372150421142578e-01
9.872372150421142578e-01
1.901600360870361328e+00
1.901600360870361328e+00
1.901600360870361328e+00
1.901600360870361328e+00
1.232484340667724609e+00
8.354656696319580078e-01
8.354656696319580078e-01
8.354656696319580078e-01
8.354656696319580078e-01
8.354656696319580078e-01
8.354656696319580078e-01
8.354656696319580078e-01
8.354656696319580078e-01
8.354656696319580078e-01
1.266281604766845703e+00
1.266281604766845703e+00
1.266281604766845703e+00
1.266281604766845703e+00
1.266281604766845703e+00
1.266281604766845703e+00
2.012042045593261719e+00
7.927167415618896484e-01
7.927167415618896484e-01
7.927167415618896484e-01
1.464334130287170410e+00
1.464334130287170410e+00
1.464334130287170410e+00
1.464334130287170410e+00
1.464334130287170410e+00
1.464334130287170410e+00
1.464334130287170410e+00
1.464334130287170410e+00
1.464334130287170410e+00
2.235480785369873047e+00
2.235480785369873047e+00
2.235480785369873047e+00
2.235480785369873047e+00
2.235480785369873047e+00
2.880301475524902344e+00
2.513015985488891602e+00
3.005517244338989258e+00
2.637089729309082031e+00
2.637089729309082031e+00
2.637089729309082031e+00
2.637089729309082031e+00
2.637089729309082031e+00
2.637089729309082031e+00
1.465042114257812500e+00
2.778545618057250977e+00
2.778545618057250977e+00
2.778545618057250977e+00
2.333085060119628906e+00
2.333085060119628906e+00
2.178808212280273438e+00
2.178808212280273438e+00
2.178808212280273438e+00
8.485250473022460938e-01
8.485250473022460938e-01
8.485250473022460938e-01
8.485250473022460938e-01
8.485250473022460938e-01
1.667604804039001465e+00
2.155173540115356445e+00
2.155173540115356445e+00
2.155173540115356445e+00
2.155173540115356445e+00
2.155173540115356445e+00
2.155173540115356445e+00
2.371981859207153320e+00
1.286054015159606934e+00
1.286054015159606934e+00
1.286054015159606934e+00
1.286054015159606934e+00
1.286054015159606934e+00
1.515451908111572266e+00
1.515451908111572266e+00
1.515451908111572266e+00
1.515451908111572266e+00
1.515451908111572266e+00
1.515451908111572266e+00
1.515451908111572266e+00
1.515451908111572266e+00
1.479351520538330078e+00
1.479351520538330078e+00
1.479351520538330078e+00
8.182106018066406250e-01
3.066469907760620117e+00
3.047195196151733398e+00
3.047195196151733398e+00
2.977923154830932617e+00
1.614081978797912598e+00
1.614081978797912598e+00
1.781432390213012695e+00
1.781432390213012695e+00
1.781432390213012695e+00
1.781432390213012695e+00
1.781432390213012695e+00
1.781432390213012695e+00
1.351762890815734863e+00
1.351762890815734863e+00
1.351762890815734863e+00
1.351762890815734863e+00
1.349150896072387695e+00
1.349150896072387695e+00
1.349150896072387695e+00
1.349150896072387695e+00
1.349150896072387695e+00
1.349150896072387695e+00
1.349150896072387695e+00
1.349150896072387695e+00
1.349150896072387695e+00
9.834412336349487305e-01
9.834412336349487305e-01
9.834412336349487305e-01
9.834412336349487305e-01
9.834412336349487305e-01
9.738324284553527832e-01
9.738324284553527832e-01
9.738324284553527832e-01
9.738324284553527832e-01
1.642590761184692383e+00
1.642590761184692383e+00
1.642590761184692383e+00
1.642590761184692383e+00
1.642590761184692383e+00
2.160184144973754883e+00
7.642425298690795898e-01
7.642425298690795898e-01
1.181401729583740234e+00
1.181401729583740234e+00
1.181401729583740234e+00
1.181401729583740234e+00
2.959475755691528320e+00
3.283467769622802734e+00
3.054583549499511719e+00
3.054583549499511719e+00
5.527680397033691406e+00
4.796542167663574219e+00
6.684017181396484375e-01
6.684017181396484375e-01
4.920049309730529785e-01
4.920049309730529785e-01
4.920049309730529785e-01
2.368913650512695312e+00
2.368913650512695312e+00
1.135170340538024902e+00
1.408395648002624512e+00
1.408395648002624512e+00
1.408395648002624512e+00
1.408395648002624512e+00
1.408395648002624512e+00
1.408395648002624512e+00
1.408395648002624512e+00
1.408395648002624512e+00
1.408395648002624512e+00
1.408395648002624512e+00
1.408395648002624512e+00
1.408395648002624512e+00
1.408395648002624512e+00
1.408395648002624512e+00
1.408395648002624512e+00
1.408395648002624512e+00
3.091112375259399414e+00
3.091112375259399414e+00
3.091112375259399414e+00
3.091112375259399414e+00
3.091112375259399414e+00
3.091112375259399414e+00
3.091112375259399414e+00
1.136634588241577148e+00
1.136634588241577148e+00
1.136634588241577148e+00
1.136634588241577148e+00
1.136634588241577148e+00
1.136634588241577148e+00
1.136634588241577148e+00
1.136634588241577148e+00
1.136634588241577148e+00
1.136634588241577148e+00
1.136634588241577148e+00
1.136634588241577148e+00
1.136634588241577148e+00
1.136634588241577148e+00
1.136634588241577148e+00
1.136634588241577148e+00
1.136634588241577148e+00
1.136634588241577148e+00
1.136634588241577148e+00
1.136634588241577148e+00
1.136634588241577148e+00
1.136634588241577148e+00
1.136634588241577148e+00
1.136634588241577148e+00
1.136634588241577148e+00
1.136634588241577148e+00
1.136634588241577148e+00
1.136634588241577148e+00
1.136634588241577148e+00
1.136634588241577148e+00
1.136634588241577148e+00
1.136634588241577148e+00
1.136634588241577148e+00
1.136634588241577148e+00
1.136634588241577148e+00
1.136634588241577148e+00
1.136634588241577148e+00
8.459817767143249512e-01
8.459817767143249512e-01
8.459817767143249512e-01
8.459817767143249512e-01
8.459817767143249512e-01
8.459817767143249512e-01
1.111562132835388184e+00
1.111562132835388184e+00
1.111562132835388184e+00
1.553169965744018555e+00
1.553169965744018555e+00
1.553169965744018555e+00
1.553169965744018555e+00
1.553169965744018555e+00
1.553169965744018555e+00
1.059313535690307617e+00
1.059313535690307617e+00
1.059313535690307617e+00
1.059313535690307617e+00
1.459877014160156250e+00
1.105381250381469727e+00
1.105381250381469727e+00
1.105381250381469727e+00
1.105381250381469727e+00
1.105381250381469727e+00
1.105381250381469727e+00
1.105381250381469727e+00
1.105381250381469727e+00
1.347420334815979004e+00
1.347420334815979004e+00
1.347420334815979004e+00
1.347420334815979004e+00
8.890104889869689941e-01
8.890104889869689941e-01
8.890104889869689941e-01
1.223773598670959473e+00
1.223773598670959473e+00
1.223773598670959473e+00
1.260241985321044922e+00
2.887270927429199219e+00
1.636783719062805176e+00
1.636783719062805176e+00
1.636783719062805176e+00
1.636783719062805176e+00
1.636783719062805176e+00
1.636783719062805176e+00
1.636783719062805176e+00
1.636783719062805176e+00
1.636783719062805176e+00
1.636783719062805176e+00
1.521120071411132812e+00
1.521120071411132812e+00
1.521120071411132812e+00
1.663033723831176758e+00
1.663033723831176758e+00
1.663033723831176758e+00
1.663033723831176758e+00
2.449864864349365234e+00
4.745922088623046875e-01
4.745922088623046875e-01
2.003779649734497070e+00
2.003779649734497070e+00
2.003779649734497070e+00
2.003779649734497070e+00
2.003779649734497070e+00
2.003779649734497070e+00
2.003779649734497070e+00
2.003779649734497070e+00
7.703616619110107422e-01
7.703616619110107422e-01
7.703616619110107422e-01
7.703616619110107422e-01
2.113290071487426758e+00
2.113290071487426758e+00
2.113290071487426758e+00
2.113290071487426758e+00
2.113290071487426758e+00
2.113290071487426758e+00
2.113290071487426758e+00
2.113290071487426758e+00
2.113290071487426758e+00
2.113290071487426758e+00
2.113290071487426758e+00
2.113290071487426758e+00
2.113290071487426758e+00
2.113290071487426758e+00
2.113290071487426758e+00
2.113290071487426758e+00
3.013836622238159180e+00
3.013836622238159180e+00
2.350973844528198242e+00
2.350973844528198242e+00
2.350973844528198242e+00
2.941637516021728516e+00
2.941637516021728516e+00
2.928229093551635742e+00
3.977647304534912109e+00
3.977647304534912109e+00
3.977647304534912109e+00
3.319519996643066406e+00
3.319519996643066406e+00
3.319519996643066406e+00
3.319519996643066406e+00
3.319519996643066406e+00
3.319519996643066406e+00
3.319519996643066406e+00
3.319519996643066406e+00
3.319519996643066406e+00
3.319519996643066406e+00
2.695974826812744141e+00
2.695974826812744141e+00
4.324898719787597656e-01
3.084922313690185547e+00
1.007717609405517578e+00
1.007717609405517578e+00
1.007717609405517578e+00
1.007717609405517578e+00
1.007717609405517578e+00
1.007717609405517578e+00
1.007717609405517578e+00
1.007717609405517578e+00
1.007717609405517578e+00
1.571010231971740723e+00
1.571010231971740723e+00
1.478999733924865723e+00
1.478999733924865723e+00
1.659977555274963379e+00
1.659977555274963379e+00
1.659977555274963379e+00
1.659977555274963379e+00
1.659977555274963379e+00
1.659977555274963379e+00
