6.579204797744750977e-01
6.579204797744750977e-01
1.005722403526306152e+00
9.873719215393066406e-01
6.309407353401184082e-01
6.976300477981567383e-01
6.976300477981567383e-01
6.976300477981567383e-01
6.976300477981567383e-01
6.976300477981567383e-01
6.976300477981567383e-01
6.976300477981567383e-01
6.976300477981567383e-01
6.976300477981567383e-01
6.976300477981567383e-01
6.976300477981567383e-01
6.976300477981567383e-01
6.976300477981567383e-01
3.977263569831848145e-01
3.977263569831848145e-01
5.489579439163208008e-01
4.445132613182067871e-01
4.445132613182067871e-01
1.377016544342041016e+00
1.377016544342041016e+00
1.377016544342041016e+00
1.377016544342041016e+00
1.428153991699218750e+00
2.955342531204223633e-01
2.955342531204223633e-01
2.955342531204223633e-01
2.955342531204223633e-01
2.955342531204223633e-01
2.756196260452270508e-01
2.756196260452270508e-01
7.405525445938110352e-01
8.382756710052490234e-01
8.382756710052490234e-01
5.486588478088378906e-01
5.486588478088378906e-01
5.486588478088378906e-01
5.486588478088378906e-01
9.801157712936401367e-01
9.801157712936401367e-01
9.801157712936401367e-01
1.355021476745605469e+00
3.537092208862304688e-01
3.537092208862304688e-01
3.537092208862304688e-01
3.537092208862304688e-01
7.786043882369995117e-01
7.786043882369995117e-01
1.490556716918945312e+00
1.490556716918945312e+00
1.490556716918945312e+00
1.490556716918945312e+00
7.902829051017761230e-01
7.902829051017761230e-01
7.902829051017761230e-01
7.902829051017761230e-01
1.988500356674194336e+00
4.825292825698852539e-01
4.825292825698852539e-01
1.055150151252746582e+00
1.055150151252746582e+00
6.246153116226196289e-01
1.944856524467468262e+00
1.512026667594909668e+00
1.512026667594909668e+00
4.769335985183715820e-01
4.769335985183715820e-01
6.509432792663574219e-01
1.045042634010314941e+00
1.045042634010314941e+00
1.294125676155090332e+00
1.815820813179016113e+00
1.815820813179016113e+00
1.815820813179016113e+00
1.815820813179016113e+00
1.596033453941345215e+00
4.433166980743408203e-01
4.433166980743408203e-01
4.433166980743408203e-01
4.433166980743408203e-01
1.266232967376708984e+00
1.266232967376708984e+00
1.266232967376708984e+00
1.266232967376708984e+00
1.266232967376708984e+00
1.266232967376708984e+00
1.870099306106567383e-01
1.870099306106567383e-01
1.870099306106567383e-01
1.613974213600158691e+00
1.445155501365661621e+00
1.445155501365661621e+00
1.859789848327636719e+00
1.859789848327636719e+00
1.859789848327636719e+00
9.102082252502441406e-01
9.102082252502441406e-01
9.988664388656616211e-01
3.942673206329345703e-01
3.942673206329345703e-01
4.917920529842376709e-01
4.917920529842376709e-01
4.917920529842376709e-01
7.003124952316284180e-01
7.003124952316284180e-01
1.206438541412353516e+00
1.206438541412353516e+00
1.206438541412353516e+00
1.206438541412353516e+00
1.206438541412353516e+00
1.206438541412353516e+00
1.206438541412353516e+00
1.433501720428466797e+00
1.190546035766601562e+00
1.190546035766601562e+00
1.190546035766601562e+00
1.190546035766601562e+00
1.190546035766601562e+00
1.190546035766601562e+00
1.190546035766601562e+00
1.190546035766601562e+00
7.000020146369934082e-01
1.261229991912841797e+00
1.261229991912841797e+00
1.261229991912841797e+00
8.475357294082641602e-01
8.475357294082641602e-01
8.475357294082641602e-01
8.475357294082641602e-01
9.521271586418151855e-01
9.521271586418151855e-01
9.521271586418151855e-01
9.521271586418151855e-01
9.521271586418151855e-01
9.521271586418151855e-01
9.521271586418151855e-01
3.478417396545410156e-01
3.478417396545410156e-01
3.478417396545410156e-01
3.478417396545410156e-01
1.981131881475448608e-01
1.638115346431732178e-01
1.237660765647888184e+00
1.126055002212524414e+00
1.126055002212524414e+00
9.220017194747924805e-01
9.220017194747924805e-01
9.220017194747924805e-01
9.220017194747924805e-01
9.220017194747924805e-01
9.220017194747924805e-01
9.220017194747924805e-01
1.481543779373168945e+00
5.080258846282958984e-01
5.080258846282958984e-01
5.080258846282958984e-01
7.348417639732360840e-01
7.348417639732360840e-01
9.799727797508239746e-01
7.959289550781250000e-01
7.959289550781250000e-01
1.021689534187316895e+00
1.021689534187316895e+00
4.452630281448364258e-01
4.452630281448364258e-01
4.452630281448364258e-01
4.452630281448364258e-01
4.452630281448364258e-01
1.121020793914794922e+00
1.121020793914794922e+00
1.121020793914794922e+00
1.121020793914794922e+00
1.121020793914794922e+00
1.121020793914794922e+00
1.121020793914794922e+00
8.808242082595825195e-01
8.808242082595825195e-01
4.573800861835479736e-01
4.573800861835479736e-01
4.573800861835479736e-01
4.573800861835479736e-01
4.573800861835479736e-01
1.321994662284851074e+00
1.321994662284851074e+00
1.206965923309326172e+00
1.206965923309326172e+00
1.206965923309326172e+00
1.206965923309326172e+00
1.261363029479980469e-01
8.659567236900329590e-01
1.790917277336120605e+00
8.396651148796081543e-01
4.861162602901458740e-01
4.861162602901458740e-01
4.861162602901458740e-01
4.861162602901458740e-01
4.861162602901458740e-01
4.861162602901458740e-01
4.861162602901458740e-01
7.213081121444702148e-01
7.213081121444702148e-01
7.213081121444702148e-01
3.771360218524932861e-01
3.771360218524932861e-01
3.771360218524932861e-01
3.771360218524932861e-01
5.722837448120117188e-01
5.722837448120117188e-01
5.722837448120117188e-01
5.722837448120117188e-01
8.439477682113647461e-01
8.439477682113647461e-01
8.439477682113647461e-01
8.439477682113647461e-01
8.439477682113647461e-01
1.811189174652099609e+00
1.811189174652099609e+00
1.811189174652099609e+00
1.811189174652099609e+00
1.811189174652099609e+00
1.811189174652099609e+00
1.811189174652099609e+00
1.811189174652099609e+00
1.811189174652099609e+00
1.811189174652099609e+00
1.191858530044555664e+00
1.191858530044555664e+00
1.191858530044555664e+00
1.191858530044555664e+00
1.191858530044555664e+00
1.191858530044555664e+00
1.191858530044555664e+00
2.774960994720458984e-01
9.868622422218322754e-01
6.553844213485717773e-01
6.553844213485717773e-01
6.553844213485717773e-01
6.553844213485717773e-01
6.553844213485717773e-01
6.553844213485717773e-01
6.553844213485717773e-01
6.553844213485717773e-01
6.553844213485717773e-01
6.553844213485717773e-01
6.553844213485717773e-01
6.553844213485717773e-01
1.891683578491210938e+00
1.352336645126342773e+00
8.369354009628295898e-01
4.268672466278076172e-01
4.268672466278076172e-01
4.268672466278076172e-01
6.994771957397460938e-01
6.994771957397460938e-01
6.994771957397460938e-01
6.994771957397460938e-01
6.994771957397460938e-01
6.994771957397460938e-01
6.994771957397460938e-01
6.994771957397460938e-01
6.994771957397460938e-01
1.086722970008850098e+00
1.086722970008850098e+00
1.086722970008850098e+00
1.086722970008850098e+00
1.086722970008850098e+00
1.086722970008850098e+00
1.086722970008850098e+00
9.436002969741821289e-01
9.436002969741821289e-01
9.436002969741821289e-01
9.436002969741821289e-01
8.680750131607055664e-01
9.502814412117004395e-01
9.502814412117004395e-01
9.502814412117004395e-01
9.502814412117004395e-01
9.502814412117004395e-01
9.502814412117004395e-01
9.502814412117004395e-01
5.743799805641174316e-01
5.743799805641174316e-01
5.743799805641174316e-01
7.974504232406616211e-01
7.974504232406616211e-01
1.096801638603210449e+00
1.137038946151733398e+00
1.137038946151733398e+00
1.137038946151733398e+00
1.137038946151733398e+00
1.137038946151733398e+00
4.251508712768554688e-01
4.251508712768554688e-01
1.424040794372558594e+00
1.424040794372558594e+00
1.424040794372558594e+00
1.424040794372558594e+00
1.424040794372558594e+00
7.214770317077636719e-01
7.214770317077636719e-01
1.096923828125000000e+00
2.057612180709838867e+00
2.057612180709838867e+00
1.471068143844604492e+00
1.474830865859985352e+00
1.474830865859985352e+00
1.474830865859985352e+00
1.474830865859985352e+00
1.474830865859985352e+00
4.678903818130493164e-01
9.489827752113342285e-01
1.530529737472534180e+00
1.530529737472534180e+00
1.530529737472534180e+00
1.530529737472534180e+00
1.530529737472534180e+00
1.530529737472534180e+00
1.490225672721862793e+00
1.490225672721862793e+00
1.562591314315795898e+00
5.003753900527954102e-01
5.003753900527954102e-01
5.003753900527954102e-01
4.504770040512084961e-01
1.008907079696655273e+00
1.008907079696655273e+00
1.008907079696655273e+00
1.008907079696655273e+00
6.347128152847290039e-01
6.347128152847290039e-01
9.574544429779052734e-01
9.574544429779052734e-01
9.574544429779052734e-01
9.574544429779052734e-01
9.574544429779052734e-01
1.725986599922180176e-01
1.472169637680053711e+00
1.472169637680053711e+00
1.472169637680053711e+00
1.472169637680053711e+00
1.472169637680053711e+00
1.130107641220092773e+00
1.454409241676330566e+00
1.454409241676330566e+00
1.454409241676330566e+00
9.727582931518554688e-01
9.727582931518554688e-01
9.727582931518554688e-01
1.249611973762512207e-01
3.692506551742553711e-01
7.349095940589904785e-01
1.610197901725769043e+00
1.657615303993225098e+00
1.657615303993225098e+00
1.657615303993225098e+00
1.657615303993225098e+00
1.657615303993225098e+00
1.615232467651367188e+00
1.615232467651367188e+00
7.603095173835754395e-01
7.603095173835754395e-01
7.603095173835754395e-01
7.603095173835754395e-01
7.603095173835754395e-01
1.038802504539489746e+00
1.038802504539489746e+00
1.465185284614562988e+00
6.752242445945739746e-01
6.752242445945739746e-01
6.752242445945739746e-01
6.752242445945739746e-01
6.752242445945739746e-01
7.701755166053771973e-01
8.557918667793273926e-01
8.557918667793273926e-01
8.557918667793273926e-01
8.557918667793273926e-01
6.169159412384033203e-01
6.169159412384033203e-01
5.376517176628112793e-01
2.058427572250366211e+00
1.131786227226257324e+00
1.488212943077087402e+00
1.398288488388061523e+00
1.398288488388061523e+00
6.018394827842712402e-01
6.018394827842712402e-01
6.018394827842712402e-01
6.018394827842712402e-01
7.835545539855957031e-01
7.835545539855957031e-01
1.734002828598022461e-01
1.884121894836425781e+00
1.884121894836425781e+00
1.060693502426147461e+00
1.060693502426147461e+00
1.060693502426147461e+00
1.060693502426147461e+00
1.060693502426147461e+00
1.125557422637939453e+00
1.125557422637939453e+00
1.402495980262756348e+00
1.003129005432128906e+00
6.059365272521972656e-01
9.524007439613342285e-01
9.524007439613342285e-01
9.524007439613342285e-01
9.524007439613342285e-01
9.524007439613342285e-01
4.090220928192138672e-01
4.090220928192138672e-01
4.090220928192138672e-01
4.090220928192138672e-01
9.492537975311279297e-01
9.492537975311279297e-01
9.492537975311279297e-01
7.273226976394653320e-01
7.273226976394653320e-01
9.973809719085693359e-01
9.973809719085693359e-01
9.973809719085693359e-01
9.973809719085693359e-01
9.973809719085693359e-01
9.973809719085693359e-01
8.869991302490234375e-01
8.869991302490234375e-01
1.107896089553833008e+00
4.562182426452636719e-01
7.781906127929687500e-01
1.429598927497863770e+00
1.089559078216552734e+00
1.089559078216552734e+00
1.089559078216552734e+00
4.235002398490905762e-01
4.235002398490905762e-01
1.844929695129394531e+00
6.230570077896118164e-01
1.298528671264648438e+00
1.812721490859985352e+00
1.812721490859985352e+00
1.812721490859985352e+00
1.812721490859985352e+00
1.812721490859985352e+00
1.812721490859985352e+00
1.812721490859985352e+00
1.065981149673461914e+00
1.286454916000366211e+00
1.286454916000366211e+00
9.324846267700195312e-01
9.324846267700195312e-01
9.324846267700195312e-01
6.545003652572631836e-01
6.545003652572631836e-01
6.545003652572631836e-01
6.545003652572631836e-01
6.545003652572631836e-01
6.545003652572631836e-01
6.545003652572631836e-01
6.545003652572631836e-01
6.545003652572631836e-01
1.135055303573608398e+00
1.135055303573608398e+00
5.788589715957641602e-01
3.586001098155975342e-01
3.586001098155975342e-01
3.586001098155975342e-01
8.334187269210815430e-01
8.334187269210815430e-01
8.253114819526672363e-01
1.155821323394775391e+00
3.935866355895996094e-01
7.043832540512084961e-01
4.510420560836791992e-01
4.510420560836791992e-01
1.111002206802368164e+00
1.111002206802368164e+00
4.434939622879028320e-01
4.434939622879028320e-01
4.434939622879028320e-01
4.434939622879028320e-01
4.434939622879028320e-01
4.434939622879028320e-01
4.434939622879028320e-01
4.434939622879028320e-01
4.434939622879028320e-01
4.434939622879028320e-01
4.434939622879028320e-01
4.434939622879028320e-01
4.434939622879028320e-01
4.434939622879028320e-01
4.434939622879028320e-01
7.240948677062988281e-01
7.240948677062988281e-01
7.240948677062988281e-01
7.240948677062988281e-01
1.079932212829589844e+00
1.271766066551208496e+00
1.271766066551208496e+00
1.040111184120178223e+00
9.657579660415649414e-01
9.360827207565307617e-01
9.360827207565307617e-01
9.360827207565307617e-01
9.360827207565307617e-01
2.395045161247253418e-01
2.395045161247253418e-01
4.680107533931732178e-01
4.680107533931732178e-01
4.680107533931732178e-01
9.419301748275756836e-01
9.419301748275756836e-01
9.419301748275756836e-01
3.530738949775695801e-01
9.498804807662963867e-01
9.498804807662963867e-01
7.928652167320251465e-01
7.928652167320251465e-01
7.928652167320251465e-01
7.928652167320251465e-01
7.928652167320251465e-01
7.928652167320251465e-01
7.928652167320251465e-01
1.019958496093750000e+00
1.019958496093750000e+00
1.374606132507324219e+00
1.374606132507324219e+00
1.700758457183837891e+00
1.700758457183837891e+00
1.500178933143615723e+00
1.500178933143615723e+00
1.500178933143615723e+00
1.500178933143615723e+00
1.500178933143615723e+00
1.500178933143615723e+00
1.480492949485778809e+00
1.410362601280212402e+00
1.595155715942382812e+00
1.595155715942382812e+00
1.595155715942382812e+00
1.595155715942382812e+00
1.595155715942382812e+00
1.246901631355285645e+00
1.204377889633178711e+00
9.426106214523315430e-01
9.426106214523315430e-01
1.402334213256835938e+00
1.402334213256835938e+00
1.402334213256835938e+00
6.089074015617370605e-01
6.089074015617370605e-01
6.089074015617370605e-01
6.089074015617370605e-01
8.117829561233520508e-01
8.117829561233520508e-01
8.117829561233520508e-01
1.535352230072021484e+00
1.453763604164123535e+00
1.453763604164123535e+00
1.237871408462524414e+00
6.306869983673095703e-01
6.306869983673095703e-01
6.306869983673095703e-01
6.306869983673095703e-01
6.306869983673095703e-01
6.306869983673095703e-01
1.453719735145568848e-01
1.453719735145568848e-01
1.453719735145568848e-01
1.961517333984375000e-01
1.961517333984375000e-01
1.961517333984375000e-01
1.961517333984375000e-01
1.961517333984375000e-01
1.961517333984375000e-01
8.042201995849609375e-01
8.042201995849609375e-01
8.042201995849609375e-01
1.499148488044738770e+00
1.499148488044738770e+00
1.499148488044738770e+00
1.499148488044738770e+00
1.499148488044738770e+00
1.667174100875854492e-01
1.667174100875854492e-01
1.667174100875854492e-01
8.251401782035827637e-01
8.251401782035827637e-01
8.251401782035827637e-01
5.098961591720581055e-01
6.597188115119934082e-01
6.597188115119934082e-01
6.597188115119934082e-01
6.597188115119934082e-01
6.597188115119934082e-01
6.597188115119934082e-01
6.597188115119934082e-01
6.597188115119934082e-01
6.597188115119934082e-01
6.597188115119934082e-01
6.597188115119934082e-01
6.597188115119934082e-01
6.597188115119934082e-01
8.593643903732299805e-01
8.593643903732299805e-01
8.593643903732299805e-01
1.323923826217651367e+00
1.323923826217651367e+00
1.418542146682739258e+00
1.222470521926879883e+00
1.278999924659729004e+00
1.278999924659729004e+00
1.044332861900329590e+00
1.044332861900329590e+00
2.386981964111328125e+00
2.386981964111328125e+00
2.386981964111328125e+00
2.386981964111328125e+00
2.386981964111328125e+00
4.067046642303466797e-01
1.364087104797363281e+00
1.226496219635009766e+00
1.226496219635009766e+00
9.588853716850280762e-01
1.691347360610961914e+00
1.411326646804809570e+00
1.411326646804809570e+00
1.411326646804809570e+00
1.411326646804809570e+00
1.411326646804809570e+00
1.411326646804809570e+00
1.411326646804809570e+00
1.411326646804809570e+00
1.411326646804809570e+00
1.180523872375488281e+00
7.985503673553466797e-01
1.444734215736389160e+00
1.089630126953125000e+00
2.093296051025390625e+00
2.152383327484130859e-01
2.152383327484130859e-01
4.801616370677947998e-01
4.801616370677947998e-01
4.801616370677947998e-01
4.801616370677947998e-01
4.801616370677947998e-01
4.801616370677947998e-01
4.801616370677947998e-01
4.801616370677947998e-01
4.801616370677947998e-01
4.801616370677947998e-01
4.801616370677947998e-01
7.425882816314697266e-01
7.425882816314697266e-01
7.425882816314697266e-01
7.425882816314697266e-01
3.082959651947021484e-01
3.082959651947021484e-01
3.082959651947021484e-01
3.082959651947021484e-01
1.950522303581237793e+00
1.950522303581237793e+00
8.015574216842651367e-01
8.015574216842651367e-01
1.316031575202941895e+00
1.316031575202941895e+00
1.316031575202941895e+00
1.316031575202941895e+00
1.316031575202941895e+00
1.191000342369079590e+00
3.814139366149902344e-01
6.628960371017456055e-01
6.884728074073791504e-01
6.884728074073791504e-01
6.884728074073791504e-01
6.884728074073791504e-01
6.884728074073791504e-01
6.884728074073791504e-01
8.963734507560729980e-01
8.963734507560729980e-01
8.963734507560729980e-01
1.280547142028808594e+00
1.280547142028808594e+00
4.138734340667724609e-01
4.138734340667724609e-01
4.138734340667724609e-01
1.496920347213745117e+00
1.496920347213745117e+00
1.496920347213745117e+00
1.496920347213745117e+00
1.496920347213745117e+00
1.496920347213745117e+00
1.496920347213745117e+00
1.313200592994689941e+00
1.313200592994689941e+00
2.336062192916870117e-01
2.336062192916870117e-01
2.336062192916870117e-01
2.336062192916870117e-01
2.336062192916870117e-01
2.336062192916870117e-01
2.336062192916870117e-01
2.336062192916870117e-01
2.336062192916870117e-01
2.336062192916870117e-01
3.276857137680053711e-01
3.276857137680053711e-01
9.039161801338195801e-01
9.039161801338195801e-01
9.039161801338195801e-01
9.175562858581542969e-01
6.642689704895019531e-01
1.197991132736206055e+00
5.948988199234008789e-01
6.523987650871276855e-01
6.523987650871276855e-01
6.523987650871276855e-01
6.523987650871276855e-01
6.523987650871276855e-01
6.523987650871276855e-01
6.523987650871276855e-01
6.523987650871276855e-01
8.874541521072387695e-01
8.874541521072387695e-01
1.557218551635742188e+00
5.732997655868530273e-01
5.732997655868530273e-01
7.975643873214721680e-01
1.325259447097778320e+00
1.325259447097778320e+00
5.101990699768066406e-01
5.101990699768066406e-01
5.426125526428222656e-01
1.582624912261962891e+00
1.582624912261962891e+00
1.369159221649169922e+00
1.369159221649169922e+00
8.598818182945251465e-01
7.021037936210632324e-01
1.144533514976501465e+00
1.524585008621215820e+00
1.524585008621215820e+00
5.933485627174377441e-01
8.455210328102111816e-01
6.288544535636901855e-01
6.288544535636901855e-01
6.288544535636901855e-01
6.288544535636901855e-01
6.288544535636901855e-01
6.288544535636901855e-01
6.288544535636901855e-01
3.221720755100250244e-01
3.221720755100250244e-01
1.076238155364990234e-01
1.420025676488876343e-01
1.449639201164245605e-01
1.456588983535766602e+00
1.456588983535766602e+00
1.456588983535766602e+00
1.346736550331115723e+00
1.346736550331115723e+00
1.346736550331115723e+00
5.597012042999267578e-01
5.597012042999267578e-01
5.597012042999267578e-01
1.101898431777954102e+00
1.101898431777954102e+00
1.058300614356994629e+00
1.058300614356994629e+00
1.058300614356994629e+00
1.058300614356994629e+00
1.058300614356994629e+00
1.058300614356994629e+00
1.058300614356994629e+00
1.058300614356994629e+00
1.157143473625183105e+00
1.157143473625183105e+00
1.157143473625183105e+00
1.157143473625183105e+00
7.657603025436401367e-01
7.657603025436401367e-01
7.604110836982727051e-01
1.438968658447265625e+00
1.438968658447265625e+00
1.037469506263732910e+00
1.037469506263732910e+00
1.037469506263732910e+00
5.489478111267089844e-01
5.489478111267089844e-01
3.645386695861816406e-01
5.562384724617004395e-01
5.562384724617004395e-01
2.720721960067749023e-01
2.720721960067749023e-01
2.720721960067749023e-01
2.720721960067749023e-01
2.720721960067749023e-01
2.720721960067749023e-01
2.720721960067749023e-01
8.488320708274841309e-01
9.349817037582397461e-01
1.165843367576599121e+00
1.165843367576599121e+00
1.165843367576599121e+00
1.165843367576599121e+00
1.165843367576599121e+00
1.165843367576599121e+00
1.165843367576599121e+00
1.165843367576599121e+00
1.165843367576599121e+00
1.165843367576599121e+00
1.165843367576599121e+00
1.165843367576599121e+00
6.453205943107604980e-01
6.453205943107604980e-01
1.350288629531860352e+00
1.350288629531860352e+00
1.350288629531860352e+00
1.350288629531860352e+00
1.350288629531860352e+00
1.350288629531860352e+00
1.350288629531860352e+00
6.592881679534912109e-01
6.393295526504516602e-01
5.656825304031372070e-01
5.656825304031372070e-01
5.656825304031372070e-01
1.861530840396881104e-01
1.861530840396881104e-01
9.375008344650268555e-01
9.375008344650268555e-01
9.375008344650268555e-01
9.375008344650268555e-01
5.133388042449951172e-01
8.164568543434143066e-01
8.164568543434143066e-01
9.977403283119201660e-01
9.115909337997436523e-01
9.115909337997436523e-01
9.115909337997436523e-01
9.115909337997436523e-01
5.573992133140563965e-01
5.573992133140563965e-01
5.573992133140563965e-01
1.270105123519897461e+00
1.270105123519897461e+00
1.270105123519897461e+00
1.383780956268310547e+00
1.383780956268310547e+00
1.841891288757324219e+00
1.841891288757324219e+00
1.841891288757324219e+00
1.545939564704895020e+00
1.141808152198791504e+00
1.141808152198791504e+00
1.141808152198791504e+00
1.141808152198791504e+00
1.342725396156311035e+00
1.342725396156311035e+00
1.342725396156311035e+00
1.342725396156311035e+00
1.342725396156311035e+00
1.771803975105285645e+00
2.429569959640502930e-01
2.429569959640502930e-01
8.023402094841003418e-01
2.387776613235473633e+00
1.129855275154113770e+00
1.181558370590209961e-01
5.529043078422546387e-01
5.529043078422546387e-01
5.529043078422546387e-01
3.938855528831481934e-01
9.208874106407165527e-01
9.208874106407165527e-01
9.208874106407165527e-01
9.208874106407165527e-01
9.208874106407165527e-01
9.208874106407165527e-01
1.051683306694030762e+00
1.051683306694030762e+00
8.701387047767639160e-01
7.127792239189147949e-01
7.127792239189147949e-01
7.127792239189147949e-01
7.127792239189147949e-01
7.127792239189147949e-01
7.127792239189147949e-01
7.127792239189147949e-01
7.127792239189147949e-01
7.127792239189147949e-01
7.127792239189147949e-01
7.332631349563598633e-01
7.332631349563598633e-01
7.332631349563598633e-01
5.194278359413146973e-01
5.194278359413146973e-01
9.906603693962097168e-01
9.906603693962097168e-01
9.906603693962097168e-01
9.906603693962097168e-01
9.906603693962097168e-01
9.906603693962097168e-01
9.538191556930541992e-01
9.538191556930541992e-01
9.538191556930541992e-01
5.096555948257446289e-01
5.096555948257446289e-01
5.096555948257446289e-01
9.510194659233093262e-01
9.510194659233093262e-01
9.510194659233093262e-01
9.510194659233093262e-01
9.510194659233093262e-01
9.510194659233093262e-01
1.544744133949279785e+00
1.544744133949279785e+00
1.544744133949279785e+00
9.888930916786193848e-01
7.822910547256469727e-01
7.822910547256469727e-01
7.822910547256469727e-01
7.822910547256469727e-01
7.822910547256469727e-01
7.822910547256469727e-01
7.822910547256469727e-01
1.373484253883361816e+00
1.715010404586791992e+00
1.715010404586791992e+00
1.715010404586791992e+00
1.715010404586791992e+00
1.715010404586791992e+00
1.715010404586791992e+00
1.450670599937438965e+00
1.450670599937438965e+00
1.511206269264221191e+00
1.588044047355651855e+00
1.588044047355651855e+00
1.588044047355651855e+00
1.588044047355651855e+00
1.588044047355651855e+00
1.588044047355651855e+00
1.588044047355651855e+00
8.779005408287048340e-01
8.779005408287048340e-01
8.779005408287048340e-01
8.779005408287048340e-01
8.779005408287048340e-01
7.678053379058837891e-01
1.176776885986328125e+00
1.176776885986328125e+00
1.018436908721923828e+00
1.769107103347778320e+00
1.769107103347778320e+00
1.769107103347778320e+00
1.769107103347778320e+00
1.373051643371582031e+00
1.373051643371582031e+00
1.373051643371582031e+00
1.971824169158935547e+00
1.918309569358825684e+00
1.917743206024169922e+00
3.573914766311645508e-01
3.573914766311645508e-01
3.573914766311645508e-01
1.237271547317504883e+00
8.141734600067138672e-01
8.141734600067138672e-01
6.772792339324951172e-01
6.772792339324951172e-01
1.111929774284362793e+00
1.111929774284362793e+00
7.789719104766845703e-01
5.804045200347900391e-01
1.132179021835327148e+00
5.677411556243896484e-01
5.677411556243896484e-01
5.677411556243896484e-01
5.677411556243896484e-01
5.677411556243896484e-01
5.677411556243896484e-01
5.677411556243896484e-01
5.677411556243896484e-01
5.677411556243896484e-01
5.677411556243896484e-01
1.318450212478637695e+00
1.318450212478637695e+00
1.318450212478637695e+00
7.454833388328552246e-01
7.454833388328552246e-01
7.454833388328552246e-01
7.454833388328552246e-01
7.454833388328552246e-01
7.454833388328552246e-01
7.454833388328552246e-01
7.454833388328552246e-01
7.454833388328552246e-01
4.340743720531463623e-01
2.018557488918304443e-01
2.018557488918304443e-01
2.018557488918304443e-01
1.377567887306213379e+00
1.440359711647033691e+00
1.440359711647033691e+00
1.440359711647033691e+00
1.440359711647033691e+00
1.440359711647033691e+00
1.289898157119750977e+00
1.121850609779357910e+00
1.121850609779357910e+00
1.188443422317504883e+00
1.098555326461791992e-01
1.377764225006103516e+00
1.377764225006103516e+00
1.377764225006103516e+00
1.377764225006103516e+00
1.377764225006103516e+00
1.004259943962097168e+00
1.004259943962097168e+00
1.004259943962097168e+00
1.004259943962097168e+00
1.004259943962097168e+00
1.004259943962097168e+00
1.829934716224670410e-01
1.829934716224670410e-01
6.253697872161865234e-01
1.157489061355590820e+00
1.565802097320556641e+00
8.157806396484375000e-01
8.157806396484375000e-01
8.157806396484375000e-01
8.157806396484375000e-01
8.157806396484375000e-01
8.157806396484375000e-01
8.157806396484375000e-01
8.157806396484375000e-01
8.157806396484375000e-01
8.157806396484375000e-01
8.157806396484375000e-01
8.157806396484375000e-01
8.157806396484375000e-01
1.443549156188964844e+00
1.443549156188964844e+00
1.443549156188964844e+00
9.575427174568176270e-01
9.575427174568176270e-01
9.575427174568176270e-01
1.023391366004943848e+00
1.444559693336486816e+00
1.444559693336486816e+00
1.218422889709472656e+00
1.218422889709472656e+00
1.218422889709472656e+00
1.218422889709472656e+00
1.218422889709472656e+00
1.119254350662231445e+00
8.216845393180847168e-01
6.229416131973266602e-01
6.229416131973266602e-01
8.621265292167663574e-01
8.590245246887207031e-01
8.590245246887207031e-01
8.590245246887207031e-01
8.590245246887207031e-01
5.851076841354370117e-01
5.851076841354370117e-01
5.851076841354370117e-01
9.913617372512817383e-01
9.913617372512817383e-01
9.913617372512817383e-01
9.913617372512817383e-01
9.913617372512817383e-01
9.913617372512817383e-01
3.111358284950256348e-01
3.111358284950256348e-01
3.111358284950256348e-01
2.042209953069686890e-01
2.042209953069686890e-01
2.042209953069686890e-01
3.411796689033508301e-01
3.411796689033508301e-01
3.411796689033508301e-01
9.816729426383972168e-01
9.816729426383972168e-01
9.816729426383972168e-01
3.407856225967407227e-01
3.407856225967407227e-01
3.407856225967407227e-01
3.407856225967407227e-01
1.142894864082336426e+00
6.775048971176147461e-01
6.775048971176147461e-01
6.775048971176147461e-01
6.429021358489990234e-01
6.429021358489990234e-01
6.429021358489990234e-01
6.429021358489990234e-01
6.429021358489990234e-01
6.429021358489990234e-01
6.429021358489990234e-01
4.586834013462066650e-01
4.586834013462066650e-01
4.775718450546264648e-01
1.068965911865234375e+00
8.786917328834533691e-01
8.786917328834533691e-01
8.786917328834533691e-01
8.786917328834533691e-01
8.786917328834533691e-01
8.786917328834533691e-01
8.786917328834533691e-01
5.041424036026000977e-01
7.195063829421997070e-01
7.195063829421997070e-01
8.570453524589538574e-01
4.244669079780578613e-01
4.244669079780578613e-01
4.244669079780578613e-01
4.244669079780578613e-01
4.244669079780578613e-01
4.244669079780578613e-01
4.244669079780578613e-01
1.011326193809509277e+00
1.338898777961730957e+00
1.338898777961730957e+00
1.009851455688476562e+00
1.867980837821960449e+00
1.867980837821960449e+00
1.963764786720275879e+00
1.368104577064514160e+00
1.368104577064514160e+00
1.368104577064514160e+00
7.936092615127563477e-01
4.400613009929656982e-01
4.400613009929656982e-01
4.400613009929656982e-01
4.400613009929656982e-01
4.400613009929656982e-01
4.400613009929656982e-01
4.400613009929656982e-01
4.400613009929656982e-01
4.400613009929656982e-01
4.400613009929656982e-01
1.428255140781402588e-01
1.421163320541381836e+00
1.421163320541381836e+00
1.421163320541381836e+00
1.421163320541381836e+00
5.411947369575500488e-01
1.114960193634033203e+00
1.114960193634033203e+00
1.144471287727355957e+00
1.144471287727355957e+00
1.144471287727355957e+00
1.069738507270812988e+00
1.069738507270812988e+00
9.834135770797729492e-01
9.834135770797729492e-01
9.834135770797729492e-01
1.493319272994995117e+00
1.493319272994995117e+00
1.493319272994995117e+00
1.493319272994995117e+00
1.593740820884704590e+00
9.737023115158081055e-01
9.737023115158081055e-01
9.737023115158081055e-01
9.737023115158081055e-01
9.737023115158081055e-01
6.752808094024658203e-01
6.752808094024658203e-01
6.799807548522949219e-01
6.799807548522949219e-01
6.799807548522949219e-01
6.799807548522949219e-01
6.799807548522949219e-01
1.090523719787597656e+00
9.503735899925231934e-01
9.503735899925231934e-01
9.503735899925231934e-01
9.503735899925231934e-01
6.287202835083007812e-01
6.287202835083007812e-01
6.287202835083007812e-01
6.287202835083007812e-01
1.242377519607543945e+00
1.249843120574951172e+00
1.249843120574951172e+00
1.249843120574951172e+00
1.249843120574951172e+00
1.249843120574951172e+00
1.249843120574951172e+00
1.249843120574951172e+00
1.474294066429138184e+00
1.406780600547790527e+00
1.117083549499511719e+00
2.995767593383789062e-01
2.995767593383789062e-01
1.102356433868408203e+00
1.102356433868408203e+00
5.954642295837402344e-01
5.954642295837402344e-01
5.954642295837402344e-01
5.954642295837402344e-01
1.234489679336547852e+00
1.362624049186706543e+00
8.644635677337646484e-01
8.644635677337646484e-01
8.644635677337646484e-01
1.199215054512023926e+00
1.199215054512023926e+00
1.199215054512023926e+00
1.199215054512023926e+00
1.199215054512023926e+00
1.199215054512023926e+00
1.199215054512023926e+00
6.298223733901977539e-01
6.298223733901977539e-01
9.484438896179199219e-01
1.083028674125671387e+00
1.184899568557739258e+00
1.184899568557739258e+00
1.184899568557739258e+00
9.786343574523925781e-02
9.786343574523925781e-02
9.786343574523925781e-02
1.312237739562988281e+00
1.430584073066711426e+00
7.098445296287536621e-01
7.098445296287536621e-01
7.098445296287536621e-01
7.249535322189331055e-01
7.249535322189331055e-01
7.249535322189331055e-01
7.249535322189331055e-01
7.249535322189331055e-01
7.249535322189331055e-01
7.249535322189331055e-01
7.249535322189331055e-01
7.249535322189331055e-01
7.249535322189331055e-01
7.249535322189331055e-01
7.249535322189331055e-01
7.249535322189331055e-01
7.249535322189331055e-01
7.249535322189331055e-01
1.235453009605407715e+00
1.235453009605407715e+00
3.996174335479736328e-01
3.996174335479736328e-01
3.996174335479736328e-01
3.996174335479736328e-01
1.461962699890136719e+00
1.247147798538208008e+00
1.283155679702758789e+00
1.186308979988098145e+00
1.186308979988098145e+00
1.186308979988098145e+00
5.554015040397644043e-01
7.725975513458251953e-01
4.861271679401397705e-01
4.861271679401397705e-01
4.861271679401397705e-01
9.099947214126586914e-01
9.099947214126586914e-01
9.099947214126586914e-01
2.108324766159057617e-01
2.108324766159057617e-01
2.108324766159057617e-01
1.533094406127929688e+00
8.321914076805114746e-01
8.321914076805114746e-01
8.321914076805114746e-01
8.321914076805114746e-01
8.321914076805114746e-01
6.206894516944885254e-01
6.206894516944885254e-01
1.744950056076049805e+00
2.140843868255615234e+00
9.624099731445312500e-01
9.624099731445312500e-01
4.422351717948913574e-01
4.422351717948913574e-01
1.220231294631958008e+00
1.280195713043212891e+00
1.280195713043212891e+00
1.193796277046203613e+00
6.226242184638977051e-01
6.226242184638977051e-01
6.226242184638977051e-01
6.226242184638977051e-01
6.226242184638977051e-01
1.210861444473266602e+00
1.210861444473266602e+00
1.210861444473266602e+00
1.210861444473266602e+00
1.328500390052795410e+00
4.564545750617980957e-01
4.564545750617980957e-01
4.564545750617980957e-01
4.564545750617980957e-01
4.564545750617980957e-01
3.121444284915924072e-01
3.121444284915924072e-01
3.121444284915924072e-01
3.121444284915924072e-01
3.121444284915924072e-01
3.121444284915924072e-01
3.121444284915924072e-01
3.394478261470794678e-01
3.394478261470794678e-01
3.394478261470794678e-01
3.394478261470794678e-01
7.842967510223388672e-01
7.842967510223388672e-01
7.842967510223388672e-01
7.842967510223388672e-01
7.842967510223388672e-01
7.842967510223388672e-01
7.842967510223388672e-01
7.842967510223388672e-01
2.738406658172607422e-01
5.596577525138854980e-01
5.596577525138854980e-01
5.596577525138854980e-01
5.596577525138854980e-01
5.596577525138854980e-01
8.005857467651367188e-01
8.005857467651367188e-01
8.005857467651367188e-01
8.005857467651367188e-01
8.005857467651367188e-01
8.005857467651367188e-01
8.005857467651367188e-01
8.005857467651367188e-01
8.005857467651367188e-01
8.005857467651367188e-01
8.005857467651367188e-01
7.950382232666015625e-01
6.808562278747558594e-01
2.602209746837615967e-01
2.602209746837615967e-01
2.602209746837615967e-01
2.602209746837615967e-01
2.602209746837615967e-01
1.081028103828430176e+00
1.785262465476989746e+00
1.434905052185058594e+00
1.434905052185058594e+00
1.434905052185058594e+00
7.268031835556030273e-01
7.268031835556030273e-01
1.084915518760681152e+00
1.178095221519470215e+00
1.324108600616455078e+00
1.324108600616455078e+00
1.525787472724914551e+00
1.525787472724914551e+00
4.476354122161865234e-01
2.871429920196533203e-01
7.913463115692138672e-01
7.913463115692138672e-01
7.913463115692138672e-01
7.913463115692138672e-01
7.913463115692138672e-01
7.913463115692138672e-01
1.101431608200073242e+00
1.101431608200073242e+00
1.101431608200073242e+00
1.101431608200073242e+00
1.101431608200073242e+00
3.117372393608093262e-01
3.117372393608093262e-01
3.117372393608093262e-01
3.117372393608093262e-01
6.830163002014160156e-01
6.830163002014160156e-01
5.849913358688354492e-01
5.849913358688354492e-01
5.849913358688354492e-01
5.849913358688354492e-01
5.849913358688354492e-01
5.849913358688354492e-01
5.849913358688354492e-01
2.312087714672088623e-01
2.312087714672088623e-01
1.752052783966064453e+00
1.752052783966064453e+00
1.752052783966064453e+00
1.434104919433593750e+00
1.434104919433593750e+00
1.363720297813415527e+00
1.363720297813415527e+00
9.247994422912597656e-01
9.247994422912597656e-01
9.247994422912597656e-01
1.115942955017089844e+00
1.115942955017089844e+00
7.820702791213989258e-01
7.820702791213989258e-01
7.820702791213989258e-01
7.820702791213989258e-01
7.820702791213989258e-01
4.414045810699462891e-01
1.190291166305541992e+00
9.440732002258300781e-01
1.221763014793395996e+00
1.221763014793395996e+00
1.354337930679321289e+00
1.354337930679321289e+00
1.810509204864501953e+00
1.810509204864501953e+00
1.810509204864501953e+00
1.810509204864501953e+00
1.887365341186523438e+00
1.223644971847534180e+00
1.402760624885559082e+00
1.402760624885559082e+00
1.402760624885559082e+00
1.348619818687438965e+00
1.348619818687438965e+00
6.914801597595214844e-01
6.914801597595214844e-01
6.122117638587951660e-01
6.122117638587951660e-01
6.122117638587951660e-01
6.122117638587951660e-01
6.122117638587951660e-01
6.122117638587951660e-01
6.122117638587951660e-01
6.122117638587951660e-01
6.122117638587951660e-01
6.053004264831542969e-01
6.053004264831542969e-01
6.439723372459411621e-01
8.639365434646606445e-01
8.639365434646606445e-01
8.639365434646606445e-01
8.639365434646606445e-01
8.290502429008483887e-01
8.290502429008483887e-01
8.290502429008483887e-01
1.265097498893737793e+00
1.265097498893737793e+00
1.265097498893737793e+00
5.050274729728698730e-01
5.050274729728698730e-01
4.399378895759582520e-01
5.452147722244262695e-01
5.452147722244262695e-01
5.452147722244262695e-01
5.452147722244262695e-01
5.858148336410522461e-01
5.858148336410522461e-01
5.858148336410522461e-01
5.858148336410522461e-01
5.858148336410522461e-01
5.858148336410522461e-01
1.071249008178710938e+00
1.071249008178710938e+00
1.071249008178710938e+00
1.071249008178710938e+00
4.627361893653869629e-01
4.627361893653869629e-01
1.234798431396484375e+00
1.234798431396484375e+00
1.234798431396484375e+00
1.234798431396484375e+00
7.531306743621826172e-01
7.531306743621826172e-01
7.531306743621826172e-01
7.531306743621826172e-01
7.531306743621826172e-01
7.531306743621826172e-01
7.531306743621826172e-01
7.531306743621826172e-01
7.531306743621826172e-01
7.531306743621826172e-01
1.685311675071716309e+00
1.331901073455810547e+00
1.482655286788940430e+00
1.482655286788940430e+00
1.097088575363159180e+00
1.097088575363159180e+00
1.528298616409301758e+00
1.528298616409301758e+00
1.528298616409301758e+00
1.181854248046875000e+00
1.181854248046875000e+00
1.216447591781616211e+00
9.938313961029052734e-01
9.938313961029052734e-01
1.543810606002807617e+00
2.073069572448730469e+00
1.712683677673339844e+00
1.712683677673339844e+00
1.712683677673339844e+00
5.778075456619262695e-01
1.259925365447998047e+00
1.111677169799804688e+00
1.111677169799804688e+00
1.111677169799804688e+00
1.111677169799804688e+00
1.111677169799804688e+00
1.111677169799804688e+00
1.111677169799804688e+00
1.111677169799804688e+00
1.111677169799804688e+00
1.065119743347167969e+00
1.065119743347167969e+00
1.065119743347167969e+00
1.065119743347167969e+00
1.600918054580688477e+00
1.600918054580688477e+00
1.600918054580688477e+00
1.600918054580688477e+00
1.600918054580688477e+00
1.600918054580688477e+00
1.600918054580688477e+00
8.241755962371826172e-01
8.554041981697082520e-01
8.554041981697082520e-01
8.554041981697082520e-01
8.554041981697082520e-01
8.554041981697082520e-01
8.554041981697082520e-01
7.534919381141662598e-01
7.534919381141662598e-01
7.534919381141662598e-01
1.324261426925659180e-01
7.589476108551025391e-01
7.589476108551025391e-01
1.532935619354248047e+00
1.149240970611572266e+00
8.702124953269958496e-01
8.702124953269958496e-01
8.702124953269958496e-01
1.023982763290405273e+00
1.023982763290405273e+00
1.023982763290405273e+00
1.023982763290405273e+00
4.078239202499389648e-01
3.730261027812957764e-01
3.761669397354125977e-01
2.753142714500427246e-01
4.797047376632690430e-02
9.446161389350891113e-01
9.446161389350891113e-01
9.446161389350891113e-01
9.446161389350891113e-01
9.446161389350891113e-01
9.446161389350891113e-01
9.446161389350891113e-01
9.446161389350891113e-01
6.192060708999633789e-01
6.192060708999633789e-01
6.192060708999633789e-01
6.192060708999633789e-01
6.192060708999633789e-01
6.192060708999633789e-01
6.192060708999633789e-01
6.192060708999633789e-01
6.192060708999633789e-01
8.678108453750610352e-01
1.165425062179565430e+00
1.165425062179565430e+00
4.582293629646301270e-01
1.208304405212402344e+00
1.208304405212402344e+00
1.208304405212402344e+00
1.569058895111083984e+00
1.569058895111083984e+00
1.524497628211975098e+00
1.040974140167236328e+00
1.040974140167236328e+00
1.040974140167236328e+00
8.589389324188232422e-01
5.325411558151245117e-01
5.325411558151245117e-01
8.593385815620422363e-01
8.593385815620422363e-01
8.593385815620422363e-01
8.593385815620422363e-01
2.099988698959350586e+00
8.434870243072509766e-01
8.434870243072509766e-01
8.434870243072509766e-01
8.434870243072509766e-01
8.434870243072509766e-01
8.434870243072509766e-01
8.434870243072509766e-01
5.943472385406494141e-01
1.299162864685058594e+00
1.299162864685058594e+00
1.193876624107360840e+00
1.193876624107360840e+00
1.193876624107360840e+00
1.193876624107360840e+00
1.193876624107360840e+00
1.193876624107360840e+00
1.002893924713134766e+00
1.454245567321777344e+00
1.454245567321777344e+00
1.454245567321777344e+00
1.217971205711364746e+00
1.217971205711364746e+00
1.217971205711364746e+00
1.425872445106506348e+00
1.425872445106506348e+00
1.425872445106506348e+00
1.425872445106506348e+00
1.425872445106506348e+00
1.425872445106506348e+00
1.425872445106506348e+00
9.435061216354370117e-01
9.435061216354370117e-01
9.435061216354370117e-01
9.435061216354370117e-01
9.435061216354370117e-01
9.435061216354370117e-01
9.435061216354370117e-01
9.435061216354370117e-01
9.435061216354370117e-01
9.435061216354370117e-01
9.435061216354370117e-01
9.435061216354370117e-01
9.435061216354370117e-01
9.435061216354370117e-01
9.435061216354370117e-01
1.395538330078125000e+00
9.864242076873779297e-01
1.095369338989257812e+00
1.095369338989257812e+00
4.389480948448181152e-01
4.389480948448181152e-01
1.206420183181762695e+00
1.206420183181762695e+00
1.206420183181762695e+00
1.206420183181762695e+00
1.206420183181762695e+00
1.206420183181762695e+00
1.206420183181762695e+00
1.206420183181762695e+00
6.169688105583190918e-01
6.169688105583190918e-01
6.169688105583190918e-01
6.169688105583190918e-01
1.601665258407592773e+00
1.601665258407592773e+00
1.601665258407592773e+00
1.505217909812927246e+00
1.505217909812927246e+00
4.494905471801757812e-01
4.494905471801757812e-01
4.494905471801757812e-01
4.494905471801757812e-01
4.494905471801757812e-01
1.874688863754272461e+00
1.442457556724548340e+00
1.059608697891235352e+00
1.059608697891235352e+00
1.059608697891235352e+00
1.009516954421997070e+00
8.060892224311828613e-01
2.547416687011718750e-01
2.547416687011718750e-01
2.547416687011718750e-01
1.075904607772827148e+00
6.324019432067871094e-01
6.324019432067871094e-01
5.438228845596313477e-01
4.463707506656646729e-01
4.463707506656646729e-01
4.463707506656646729e-01
4.463707506656646729e-01
7.182655334472656250e-01
7.182655334472656250e-01
7.182655334472656250e-01
7.182655334472656250e-01
7.182655334472656250e-01
5.507629513740539551e-01
5.507629513740539551e-01
5.507629513740539551e-01
1.091856479644775391e+00
1.091856479644775391e+00
7.182234525680541992e-01
7.182234525680541992e-01
1.375643253326416016e+00
1.361377239227294922e+00
1.361377239227294922e+00
1.361377239227294922e+00
1.361377239227294922e+00
1.361377239227294922e+00
1.361377239227294922e+00
1.361377239227294922e+00
1.361377239227294922e+00
1.361377239227294922e+00
2.004211425781250000e+00
2.074484586715698242e+00
1.848681092262268066e+00
2.391491651535034180e+00
1.379030227661132812e+00
1.379030227661132812e+00
1.247742414474487305e+00
1.247742414474487305e+00
1.247742414474487305e+00
1.452289223670959473e+00
1.561297297477722168e+00
1.561297297477722168e+00
1.561297297477722168e+00
1.163065910339355469e+00
1.163065910339355469e+00
3.276749849319458008e-01
3.276749849319458008e-01
3.276749849319458008e-01
3.276749849319458008e-01
3.276749849319458008e-01
3.414356410503387451e-01
1.104544997215270996e+00
7.149167060852050781e-01
7.149167060852050781e-01
7.149167060852050781e-01
7.149167060852050781e-01
7.149167060852050781e-01
7.149167060852050781e-01
2.535236179828643799e-01
2.444071620702743530e-01
2.444071620702743530e-01
2.444071620702743530e-01
2.444071620702743530e-01
2.444071620702743530e-01
2.444071620702743530e-01
2.444071620702743530e-01
7.238960266113281250e-01
7.238960266113281250e-01
7.238960266113281250e-01
1.088928222656250000e+00
6.850821971893310547e-01
9.993457794189453125e-01
1.215231776237487793e+00
1.390716552734375000e+00
4.673236608505249023e-01
4.673236608505249023e-01
4.673236608505249023e-01
4.673236608505249023e-01
7.633044719696044922e-01
5.337435007095336914e-01
5.337435007095336914e-01
5.337435007095336914e-01
5.337435007095336914e-01
5.337435007095336914e-01
5.337435007095336914e-01
5.337435007095336914e-01
5.337435007095336914e-01
1.454047083854675293e+00
6.410046219825744629e-01
7.366851568222045898e-01
7.366851568222045898e-01
5.159410238265991211e-01
1.505786299705505371e+00
1.505786299705505371e+00
1.505786299705505371e+00
1.391192793846130371e+00
1.476695179939270020e+00
1.476695179939270020e+00
1.476695179939270020e+00
1.476695179939270020e+00
1.105650067329406738e+00
1.716542005538940430e+00
1.078734159469604492e+00
1.078734159469604492e+00
1.078734159469604492e+00
1.078734159469604492e+00
1.078734159469604492e+00
1.078734159469604492e+00
9.704189300537109375e-01
9.704189300537109375e-01
9.704189300537109375e-01
9.704189300537109375e-01
9.704189300537109375e-01
9.704189300537109375e-01
9.704189300537109375e-01
9.704189300537109375e-01
7.606241703033447266e-01
7.606241703033447266e-01
7.606241703033447266e-01
3.966291844844818115e-01
1.311561465263366699e+00
1.311561465263366699e+00
1.311561465263366699e+00
1.311561465263366699e+00
1.311561465263366699e+00
1.311561465263366699e+00
1.311561465263366699e+00
1.311561465263366699e+00
1.311561465263366699e+00
1.311561465263366699e+00
1.311561465263366699e+00
1.311561465263366699e+00
1.311561465263366699e+00
1.145455241203308105e+00
1.145455241203308105e+00
9.434854388236999512e-01
9.434854388236999512e-01
9.434854388236999512e-01
9.434854388236999512e-01
9.434854388236999512e-01
1.154281973838806152e+00
1.154281973838806152e+00
1.154281973838806152e+00
1.154281973838806152e+00
1.154281973838806152e+00
2.338044047355651855e-01
2.338044047355651855e-01
2.338044047355651855e-01
2.338044047355651855e-01
1.080044031143188477e+00
1.080044031143188477e+00
1.080044031143188477e+00
4.881603121757507324e-01
4.881603121757507324e-01
8.367362022399902344e-01
8.367362022399902344e-01
9.999077320098876953e-01
9.999077320098876953e-01
9.999077320098876953e-01
8.656826019287109375e-01
8.656826019287109375e-01
8.656826019287109375e-01
1.807925462722778320e+00
5.056583881378173828e-01
8.957707881927490234e-01
8.957707881927490234e-01
8.957707881927490234e-01
8.128264546394348145e-01
8.128264546394348145e-01
8.128264546394348145e-01
8.128264546394348145e-01
8.437365889549255371e-01
8.437365889549255371e-01
8.437365889549255371e-01
8.437365889549255371e-01
8.437365889549255371e-01
8.437365889549255371e-01
5.265154838562011719e-01
5.265154838562011719e-01
1.208085060119628906e+00
9.917409420013427734e-01
1.115524530410766602e+00
1.115524530410766602e+00
1.115524530410766602e+00
8.588681221008300781e-01
3.813461959362030029e-01
3.813461959362030029e-01
4.482357501983642578e-01
4.482357501983642578e-01
4.482357501983642578e-01
4.482357501983642578e-01
4.482357501983642578e-01
6.650437116622924805e-01
1.761687159538269043e+00
1.761687159538269043e+00
1.162715435028076172e+00
1.162715435028076172e+00
1.460327863693237305e+00
1.460327863693237305e+00
1.310144901275634766e+00
1.310144901275634766e+00
1.310144901275634766e+00
1.310144901275634766e+00
1.310144901275634766e+00
4.369363188743591309e-01
4.369363188743591309e-01
4.369363188743591309e-01
4.369363188743591309e-01
1.860266208648681641e+00
1.270688056945800781e+00
1.270688056945800781e+00
1.270688056945800781e+00
1.270688056945800781e+00
2.262868642807006836e+00
2.262868642807006836e+00
2.262868642807006836e+00
7.042307853698730469e-01
7.042307853698730469e-01
1.122274160385131836e+00
7.173048853874206543e-01
7.173048853874206543e-01
7.173048853874206543e-01
7.173048853874206543e-01
7.173048853874206543e-01
7.173048853874206543e-01
7.173048853874206543e-01
7.173048853874206543e-01
7.173048853874206543e-01
7.173048853874206543e-01
9.657405018806457520e-01
9.657405018806457520e-01
9.657405018806457520e-01
4.859338998794555664e-01
4.859338998794555664e-01
4.859338998794555664e-01
4.859338998794555664e-01
4.859338998794555664e-01
4.859338998794555664e-01
4.859338998794555664e-01
6.539295911788940430e-01
1.096761465072631836e+00
9.417283535003662109e-01
9.417283535003662109e-01
9.417283535003662109e-01
9.417283535003662109e-01
9.417283535003662109e-01
3.064991831779479980e-01
3.064991831779479980e-01
1.405450820922851562e+00
1.405450820922851562e+00
1.405450820922851562e+00
5.531781911849975586e-01
5.531781911849975586e-01
8.174805641174316406e-01
1.127466678619384766e+00
7.514976263046264648e-01
8.892791867256164551e-01
8.892791867256164551e-01
1.533416032791137695e+00
9.166323542594909668e-01
9.166323542594909668e-01
9.166323542594909668e-01
9.166323542594909668e-01
1.079385280609130859e+00
1.004005193710327148e+00
6.855084300041198730e-01
1.093449115753173828e+00
1.093449115753173828e+00
1.172817587852478027e+00
4.249423146247863770e-01
1.531411886215209961e+00
1.531411886215209961e+00
1.476000547409057617e+00
9.276025891304016113e-01
9.276025891304016113e-01
1.227964878082275391e+00
1.033772230148315430e+00
1.033772230148315430e+00
1.265447020530700684e+00
1.265447020530700684e+00
1.736077070236206055e-01
1.736077070236206055e-01
1.736077070236206055e-01
1.551264166831970215e+00
1.551264166831970215e+00
1.551264166831970215e+00
1.341138601303100586e+00
1.341138601303100586e+00
1.341138601303100586e+00
1.395730733871459961e+00
1.395730733871459961e+00
2.032460689544677734e+00
1.885114073753356934e+00
3.589453697204589844e-01
7.080862522125244141e-01
7.080862522125244141e-01
7.080862522125244141e-01
7.080862522125244141e-01
8.682428598403930664e-01
8.682428598403930664e-01
5.972898602485656738e-01
5.972898602485656738e-01
1.049638986587524414e+00
1.049638986587524414e+00
1.049638986587524414e+00
1.049638986587524414e+00
1.049638986587524414e+00
1.049638986587524414e+00
5.842181444168090820e-01
1.308349370956420898e+00
1.010003685951232910e+00
1.722942829132080078e+00
1.722942829132080078e+00
4.800373315811157227e-01
4.800373315811157227e-01
4.800373315811157227e-01
4.800373315811157227e-01
4.800373315811157227e-01
4.800373315811157227e-01
4.800373315811157227e-01
8.686134815216064453e-01
7.943025827407836914e-01
7.943025827407836914e-01
7.943025827407836914e-01
7.943025827407836914e-01
5.240114927291870117e-01
5.240114927291870117e-01
1.080272078514099121e+00
1.080272078514099121e+00
3.427190184593200684e-01
3.427190184593200684e-01
3.427190184593200684e-01
3.427190184593200684e-01
3.427190184593200684e-01
3.427190184593200684e-01
3.427190184593200684e-01
4.445562064647674561e-01
4.445562064647674561e-01
4.445562064647674561e-01
5.869532227516174316e-01
5.153830051422119141e-01
5.153830051422119141e-01
5.153830051422119141e-01
5.153830051422119141e-01
2.781403064727783203e-01
8.051410317420959473e-01
8.051410317420959473e-01
8.543266057968139648e-01
8.543266057968139648e-01
8.543266057968139648e-01
7.717407941818237305e-01
7.717407941818237305e-01
7.717407941818237305e-01
7.717407941818237305e-01
7.717407941818237305e-01
7.717407941818237305e-01
1.237996578216552734e+00
1.679583907127380371e+00
9.815545082092285156e-01
9.815545082092285156e-01
1.167595624923706055e+00
1.167595624923706055e+00
1.746003627777099609e+00
1.973870158195495605e+00
1.973870158195495605e+00
5.323868989944458008e-01
1.273657679557800293e+00
1.273657679557800293e+00
1.273657679557800293e+00
7.169285416603088379e-01
7.208743691444396973e-01
7.208743691444396973e-01
7.208743691444396973e-01
1.093822956085205078e+00
1.093822956085205078e+00
1.745027899742126465e+00
5.096076726913452148e-01
1.272911071777343750e+00
1.272911071777343750e+00
1.272911071777343750e+00
1.272911071777343750e+00
1.051449298858642578e+00
9.229630231857299805e-01
5.078737735748291016e-01
1.367742776870727539e+00
1.328510046005249023e+00
1.107289075851440430e+00
1.107289075851440430e+00
1.831405401229858398e+00
1.619729757308959961e+00
1.619729757308959961e+00
1.736997246742248535e+00
1.736997246742248535e+00
1.736997246742248535e+00
4.746832847595214844e-01
4.746832847595214844e-01
4.746832847595214844e-01
4.746832847595214844e-01
5.410214662551879883e-01
9.865404367446899414e-01
9.865404367446899414e-01
9.865404367446899414e-01
9.865404367446899414e-01
9.865404367446899414e-01
6.256063580513000488e-01
1.930313110351562500e-01
1.930313110351562500e-01
1.469370424747467041e-01
1.469370424747467041e-01
7.980432361364364624e-02
6.694018840789794922e-01
6.694018840789794922e-01
6.694018840789794922e-01
6.694018840789794922e-01
1.514937162399291992e+00
1.514937162399291992e+00
1.514937162399291992e+00
1.514937162399291992e+00
7.544230222702026367e-01
7.544230222702026367e-01
7.544230222702026367e-01
7.544230222702026367e-01
7.544230222702026367e-01
7.544230222702026367e-01
1.071669936180114746e+00
1.071669936180114746e+00
1.071669936180114746e+00
1.071669936180114746e+00
1.071669936180114746e+00
1.071669936180114746e+00
1.723442435264587402e+00
1.723442435264587402e+00
1.521396636962890625e+00
5.507748723030090332e-01
1.202149868011474609e+00
1.202149868011474609e+00
1.202149868011474609e+00
1.202149868011474609e+00
1.202149868011474609e+00
1.202149868011474609e+00
1.202149868011474609e+00
1.202149868011474609e+00
1.247541546821594238e+00
1.247541546821594238e+00
1.224699735641479492e+00
1.224699735641479492e+00
4.290185570716857910e-01
4.290185570716857910e-01
1.042226314544677734e+00
1.042226314544677734e+00
1.042226314544677734e+00
7.807868719100952148e-01
7.807868719100952148e-01
7.807868719100952148e-01
7.807868719100952148e-01
7.807868719100952148e-01
3.738879859447479248e-01
3.738879859447479248e-01
4.790590107440948486e-01
4.790590107440948486e-01
8.280700445175170898e-01
6.900637149810791016e-01
6.900637149810791016e-01
6.900637149810791016e-01
6.900637149810791016e-01
2.993857264518737793e-01
2.993857264518737793e-01
2.993857264518737793e-01
2.993857264518737793e-01
2.993857264518737793e-01
2.993857264518737793e-01
2.993857264518737793e-01
2.993857264518737793e-01
2.993857264518737793e-01
1.384474754333496094e+00
1.187588691711425781e+00
4.016761779785156250e-01
4.016761779785156250e-01
4.016761779785156250e-01
4.016761779785156250e-01
7.566555738449096680e-01
7.566555738449096680e-01
7.566555738449096680e-01
7.566555738449096680e-01
3.808414041996002197e-01
1.179503083229064941e+00
1.179503083229064941e+00
1.179503083229064941e+00
1.848400115966796875e+00
1.848400115966796875e+00
1.237936258316040039e+00
1.237936258316040039e+00
1.237936258316040039e+00
1.237936258316040039e+00
1.400438308715820312e+00
7.127349972724914551e-01
3.264393210411071777e-01
1.047448873519897461e+00
3.519066572189331055e-01
7.673580646514892578e-01
7.673580646514892578e-01
7.673580646514892578e-01
7.673580646514892578e-01
7.673580646514892578e-01
7.673580646514892578e-01
6.770204305648803711e-01
6.770204305648803711e-01
1.131165146827697754e+00
1.100248694419860840e+00
1.100248694419860840e+00
1.100248694419860840e+00
1.100248694419860840e+00
9.629486203193664551e-01
9.629486203193664551e-01
9.629486203193664551e-01
9.629486203193664551e-01
9.629486203193664551e-01
1.523662090301513672e+00
1.523662090301513672e+00
1.028483629226684570e+00
1.028483629226684570e+00
1.028483629226684570e+00
1.028483629226684570e+00
6.276220679283142090e-01
6.276220679283142090e-01
6.276220679283142090e-01
6.276220679283142090e-01
7.925716042518615723e-01
7.925716042518615723e-01
7.925716042518615723e-01
9.541666507720947266e-01
9.541666507720947266e-01
1.036430835723876953e+00
1.036430835723876953e+00
1.036430835723876953e+00
6.704053878784179688e-01
6.704053878784179688e-01
6.704053878784179688e-01
6.704053878784179688e-01
6.704053878784179688e-01
6.910827159881591797e-01
6.910827159881591797e-01
6.910827159881591797e-01
6.910827159881591797e-01
6.910827159881591797e-01
6.910827159881591797e-01
6.910827159881591797e-01
6.910827159881591797e-01
6.910827159881591797e-01
3.662027716636657715e-01
3.662027716636657715e-01
8.912054896354675293e-01
8.912054896354675293e-01
8.912054896354675293e-01
9.035468101501464844e-01
9.035468101501464844e-01
9.035468101501464844e-01
9.035468101501464844e-01
2.907713055610656738e-01
9.053862690925598145e-01
1.071591377258300781e+00
9.895793795585632324e-01
9.895793795585632324e-01
9.895793795585632324e-01
9.895793795585632324e-01
9.895793795585632324e-01
9.895793795585632324e-01
9.895793795585632324e-01
9.895793795585632324e-01
9.895793795585632324e-01
9.895793795585632324e-01
1.267230987548828125e+00
1.267230987548828125e+00
1.267230987548828125e+00
1.267230987548828125e+00
1.267230987548828125e+00
1.267230987548828125e+00
1.267230987548828125e+00
1.378859043121337891e+00
1.232202172279357910e+00
1.232202172279357910e+00
1.232202172279357910e+00
4.854316711425781250e-01
4.854316711425781250e-01
4.854316711425781250e-01
3.009771108627319336e-01
3.009771108627319336e-01
3.009771108627319336e-01
1.591586709022521973e+00
1.591586709022521973e+00
1.591586709022521973e+00
1.266456484794616699e+00
1.266456484794616699e+00
3.735197782516479492e-01
3.735197782516479492e-01
3.735197782516479492e-01
3.735197782516479492e-01
1.118822336196899414e+00
2.099076986312866211e+00
2.099076986312866211e+00
2.099076986312866211e+00
1.673650622367858887e+00
1.326803207397460938e+00
1.326803207397460938e+00
1.410371303558349609e+00
1.410371303558349609e+00
1.410371303558349609e+00
5.149379372596740723e-01
1.367023825645446777e+00
1.367023825645446777e+00
1.621578693389892578e+00
1.621578693389892578e+00
1.465200662612915039e+00
1.465200662612915039e+00
1.165441870689392090e+00
1.165441870689392090e+00
1.165441870689392090e+00
1.254253268241882324e+00
1.254253268241882324e+00
1.254253268241882324e+00
1.582170724868774414e+00
1.582170724868774414e+00
1.582170724868774414e+00
1.582170724868774414e+00
1.582170724868774414e+00
1.582170724868774414e+00
1.582170724868774414e+00
1.582170724868774414e+00
1.582170724868774414e+00
3.659517765045166016e-01
5.490813851356506348e-01
5.490813851356506348e-01
5.937731862068176270e-01
9.072768688201904297e-01
9.072768688201904297e-01
1.157064676284790039e+00
3.041813373565673828e-01
1.619520336389541626e-01
1.537551581859588623e-01
1.537551581859588623e-01
1.343359708786010742e+00
1.343359708786010742e+00
1.343359708786010742e+00
1.481342315673828125e-01
1.481342315673828125e-01
3.966792821884155273e-01
3.872936069965362549e-01
3.872936069965362549e-01
1.784089326858520508e+00
6.204000711441040039e-01
6.204000711441040039e-01
6.204000711441040039e-01
1.582104563713073730e+00
7.891337871551513672e-01
7.891337871551513672e-01
9.990971088409423828e-01
6.804450750350952148e-01
1.201563239097595215e+00
7.270470857620239258e-01
5.220357179641723633e-01
1.828545331954956055e-01
1.828545331954956055e-01
2.486331462860107422e-01
6.327099800109863281e-01
5.234118700027465820e-01
9.460796117782592773e-01
1.310055613517761230e+00
1.310055613517761230e+00
5.836451649665832520e-01
5.836451649665832520e-01
8.997767567634582520e-01
8.997767567634582520e-01
4.748222529888153076e-01
4.748222529888153076e-01
4.748222529888153076e-01
4.748222529888153076e-01
6.293721199035644531e-01
6.293721199035644531e-01
6.293721199035644531e-01
6.293721199035644531e-01
6.293721199035644531e-01
6.293721199035644531e-01
1.377496242523193359e+00
1.377496242523193359e+00
6.747563481330871582e-01
6.747563481330871582e-01
6.747563481330871582e-01
6.747563481330871582e-01
6.747563481330871582e-01
6.457785367965698242e-01
6.457785367965698242e-01
6.457785367965698242e-01
4.419754743576049805e-01
1.554199457168579102e+00
1.554199457168579102e+00
1.554199457168579102e+00
1.554199457168579102e+00
1.554199457168579102e+00
1.554199457168579102e+00
1.554199457168579102e+00
1.554199457168579102e+00
1.554199457168579102e+00
1.554199457168579102e+00
1.372403144836425781e+00
1.372403144836425781e+00
1.372403144836425781e+00
1.372403144836425781e+00
9.456964731216430664e-01
9.456964731216430664e-01
9.456964731216430664e-01
9.456964731216430664e-01
1.186702489852905273e+00
1.186702489852905273e+00
1.186702489852905273e+00
1.186702489852905273e+00
1.723312854766845703e+00
1.723312854766845703e+00
2.054209232330322266e+00
2.054209232330322266e+00
6.893383264541625977e-01
6.893383264541625977e-01
6.893383264541625977e-01
7.817069888114929199e-01
6.699304580688476562e-01
1.310592651367187500e+00
3.725206851959228516e-01
9.167284369468688965e-01
6.669610142707824707e-01
5.194988846778869629e-01
6.327762007713317871e-01
6.327762007713317871e-01
6.327762007713317871e-01
6.327762007713317871e-01
6.327762007713317871e-01
6.327762007713317871e-01
6.327762007713317871e-01
6.327762007713317871e-01
6.327762007713317871e-01
6.327762007713317871e-01
6.327762007713317871e-01
6.327762007713317871e-01
1.578057050704956055e+00
1.273033022880554199e+00
1.273033022880554199e+00
1.273033022880554199e+00
1.273033022880554199e+00
1.273033022880554199e+00
1.273033022880554199e+00
1.273033022880554199e+00
3.430576920509338379e-01
6.328967213630676270e-01
6.328967213630676270e-01
8.122885823249816895e-01
8.122885823249816895e-01
8.122885823249816895e-01
8.122885823249816895e-01
1.090896129608154297e+00
1.090896129608154297e+00
9.661666750907897949e-01
9.661666750907897949e-01
9.661666750907897949e-01
8.203084468841552734e-01
8.203084468841552734e-01
8.203084468841552734e-01
7.486419081687927246e-01
7.353760600090026855e-01
7.353760600090026855e-01
7.353760600090026855e-01
1.212817668914794922e+00
1.212817668914794922e+00
8.801547288894653320e-01
8.801547288894653320e-01
8.801547288894653320e-01
8.801547288894653320e-01
8.801547288894653320e-01
1.612306237220764160e-01
1.612306237220764160e-01
1.171039342880249023e+00
1.171039342880249023e+00
1.171039342880249023e+00
6.822297573089599609e-01
6.822297573089599609e-01
6.822297573089599609e-01
6.822297573089599609e-01
6.822297573089599609e-01
4.064188301563262939e-01
4.064188301563262939e-01
4.064188301563262939e-01
4.064188301563262939e-01
4.064188301563262939e-01
1.583416342735290527e+00
1.876508712768554688e+00
1.876508712768554688e+00
2.126729965209960938e+00
2.126729965209960938e+00
8.045021295547485352e-01
3.744435608386993408e-01
3.744435608386993408e-01
1.465869188308715820e+00
1.465869188308715820e+00
1.465869188308715820e+00
1.465869188308715820e+00
1.465869188308715820e+00
9.951704740524291992e-01
9.951704740524291992e-01
9.951704740524291992e-01
9.951704740524291992e-01
1.754695653915405273e+00
1.494776010513305664e-01
1.494776010513305664e-01
1.494776010513305664e-01
4.906523525714874268e-01
9.484279155731201172e-01
9.484279155731201172e-01
4.764611423015594482e-01
6.639211773872375488e-01
6.639211773872375488e-01
6.639211773872375488e-01
8.786174654960632324e-01
8.476296663284301758e-01
8.476296663284301758e-01
8.476296663284301758e-01
9.483059644699096680e-01
5.069730281829833984e-01
5.069730281829833984e-01
5.069730281829833984e-01
5.069730281829833984e-01
5.069730281829833984e-01
5.069730281829833984e-01
7.474246025085449219e-01
7.474246025085449219e-01
7.474246025085449219e-01
7.849819660186767578e-01
7.849819660186767578e-01
7.849819660186767578e-01
6.170740127563476562e-01
1.335886240005493164e+00
1.335886240005493164e+00
1.568022727966308594e+00
5.093126296997070312e-01
8.691208362579345703e-01
1.650767326354980469e-01
1.650767326354980469e-01
1.650767326354980469e-01
2.073626965284347534e-01
2.073626965284347534e-01
2.073626965284347534e-01
5.913508534431457520e-01
5.913508534431457520e-01
5.913508534431457520e-01
5.913508534431457520e-01
5.913508534431457520e-01
5.913508534431457520e-01
5.913508534431457520e-01
5.913508534431457520e-01
1.366064429283142090e+00
1.366064429283142090e+00
1.366064429283142090e+00
1.366064429283142090e+00
8.259966969490051270e-01
8.259966969490051270e-01
8.259966969490051270e-01
8.259966969490051270e-01
8.259966969490051270e-01
4.782725870609283447e-01
9.200397729873657227e-01
7.827622890472412109e-01
7.827622890472412109e-01
7.827622890472412109e-01
7.827622890472412109e-01
4.670604765415191650e-01
4.670604765415191650e-01
1.309760570526123047e+00
1.468595743179321289e+00
1.468595743179321289e+00
1.936900615692138672e-01
1.164350867271423340e+00
1.164350867271423340e+00
1.164350867271423340e+00
1.164350867271423340e+00
1.516713380813598633e+00
1.516713380813598633e+00
1.196386933326721191e+00
1.196386933326721191e+00
1.196386933326721191e+00
1.196386933326721191e+00
1.196386933326721191e+00
1.196386933326721191e+00
1.196386933326721191e+00
1.196386933326721191e+00
1.196386933326721191e+00
5.798516869544982910e-01
9.212958812713623047e-01
9.212958812713623047e-01
9.212958812713623047e-01
9.212958812713623047e-01
9.212958812713623047e-01
9.212958812713623047e-01
1.779294013977050781e+00
1.779294013977050781e+00
1.193038702011108398e+00
1.193038702011108398e+00
1.193038702011108398e+00
1.193038702011108398e+00
1.032706737518310547e+00
1.032706737518310547e+00
8.762646317481994629e-01
8.762646317481994629e-01
1.200465917587280273e+00
1.200465917587280273e+00
1.200465917587280273e+00
5.488814115524291992e-01
5.488814115524291992e-01
5.488814115524291992e-01
9.919617176055908203e-01
3.229543566703796387e-01
3.229543566703796387e-01
7.649679780006408691e-01
7.649679780006408691e-01
7.649679780006408691e-01
7.649679780006408691e-01
7.649679780006408691e-01
7.649679780006408691e-01
4.642623662948608398e-01
1.164816617965698242e+00
5.879648327827453613e-01
5.879648327827453613e-01
5.554980039596557617e-01
6.998446583747863770e-01
1.779394626617431641e+00
1.779394626617431641e+00
1.349568247795104980e+00
1.165078282356262207e+00
5.582438111305236816e-01
5.582438111305236816e-01
5.582438111305236816e-01
7.935053110122680664e-01
7.935053110122680664e-01
9.850714206695556641e-01
8.326285481452941895e-01
8.326285481452941895e-01
1.376583933830261230e+00
1.232809066772460938e+00
1.138138532638549805e+00
1.040983796119689941e+00
1.040983796119689941e+00
1.355512976646423340e+00
1.355512976646423340e+00
1.355512976646423340e+00
1.355512976646423340e+00
1.098041415214538574e+00
1.417312622070312500e+00
4.613788723945617676e-01
3.583924174308776855e-01
3.583924174308776855e-01
3.583924174308776855e-01
1.612998247146606445e+00
1.612998247146606445e+00
9.386015534400939941e-01
9.386015534400939941e-01
9.386015534400939941e-01
7.980019450187683105e-01
5.910042524337768555e-01
5.910042524337768555e-01
5.910042524337768555e-01
5.910042524337768555e-01
1.342955827713012695e+00
1.342955827713012695e+00
1.342955827713012695e+00
1.342955827713012695e+00
1.342955827713012695e+00
1.028012871742248535e+00
1.028012871742248535e+00
2.356756329536437988e-01
2.356756329536437988e-01
9.166435599327087402e-01
9.824844002723693848e-01
9.824844002723693848e-01
1.669605016708374023e+00
7.789487838745117188e-01
7.789487838745117188e-01
7.789487838745117188e-01
9.550625681877136230e-01
5.288922190666198730e-01
5.254094004631042480e-01
5.254094004631042480e-01
5.254094004631042480e-01
5.254094004631042480e-01
5.254094004631042480e-01
5.254094004631042480e-01
5.254094004631042480e-01
7.229378223419189453e-01
7.229378223419189453e-01
7.685015797615051270e-01
7.685015797615051270e-01
7.685015797615051270e-01
1.051013112068176270e+00
1.051013112068176270e+00
6.294780373573303223e-01
6.294780373573303223e-01
6.294780373573303223e-01
2.012850940227508545e-01
2.012850940227508545e-01
1.128308892250061035e+00
1.078250288963317871e+00
1.078250288963317871e+00
1.127022504806518555e+00
1.127022504806518555e+00
1.127022504806518555e+00
1.127022504806518555e+00
1.127022504806518555e+00
6.579766273498535156e-01
8.900734186172485352e-01
8.900734186172485352e-01
8.900734186172485352e-01
8.371820449829101562e-01
9.120487570762634277e-01
9.120487570762634277e-01
1.120284557342529297e+00
1.120284557342529297e+00
1.120284557342529297e+00
1.120284557342529297e+00
8.626451492309570312e-01
8.962586522102355957e-01
8.962586522102355957e-01
5.401678085327148438e-01
5.401678085327148438e-01
1.655312538146972656e+00
6.449797153472900391e-01
6.449797153472900391e-01
6.449797153472900391e-01
6.449797153472900391e-01
6.449797153472900391e-01
6.449797153472900391e-01
9.318765401840209961e-01
9.318765401840209961e-01
9.318765401840209961e-01
9.318765401840209961e-01
1.965944766998291016e-01
1.965944766998291016e-01
1.438552021980285645e+00
1.438552021980285645e+00
1.438552021980285645e+00
1.079762697219848633e+00
9.691987037658691406e-01
8.554937839508056641e-01
8.554937839508056641e-01
8.554937839508056641e-01
8.554937839508056641e-01
8.554937839508056641e-01
8.554937839508056641e-01
8.554937839508056641e-01
8.554937839508056641e-01
8.554937839508056641e-01
2.303029298782348633e-01
2.303029298782348633e-01
3.359192013740539551e-01
1.096117615699768066e+00
1.096117615699768066e+00
9.630794525146484375e-01
9.630794525146484375e-01
9.630794525146484375e-01
5.297063589096069336e-01
1.078679323196411133e+00
1.078679323196411133e+00
1.526007652282714844e+00
1.526007652282714844e+00
1.526007652282714844e+00
1.526007652282714844e+00
4.785964488983154297e-01
4.785964488983154297e-01
4.785964488983154297e-01
4.785964488983154297e-01
7.923098802566528320e-01
8.555433750152587891e-01
8.555433750152587891e-01
8.555433750152587891e-01
8.555433750152587891e-01
8.555433750152587891e-01
2.229533195495605469e+00
2.229533195495605469e+00
2.229533195495605469e+00
2.229533195495605469e+00
2.229533195495605469e+00
2.105132818222045898e+00
2.105132818222045898e+00
2.308244466781616211e+00
1.525611877441406250e+00
1.525611877441406250e+00
1.525611877441406250e+00
1.525611877441406250e+00
9.433626532554626465e-01
4.961316585540771484e-01
4.961316585540771484e-01
5.872036814689636230e-01
4.434439837932586670e-01
1.344128489494323730e+00
1.344128489494323730e+00
1.344128489494323730e+00
1.344128489494323730e+00
1.162020921707153320e+00
1.162020921707153320e+00
1.162020921707153320e+00
1.162020921707153320e+00
1.162020921707153320e+00
6.400669217109680176e-01
6.400669217109680176e-01
6.400669217109680176e-01
6.400669217109680176e-01
6.400669217109680176e-01
6.400669217109680176e-01
6.400669217109680176e-01
6.400669217109680176e-01
1.162558317184448242e+00
1.162558317184448242e+00
1.162558317184448242e+00
1.162558317184448242e+00
1.162558317184448242e+00
1.542447328567504883e+00
9.280671477317810059e-01
8.855814933776855469e-01
8.855814933776855469e-01
8.855814933776855469e-01
8.855814933776855469e-01
8.855814933776855469e-01
8.855814933776855469e-01
8.855814933776855469e-01
9.554834365844726562e-01
9.554834365844726562e-01
9.554834365844726562e-01
1.532556772232055664e+00
1.532556772232055664e+00
1.264152288436889648e+00
1.404819130897521973e+00
1.404819130897521973e+00
1.649584650993347168e+00
1.525461077690124512e+00
1.525461077690124512e+00
1.525461077690124512e+00
1.525461077690124512e+00
2.625918388366699219e-01
2.625918388366699219e-01
2.625918388366699219e-01
2.625918388366699219e-01
2.625918388366699219e-01
1.580456018447875977e+00
1.580456018447875977e+00
1.580456018447875977e+00
1.580456018447875977e+00
1.580456018447875977e+00
6.851519942283630371e-01
8.651437163352966309e-01
4.416511058807373047e-01
4.416511058807373047e-01
7.196333408355712891e-01
7.196333408355712891e-01
7.196333408355712891e-01
1.049296379089355469e+00
1.049296379089355469e+00
1.049296379089355469e+00
1.049296379089355469e+00
9.461840987205505371e-01
9.461840987205505371e-01
9.461840987205505371e-01
9.461840987205505371e-01
7.905558347702026367e-01
7.905558347702026367e-01
7.905558347702026367e-01
7.905558347702026367e-01
7.905558347702026367e-01
2.128710985183715820e+00
2.128710985183715820e+00
2.090186357498168945e+00
1.703775286674499512e+00
4.481219053268432617e-01
4.481219053268432617e-01
4.481219053268432617e-01
4.481219053268432617e-01
4.481219053268432617e-01
1.597980618476867676e+00
1.597980618476867676e+00
1.597980618476867676e+00
4.246947765350341797e-01
4.246947765350341797e-01
4.246947765350341797e-01
9.266422390937805176e-01
4.377605617046356201e-01
4.377605617046356201e-01
4.377605617046356201e-01
4.377605617046356201e-01
4.377605617046356201e-01
4.377605617046356201e-01
4.377605617046356201e-01
4.377605617046356201e-01
4.377605617046356201e-01
1.374765634536743164e+00
1.374765634536743164e+00
1.374765634536743164e+00
4.008767604827880859e-01
8.905917406082153320e-01
8.172806501388549805e-01
8.172806501388549805e-01
6.399674415588378906e-01
6.399674415588378906e-01
6.399674415588378906e-01
9.445157051086425781e-01
9.445157051086425781e-01
7.174998521804809570e-01
4.131814837455749512e-01
4.131814837455749512e-01
4.131814837455749512e-01
4.131814837455749512e-01
4.131814837455749512e-01
4.131814837455749512e-01
6.969853639602661133e-01
6.969853639602661133e-01
6.969853639602661133e-01
6.969853639602661133e-01
1.448435068130493164e+00
1.267106175422668457e+00
1.267106175422668457e+00
1.267106175422668457e+00
1.267106175422668457e+00
1.267106175422668457e+00
1.267106175422668457e+00
1.139482259750366211e-01
1.507126450538635254e+00
1.507126450538635254e+00
1.507126450538635254e+00
1.481695532798767090e+00
1.481695532798767090e+00
1.481695532798767090e+00
1.481695532798767090e+00
1.481695532798767090e+00
1.481695532798767090e+00
1.481695532798767090e+00
3.989560604095458984e-01
3.989560604095458984e-01
3.989560604095458984e-01
1.158588647842407227e+00
1.586859583854675293e+00
1.586859583854675293e+00
1.586859583854675293e+00
1.827768206596374512e+00
1.582094550132751465e+00
1.582094550132751465e+00
3.231993913650512695e-01
3.231993913650512695e-01
3.231993913650512695e-01
3.231993913650512695e-01
3.231993913650512695e-01
7.762095928192138672e-01
1.631807565689086914e+00
1.631807565689086914e+00
1.542265653610229492e+00
1.542265653610229492e+00
1.542265653610229492e+00
1.542265653610229492e+00
1.542265653610229492e+00
1.279718875885009766e-01
1.279718875885009766e-01
1.279718875885009766e-01
1.279718875885009766e-01
2.144485950469970703e+00
1.934526562690734863e+00
2.142401933670043945e+00
2.142401933670043945e+00
2.142401933670043945e+00
2.456233024597167969e+00
2.456233024597167969e+00
2.456233024597167969e+00
2.675001144409179688e+00
2.572857856750488281e+00
1.987116694450378418e+00
2.046558380126953125e+00
2.046558380126953125e+00
2.046558380126953125e+00
1.153749704360961914e+00
8.820927143096923828e-01
8.820927143096923828e-01
8.735981583595275879e-01
8.735981583595275879e-01
8.735981583595275879e-01
2.440693974494934082e-01
2.440693974494934082e-01
2.440693974494934082e-01
6.623802185058593750e-01
6.623802185058593750e-01
6.623802185058593750e-01
6.623802185058593750e-01
1.057124137878417969e+00
1.057124137878417969e+00
1.057124137878417969e+00
1.057124137878417969e+00
1.057124137878417969e+00
1.057124137878417969e+00
1.057124137878417969e+00
1.057124137878417969e+00
1.057124137878417969e+00
1.194349884986877441e+00
9.118080139160156250e-01
8.636492490768432617e-01
8.636492490768432617e-01
8.636492490768432617e-01
6.065969467163085938e-01
6.065969467163085938e-01
6.065969467163085938e-01
6.065969467163085938e-01
6.065969467163085938e-01
6.065969467163085938e-01
6.065969467163085938e-01
6.065969467163085938e-01
6.065969467163085938e-01
6.065969467163085938e-01
1.026241302490234375e+00
1.790794372558593750e+00
5.430331230163574219e-01
5.430331230163574219e-01
5.430331230163574219e-01
9.546191096305847168e-01
9.546191096305847168e-01
9.546191096305847168e-01
9.546191096305847168e-01
5.498796701431274414e-01
5.498796701431274414e-01
5.498796701431274414e-01
5.031311511993408203e-01
5.031311511993408203e-01
5.031311511993408203e-01
5.031311511993408203e-01
