1.303382635116577148e+00
1.303382635116577148e+00
3.416414260864257812e-01
1.050720930099487305e+00
8.806766867637634277e-01
8.806766867637634277e-01
8.806766867637634277e-01
8.806766867637634277e-01
8.806766867637634277e-01
8.806766867637634277e-01
8.806766867637634277e-01
1.142227172851562500e+00
1.290834903717041016e+00
1.290834903717041016e+00
1.124221801757812500e+00
9.708477854728698730e-01
1.054865360260009766e+00
9.968405365943908691e-01
9.968405365943908691e-01
1.514897942543029785e+00
1.514897942543029785e+00
1.514897942543029785e+00
1.514897942543029785e+00
1.543307662010192871e+00
9.140744805335998535e-01
9.140744805335998535e-01
7.043516635894775391e-01
7.043516635894775391e-01
7.043516635894775391e-01
3.590415120124816895e-01
1.210179448127746582e+00
1.210179448127746582e+00
1.210179448127746582e+00
1.049281239509582520e+00
1.049281239509582520e+00
1.049281239509582520e+00
5.421565771102905273e-01
1.431445121765136719e+00
5.849084258079528809e-01
5.849084258079528809e-01
5.849084258079528809e-01
5.849084258079528809e-01
5.849084258079528809e-01
5.849084258079528809e-01
5.849084258079528809e-01
8.209612965583801270e-01
8.209612965583801270e-01
3.368468582630157471e-01
2.929890751838684082e-01
2.929890751838684082e-01
2.929890751838684082e-01
2.601504325866699219e-01
2.601504325866699219e-01
3.865028619766235352e-01
3.865028619766235352e-01
1.052179217338562012e+00
1.135123848915100098e+00
7.660319209098815918e-01
1.084154605865478516e+00
1.575537443161010742e+00
1.336351394653320312e+00
1.109706044197082520e+00
1.202407002449035645e+00
1.202407002449035645e+00
1.202407002449035645e+00
1.202407002449035645e+00
1.202407002449035645e+00
1.340786457061767578e+00
1.630617141723632812e+00
1.630617141723632812e+00
1.630617141723632812e+00
1.630617141723632812e+00
1.630617141723632812e+00
9.902189373970031738e-01
9.902189373970031738e-01
9.902189373970031738e-01
8.033734560012817383e-01
1.260549068450927734e+00
7.208575606346130371e-01
1.330228328704833984e+00
1.330228328704833984e+00
1.703027725219726562e+00
1.703027725219726562e+00
1.103459358215332031e+00
6.957360506057739258e-01
6.851016879081726074e-01
6.851016879081726074e-01
1.477859616279602051e+00
1.384071469306945801e+00
1.384071469306945801e+00
1.614423871040344238e+00
1.614423871040344238e+00
1.614423871040344238e+00
1.086878538131713867e+00
6.871963739395141602e-01
7.364509701728820801e-01
4.005625545978546143e-01
4.005625545978546143e-01
4.547429680824279785e-01
4.547429680824279785e-01
4.547429680824279785e-01
5.705876350402832031e-01
5.705876350402832031e-01
8.517687320709228516e-01
8.517687320709228516e-01
4.714647531509399414e-01
2.304249554872512817e-01
2.304249554872512817e-01
2.304249554872512817e-01
1.007300019264221191e+00
1.133446216583251953e+00
9.984708428382873535e-01
1.221905589103698730e+00
1.221905589103698730e+00
3.758185505867004395e-01
5.281592607498168945e-01
7.522184848785400391e-01
9.925391077995300293e-01
1.774167299270629883e+00
1.774167299270629883e+00
1.501642823219299316e+00
1.813436150550842285e+00
1.813436150550842285e+00
3.230931758880615234e-01
3.230931758880615234e-01
1.089344739913940430e+00
1.089344739913940430e+00
1.089344739913940430e+00
6.090679168701171875e-01
6.090679168701171875e-01
5.204306244850158691e-01
5.204306244850158691e-01
5.204306244850158691e-01
5.204306244850158691e-01
5.204306244850158691e-01
4.372481107711791992e-01
4.181916415691375732e-01
1.014774560928344727e+00
9.527713060379028320e-01
9.527713060379028320e-01
9.527713060379028320e-01
9.527713060379028320e-01
9.527713060379028320e-01
9.527713060379028320e-01
9.527713060379028320e-01
1.430371046066284180e+00
8.471754789352416992e-01
5.042397975921630859e-01
5.042397975921630859e-01
5.042397975921630859e-01
5.042397975921630859e-01
1.574482440948486328e+00
1.618879795074462891e+00
8.035421967506408691e-01
1.128465414047241211e+00
8.655061125755310059e-01
8.655061125755310059e-01
8.655061125755310059e-01
8.655061125755310059e-01
8.655061125755310059e-01
1.053686738014221191e+00
1.053686738014221191e+00
1.429107666015625000e+00
4.448948502540588379e-01
6.077808737754821777e-01
7.628446817398071289e-01
2.052046298980712891e+00
1.642195105552673340e+00
1.124603390693664551e+00
1.124603390693664551e+00
8.893566131591796875e-01
6.104041337966918945e-01
6.765332221984863281e-01
7.226153612136840820e-01
7.226153612136840820e-01
1.202956795692443848e+00
1.202956795692443848e+00
1.139051914215087891e+00
1.139051914215087891e+00
6.654297113418579102e-01
6.654297113418579102e-01
6.654297113418579102e-01
1.076441049575805664e+00
1.590307950973510742e+00
1.061834573745727539e+00
8.654185533523559570e-01
8.654185533523559570e-01
8.654185533523559570e-01
7.573951482772827148e-01
7.573951482772827148e-01
7.573951482772827148e-01
7.363056540489196777e-01
8.669677972793579102e-01
1.116108775138854980e+00
1.360636234283447266e+00
8.014153838157653809e-01
9.971578717231750488e-01
1.158324003219604492e+00
8.030425310134887695e-01
8.030425310134887695e-01
8.030425310134887695e-01
8.030425310134887695e-01
8.030425310134887695e-01
8.030425310134887695e-01
8.030425310134887695e-01
1.074655890464782715e+00
1.074655890464782715e+00
1.074655890464782715e+00
1.229894638061523438e+00
4.059117436408996582e-01
4.364779889583587646e-01
4.364779889583587646e-01
4.021997153759002686e-01
4.021997153759002686e-01
1.082922458648681641e+00
1.082922458648681641e+00
7.388498783111572266e-01
7.388498783111572266e-01
5.094529986381530762e-01
5.094529986381530762e-01
5.094529986381530762e-01
8.965640068054199219e-01
8.965640068054199219e-01
8.965640068054199219e-01
8.965640068054199219e-01
7.124096751213073730e-01
3.655079901218414307e-01
3.655079901218414307e-01
3.655079901218414307e-01
9.628623723983764648e-01
9.628623723983764648e-01
9.628623723983764648e-01
1.964244365692138672e+00
1.964244365692138672e+00
1.964244365692138672e+00
1.190422654151916504e+00
1.137855291366577148e+00
6.157326102256774902e-01
6.157326102256774902e-01
6.157326102256774902e-01
6.157326102256774902e-01
1.305720567703247070e+00
1.305720567703247070e+00
6.748764514923095703e-01
7.166846394538879395e-01
7.166846394538879395e-01
7.166846394538879395e-01
1.073192954063415527e+00
7.518588900566101074e-01
7.518588900566101074e-01
1.464375138282775879e+00
1.225662708282470703e+00
1.741972565650939941e+00
1.741972565650939941e+00
1.072954177856445312e+00
9.498587250709533691e-01
6.881880760192871094e-01
6.086754798889160156e-01
6.086754798889160156e-01
6.086754798889160156e-01
1.000080943107604980e+00
1.000080943107604980e+00
1.045751214027404785e+00
1.045751214027404785e+00
1.744064569473266602e+00
1.744064569473266602e+00
1.744064569473266602e+00
6.270253658294677734e-01
6.270253658294677734e-01
6.270253658294677734e-01
6.270253658294677734e-01
4.429964423179626465e-01
4.429964423179626465e-01
5.669244527816772461e-01
5.669244527816772461e-01
7.332307100296020508e-01
7.555847167968750000e-01
1.021661281585693359e+00
1.021661281585693359e+00
1.096161246299743652e+00
1.197786211967468262e+00
5.756106376647949219e-01
5.756106376647949219e-01
3.756551742553710938e-01
6.421579122543334961e-01
6.421579122543334961e-01
6.421579122543334961e-01
6.421579122543334961e-01
2.518447041511535645e-01
2.518447041511535645e-01
4.604262411594390869e-01
8.436460494995117188e-01
7.765449881553649902e-01
7.765449881553649902e-01
7.765449881553649902e-01
7.765449881553649902e-01
9.556539654731750488e-01
6.117790937423706055e-01
6.117790937423706055e-01
6.177585721015930176e-01
6.177585721015930176e-01
6.177585721015930176e-01
7.043098211288452148e-01
1.187191486358642578e+00
9.933572411537170410e-01
9.933572411537170410e-01
9.709661006927490234e-01
1.088366627693176270e+00
1.128569722175598145e+00
5.384497642517089844e-01
5.384497642517089844e-01
5.384497642517089844e-01
5.107284188270568848e-01
8.209673166275024414e-01
8.209673166275024414e-01
8.209673166275024414e-01
8.209673166275024414e-01
6.130816340446472168e-01
6.130816340446472168e-01
7.923825383186340332e-01
7.923825383186340332e-01
7.923825383186340332e-01
7.923825383186340332e-01
7.923825383186340332e-01
3.563515245914459229e-01
1.078335404396057129e+00
1.078335404396057129e+00
1.078335404396057129e+00
2.807309031486511230e-01
2.807309031486511230e-01
5.107256770133972168e-01
7.763816118240356445e-01
1.190039396286010742e+00
1.109539508819580078e+00
1.109539508819580078e+00
1.345232367515563965e+00
3.093777894973754883e-01
3.093777894973754883e-01
2.704776525497436523e-01
2.704776525497436523e-01
2.968206405639648438e-01
2.968206405639648438e-01
5.504949688911437988e-01
5.504949688911437988e-01
6.788464784622192383e-01
5.438679456710815430e-01
2.004095315933227539e-01
3.921662867069244385e-01
3.921662867069244385e-01
1.206614494323730469e+00
1.206614494323730469e+00
1.238650918006896973e+00
1.393369197845458984e+00
7.881880998611450195e-01
6.749307513236999512e-01
6.749307513236999512e-01
4.444162249565124512e-01
4.444162249565124512e-01
4.444162249565124512e-01
1.084922313690185547e+00
1.137673020362854004e+00
1.137673020362854004e+00
1.805717229843139648e+00
1.805717229843139648e+00
1.673008322715759277e+00
8.747268319129943848e-01
4.613343179225921631e-01
1.306209802627563477e+00
7.914090156555175781e-01
9.894238710403442383e-01
3.296554088592529297e-01
3.296554088592529297e-01
3.296554088592529297e-01
4.013810753822326660e-01
4.013810753822326660e-01
4.013810753822326660e-01
5.023338794708251953e-01
9.206870794296264648e-01
5.817124843597412109e-01
5.817124843597412109e-01
1.127418756484985352e+00
6.699585914611816406e-01
8.071584701538085938e-01
8.071584701538085938e-01
8.071584701538085938e-01
1.414642214775085449e+00
1.450677752494812012e+00
1.450677752494812012e+00
1.604532480239868164e+00
1.382661938667297363e+00
1.161999464035034180e+00
1.144341945648193359e+00
1.205854892730712891e+00
4.217359423637390137e-01
4.217359423637390137e-01
4.217359423637390137e-01
4.217359423637390137e-01
4.217359423637390137e-01
4.217359423637390137e-01
4.217359423637390137e-01
7.218646407127380371e-01
9.512770175933837891e-01
1.322226047515869141e+00
1.198930978775024414e+00
1.198930978775024414e+00
1.348963379859924316e+00
7.648149728775024414e-01
5.332025289535522461e-01
5.332025289535522461e-01
5.332025289535522461e-01
5.332025289535522461e-01
4.718792736530303955e-01
4.718792736530303955e-01
5.945997834205627441e-01
2.325565516948699951e-01
4.114300608634948730e-01
7.733235359191894531e-01
5.844125151634216309e-01
5.844125151634216309e-01
2.086839377880096436e-01
2.086839377880096436e-01
9.983669519424438477e-01
3.195487856864929199e-01
6.948108673095703125e-01
7.358178496360778809e-01
7.358178496360778809e-01
7.358178496360778809e-01
9.864687323570251465e-01
9.864687323570251465e-01
9.864687323570251465e-01
9.864687323570251465e-01
1.185528397560119629e+00
1.185528397560119629e+00
5.664305686950683594e-01
4.196396768093109131e-01
1.212110161781311035e+00
1.212110161781311035e+00
6.745376586914062500e-01
1.373694658279418945e+00
2.945096492767333984e-01
4.144417643547058105e-01
1.732995748519897461e+00
1.192410111427307129e+00
1.413172006607055664e+00
9.785146713256835938e-01
9.785146713256835938e-01
7.304553389549255371e-01
9.974303245544433594e-01
9.974303245544433594e-01
6.884323358535766602e-01
5.660663247108459473e-01
5.660663247108459473e-01
5.660663247108459473e-01
8.298544883728027344e-01
8.298544883728027344e-01
8.253504633903503418e-01
1.008967041969299316e+00
5.855033397674560547e-01
7.581681013107299805e-01
6.174229979515075684e-01
3.109876811504364014e-01
3.109876811504364014e-01
1.017318725585937500e+00
6.464807987213134766e-01
6.464807987213134766e-01
6.464807987213134766e-01
6.464807987213134766e-01
6.464807987213134766e-01
6.464807987213134766e-01
1.123277664184570312e+00
1.123277664184570312e+00
8.365241289138793945e-01
1.824609041213989258e+00
1.310973048210144043e+00
3.464912176132202148e-01
6.934739351272583008e-01
6.934739351272583008e-01
6.934739351272583008e-01
1.047564744949340820e+00
1.036611676216125488e+00
2.951929569244384766e-01
1.493864655494689941e+00
1.007607221603393555e+00
2.131382942199707031e+00
2.002685785293579102e+00
1.961378455162048340e+00
1.944892168045043945e+00
1.944892168045043945e+00
1.944892168045043945e+00
1.944892168045043945e+00
1.557904243469238281e+00
7.360722422599792480e-01
8.630201816558837891e-01
8.630201816558837891e-01
8.630201816558837891e-01
8.630201816558837891e-01
8.630201816558837891e-01
9.489923119544982910e-01
9.489923119544982910e-01
1.134646534919738770e+00
1.134646534919738770e+00
1.466205716133117676e+00
1.006397962570190430e+00
9.191672801971435547e-01
2.957094907760620117e-01
1.132132887840270996e+00
1.189063072204589844e+00
1.189063072204589844e+00
1.189063072204589844e+00
1.315225958824157715e+00
6.816936135292053223e-01
8.787200450897216797e-01
8.787200450897216797e-01
8.787200450897216797e-01
4.981988966464996338e-01
3.867658376693725586e-01
3.867658376693725586e-01
1.172083854675292969e+00
1.342011451721191406e+00
1.342011451721191406e+00
1.342011451721191406e+00
1.331074714660644531e+00
1.292113423347473145e+00
1.394776344299316406e+00
6.940758228302001953e-01
6.940758228302001953e-01
7.447351217269897461e-01
7.447351217269897461e-01
1.667243957519531250e+00
1.667243957519531250e+00
1.521817684173583984e+00
1.521817684173583984e+00
1.777219653129577637e+00
8.490123748779296875e-01
2.756867408752441406e-01
1.026403903961181641e+00
8.635171055793762207e-01
8.681439757347106934e-01
9.808526039123535156e-01
9.808526039123535156e-01
9.808526039123535156e-01
1.382835507392883301e+00
1.337508440017700195e+00
1.337508440017700195e+00
1.217568278312683105e+00
8.802435994148254395e-01
6.147776842117309570e-01
8.072010278701782227e-01
1.090750455856323242e+00
1.625141859054565430e+00
6.832576990127563477e-01
4.136382341384887695e-01
4.136382341384887695e-01
1.640092492103576660e+00
4.334373474121093750e-01
4.334373474121093750e-01
8.035314083099365234e-01
8.629987239837646484e-01
5.621807575225830078e-01
7.020360827445983887e-01
2.724444270133972168e-01
2.724444270133972168e-01
6.585156917572021484e-01
1.217530488967895508e+00
1.217530488967895508e+00
1.191779255867004395e+00
1.619908332824707031e+00
1.619908332824707031e+00
5.727752447128295898e-01
9.385656714439392090e-01
9.385656714439392090e-01
9.385656714439392090e-01
7.634301185607910156e-01
8.466649055480957031e-01
8.466649055480957031e-01
8.466649055480957031e-01
8.466649055480957031e-01
1.912764787673950195e+00
1.491431951522827148e+00
1.828654050827026367e+00
1.430174469947814941e+00
1.748925685882568359e+00
1.748925685882568359e+00
1.748925685882568359e+00
1.859839916229248047e+00
6.518834829330444336e-01
6.518834829330444336e-01
6.518834829330444336e-01
6.518834829330444336e-01
7.044492363929748535e-01
5.955205559730529785e-01
6.269257664680480957e-01
7.069840431213378906e-01
7.069840431213378906e-01
7.069840431213378906e-01
1.452900171279907227e+00
1.452900171279907227e+00
1.468455791473388672e+00
1.468455791473388672e+00
1.468455791473388672e+00
3.683017492294311523e-01
9.001808166503906250e-01
8.237414360046386719e-01
1.145055413246154785e+00
9.963827133178710938e-01
1.403306126594543457e+00
1.247739076614379883e+00
1.247739076614379883e+00
1.247739076614379883e+00
1.247739076614379883e+00
1.247739076614379883e+00
1.247739076614379883e+00
1.247739076614379883e+00
1.247739076614379883e+00
1.247739076614379883e+00
5.038944482803344727e-01
2.916869521141052246e-01
6.506779789924621582e-01
6.506779789924621582e-01
1.208270072937011719e+00
1.208270072937011719e+00
1.208270072937011719e+00
1.356029033660888672e+00
9.649289846420288086e-01
4.721920192241668701e-01
4.721920192241668701e-01
4.930165410041809082e-01
7.640576362609863281e-01
7.640576362609863281e-01
7.640576362609863281e-01
9.820801615715026855e-01
1.365586400032043457e+00
1.365586400032043457e+00
1.511379003524780273e+00
7.891287803649902344e-01
7.891287803649902344e-01
4.834849834442138672e-01
2.422114610671997070e-01
2.422114610671997070e-01
2.422114610671997070e-01
2.422114610671997070e-01
1.154559373855590820e+00
1.154559373855590820e+00
8.218421339988708496e-01
8.218421339988708496e-01
1.107661128044128418e+00
1.107661128044128418e+00
4.743216037750244141e-01
4.743216037750244141e-01
6.453097462654113770e-01
5.758479833602905273e-01
5.758479833602905273e-01
7.322269082069396973e-01
7.464362382888793945e-01
7.464362382888793945e-01
5.542727708816528320e-01
1.530755162239074707e+00
1.530755162239074707e+00
7.704476714134216309e-01
7.704476714134216309e-01
7.704476714134216309e-01
9.838775396347045898e-01
9.838775396347045898e-01
5.023921728134155273e-01
5.023921728134155273e-01
5.023921728134155273e-01
5.023921728134155273e-01
9.263473749160766602e-01
9.263473749160766602e-01
9.263473749160766602e-01
9.263473749160766602e-01
9.263473749160766602e-01
1.480676412582397461e+00
1.378609895706176758e+00
1.378609895706176758e+00
1.186822533607482910e+00
1.186822533607482910e+00
6.898678541183471680e-01
4.620276689529418945e-01
1.603387475013732910e+00
1.603387475013732910e+00
1.655653834342956543e+00
1.572226047515869141e+00
1.572226047515869141e+00
6.711319088935852051e-01
6.711319088935852051e-01
6.711319088935852051e-01
5.304167270660400391e-01
8.269290924072265625e-01
4.918778240680694580e-01
5.238222479820251465e-01
5.238222479820251465e-01
5.238222479820251465e-01
5.238222479820251465e-01
5.238222479820251465e-01
5.238222479820251465e-01
5.238222479820251465e-01
5.238222479820251465e-01
5.238222479820251465e-01
9.783931970596313477e-01
8.529305458068847656e-01
5.036524534225463867e-01
5.036524534225463867e-01
5.036524534225463867e-01
5.036524534225463867e-01
1.041149616241455078e+00
3.272171020507812500e-01
1.530501723289489746e+00
1.300453782081604004e+00
1.878238439559936523e+00
1.878238439559936523e+00
1.759646415710449219e+00
8.743724226951599121e-01
8.743724226951599121e-01
8.743724226951599121e-01
1.145737886428833008e+00
1.987612843513488770e+00
1.928765773773193359e+00
1.928765773773193359e+00
1.808395504951477051e+00
1.836306214332580566e+00
1.836306214332580566e+00
1.836306214332580566e+00
2.030102968215942383e+00
2.651268243789672852e-01
2.651268243789672852e-01
9.474772214889526367e-02
9.474772214889526367e-02
9.474772214889526367e-02
7.901698946952819824e-01
7.901698946952819824e-01
7.901698946952819824e-01
7.901698946952819824e-01
7.901698946952819824e-01
7.291407585144042969e-01
9.881901741027832031e-01
2.916988134384155273e-01
2.916988134384155273e-01
6.366810798645019531e-01
6.366810798645019531e-01
6.366810798645019531e-01
6.366810798645019531e-01
6.366810798645019531e-01
6.366810798645019531e-01
1.166895747184753418e+00
1.687603712081909180e+00
1.750583887100219727e+00
1.750583887100219727e+00
1.750583887100219727e+00
1.750583887100219727e+00
1.286610841751098633e+00
1.286610841751098633e+00
1.671731472015380859e+00
1.086873054504394531e+00
1.086873054504394531e+00
9.351395368576049805e-01
9.321677684783935547e-01
1.309144258499145508e+00
1.309144258499145508e+00
1.309144258499145508e+00
8.312954902648925781e-01
8.312954902648925781e-01
8.312954902648925781e-01
4.511131346225738525e-01
3.486636281013488770e-01
3.486636281013488770e-01
3.603875637054443359e-01
3.603875637054443359e-01
3.603875637054443359e-01
1.382334351539611816e+00
1.194015502929687500e+00
8.421173691749572754e-01
2.680748701095581055e-01
1.509918451309204102e+00
1.843438625335693359e+00
1.843438625335693359e+00
1.843438625335693359e+00
1.223673343658447266e+00
1.223673343658447266e+00
3.912671804428100586e-01
2.988196313381195068e-01
9.523277282714843750e-01
7.455227375030517578e-01
7.455227375030517578e-01
7.455227375030517578e-01
7.455227375030517578e-01
7.455227375030517578e-01
1.137171745300292969e+00
1.137171745300292969e+00
1.137171745300292969e+00
3.307648301124572754e-01
2.701606750488281250e-01
2.701606750488281250e-01
2.701606750488281250e-01
2.590725421905517578e-01
2.181575298309326172e-01
9.304907321929931641e-01
9.304907321929931641e-01
6.373675465583801270e-01
1.054782867431640625e+00
1.054782867431640625e+00
4.352606534957885742e-01
4.352606534957885742e-01
1.996150761842727661e-01
3.680139780044555664e-01
3.680139780044555664e-01
3.680139780044555664e-01
3.201532065868377686e-01
8.668363094329833984e-01
8.668363094329833984e-01
6.700631380081176758e-01
6.700631380081176758e-01
6.700631380081176758e-01
1.066010832786560059e+00
1.066010832786560059e+00
1.066010832786560059e+00
1.129164099693298340e+00
1.129164099693298340e+00
1.383669853210449219e+00
2.019660472869873047e+00
2.019660472869873047e+00
1.855242848396301270e+00
1.630725383758544922e+00
9.451830387115478516e-01
1.017252922058105469e+00
1.017252922058105469e+00
1.128873586654663086e+00
1.128873586654663086e+00
1.888897418975830078e+00
4.130163192749023438e-01
9.920696020126342773e-01
9.003191590309143066e-01
1.034392237663269043e+00
1.034392237663269043e+00
1.915190219879150391e+00
1.216345071792602539e+00
6.542898416519165039e-01
8.958168029785156250e-01
8.958168029785156250e-01
6.263893842697143555e-01
2.629647850990295410e-01
5.557435750961303711e-01
5.557435750961303711e-01
6.749575734138488770e-01
6.749575734138488770e-01
1.279664039611816406e+00
4.871749877929687500e-01
4.871749877929687500e-01
4.871749877929687500e-01
4.871749877929687500e-01
4.871749877929687500e-01
4.871749877929687500e-01
6.174283623695373535e-01
6.174283623695373535e-01
6.174283623695373535e-01
6.174283623695373535e-01
6.174283623695373535e-01
1.237212061882019043e+00
1.248592019081115723e+00
1.083004832267761230e+00
1.083004832267761230e+00
1.114837884902954102e+00
8.160637021064758301e-01
8.160637021064758301e-01
8.160637021064758301e-01
1.338504076004028320e+00
8.022398948669433594e-01
8.022398948669433594e-01
8.022398948669433594e-01
7.817725539207458496e-01
7.817725539207458496e-01
7.817725539207458496e-01
5.350149869918823242e-01
5.350149869918823242e-01
1.439943075180053711e+00
1.439943075180053711e+00
1.439943075180053711e+00
1.439943075180053711e+00
1.439943075180053711e+00
8.904953002929687500e-01
6.656473875045776367e-01
4.359328746795654297e-01
4.359328746795654297e-01
4.359328746795654297e-01
4.359328746795654297e-01
4.359328746795654297e-01
4.359328746795654297e-01
4.359328746795654297e-01
6.996145248413085938e-01
6.996145248413085938e-01
6.996145248413085938e-01
8.784085512161254883e-01
1.206849217414855957e+00
1.396585941314697266e+00
1.396585941314697266e+00
1.396585941314697266e+00
1.396585941314697266e+00
1.647682666778564453e+00
1.647682666778564453e+00
1.500827193260192871e+00
1.500827193260192871e+00
1.534458160400390625e+00
1.577145814895629883e+00
1.585311889648437500e+00
1.364373326301574707e+00
1.364373326301574707e+00
1.364373326301574707e+00
1.364373326301574707e+00
4.143786430358886719e-01
4.143786430358886719e-01
3.833999633789062500e-01
3.833999633789062500e-01
3.833999633789062500e-01
4.459740817546844482e-01
4.459740817546844482e-01
6.731804609298706055e-01
6.731804609298706055e-01
5.852137804031372070e-01
1.002252817153930664e+00
5.975967645645141602e-01
1.535247445106506348e+00
1.853907108306884766e-01
1.853907108306884766e-01
5.340632200241088867e-01
6.749119162559509277e-01
1.007563352584838867e+00
1.848567485809326172e+00
2.100222587585449219e+00
1.376335144042968750e+00
1.376335144042968750e+00
1.376335144042968750e+00
1.376335144042968750e+00
1.141280651092529297e+00
5.543258190155029297e-01
5.543258190155029297e-01
5.543258190155029297e-01
5.543258190155029297e-01
1.168908357620239258e+00
1.168908357620239258e+00
1.168908357620239258e+00
8.553317785263061523e-01
8.553317785263061523e-01
8.553317785263061523e-01
8.553317785263061523e-01
8.553317785263061523e-01
5.303781032562255859e-01
5.303781032562255859e-01
5.303781032562255859e-01
5.303781032562255859e-01
5.303781032562255859e-01
9.474387168884277344e-01
9.474387168884277344e-01
9.474387168884277344e-01
6.291238069534301758e-01
6.291238069534301758e-01
6.291238069534301758e-01
6.291238069534301758e-01
1.189407348632812500e+00
1.189407348632812500e+00
1.189407348632812500e+00
1.189407348632812500e+00
1.189407348632812500e+00
8.969511985778808594e-01
1.420590519905090332e+00
7.062236666679382324e-01
4.805410206317901611e-01
5.582648515701293945e-01
5.582648515701293945e-01
5.582648515701293945e-01
2.360717952251434326e-01
2.360717952251434326e-01
7.994697093963623047e-01
7.994697093963623047e-01
7.994697093963623047e-01
7.994697093963623047e-01
7.994697093963623047e-01
6.653325557708740234e-01
5.578975677490234375e-01
1.353323221206665039e+00
1.353323221206665039e+00
1.353323221206665039e+00
1.353323221206665039e+00
1.353323221206665039e+00
8.931543827056884766e-01
1.057822823524475098e+00
1.367653131484985352e+00
1.257702112197875977e+00
1.257702112197875977e+00
1.257702112197875977e+00
6.685568690299987793e-01
6.685568690299987793e-01
6.685568690299987793e-01
6.685568690299987793e-01
6.685568690299987793e-01
6.685568690299987793e-01
1.634237170219421387e-01
1.634237170219421387e-01
3.366845846176147461e-01
3.366845846176147461e-01
3.366845846176147461e-01
3.366845846176147461e-01
3.366845846176147461e-01
1.131075859069824219e+00
5.914958119392395020e-01
5.914958119392395020e-01
5.914958119392395020e-01
1.371870994567871094e+00
1.720631241798400879e+00
1.720631241798400879e+00
1.720631241798400879e+00
1.450627684593200684e+00
5.006084442138671875e-01
5.006084442138671875e-01
7.345908880233764648e-01
7.345908880233764648e-01
7.345908880233764648e-01
7.345908880233764648e-01
7.345908880233764648e-01
7.345908880233764648e-01
7.345908880233764648e-01
6.794972419738769531e-01
6.794972419738769531e-01
1.272366046905517578e+00
1.272366046905517578e+00
1.405246496200561523e+00
1.403523206710815430e+00
1.403523206710815430e+00
8.037086725234985352e-01
8.471731543540954590e-01
6.949971318244934082e-01
6.949971318244934082e-01
6.949971318244934082e-01
9.206938147544860840e-01
9.206938147544860840e-01
3.681311011314392090e-01
1.183515906333923340e+00
1.183515906333923340e+00
1.183515906333923340e+00
8.056126236915588379e-01
5.369616150856018066e-01
5.068765282630920410e-01
5.068765282630920410e-01
1.506427764892578125e+00
1.582515954971313477e+00
1.582515954971313477e+00
1.109749674797058105e+00
6.867643594741821289e-01
1.401047945022583008e+00
1.154994606971740723e+00
7.989461421966552734e-01
7.989461421966552734e-01
7.989461421966552734e-01
7.989461421966552734e-01
5.403961539268493652e-01
5.403961539268493652e-01
5.403961539268493652e-01
5.211724042892456055e-01
5.211724042892456055e-01
5.211724042892456055e-01
7.718362808227539062e-01
7.181460261344909668e-01
7.181460261344909668e-01
6.501997113227844238e-01
6.606932878494262695e-01
9.892455339431762695e-01
5.385754108428955078e-01
1.822771072387695312e+00
9.950120449066162109e-01
9.950120449066162109e-01
9.950120449066162109e-01
2.355713605880737305e+00
2.147630691528320312e+00
2.147630691528320312e+00
5.219069719314575195e-01
7.527897953987121582e-01
7.527897953987121582e-01
7.527897953987121582e-01
1.106729507446289062e+00
5.438579320907592773e-01
5.438579320907592773e-01
3.775212764739990234e-01
3.775212764739990234e-01
3.775212764739990234e-01
3.775212764739990234e-01
3.775212764739990234e-01
3.241210281848907471e-01
8.396483659744262695e-01
5.204843282699584961e-01
3.240687847137451172e-01
3.240687847137451172e-01
3.240687847137451172e-01
3.240687847137451172e-01
6.635642051696777344e-01
2.432583570480346680e-01
2.432583570480346680e-01
1.098209142684936523e+00
9.224348068237304688e-01
7.573038339614868164e-01
1.467491507530212402e+00
1.467491507530212402e+00
1.467491507530212402e+00
1.087474822998046875e+00
1.087474822998046875e+00
1.087474822998046875e+00
1.087474822998046875e+00
1.103869915008544922e+00
4.809999465942382812e-01
3.286861181259155273e-01
2.871679067611694336e-01
2.871679067611694336e-01
2.392096072435379028e-01
1.560616374015808105e+00
1.560616374015808105e+00
1.843897342681884766e+00
1.843897342681884766e+00
1.843897342681884766e+00
1.843897342681884766e+00
1.899687170982360840e+00
1.555221319198608398e+00
8.627387881278991699e-01
9.941431879997253418e-01
9.941431879997253418e-01
7.212762832641601562e-01
5.554865598678588867e-01
1.420717000961303711e+00
1.423328042030334473e+00
7.983703613281250000e-01
7.983703613281250000e-01
7.983703613281250000e-01
1.765614390373229980e+00
1.765614390373229980e+00
1.687753200531005859e+00
1.687753200531005859e+00
1.687753200531005859e+00
1.261414647102355957e+00
1.082718372344970703e+00
1.082718372344970703e+00
1.082718372344970703e+00
1.082718372344970703e+00
1.423639059066772461e+00
1.427786588668823242e+00
1.444084525108337402e+00
1.521016716957092285e+00
1.521016716957092285e+00
1.521016716957092285e+00
3.963160514831542969e-01
8.085732460021972656e-01
7.924480438232421875e-01
6.426547169685363770e-01
6.426547169685363770e-01
6.426547169685363770e-01
6.426547169685363770e-01
6.426547169685363770e-01
6.426547169685363770e-01
6.426547169685363770e-01
8.732305765151977539e-01
9.408628344535827637e-01
1.399429798126220703e+00
1.399429798126220703e+00
1.470615625381469727e+00
1.193859815597534180e+00
1.193859815597534180e+00
1.193859815597534180e+00
1.193859815597534180e+00
1.193859815597534180e+00
4.004415869712829590e-01
1.144816160202026367e+00
1.144816160202026367e+00
1.144816160202026367e+00
5.952218174934387207e-01
7.722337245941162109e-01
8.470030426979064941e-01
9.035979509353637695e-01
9.035979509353637695e-01
9.035979509353637695e-01
5.760456323623657227e-01
9.419417381286621094e-01
9.390933513641357422e-01
9.390933513641357422e-01
1.004841327667236328e+00
6.044304370880126953e-01
9.364843368530273438e-01
9.364843368530273438e-01
9.364843368530273438e-01
4.516017735004425049e-01
4.516017735004425049e-01
6.644590497016906738e-01
6.644590497016906738e-01
6.644590497016906738e-01
1.032455444335937500e+00
4.369136691093444824e-01
7.557131052017211914e-01
7.557131052017211914e-01
1.405344247817993164e+00
1.405344247817993164e+00
4.560926556587219238e-01
4.560926556587219238e-01
1.123640537261962891e+00
1.123640537261962891e+00
1.123640537261962891e+00
6.592874526977539062e-01
6.592874526977539062e-01
6.592874526977539062e-01
6.592874526977539062e-01
6.592874526977539062e-01
6.792918443679809570e-01
6.254881620407104492e-01
8.283069133758544922e-01
8.954527378082275391e-01
5.449485778808593750e-01
6.656130552291870117e-01
5.064628124237060547e-01
1.231366872787475586e+00
9.760653972625732422e-01
1.211547374725341797e+00
4.650371670722961426e-01
9.370174407958984375e-01
7.748218774795532227e-01
3.733347356319427490e-01
6.196024417877197266e-01
3.196472525596618652e-01
3.196472525596618652e-01
3.196472525596618652e-01
1.050412178039550781e+00
1.536366820335388184e+00
1.492872595787048340e+00
1.712813615798950195e+00
1.058128118515014648e+00
1.058128118515014648e+00
7.691421508789062500e-01
7.691421508789062500e-01
7.691421508789062500e-01
8.024557232856750488e-01
8.024557232856750488e-01
7.544560432434082031e-01
4.371382594108581543e-01
4.371382594108581543e-01
1.062857389450073242e+00
1.062857389450073242e+00
1.062857389450073242e+00
1.389655828475952148e+00
1.389655828475952148e+00
1.389655828475952148e+00
3.991940021514892578e-01
1.470476388931274414e+00
1.470476388931274414e+00
1.470476388931274414e+00
5.604916810989379883e-01
1.141819596290588379e+00
1.141819596290588379e+00
1.141819596290588379e+00
1.343637585639953613e+00
1.343637585639953613e+00
7.322207093238830566e-01
2.100908517837524414e+00
2.100908517837524414e+00
1.873306989669799805e+00
1.873306989669799805e+00
1.422331333160400391e+00
1.422331333160400391e+00
1.422331333160400391e+00
1.422331333160400391e+00
1.422331333160400391e+00
7.425216436386108398e-01
9.965398311614990234e-01
1.304323434829711914e+00
1.304323434829711914e+00
1.304323434829711914e+00
5.251127481460571289e-01
2.689747214317321777e-01
2.689747214317321777e-01
5.574352145195007324e-01
5.574352145195007324e-01
5.574352145195007324e-01
5.574352145195007324e-01
9.847089648246765137e-01
5.331193208694458008e-01
3.601006865501403809e-01
4.586617052555084229e-01
4.586617052555084229e-01
1.282787203788757324e+00
4.218677282333374023e-01
4.218677282333374023e-01
4.218677282333374023e-01
4.218677282333374023e-01
1.231487631797790527e+00
1.231487631797790527e+00
1.622728943824768066e+00
1.428085923194885254e+00
1.428085923194885254e+00
1.428085923194885254e+00
9.018043875694274902e-01
1.024905681610107422e+00
1.223857045173645020e+00
1.275623559951782227e+00
1.356742143630981445e+00
1.615994930267333984e+00
1.728038787841796875e+00
1.728038787841796875e+00
1.129065513610839844e+00
1.039903044700622559e+00
1.039903044700622559e+00
1.039903044700622559e+00
7.098604440689086914e-01
7.098604440689086914e-01
7.098604440689086914e-01
9.819969534873962402e-01
9.819969534873962402e-01
9.819969534873962402e-01
9.819969534873962402e-01
9.947690963745117188e-01
5.560500621795654297e-01
5.560500621795654297e-01
5.560500621795654297e-01
5.560500621795654297e-01
8.414261341094970703e-01
8.414261341094970703e-01
8.414261341094970703e-01
7.381307482719421387e-01
7.381307482719421387e-01
7.381307482719421387e-01
7.381307482719421387e-01
7.381307482719421387e-01
7.381307482719421387e-01
5.329698324203491211e-01
5.329698324203491211e-01
5.329698324203491211e-01
5.329698324203491211e-01
5.329698324203491211e-01
6.718039512634277344e-01
6.327013969421386719e-01
8.915022611618041992e-01
6.476573348045349121e-01
1.140218734741210938e+00
7.135883569717407227e-01
8.197792172431945801e-01
8.197792172431945801e-01
8.197792172431945801e-01
2.135584354400634766e-01
5.593217611312866211e-01
5.593217611312866211e-01
3.700630366802215576e-01
7.861111164093017578e-01
6.493233442306518555e-01
8.035954236984252930e-01
8.035954236984252930e-01
8.772481083869934082e-01
1.144436836242675781e+00
1.397865295410156250e+00
4.145659208297729492e-01
5.691390037536621094e-01
5.691390037536621094e-01
6.118368506431579590e-01
6.118368506431579590e-01
6.118368506431579590e-01
1.086184382438659668e+00
1.086184382438659668e+00
1.056106209754943848e+00
1.056106209754943848e+00
6.910285949707031250e-01
6.910285949707031250e-01
6.469905972480773926e-01
6.469905972480773926e-01
8.021036982536315918e-01
1.006350636482238770e+00
1.061741828918457031e+00
1.212258696556091309e+00
1.049242496490478516e+00
1.049242496490478516e+00
4.642698168754577637e-01
4.604301750659942627e-01
4.604301750659942627e-01
4.819145500659942627e-01
6.041168570518493652e-01
1.546500682830810547e+00
9.444056749343872070e-01
9.444056749343872070e-01
6.001625657081604004e-01
4.297562539577484131e-01
4.297562539577484131e-01
4.297562539577484131e-01
4.297562539577484131e-01
4.047950208187103271e-01
4.047950208187103271e-01
4.047950208187103271e-01
4.632821679115295410e-01
3.633922338485717773e-01
3.633922338485717773e-01
3.633922338485717773e-01
3.859478235244750977e-01
3.859478235244750977e-01
3.859478235244750977e-01
7.545145750045776367e-01
7.545145750045776367e-01
7.545145750045776367e-01
8.066757321357727051e-01
8.066757321357727051e-01
8.066757321357727051e-01
8.066757321357727051e-01
8.066757321357727051e-01
4.686130583286285400e-01
4.686130583286285400e-01
8.975365757942199707e-01
8.975365757942199707e-01
1.235917448997497559e+00
6.031484603881835938e-01
3.355552554130554199e-01
5.479133129119873047e-01
5.479133129119873047e-01
5.479133129119873047e-01
5.479133129119873047e-01
5.479133129119873047e-01
5.479133129119873047e-01
5.479133129119873047e-01
5.479133129119873047e-01
1.065791606903076172e+00
8.694523572921752930e-01
9.532046914100646973e-01
9.532046914100646973e-01
7.390009760856628418e-01
7.390009760856628418e-01
9.785621166229248047e-01
9.785621166229248047e-01
1.127636075019836426e+00
5.924317240715026855e-01
5.924317240715026855e-01
6.116502285003662109e-01
6.116502285003662109e-01
6.116502285003662109e-01
9.171942472457885742e-01
1.211227059364318848e+00
1.011012673377990723e+00
1.011012673377990723e+00
1.011012673377990723e+00
1.011012673377990723e+00
1.389966964721679688e+00
1.307606816291809082e+00
1.307606816291809082e+00
1.307606816291809082e+00
1.307606816291809082e+00
1.307606816291809082e+00
3.049548864364624023e-01
1.043580532073974609e+00
1.259138345718383789e+00
1.259138345718383789e+00
1.233273029327392578e+00
2.892692685127258301e-01
8.972343802452087402e-01
1.194900155067443848e+00
1.194900155067443848e+00
1.258692383766174316e+00
9.468430280685424805e-01
1.018983721733093262e+00
1.018983721733093262e+00
1.018983721733093262e+00
1.018983721733093262e+00
5.874601602554321289e-01
6.048094034194946289e-01
6.048094034194946289e-01
8.888718485832214355e-01
8.888718485832214355e-01
1.347346067428588867e+00
1.670100808143615723e+00
1.670100808143615723e+00
9.976801276206970215e-01
1.138316750526428223e+00
1.543622016906738281e+00
1.543622016906738281e+00
1.543622016906738281e+00
1.330458283424377441e+00
7.733917236328125000e-01
1.333696365356445312e+00
1.419124245643615723e+00
1.419124245643615723e+00
5.862489342689514160e-01
9.952895045280456543e-01
1.183445215225219727e+00
1.183445215225219727e+00
1.127416014671325684e+00
1.001113891601562500e+00
1.499250411987304688e+00
1.499250411987304688e+00
6.889996528625488281e-01
6.889996528625488281e-01
6.889996528625488281e-01
6.889996528625488281e-01
6.889996528625488281e-01
5.082162618637084961e-01
5.082162618637084961e-01
4.101972579956054688e-01
1.209698319435119629e+00
1.116631984710693359e+00
1.422102332115173340e+00
7.394413948059082031e-01
1.265879631042480469e+00
1.265879631042480469e+00
1.265879631042480469e+00
7.005792856216430664e-01
7.005792856216430664e-01
7.005792856216430664e-01
7.005792856216430664e-01
4.447968900203704834e-01
6.315907239913940430e-01
9.612705707550048828e-01
9.612705707550048828e-01
9.612705707550048828e-01
9.612705707550048828e-01
9.612705707550048828e-01
9.612705707550048828e-01
9.612705707550048828e-01
9.612705707550048828e-01
9.612705707550048828e-01
9.612705707550048828e-01
7.939047217369079590e-01
1.082005500793457031e+00
9.350096583366394043e-01
1.109133481979370117e+00
1.109133481979370117e+00
1.792681217193603516e+00
1.792681217193603516e+00
1.792681217193603516e+00
1.750441789627075195e+00
1.750441789627075195e+00
1.750441789627075195e+00
1.859780550003051758e+00
1.859780550003051758e+00
1.859780550003051758e+00
1.859780550003051758e+00
1.859780550003051758e+00
1.758939981460571289e+00
1.758939981460571289e+00
1.758939981460571289e+00
1.758939981460571289e+00
1.652838468551635742e+00
1.903589367866516113e+00
1.903589367866516113e+00
2.203011751174926758e+00
2.071748256683349609e+00
2.071748256683349609e+00
2.071748256683349609e+00
2.187248945236206055e+00
2.187248945236206055e+00
1.118659377098083496e+00
1.389153003692626953e+00
1.527913212776184082e+00
1.770976781845092773e+00
1.502995491027832031e+00
1.502995491027832031e+00
9.675888419151306152e-01
6.130657196044921875e-01
6.130657196044921875e-01
6.130657196044921875e-01
5.251430869102478027e-01
5.251430869102478027e-01
5.251430869102478027e-01
5.251430869102478027e-01
1.415241241455078125e+00
1.415241241455078125e+00
1.209548115730285645e+00
1.460677146911621094e+00
1.233391523361206055e+00
1.198300242424011230e+00
1.198300242424011230e+00
8.336217403411865234e-01
8.336217403411865234e-01
8.336217403411865234e-01
8.336217403411865234e-01
8.336217403411865234e-01
8.336217403411865234e-01
8.336217403411865234e-01
8.336217403411865234e-01
1.286029815673828125e+00
9.585568308830261230e-01
9.585568308830261230e-01
9.585568308830261230e-01
9.585568308830261230e-01
1.505610466003417969e+00
1.505610466003417969e+00
1.505610466003417969e+00
1.505610466003417969e+00
9.190952777862548828e-01
9.190952777862548828e-01
5.669372677803039551e-01
7.534572482109069824e-01
7.134037613868713379e-01
7.966979742050170898e-01
1.682988643646240234e+00
1.682988643646240234e+00
1.682988643646240234e+00
1.066931009292602539e+00
9.539155960083007812e-01
6.476113796234130859e-01
6.476113796234130859e-01
1.002439498901367188e+00
1.186487436294555664e+00
1.186487436294555664e+00
1.186487436294555664e+00
1.186487436294555664e+00
1.186487436294555664e+00
2.117539048194885254e-01
7.227715849876403809e-01
7.227715849876403809e-01
7.227715849876403809e-01
7.227715849876403809e-01
7.227715849876403809e-01
7.227715849876403809e-01
6.317533254623413086e-01
9.290479421615600586e-01
9.290479421615600586e-01
4.915068149566650391e-01
4.915068149566650391e-01
4.915068149566650391e-01
4.915068149566650391e-01
8.567401170730590820e-01
8.488146066665649414e-01
1.035707712173461914e+00
1.035707712173461914e+00
1.579413652420043945e+00
1.579413652420043945e+00
1.579413652420043945e+00
1.579413652420043945e+00
1.598084211349487305e+00
1.598084211349487305e+00
1.955214262008666992e+00
1.994254946708679199e+00
1.868808507919311523e+00
1.297223806381225586e+00
1.297223806381225586e+00
5.061336755752563477e-01
5.061336755752563477e-01
1.226799964904785156e+00
8.803849220275878906e-01
5.490301847457885742e-01
5.490301847457885742e-01
7.404597997665405273e-01
8.493040800094604492e-01
8.493040800094604492e-01
8.493040800094604492e-01
8.493040800094604492e-01
7.183989882469177246e-01
7.183989882469177246e-01
9.093800783157348633e-01
1.333329677581787109e+00
1.116869449615478516e+00
2.075240612030029297e-01
2.288406342267990112e-01
1.507553756237030029e-01
9.716947078704833984e-01
1.477052807807922363e+00
1.300777196884155273e+00
1.295712471008300781e+00
1.068390250205993652e+00
1.068390250205993652e+00
1.068390250205993652e+00
8.455464839935302734e-01
8.455464839935302734e-01
7.862117886543273926e-01
7.862117886543273926e-01
1.253382205963134766e+00
1.253382205963134766e+00
1.029023289680480957e+00
1.203614115715026855e+00
1.323550820350646973e+00
1.421042323112487793e+00
9.080463051795959473e-01
5.241987705230712891e-01
5.241987705230712891e-01
1.565128684043884277e+00
1.526370048522949219e+00
1.526370048522949219e+00
8.889733552932739258e-01
8.889733552932739258e-01
8.889733552932739258e-01
3.270944952964782715e-01
3.270944952964782715e-01
3.270944952964782715e-01
3.270944952964782715e-01
1.306691884994506836e+00
1.184056282043457031e+00
1.733970403671264648e+00
9.282136559486389160e-01
1.527504682540893555e+00
1.463841676712036133e+00
1.511343002319335938e+00
1.258981823921203613e+00
1.147204160690307617e+00
9.410679936408996582e-01
1.280452370643615723e+00
9.261146783828735352e-01
9.104680418968200684e-01
7.624344825744628906e-01
7.624344825744628906e-01
7.416790127754211426e-01
7.416790127754211426e-01
8.127145171165466309e-01
1.436184406280517578e+00
7.012161016464233398e-01
1.078057765960693359e+00
1.078057765960693359e+00
1.870677709579467773e+00
1.300461053848266602e+00
1.517085552215576172e+00
1.400532960891723633e+00
1.400532960891723633e+00
1.400532960891723633e+00
1.400532960891723633e+00
1.400532960891723633e+00
1.400532960891723633e+00
1.346996307373046875e+00
1.346996307373046875e+00
1.548097252845764160e+00
1.143439531326293945e+00
1.143439531326293945e+00
3.835692405700683594e-01
8.898626565933227539e-01
8.898626565933227539e-01
1.599087715148925781e+00
1.316387653350830078e+00
1.224106431007385254e+00
3.082067966461181641e-01
3.082067966461181641e-01
3.082067966461181641e-01
1.433038234710693359e+00
9.987587332725524902e-01
1.115867972373962402e+00
1.115867972373962402e+00
1.115867972373962402e+00
3.512603044509887695e-01
3.710796833038330078e-01
3.710796833038330078e-01
3.710796833038330078e-01
3.710796833038330078e-01
1.132445812225341797e+00
1.132445812225341797e+00
8.036215305328369141e-01
8.036215305328369141e-01
1.371116876602172852e+00
1.371116876602172852e+00
1.371116876602172852e+00
1.103571772575378418e+00
1.103571772575378418e+00
1.103571772575378418e+00
6.182234287261962891e-01
6.450787782669067383e-01
1.521865367889404297e+00
1.521865367889404297e+00
1.521865367889404297e+00
5.174468755722045898e-01
5.174468755722045898e-01
9.093254804611206055e-01
9.093254804611206055e-01
7.134523391723632812e-01
7.134523391723632812e-01
7.134523391723632812e-01
6.751034259796142578e-01
6.751034259796142578e-01
2.433498501777648926e-01
5.702500939369201660e-01
3.940161466598510742e-01
3.940161466598510742e-01
7.726659774780273438e-01
6.524747610092163086e-01
7.212434411048889160e-01
7.212434411048889160e-01
7.212434411048889160e-01
7.212434411048889160e-01
7.584043145179748535e-01
7.584043145179748535e-01
4.501535296440124512e-01
6.379266977310180664e-01
5.295874476432800293e-01
5.295874476432800293e-01
6.231775879859924316e-01
1.705546855926513672e+00
1.876601219177246094e+00
2.041941404342651367e+00
2.041941404342651367e+00
1.958506464958190918e+00
1.958506464958190918e+00
1.295078992843627930e+00
1.295078992843627930e+00
3.024926185607910156e-01
1.466520667076110840e+00
2.239749908447265625e+00
2.405833721160888672e+00
2.143677234649658203e+00
2.093172311782836914e+00
1.765628814697265625e+00
1.765628814697265625e+00
1.765628814697265625e+00
1.762578010559082031e+00
9.882890582084655762e-01
8.098559975624084473e-01
5.740404129028320312e-01
5.740404129028320312e-01
5.740404129028320312e-01
8.062867522239685059e-01
5.813038349151611328e-01
5.813038349151611328e-01
6.659754514694213867e-01
6.659754514694213867e-01
6.659754514694213867e-01
6.659754514694213867e-01
6.659754514694213867e-01
6.659754514694213867e-01
6.659754514694213867e-01
8.039952516555786133e-01
8.039952516555786133e-01
8.039952516555786133e-01
5.132819414138793945e-01
5.133273601531982422e-01
5.133273601531982422e-01
6.967449188232421875e-01
1.444267630577087402e-01
1.444267630577087402e-01
2.377576828002929688e-01
4.837753772735595703e-01
3.976458907127380371e-01
3.976458907127380371e-01
3.976458907127380371e-01
7.174050211906433105e-01
7.174050211906433105e-01
3.644999265670776367e-01
3.644999265670776367e-01
9.750285744667053223e-01
9.750285744667053223e-01
9.750285744667053223e-01
9.750285744667053223e-01
6.164716482162475586e-01
6.164716482162475586e-01
6.164716482162475586e-01
6.164716482162475586e-01
6.930169463157653809e-01
6.930169463157653809e-01
9.042861461639404297e-01
9.042861461639404297e-01
8.588600158691406250e-01
8.588600158691406250e-01
8.588600158691406250e-01
6.230841875076293945e-01
6.434590816497802734e-01
8.700928092002868652e-01
8.700928092002868652e-01
9.141864180564880371e-01
4.987001419067382812e-01
1.113405466079711914e+00
1.113405466079711914e+00
1.082621335983276367e+00
7.779557704925537109e-01
7.779557704925537109e-01
9.448237419128417969e-01
8.369389772415161133e-01
2.014864683151245117e-01
2.014864683151245117e-01
2.014864683151245117e-01
2.014864683151245117e-01
1.427117228507995605e+00
1.427117228507995605e+00
1.465056061744689941e+00
1.345530748367309570e+00
1.345530748367309570e+00
1.228794336318969727e+00
1.228794336318969727e+00
1.228794336318969727e+00
1.259123325347900391e+00
1.259123325347900391e+00
1.259123325347900391e+00
4.112518429756164551e-01
6.052190065383911133e-01
6.052190065383911133e-01
5.176235437393188477e-01
6.595669984817504883e-01
6.595669984817504883e-01
5.090375542640686035e-01
5.090375542640686035e-01
1.004009485244750977e+00
1.004009485244750977e+00
1.004009485244750977e+00
1.109175086021423340e+00
1.109175086021423340e+00
1.886576056480407715e+00
1.628008961677551270e+00
1.628008961677551270e+00
1.462261438369750977e+00
1.858338713645935059e+00
1.858338713645935059e+00
1.167835712432861328e+00
1.167835712432861328e+00
7.998210191726684570e-01
4.873062968254089355e-01
7.984918355941772461e-01
5.201932191848754883e-01
1.219254970550537109e+00
1.219254970550537109e+00
7.051234841346740723e-01
7.051234841346740723e-01
5.549618005752563477e-01
9.825454950332641602e-01
9.825454950332641602e-01
9.825454950332641602e-01
9.825454950332641602e-01
6.546043753623962402e-01
9.475693702697753906e-01
9.475693702697753906e-01
9.475693702697753906e-01
9.475693702697753906e-01
9.475693702697753906e-01
7.404919266700744629e-01
8.196013569831848145e-01
7.798401117324829102e-01
7.798401117324829102e-01
7.798401117324829102e-01
7.798401117324829102e-01
7.897287607192993164e-01
7.897287607192993164e-01
5.504789352416992188e-01
5.504789352416992188e-01
7.953289747238159180e-01
7.494480013847351074e-01
1.342143654823303223e+00
4.114648699760437012e-01
4.114648699760437012e-01
7.627375125885009766e-01
7.776804566383361816e-01
7.776804566383361816e-01
7.776804566383361816e-01
8.534775972366333008e-01
7.961094975471496582e-01
7.961094975471496582e-01
7.961094975471496582e-01
7.961094975471496582e-01
7.961094975471496582e-01
7.961094975471496582e-01
1.058940887451171875e+00
4.713863730430603027e-01
4.713863730430603027e-01
1.220270633697509766e+00
7.895464897155761719e-01
7.895464897155761719e-01
7.895464897155761719e-01
7.895464897155761719e-01
7.895464897155761719e-01
7.895464897155761719e-01
9.169708490371704102e-01
1.341028213500976562e+00
1.506239652633666992e+00
1.506239652633666992e+00
4.310445785522460938e-01
4.310445785522460938e-01
8.569206595420837402e-01
1.334625601768493652e+00
1.312829613685607910e+00
1.189929008483886719e+00
1.189929008483886719e+00
1.592215776443481445e+00
1.474618196487426758e+00
1.474618196487426758e+00
1.539766788482666016e+00
1.539766788482666016e+00
1.539766788482666016e+00
1.703676700592041016e+00
1.703676700592041016e+00
6.250107288360595703e-01
6.618652343750000000e-01
9.093757867813110352e-01
1.312824726104736328e+00
1.760266304016113281e+00
1.760266304016113281e+00
1.577035188674926758e+00
1.582272052764892578e+00
1.582272052764892578e+00
1.556664109230041504e+00
1.556664109230041504e+00
1.519368171691894531e+00
1.519368171691894531e+00
1.519368171691894531e+00
1.519368171691894531e+00
2.202291488647460938e-01
2.202291488647460938e-01
9.473608136177062988e-01
1.124462723731994629e+00
1.124462723731994629e+00
7.019548416137695312e-01
7.019548416137695312e-01
7.019548416137695312e-01
7.019548416137695312e-01
7.019548416137695312e-01
1.489650487899780273e+00
1.665898799896240234e+00
1.665898799896240234e+00
1.665898799896240234e+00
7.653627991676330566e-01
7.653627991676330566e-01
7.653627991676330566e-01
1.069970488548278809e+00
9.577228426933288574e-01
2.645192742347717285e-01
6.263942718505859375e-01
6.263942718505859375e-01
6.263942718505859375e-01
8.776582479476928711e-01
1.164267539978027344e+00
1.736299276351928711e+00
1.736299276351928711e+00
1.736299276351928711e+00
1.761516809463500977e+00
2.189654350280761719e+00
1.113901019096374512e+00
6.718559265136718750e-01
6.718559265136718750e-01
1.012526988983154297e+00
1.012526988983154297e+00
8.270190954208374023e-01
9.991109967231750488e-01
1.841216325759887695e+00
1.640249848365783691e+00
1.640249848365783691e+00
1.058258533477783203e+00
9.413402080535888672e-01
4.504156410694122314e-01
4.504156410694122314e-01
4.233201444149017334e-01
6.172151565551757812e-01
5.405449867248535156e-01
5.405449867248535156e-01
5.405449867248535156e-01
1.302083492279052734e+00
1.302083492279052734e+00
1.883920431137084961e+00
1.412460088729858398e+00
1.412460088729858398e+00
1.412460088729858398e+00
1.170236110687255859e+00
1.170236110687255859e+00
5.069576501846313477e-01
5.069576501846313477e-01
4.495419263839721680e-01
2.029289752244949341e-01
2.029289752244949341e-01
2.029289752244949341e-01
2.029289752244949341e-01
4.001397490501403809e-01
9.151797294616699219e-01
9.151797294616699219e-01
9.151797294616699219e-01
9.151797294616699219e-01
9.151797294616699219e-01
6.464502811431884766e-01
6.464502811431884766e-01
5.732731819152832031e-01
5.159347057342529297e-01
5.159347057342529297e-01
5.159347057342529297e-01
8.174647092819213867e-01
8.174647092819213867e-01
8.174647092819213867e-01
6.429440975189208984e-01
4.283353686332702637e-01
1.067860126495361328e+00
1.365561962127685547e+00
1.365561962127685547e+00
1.345236420631408691e+00
9.082089066505432129e-01
2.053872346878051758e-01
2.053872346878051758e-01
2.053872346878051758e-01
4.576898515224456787e-01
4.576898515224456787e-01
4.576898515224456787e-01
4.576898515224456787e-01
4.576898515224456787e-01
4.576898515224456787e-01
4.576898515224456787e-01
9.489259719848632812e-01
6.372655630111694336e-01
6.372655630111694336e-01
9.487730264663696289e-01
9.487730264663696289e-01
6.736738681793212891e-01
6.736738681793212891e-01
6.736738681793212891e-01
6.736738681793212891e-01
4.509729743003845215e-01
4.509729743003845215e-01
4.509729743003845215e-01
4.509729743003845215e-01
5.426115989685058594e-01
5.426115989685058594e-01
5.426115989685058594e-01
6.323866248130798340e-01
6.323866248130798340e-01
6.780889034271240234e-01
6.780889034271240234e-01
6.780889034271240234e-01
4.747413992881774902e-01
4.747413992881774902e-01
1.142405509948730469e+00
1.142405509948730469e+00
3.701381087303161621e-01
3.701381087303161621e-01
1.068640112876892090e+00
1.068640112876892090e+00
1.068640112876892090e+00
5.578969717025756836e-01
5.578969717025756836e-01
6.269457340240478516e-01
6.269457340240478516e-01
1.137591123580932617e+00
9.571022987365722656e-01
9.571022987365722656e-01
1.248770475387573242e+00
6.980710625648498535e-01
6.980710625648498535e-01
6.980710625648498535e-01
1.247484445571899414e+00
4.319650530815124512e-01
1.433732509613037109e+00
1.093301653861999512e+00
6.595783233642578125e-01
6.595783233642578125e-01
1.236167550086975098e+00
1.236167550086975098e+00
1.236167550086975098e+00
3.435789346694946289e-01
6.019529700279235840e-01
6.019529700279235840e-01
6.019529700279235840e-01
3.385339975357055664e-01
4.056977927684783936e-01
2.694130539894104004e-01
2.694130539894104004e-01
8.479547500610351562e-01
1.340381622314453125e+00
1.340381622314453125e+00
1.340381622314453125e+00
7.201494574546813965e-01
7.821650505065917969e-01
7.006889581680297852e-01
7.006889581680297852e-01
7.006889581680297852e-01
7.006889581680297852e-01
1.226709842681884766e+00
9.626359939575195312e-01
8.601612448692321777e-01
8.601612448692321777e-01
1.293339014053344727e+00
1.293339014053344727e+00
1.508316516876220703e+00
1.327688574790954590e+00
4.266135096549987793e-01
4.266135096549987793e-01
1.493602752685546875e+00
3.436491489410400391e-01
4.228997230529785156e-01
5.360071063041687012e-01
5.360071063041687012e-01
4.761278033256530762e-01
4.761278033256530762e-01
4.761278033256530762e-01
4.761278033256530762e-01
1.036247253417968750e+00
1.082673907279968262e+00
1.251342654228210449e+00
4.072408676147460938e-01
4.072408676147460938e-01
5.194995999336242676e-01
6.609190106391906738e-01
6.609190106391906738e-01
6.609190106391906738e-01
6.609190106391906738e-01
4.943863451480865479e-01
4.943863451480865479e-01
4.943863451480865479e-01
5.437260270118713379e-01
5.437260270118713379e-01
5.437260270118713379e-01
7.259023189544677734e-01
1.643465399742126465e+00
1.643465399742126465e+00
1.643465399742126465e+00
1.643465399742126465e+00
1.550751686096191406e+00
1.439915060997009277e+00
4.994311928749084473e-01
4.994311928749084473e-01
4.994311928749084473e-01
4.994311928749084473e-01
4.994311928749084473e-01
6.735998988151550293e-01
6.735998988151550293e-01
8.123708963394165039e-01
3.385468125343322754e-01
2.595305442810058594e-01
2.549767196178436279e-01
2.549767196178436279e-01
9.158681631088256836e-01
9.158681631088256836e-01
9.158681631088256836e-01
2.518540024757385254e-01
2.518540024757385254e-01
2.518540024757385254e-01
2.518540024757385254e-01
2.518540024757385254e-01
1.027851581573486328e+00
1.027851581573486328e+00
8.679243326187133789e-01
8.679243326187133789e-01
1.402204513549804688e+00
9.616652131080627441e-01
1.078311562538146973e+00
9.012826681137084961e-01
1.190792798995971680e+00
9.271727204322814941e-01
8.132775425910949707e-01
6.248435378074645996e-01
6.248435378074645996e-01
6.613872051239013672e-01
6.613872051239013672e-01
6.613872051239013672e-01
1.145216584205627441e+00
1.145216584205627441e+00
1.145216584205627441e+00
1.595890283584594727e+00
1.089455604553222656e+00
1.265084266662597656e+00
1.265084266662597656e+00
1.028998374938964844e+00
4.284362792968750000e-01
7.145155668258666992e-01
8.003765940666198730e-01
1.015443921089172363e+00
1.015443921089172363e+00
4.937593340873718262e-01
9.520781040191650391e-01
1.264464974403381348e+00
1.173764228820800781e+00
1.173764228820800781e+00
1.173764228820800781e+00
7.833532094955444336e-01
7.833532094955444336e-01
7.833532094955444336e-01
7.833532094955444336e-01
7.833532094955444336e-01
7.833532094955444336e-01
7.833532094955444336e-01
7.833532094955444336e-01
6.701292991638183594e-01
1.288031578063964844e+00
2.337480068206787109e+00
2.337480068206787109e+00
2.337480068206787109e+00
2.337480068206787109e+00
2.337480068206787109e+00
2.271405458450317383e+00
2.271405458450317383e+00
2.271405458450317383e+00
2.271405458450317383e+00
2.170407533645629883e+00
2.170407533645629883e+00
2.170407533645629883e+00
2.170407533645629883e+00
1.933348298072814941e+00
7.101449966430664062e-01
6.214306950569152832e-01
2.135541200637817383e+00
2.135541200637817383e+00
1.201077818870544434e+00
6.103361248970031738e-01
6.672956943511962891e-01
9.654125571250915527e-01
1.088635802268981934e+00
1.272467136383056641e+00
1.272467136383056641e+00
5.142055749893188477e-01
1.135819792747497559e+00
1.135819792747497559e+00
1.187135696411132812e+00
1.125037670135498047e+00
1.480961084365844727e+00
9.598099589347839355e-01
1.262147665023803711e+00
1.123388051986694336e+00
1.041464686393737793e+00
1.104396581649780273e+00
1.104396581649780273e+00
1.104396581649780273e+00
3.379116654396057129e-01
8.986641168594360352e-01
8.986641168594360352e-01
1.044695615768432617e+00
7.517713904380798340e-01
7.517713904380798340e-01
4.767653644084930420e-01
2.515362501144409180e-01
2.515362501144409180e-01
1.625937968492507935e-01
1.625937968492507935e-01
4.621430039405822754e-01
9.955114722251892090e-01
9.955114722251892090e-01
9.955114722251892090e-01
9.955114722251892090e-01
4.788585305213928223e-01
6.398801803588867188e-01
6.398801803588867188e-01
7.395423054695129395e-01
9.666467905044555664e-01
9.666467905044555664e-01
1.263971090316772461e+00
1.418753147125244141e+00
1.418753147125244141e+00
1.210600137710571289e+00
1.210600137710571289e+00
1.210600137710571289e+00
1.129567742347717285e+00
1.129567742347717285e+00
9.821282029151916504e-01
9.423134326934814453e-01
9.349434971809387207e-01
9.349434971809387207e-01
9.349434971809387207e-01
9.996623992919921875e-01
8.148496150970458984e-01
9.970508813858032227e-01
9.970508813858032227e-01
9.970508813858032227e-01
9.970508813858032227e-01
5.976486206054687500e-01
5.976486206054687500e-01
5.976486206054687500e-01
5.976486206054687500e-01
5.976486206054687500e-01
3.260877430438995361e-01
3.260877430438995361e-01
3.260877430438995361e-01
9.131057262420654297e-01
9.131057262420654297e-01
7.598774433135986328e-01
7.598774433135986328e-01
8.154702186584472656e-01
8.154702186584472656e-01
7.886377573013305664e-01
7.886377573013305664e-01
9.276496171951293945e-01
1.116906404495239258e+00
3.823354244232177734e-01
3.823354244232177734e-01
3.823354244232177734e-01
9.886829853057861328e-01
1.107773661613464355e+00
1.107773661613464355e+00
2.839943170547485352e-01
2.839943170547485352e-01
2.316513508558273315e-01
2.316513508558273315e-01
9.999159574508666992e-01
9.999159574508666992e-01
1.421874403953552246e+00
5.300865769386291504e-01
5.300865769386291504e-01
9.528038501739501953e-01
1.142345428466796875e+00
1.396665215492248535e+00
1.396665215492248535e+00
1.134461402893066406e+00
1.238605856895446777e+00
1.238605856895446777e+00
1.006710648536682129e+00
1.125986337661743164e+00
1.108770847320556641e+00
1.108770847320556641e+00
1.108770847320556641e+00
1.164702177047729492e+00
9.195171594619750977e-01
9.195171594619750977e-01
9.195171594619750977e-01
9.195171594619750977e-01
9.195171594619750977e-01
9.195171594619750977e-01
1.053101420402526855e+00
4.947133660316467285e-01
1.193976640701293945e+00
1.401013374328613281e+00
1.401013374328613281e+00
1.401013374328613281e+00
1.555339932441711426e+00
9.460565447807312012e-01
9.636229276657104492e-01
9.636229276657104492e-01
5.072704553604125977e-01
7.071638703346252441e-01
3.160282671451568604e-01
1.244974017143249512e+00
7.767224311828613281e-01
7.767224311828613281e-01
7.767224311828613281e-01
7.767224311828613281e-01
7.808041572570800781e-01
7.808041572570800781e-01
5.616693496704101562e-01
5.616693496704101562e-01
4.230109751224517822e-01
4.230109751224517822e-01
8.534073829650878906e-01
8.534073829650878906e-01
8.534073829650878906e-01
1.293774366378784180e+00
4.789423942565917969e-01
9.009122848510742188e-01
9.009122848510742188e-01
9.009122848510742188e-01
9.502318501472473145e-01
9.502318501472473145e-01
9.502318501472473145e-01
1.097525954246520996e+00
1.097525954246520996e+00
1.097525954246520996e+00
9.221360683441162109e-01
4.973874092102050781e-01
3.633174300193786621e-01
5.128936171531677246e-01
5.128936171531677246e-01
1.175561428070068359e+00
1.175561428070068359e+00
6.287421584129333496e-01
1.378825664520263672e+00
1.574582695960998535e+00
1.574582695960998535e+00
1.396623611450195312e+00
1.396623611450195312e+00
1.396623611450195312e+00
1.396623611450195312e+00
1.708021283149719238e+00
7.249020338058471680e-01
1.189618706703186035e+00
1.189618706703186035e+00
1.189618706703186035e+00
1.189618706703186035e+00
1.189618706703186035e+00
8.137408494949340820e-01
8.137408494949340820e-01
8.137408494949340820e-01
8.137408494949340820e-01
4.478603899478912354e-01
4.478603899478912354e-01
4.478603899478912354e-01
4.478603899478912354e-01
6.939082145690917969e-01
6.048349142074584961e-01
8.897367715835571289e-01
8.028244972229003906e-01
8.028244972229003906e-01
8.028244972229003906e-01
8.028244972229003906e-01
8.028244972229003906e-01
8.028244972229003906e-01
8.028244972229003906e-01
8.028244972229003906e-01
8.028244972229003906e-01
4.311537444591522217e-01
4.311537444591522217e-01
6.767168641090393066e-01
6.767168641090393066e-01
6.767168641090393066e-01
2.552422583103179932e-01
2.552422583103179932e-01
8.982987403869628906e-01
8.982987403869628906e-01
8.982987403869628906e-01
5.778255462646484375e-01
5.778255462646484375e-01
5.597884058952331543e-01
6.399809718132019043e-01
1.239731073379516602e+00
1.239731073379516602e+00
1.000938653945922852e+00
8.984441757202148438e-01
5.613139271736145020e-01
5.613139271736145020e-01
5.613139271736145020e-01
6.920147538185119629e-01
6.920147538185119629e-01
7.984403371810913086e-01
7.137498855590820312e-01
7.137498855590820312e-01
1.015947341918945312e+00
9.360724687576293945e-01
8.834776878356933594e-01
8.295028209686279297e-01
8.295028209686279297e-01
1.004241228103637695e+00
1.144390463829040527e+00
1.144390463829040527e+00
1.144390463829040527e+00
1.001350641250610352e+00
1.178723573684692383e+00
6.476492881774902344e-01
5.904346108436584473e-01
6.701494455337524414e-01
6.701494455337524414e-01
1.367152690887451172e+00
1.367152690887451172e+00
9.924879074096679688e-01
4.992625713348388672e-01
4.992625713348388672e-01
4.992625713348388672e-01
4.992625713348388672e-01
1.536522150039672852e+00
7.425491213798522949e-01
7.425491213798522949e-01
7.753726840019226074e-01
7.753726840019226074e-01
7.753726840019226074e-01
1.213058829307556152e+00
1.213058829307556152e+00
1.038090467453002930e+00
1.038090467453002930e+00
5.979031324386596680e-01
5.979031324386596680e-01
9.762186408042907715e-01
1.012796878814697266e+00
1.012796878814697266e+00
1.394530534744262695e+00
8.997215032577514648e-01
8.997215032577514648e-01
8.997215032577514648e-01
8.997215032577514648e-01
1.750219821929931641e+00
1.562955141067504883e+00
1.562955141067504883e+00
1.562955141067504883e+00
1.422003269195556641e+00
1.236232161521911621e+00
1.236232161521911621e+00
1.824696183204650879e+00
1.974194884300231934e+00
1.757178068161010742e+00
1.344927549362182617e+00
8.738051652908325195e-01
9.272938966751098633e-01
1.264162063598632812e+00
1.264162063598632812e+00
9.725389480590820312e-01
8.560157418251037598e-01
1.098038554191589355e+00
1.613051772117614746e+00
1.585241436958312988e+00
1.585241436958312988e+00
1.612337112426757812e+00
3.332931995391845703e-01
3.332931995391845703e-01
3.332931995391845703e-01
3.380503654479980469e-01
3.063631355762481689e-01
3.063631355762481689e-01
7.934654951095581055e-01
8.528342247009277344e-01
8.528342247009277344e-01
8.370863795280456543e-01
1.081428527832031250e+00
1.081428527832031250e+00
1.081428527832031250e+00
9.382955431938171387e-01
9.569697380065917969e-01
9.569697380065917969e-01
7.591415047645568848e-01
7.591415047645568848e-01
1.378666400909423828e+00
8.173703551292419434e-01
8.173703551292419434e-01
8.173703551292419434e-01
1.395139217376708984e+00
7.621452808380126953e-01
1.107411742210388184e+00
7.030911445617675781e-01
1.054175496101379395e+00
1.054175496101379395e+00
1.283789873123168945e+00
1.283789873123168945e+00
1.283789873123168945e+00
1.055735826492309570e+00
5.516445636749267578e-01
5.676688551902770996e-01
1.259112477302551270e+00
1.318472146987915039e+00
1.033719658851623535e+00
1.033719658851623535e+00
1.033719658851623535e+00
4.668057560920715332e-01
4.668057560920715332e-01
6.248733997344970703e-01
7.332616448402404785e-01
3.998724818229675293e-01
2.393835932016372681e-01
1.207016110420227051e+00
1.207016110420227051e+00
1.207016110420227051e+00
1.133105993270874023e+00
1.133105993270874023e+00
1.133105993270874023e+00
8.923431634902954102e-01
1.197328090667724609e+00
4.201228618621826172e-01
4.201228618621826172e-01
5.306223630905151367e-01
1.352885961532592773e+00
1.352885961532592773e+00
7.709908485412597656e-01
7.709908485412597656e-01
7.709908485412597656e-01
9.452761411666870117e-01
9.804058670997619629e-01
9.804058670997619629e-01
9.804058670997619629e-01
9.804058670997619629e-01
1.185847759246826172e+00
1.146546244621276855e+00
1.909873962402343750e+00
1.909873962402343750e+00
1.909873962402343750e+00
1.909873962402343750e+00
1.909873962402343750e+00
1.840762615203857422e+00
1.840762615203857422e+00
1.953602313995361328e+00
1.518806457519531250e+00
1.518806457519531250e+00
1.518806457519531250e+00
1.518806457519531250e+00
1.195334672927856445e+00
9.468730092048645020e-01
1.889119386672973633e+00
1.889119386672973633e+00
1.809252858161926270e+00
2.309633255004882812e+00
2.309633255004882812e+00
1.491499662399291992e+00
1.121774673461914062e+00
1.165874123573303223e+00
1.165874123573303223e+00
1.165874123573303223e+00
8.758996725082397461e-01
8.758996725082397461e-01
8.758996725082397461e-01
8.758996725082397461e-01
8.758996725082397461e-01
8.758996725082397461e-01
7.695357203483581543e-01
3.529954254627227783e-01
1.887969374656677246e-01
1.887969374656677246e-01
2.872371375560760498e-01
1.170182704925537109e+00
1.170182704925537109e+00
3.707518577575683594e-01
3.707518577575683594e-01
3.471487164497375488e-01
1.004450082778930664e+00
1.646787643432617188e+00
1.097035884857177734e+00
8.946923017501831055e-01
8.946923017501831055e-01
1.620867729187011719e+00
8.426621556282043457e-01
8.426621556282043457e-01
7.700617313385009766e-01
6.209481358528137207e-01
6.990963816642761230e-01
6.990963816642761230e-01
8.350772261619567871e-01
7.661197185516357422e-01
7.661197185516357422e-01
7.610560059547424316e-01
7.610560059547424316e-01
7.610560059547424316e-01
7.610560059547424316e-01
5.472920536994934082e-01
7.830066680908203125e-01
7.830066680908203125e-01
7.830066680908203125e-01
1.383412361145019531e+00
1.383412361145019531e+00
1.383412361145019531e+00
1.383412361145019531e+00
1.383412361145019531e+00
1.383412361145019531e+00
1.383412361145019531e+00
1.148138642311096191e+00
8.427442312240600586e-01
8.427442312240600586e-01
8.024439811706542969e-01
9.855901598930358887e-01
5.657793879508972168e-01
8.211702108383178711e-01
8.211702108383178711e-01
7.638856172561645508e-01
7.638856172561645508e-01
1.712216854095458984e+00
1.712216854095458984e+00
1.625756740570068359e+00
1.200087308883666992e+00
1.133512496948242188e+00
1.390717148780822754e+00
2.134136676788330078e+00
2.134136676788330078e+00
2.112734079360961914e+00
1.898061275482177734e+00
1.200476050376892090e+00
7.766934037208557129e-01
9.433529376983642578e-01
1.165427565574645996e+00
1.165427565574645996e+00
1.655354499816894531e+00
1.655354499816894531e+00
1.655354499816894531e+00
1.655354499816894531e+00
1.655354499816894531e+00
1.323713898658752441e+00
1.323713898658752441e+00
1.147734761238098145e+00
1.147734761238098145e+00
1.147734761238098145e+00
1.147734761238098145e+00
1.147734761238098145e+00
1.147734761238098145e+00
1.036180377006530762e+00
1.036180377006530762e+00
1.408464074134826660e+00
1.408464074134826660e+00
8.674147129058837891e-01
1.139478564262390137e+00
1.098750233650207520e+00
6.585835218429565430e-01
5.600761771202087402e-01
5.600761771202087402e-01
5.600761771202087402e-01
5.600761771202087402e-01
4.339562654495239258e-01
4.339562654495239258e-01
1.277546882629394531e+00
1.277546882629394531e+00
1.277546882629394531e+00
1.277546882629394531e+00
1.277546882629394531e+00
1.277546882629394531e+00
6.970134973526000977e-01
9.212430715560913086e-01
9.212430715560913086e-01
8.205047845840454102e-01
8.205047845840454102e-01
8.205047845840454102e-01
1.220464706420898438e+00
1.220464706420898438e+00
1.220464706420898438e+00
1.034992814064025879e+00
1.034992814064025879e+00
1.034992814064025879e+00
1.034992814064025879e+00
1.536981821060180664e+00
1.536981821060180664e+00
1.536981821060180664e+00
2.027900218963623047e+00
2.027900218963623047e+00
2.027900218963623047e+00
2.027900218963623047e+00
1.426378250122070312e+00
8.897193670272827148e-01
8.073940873146057129e-01
8.073940873146057129e-01
4.093188643455505371e-01
4.093188643455505371e-01
5.808724164962768555e-01
7.147105336189270020e-01
5.782251954078674316e-01
8.947941064834594727e-01
8.947941064834594727e-01
8.947941064834594727e-01
8.947941064834594727e-01
8.947941064834594727e-01
1.012397170066833496e+00
1.012397170066833496e+00
1.012397170066833496e+00
1.012397170066833496e+00
1.012397170066833496e+00
1.012397170066833496e+00
1.012397170066833496e+00
1.012397170066833496e+00
1.012397170066833496e+00
1.012397170066833496e+00
9.274766445159912109e-01
9.274766445159912109e-01
9.274766445159912109e-01
9.274766445159912109e-01
1.042963027954101562e+00
1.042963027954101562e+00
1.748622179031372070e+00
1.922972798347473145e+00
1.937104225158691406e+00
1.937104225158691406e+00
2.058642148971557617e+00
2.001895904541015625e+00
1.676484107971191406e+00
1.709507346153259277e+00
1.709507346153259277e+00
1.709507346153259277e+00
1.213502526283264160e+00
1.062582015991210938e+00
1.062582015991210938e+00
1.057862877845764160e+00
4.034438729286193848e-01
4.034438729286193848e-01
4.034438729286193848e-01
4.026643633842468262e-01
2.624860107898712158e-01
6.604991555213928223e-01
6.604991555213928223e-01
6.604991555213928223e-01
4.420740902423858643e-01
1.383444309234619141e+00
1.383444309234619141e+00
1.383444309234619141e+00
8.935025930404663086e-01
8.935025930404663086e-01
8.935025930404663086e-01
1.197464704513549805e+00
1.197464704513549805e+00
1.197464704513549805e+00
6.868619322776794434e-01
6.868619322776794434e-01
6.601070761680603027e-01
6.601070761680603027e-01
6.601070761680603027e-01
5.173002481460571289e-01
5.173002481460571289e-01
7.929772138595581055e-01
7.929772138595581055e-01
7.929772138595581055e-01
7.929772138595581055e-01
7.929772138595581055e-01
7.929772138595581055e-01
4.122723937034606934e-01
4.122723937034606934e-01
4.122723937034606934e-01
1.089428186416625977e+00
1.089428186416625977e+00
1.089428186416625977e+00
1.089428186416625977e+00
1.089428186416625977e+00
1.350219488143920898e+00
1.350219488143920898e+00
1.362837314605712891e+00
1.436384201049804688e+00
1.211529016494750977e+00
1.211529016494750977e+00
1.211529016494750977e+00
1.211529016494750977e+00
6.308615803718566895e-01
4.912763833999633789e-01
4.912763833999633789e-01
4.912763833999633789e-01
4.912763833999633789e-01
1.351940393447875977e+00
1.351940393447875977e+00
8.438306450843811035e-01
6.996321082115173340e-01
6.996321082115173340e-01
6.996321082115173340e-01
6.996321082115173340e-01
6.996321082115173340e-01
1.814377307891845703e-01
1.333597660064697266e+00
1.333597660064697266e+00
1.626527786254882812e+00
1.716135025024414062e+00
1.716135025024414062e+00
1.716135025024414062e+00
1.716135025024414062e+00
1.716135025024414062e+00
1.716135025024414062e+00
1.330217838287353516e+00
1.330217838287353516e+00
1.242981433868408203e+00
9.485261440277099609e-01
8.308619856834411621e-01
4.736407399177551270e-01
9.782156348228454590e-01
9.782156348228454590e-01
9.782156348228454590e-01
9.782156348228454590e-01
1.106797695159912109e+00
1.106797695159912109e+00
9.776765704154968262e-01
9.776765704154968262e-01
4.993818104267120361e-01
4.993818104267120361e-01
1.334885716438293457e+00
1.334885716438293457e+00
1.334885716438293457e+00
1.334885716438293457e+00
1.334885716438293457e+00
1.334885716438293457e+00
1.334885716438293457e+00
1.334885716438293457e+00
1.839159488677978516e+00
1.839159488677978516e+00
7.922214269638061523e-01
7.922214269638061523e-01
7.922214269638061523e-01
8.331275582313537598e-01
1.022410154342651367e+00
7.691251039505004883e-01
5.380556583404541016e-01
4.238226115703582764e-01
8.755834102630615234e-01
8.755834102630615234e-01
8.755834102630615234e-01
8.755834102630615234e-01
1.433628559112548828e+00
1.433628559112548828e+00
1.542869210243225098e+00
1.542869210243225098e+00
1.542869210243225098e+00
1.480263590812683105e+00
1.480263590812683105e+00
1.359327077865600586e+00
5.650821328163146973e-01
5.650821328163146973e-01
5.650821328163146973e-01
5.650821328163146973e-01
1.167195677757263184e+00
1.249567985534667969e+00
9.956134557723999023e-01
9.956134557723999023e-01
9.956134557723999023e-01
8.862045407295227051e-01
5.113526582717895508e-01
5.113526582717895508e-01
5.113526582717895508e-01
5.113526582717895508e-01
1.498593807220458984e+00
9.370228648185729980e-01
9.370228648185729980e-01
9.370228648185729980e-01
8.168002367019653320e-01
7.412083148956298828e-01
7.412083148956298828e-01
1.175663232803344727e+00
1.356422662734985352e+00
1.356422662734985352e+00
1.328074812889099121e+00
1.535871386528015137e+00
5.887966156005859375e-01
6.109079718589782715e-01
4.221058487892150879e-01
4.221058487892150879e-01
1.424684047698974609e+00
1.193141698837280273e+00
1.080332756042480469e+00
1.080332756042480469e+00
1.315796136856079102e+00
1.799726366996765137e+00
1.799726366996765137e+00
1.207108497619628906e+00
6.607875823974609375e-01
6.607875823974609375e-01
4.955766797065734863e-01
1.409350156784057617e+00
1.236165761947631836e+00
1.211050271987915039e+00
1.211050271987915039e+00
1.211050271987915039e+00
3.140813112258911133e-01
5.185416936874389648e-01
5.185416936874389648e-01
5.185416936874389648e-01
5.185416936874389648e-01
5.185416936874389648e-01
2.775003910064697266e-01
7.544238865375518799e-02
6.179648637771606445e-01
6.179648637771606445e-01
6.179648637771606445e-01
6.179648637771606445e-01
2.022523880004882812e+00
2.192952394485473633e+00
8.989245891571044922e-01
8.989245891571044922e-01
8.989245891571044922e-01
7.412172555923461914e-01
7.412172555923461914e-01
7.412172555923461914e-01
7.412172555923461914e-01
8.532149791717529297e-01
8.267133831977844238e-01
8.267133831977844238e-01
8.267133831977844238e-01
8.267133831977844238e-01
8.267133831977844238e-01
6.962972879409790039e-01
6.962972879409790039e-01
