2.777887582778930664e-01
2.777887582778930664e-01
2.777887582778930664e-01
2.777887582778930664e-01
2.777887582778930664e-01
7.863237261772155762e-01
7.863237261772155762e-01
7.863237261772155762e-01
6.693032383918762207e-01
6.693032383918762207e-01
6.693032383918762207e-01
6.693032383918762207e-01
6.693032383918762207e-01
1.042968750000000000e+00
1.042968750000000000e+00
6.236271858215332031e-01
2.680425941944122314e-01
2.680425941944122314e-01
5.005007386207580566e-01
2.653061747550964355e-01
2.653061747550964355e-01
2.653061747550964355e-01
2.653061747550964355e-01
2.653061747550964355e-01
2.653061747550964355e-01
4.771854281425476074e-01
4.771854281425476074e-01
4.771854281425476074e-01
4.771854281425476074e-01
6.354514956474304199e-01
6.354514956474304199e-01
6.354514956474304199e-01
6.354514956474304199e-01
7.383670806884765625e-01
7.383670806884765625e-01
7.383670806884765625e-01
7.383670806884765625e-01
7.383670806884765625e-01
7.383670806884765625e-01
7.383670806884765625e-01
7.383670806884765625e-01
7.383670806884765625e-01
7.383670806884765625e-01
7.383670806884765625e-01
1.151166439056396484e+00
1.151166439056396484e+00
6.883521080017089844e-01
6.883521080017089844e-01
9.217341542243957520e-01
7.605540752410888672e-01
7.605540752410888672e-01
7.605540752410888672e-01
7.605540752410888672e-01
7.605540752410888672e-01
7.605540752410888672e-01
8.394699096679687500e-01
8.394699096679687500e-01
8.394699096679687500e-01
8.394699096679687500e-01
8.394699096679687500e-01
8.394699096679687500e-01
8.394699096679687500e-01
8.394699096679687500e-01
8.394699096679687500e-01
9.902772307395935059e-01
9.902772307395935059e-01
5.433377027511596680e-01
5.433377027511596680e-01
5.433377027511596680e-01
5.433377027511596680e-01
5.433377027511596680e-01
5.433377027511596680e-01
9.073451757431030273e-01
9.073451757431030273e-01
9.073451757431030273e-01
9.073451757431030273e-01
9.073451757431030273e-01
9.073451757431030273e-01
9.073451757431030273e-01
9.073451757431030273e-01
9.073451757431030273e-01
9.073451757431030273e-01
9.073451757431030273e-01
9.073451757431030273e-01
9.073451757431030273e-01
8.161267638206481934e-01
8.161267638206481934e-01
8.161267638206481934e-01
8.161267638206481934e-01
2.665227651596069336e+00
2.665227651596069336e+00
2.665227651596069336e+00
2.665227651596069336e+00
1.255720496177673340e+00
1.255720496177673340e+00
1.255720496177673340e+00
1.272028565406799316e+00
6.424580812454223633e-01
8.999606370925903320e-01
8.999606370925903320e-01
8.999606370925903320e-01
8.999606370925903320e-01
8.999606370925903320e-01
1.284348130226135254e+00
1.284348130226135254e+00
1.284348130226135254e+00
1.284348130226135254e+00
1.284348130226135254e+00
9.451701641082763672e-01
9.451701641082763672e-01
9.451701641082763672e-01
9.451701641082763672e-01
1.725738644599914551e+00
1.725738644599914551e+00
1.725738644599914551e+00
2.265956401824951172e-01
2.265956401824951172e-01
1.512268543243408203e+00
1.512268543243408203e+00
1.512268543243408203e+00
1.365512371063232422e+00
2.329475879669189453e-01
2.034077048301696777e-01
2.034077048301696777e-01
2.034077048301696777e-01
2.034077048301696777e-01
2.034077048301696777e-01
2.034077048301696777e-01
2.034077048301696777e-01
2.034077048301696777e-01
2.034077048301696777e-01
2.034077048301696777e-01
2.034077048301696777e-01
2.034077048301696777e-01
2.034077048301696777e-01
2.500601112842559814e-01
2.500601112842559814e-01
5.718508958816528320e-01
5.718508958816528320e-01
1.352909564971923828e+00
1.352909564971923828e+00
1.352909564971923828e+00
1.352909564971923828e+00
1.352909564971923828e+00
1.352909564971923828e+00
1.352909564971923828e+00
1.703315734863281250e+00
1.328384160995483398e+00
1.328384160995483398e+00
1.328384160995483398e+00
1.328384160995483398e+00
1.328384160995483398e+00
1.328384160995483398e+00
1.328384160995483398e+00
1.328384160995483398e+00
1.328384160995483398e+00
5.713717937469482422e-01
1.437464475631713867e+00
1.437464475631713867e+00
1.437464475631713867e+00
7.990474700927734375e-01
7.990474700927734375e-01
7.990474700927734375e-01
7.990474700927734375e-01
9.604539871215820312e-01
9.604539871215820312e-01
9.604539871215820312e-01
9.604539871215820312e-01
9.604539871215820312e-01
9.604539871215820312e-01
9.604539871215820312e-01
9.604539871215820312e-01
6.441371440887451172e-01
6.441371440887451172e-01
6.441371440887451172e-01
4.130745530128479004e-01
3.601399064064025879e-01
3.601399064064025879e-01
3.601399064064025879e-01
3.601399064064025879e-01
3.601399064064025879e-01
3.601399064064025879e-01
7.692089080810546875e-01
7.692089080810546875e-01
7.904781699180603027e-01
7.904781699180603027e-01
7.904781699180603027e-01
7.904781699180603027e-01
1.653968930244445801e+00
1.516264677047729492e-01
1.516264677047729492e-01
1.516264677047729492e-01
5.016509294509887695e-01
5.016509294509887695e-01
8.799394965171813965e-01
5.959212779998779297e-01
5.959212779998779297e-01
9.443172216415405273e-01
9.443172216415405273e-01
9.443172216415405273e-01
9.443172216415405273e-01
9.443172216415405273e-01
9.443172216415405273e-01
9.443172216415405273e-01
9.443172216415405273e-01
9.443172216415405273e-01
9.443172216415405273e-01
9.443172216415405273e-01
9.443172216415405273e-01
9.443172216415405273e-01
9.443172216415405273e-01
5.736434459686279297e-01
5.736434459686279297e-01
5.736434459686279297e-01
5.736434459686279297e-01
5.736434459686279297e-01
7.573353648185729980e-01
8.853412270545959473e-01
8.853412270545959473e-01
8.853412270545959473e-01
8.853412270545959473e-01
7.078276872634887695e-01
7.078276872634887695e-01
7.078276872634887695e-01
7.078276872634887695e-01
7.078276872634887695e-01
7.078276872634887695e-01
7.078276872634887695e-01
7.078276872634887695e-01
7.078276872634887695e-01
7.078276872634887695e-01
1.035313367843627930e+00
1.035313367843627930e+00
1.035313367843627930e+00
1.035313367843627930e+00
1.035313367843627930e+00
1.035313367843627930e+00
1.035313367843627930e+00
1.727371573448181152e+00
1.727371573448181152e+00
1.739803552627563477e-01
1.739803552627563477e-01
1.425109744071960449e+00
1.425109744071960449e+00
1.425109744071960449e+00
1.425109744071960449e+00
1.425109744071960449e+00
1.425109744071960449e+00
1.425109744071960449e+00
1.425109744071960449e+00
1.425109744071960449e+00
1.425109744071960449e+00
1.425109744071960449e+00
1.425109744071960449e+00
1.425109744071960449e+00
1.425109744071960449e+00
1.425109744071960449e+00
1.425109744071960449e+00
1.425109744071960449e+00
1.425109744071960449e+00
1.425109744071960449e+00
1.425109744071960449e+00
4.693524837493896484e-01
4.693524837493896484e-01
4.693524837493896484e-01
4.693524837493896484e-01
4.693524837493896484e-01
4.693524837493896484e-01
4.693524837493896484e-01
4.693524837493896484e-01
4.693524837493896484e-01
4.693524837493896484e-01
4.693524837493896484e-01
4.693524837493896484e-01
4.693524837493896484e-01
4.693524837493896484e-01
4.693524837493896484e-01
4.693524837493896484e-01
4.693524837493896484e-01
4.693524837493896484e-01
4.693524837493896484e-01
4.693524837493896484e-01
4.693524837493896484e-01
4.693524837493896484e-01
4.693524837493896484e-01
4.693524837493896484e-01
4.693524837493896484e-01
4.693524837493896484e-01
4.693524837493896484e-01
4.693524837493896484e-01
4.693524837493896484e-01
1.115964889526367188e+00
1.115964889526367188e+00
1.115964889526367188e+00
1.115964889526367188e+00
1.115964889526367188e+00
1.115964889526367188e+00
1.115964889526367188e+00
1.115964889526367188e+00
1.115964889526367188e+00
3.059535026550292969e-01
9.035549759864807129e-01
9.035549759864807129e-01
9.035549759864807129e-01
9.035549759864807129e-01
5.616230964660644531e-01
7.749721407890319824e-01
7.749721407890319824e-01
5.541038513183593750e-01
5.541038513183593750e-01
5.541038513183593750e-01
5.541038513183593750e-01
5.541038513183593750e-01
6.809656023979187012e-01
6.809656023979187012e-01
6.809656023979187012e-01
6.809656023979187012e-01
6.809656023979187012e-01
6.809656023979187012e-01
6.809656023979187012e-01
6.809656023979187012e-01
6.809656023979187012e-01
6.809656023979187012e-01
6.809656023979187012e-01
1.186787605285644531e+00
1.186787605285644531e+00
1.186787605285644531e+00
9.239090085029602051e-01
9.239090085029602051e-01
9.239090085029602051e-01
9.239090085029602051e-01
9.239090085029602051e-01
9.239090085029602051e-01
9.239090085029602051e-01
9.239090085029602051e-01
9.239090085029602051e-01
3.684771656990051270e-01
1.108762621879577637e+00
1.108762621879577637e+00
1.108762621879577637e+00
1.108762621879577637e+00
1.108762621879577637e+00
1.108762621879577637e+00
1.108762621879577637e+00
1.108762621879577637e+00
1.108762621879577637e+00
1.108762621879577637e+00
1.108762621879577637e+00
1.108762621879577637e+00
1.535545587539672852e-01
1.535545587539672852e-01
1.701641827821731567e-01
1.701641827821731567e-01
1.067613124847412109e+00
1.067613124847412109e+00
1.067613124847412109e+00
1.067613124847412109e+00
1.067613124847412109e+00
1.067613124847412109e+00
1.005415558815002441e+00
1.005415558815002441e+00
1.005415558815002441e+00
1.005415558815002441e+00
1.070479512214660645e+00
3.191142082214355469e-01
2.421105057001113892e-01
1.103885293006896973e+00
1.103885293006896973e+00
1.103885293006896973e+00
1.103885293006896973e+00
5.264250040054321289e-01
5.264250040054321289e-01
1.024483084678649902e+00
1.024483084678649902e+00
1.024483084678649902e+00
1.024483084678649902e+00
1.182009935379028320e+00
1.182009935379028320e+00
1.182009935379028320e+00
1.182009935379028320e+00
1.182009935379028320e+00
1.182009935379028320e+00
1.182009935379028320e+00
1.182009935379028320e+00
2.192509174346923828e+00
2.831383466720581055e+00
2.831383466720581055e+00
2.831383466720581055e+00
2.607772827148437500e+00
2.607772827148437500e+00
2.607772827148437500e+00
2.607772827148437500e+00
2.607772827148437500e+00
2.499716997146606445e+00
8.304514884948730469e-01
8.304514884948730469e-01
8.304514884948730469e-01
8.304514884948730469e-01
8.304514884948730469e-01
8.304514884948730469e-01
8.304514884948730469e-01
8.304514884948730469e-01
8.304514884948730469e-01
8.304514884948730469e-01
8.304514884948730469e-01
8.304514884948730469e-01
8.304514884948730469e-01
1.260224699974060059e+00
1.260224699974060059e+00
1.260224699974060059e+00
1.260224699974060059e+00
6.199066042900085449e-01
6.199066042900085449e-01
1.277905225753784180e+00
1.277905225753784180e+00
1.277905225753784180e+00
1.277905225753784180e+00
1.277905225753784180e+00
1.277905225753784180e+00
9.092695116996765137e-01
9.092695116996765137e-01
7.869482040405273438e-01
7.869482040405273438e-01
7.869482040405273438e-01
7.869482040405273438e-01
7.869482040405273438e-01
5.419494509696960449e-01
5.419494509696960449e-01
5.419494509696960449e-01
7.411873936653137207e-01
7.411873936653137207e-01
7.411873936653137207e-01
1.021611928939819336e+00
1.021611928939819336e+00
1.021611928939819336e+00
1.021611928939819336e+00
1.021611928939819336e+00
1.021611928939819336e+00
1.021611928939819336e+00
1.021611928939819336e+00
1.021611928939819336e+00
1.645693302154541016e+00
1.645693302154541016e+00
1.645693302154541016e+00
1.645693302154541016e+00
1.208329558372497559e+00
1.208329558372497559e+00
1.208329558372497559e+00
1.208329558372497559e+00
1.208329558372497559e+00
1.208329558372497559e+00
1.208329558372497559e+00
1.208329558372497559e+00
8.360508084297180176e-01
8.360508084297180176e-01
8.360508084297180176e-01
8.360508084297180176e-01
8.360508084297180176e-01
8.360508084297180176e-01
8.360508084297180176e-01
8.360508084297180176e-01
4.935645759105682373e-01
4.935645759105682373e-01
9.103211760520935059e-01
9.103211760520935059e-01
9.103211760520935059e-01
1.718304634094238281e+00
2.284584045410156250e-01
2.284584045410156250e-01
2.284584045410156250e-01
2.284584045410156250e-01
5.693486928939819336e-01
5.693486928939819336e-01
5.693486928939819336e-01
5.693486928939819336e-01
5.693486928939819336e-01
5.693486928939819336e-01
5.693486928939819336e-01
9.462683200836181641e-01
9.462683200836181641e-01
9.462683200836181641e-01
9.462683200836181641e-01
5.393085479736328125e-01
1.332815885543823242e+00
1.332815885543823242e+00
1.332815885543823242e+00
1.332815885543823242e+00
1.332815885543823242e+00
1.332815885543823242e+00
1.885759353637695312e+00
1.885759353637695312e+00
1.660431623458862305e-01
1.660431623458862305e-01
1.660431623458862305e-01
1.660431623458862305e-01
8.916959762573242188e-01
8.916959762573242188e-01
8.916959762573242188e-01
8.916959762573242188e-01
8.916959762573242188e-01
8.916959762573242188e-01
8.916959762573242188e-01
8.916959762573242188e-01
8.916959762573242188e-01
8.916959762573242188e-01
8.916959762573242188e-01
8.916959762573242188e-01
8.916959762573242188e-01
8.916959762573242188e-01
5.517903566360473633e-01
5.517903566360473633e-01
5.517903566360473633e-01
5.517903566360473633e-01
5.517903566360473633e-01
5.392791628837585449e-01
1.049325227737426758e+00
1.049325227737426758e+00
1.049325227737426758e+00
1.049325227737426758e+00
7.913241982460021973e-01
7.913241982460021973e-01
7.913241982460021973e-01
7.913241982460021973e-01
7.913241982460021973e-01
7.913241982460021973e-01
7.913241982460021973e-01
7.913241982460021973e-01
7.913241982460021973e-01
7.913241982460021973e-01
7.913241982460021973e-01
7.913241982460021973e-01
7.913241982460021973e-01
2.325739264488220215e-01
2.325739264488220215e-01
2.325739264488220215e-01
2.325739264488220215e-01
2.325739264488220215e-01
2.325739264488220215e-01
6.656000614166259766e-01
6.656000614166259766e-01
6.656000614166259766e-01
6.656000614166259766e-01
1.214731693267822266e+00
1.510771512985229492e+00
1.510771512985229492e+00
1.153279423713684082e+00
1.038536787033081055e+00
9.927416443824768066e-01
9.927416443824768066e-01
9.927416443824768066e-01
9.927416443824768066e-01
9.927416443824768066e-01
9.927416443824768066e-01
9.927416443824768066e-01
9.927416443824768066e-01
9.927416443824768066e-01
9.927416443824768066e-01
9.927416443824768066e-01
5.839832425117492676e-01
1.014136314392089844e+00
1.529842615127563477e+00
6.211137771606445312e-01
6.211137771606445312e-01
9.098045825958251953e-01
9.098045825958251953e-01
9.098045825958251953e-01
9.098045825958251953e-01
9.098045825958251953e-01
9.098045825958251953e-01
9.098045825958251953e-01
9.098045825958251953e-01
9.098045825958251953e-01
9.098045825958251953e-01
9.098045825958251953e-01
9.098045825958251953e-01
9.098045825958251953e-01
9.098045825958251953e-01
9.098045825958251953e-01
9.098045825958251953e-01
9.098045825958251953e-01
9.098045825958251953e-01
9.098045825958251953e-01
9.098045825958251953e-01
9.098045825958251953e-01
9.098045825958251953e-01
9.098045825958251953e-01
9.098045825958251953e-01
9.098045825958251953e-01
1.379939556121826172e+00
1.520659804344177246e+00
1.520659804344177246e+00
1.520659804344177246e+00
1.520659804344177246e+00
1.116697907447814941e+00
1.116697907447814941e+00
1.826147794723510742e+00
1.826147794723510742e+00
1.826147794723510742e+00
1.494940519332885742e+00
1.494940519332885742e+00
1.494940519332885742e+00
1.808020114898681641e+00
1.808020114898681641e+00
1.808020114898681641e+00
1.808020114898681641e+00
1.682111620903015137e+00
1.682111620903015137e+00
1.348944664001464844e+00
4.119316935539245605e-01
4.119316935539245605e-01
4.119316935539245605e-01
4.119316935539245605e-01
4.119316935539245605e-01
4.119316935539245605e-01
4.119316935539245605e-01
4.119316935539245605e-01
4.119316935539245605e-01
4.119316935539245605e-01
4.119316935539245605e-01
4.119316935539245605e-01
4.119316935539245605e-01
4.119316935539245605e-01
4.119316935539245605e-01
4.119316935539245605e-01
8.698052167892456055e-01
8.698052167892456055e-01
8.698052167892456055e-01
8.698052167892456055e-01
8.698052167892456055e-01
8.698052167892456055e-01
8.698052167892456055e-01
8.698052167892456055e-01
8.698052167892456055e-01
8.698052167892456055e-01
8.698052167892456055e-01
8.698052167892456055e-01
8.698052167892456055e-01
8.698052167892456055e-01
8.698052167892456055e-01
1.101012945175170898e+00
3.176866173744201660e-01
3.176866173744201660e-01
3.176866173744201660e-01
3.176866173744201660e-01
3.176866173744201660e-01
3.176866173744201660e-01
3.176866173744201660e-01
3.176866173744201660e-01
3.176866173744201660e-01
3.176866173744201660e-01
3.176866173744201660e-01
3.176866173744201660e-01
6.257816553115844727e-01
6.257816553115844727e-01
6.257816553115844727e-01
1.342694282531738281e+00
1.342694282531738281e+00
1.488710284233093262e+00
1.186130523681640625e+00
1.273367166519165039e+00
1.273367166519165039e+00
9.112266302108764648e-01
9.112266302108764648e-01
9.112266302108764648e-01
9.112266302108764648e-01
9.544367790222167969e-01
9.544367790222167969e-01
9.544367790222167969e-01
9.544367790222167969e-01
9.544367790222167969e-01
1.404031515121459961e+00
1.404031515121459961e+00
1.404031515121459961e+00
1.404031515121459961e+00
1.404031515121459961e+00
1.088437318801879883e+00
1.088437318801879883e+00
1.088437318801879883e+00
1.088437318801879883e+00
1.239614963531494141e+00
1.239614963531494141e+00
1.239614963531494141e+00
1.239614963531494141e+00
1.239614963531494141e+00
1.239614963531494141e+00
1.239614963531494141e+00
1.239614963531494141e+00
1.239614963531494141e+00
1.239614963531494141e+00
1.239614963531494141e+00
1.239614963531494141e+00
2.163587808609008789e-01
2.163587808609008789e-01
6.268005371093750000e-01
1.035632848739624023e+00
1.035632848739624023e+00
1.035632848739624023e+00
1.035632848739624023e+00
1.093478679656982422e+00
1.093478679656982422e+00
1.093478679656982422e+00
1.093478679656982422e+00
1.093478679656982422e+00
1.093478679656982422e+00
1.093478679656982422e+00
1.498458027839660645e+00
1.498458027839660645e+00
7.966861128807067871e-01
7.966861128807067871e-01
1.264818906784057617e-01
1.264818906784057617e-01
1.264818906784057617e-01
1.264818906784057617e-01
2.660781860351562500e+00
2.660781860351562500e+00
8.876879215240478516e-01
8.876879215240478516e-01
1.681629538536071777e+00
1.681629538536071777e+00
1.681629538536071777e+00
1.681629538536071777e+00
1.429141402244567871e+00
1.236191987991333008e+00
1.236191987991333008e+00
1.236191987991333008e+00
1.275662302970886230e+00
1.275662302970886230e+00
7.418748736381530762e-01
7.418748736381530762e-01
7.418748736381530762e-01
7.418748736381530762e-01
1.062709212303161621e+00
1.062709212303161621e+00
1.062709212303161621e+00
1.655570030212402344e+00
1.655570030212402344e+00
3.181105852127075195e-01
3.181105852127075195e-01
3.181105852127075195e-01
3.181105852127075195e-01
1.495763778686523438e+00
1.495763778686523438e+00
1.495763778686523438e+00
1.495763778686523438e+00
1.495763778686523438e+00
1.495763778686523438e+00
1.212245583534240723e+00
1.212245583534240723e+00
1.212245583534240723e+00
1.212245583534240723e+00
2.883033752441406250e-01
2.883033752441406250e-01
2.883033752441406250e-01
2.883033752441406250e-01
2.883033752441406250e-01
2.883033752441406250e-01
4.334877729415893555e-01
4.334877729415893555e-01
1.322732329368591309e+00
1.322732329368591309e+00
1.322732329368591309e+00
1.343781828880310059e+00
9.529063701629638672e-01
9.529063701629638672e-01
9.529063701629638672e-01
1.041640877723693848e+00
1.041640877723693848e+00
1.041640877723693848e+00
1.041640877723693848e+00
1.041640877723693848e+00
1.041640877723693848e+00
1.041640877723693848e+00
1.041640877723693848e+00
1.404380679130554199e+00
1.404380679130554199e+00
1.404380679130554199e+00
1.404380679130554199e+00
1.404380679130554199e+00
1.404380679130554199e+00
1.075247406959533691e+00
1.075247406959533691e+00
1.075247406959533691e+00
1.075247406959533691e+00
1.075247406959533691e+00
1.125268220901489258e+00
1.125268220901489258e+00
1.125268220901489258e+00
7.958458065986633301e-01
7.958458065986633301e-01
7.958458065986633301e-01
7.958458065986633301e-01
7.958458065986633301e-01
1.382344961166381836e+00
1.382344961166381836e+00
1.382344961166381836e+00
1.382344961166381836e+00
1.047982931137084961e+00
1.125512599945068359e+00
8.706952333450317383e-01
8.706952333450317383e-01
8.706952333450317383e-01
8.706952333450317383e-01
8.706952333450317383e-01
3.974199593067169189e-01
3.974199593067169189e-01
3.974199593067169189e-01
3.974199593067169189e-01
3.974199593067169189e-01
3.974199593067169189e-01
3.814267516136169434e-01
3.814267516136169434e-01
9.602528214454650879e-01
9.602528214454650879e-01
9.602528214454650879e-01
9.602528214454650879e-01
9.602528214454650879e-01
9.602528214454650879e-01
9.602528214454650879e-01
9.602528214454650879e-01
9.602528214454650879e-01
9.602528214454650879e-01
9.602528214454650879e-01
9.602528214454650879e-01
9.602528214454650879e-01
9.602528214454650879e-01
9.602528214454650879e-01
9.602528214454650879e-01
9.602528214454650879e-01
9.602528214454650879e-01
9.602528214454650879e-01
9.602528214454650879e-01
1.112788081169128418e+00
1.112788081169128418e+00
1.112788081169128418e+00
1.112788081169128418e+00
5.088016986846923828e-01
5.088016986846923828e-01
5.005467534065246582e-01
5.005467534065246582e-01
5.005467534065246582e-01
5.005467534065246582e-01
5.005467534065246582e-01
5.005467534065246582e-01
5.005467534065246582e-01
5.005467534065246582e-01
5.005467534065246582e-01
2.159647643566131592e-01
2.159647643566131592e-01
2.485312819480895996e-01
2.485312819480895996e-01
2.485312819480895996e-01
1.114679098129272461e+00
1.114679098129272461e+00
1.114679098129272461e+00
1.114679098129272461e+00
1.114679098129272461e+00
1.247626066207885742e+00
1.247626066207885742e+00
1.247626066207885742e+00
1.247626066207885742e+00
1.247626066207885742e+00
1.247626066207885742e+00
1.247626066207885742e+00
9.908273220062255859e-01
9.908273220062255859e-01
9.908273220062255859e-01
9.908273220062255859e-01
9.908273220062255859e-01
9.908273220062255859e-01
9.908273220062255859e-01
9.908273220062255859e-01
9.908273220062255859e-01
9.908273220062255859e-01
9.908273220062255859e-01
9.908273220062255859e-01
9.908273220062255859e-01
9.908273220062255859e-01
9.908273220062255859e-01
9.908273220062255859e-01
9.908273220062255859e-01
9.908273220062255859e-01
9.908273220062255859e-01
9.908273220062255859e-01
9.908273220062255859e-01
8.501769304275512695e-01
8.501769304275512695e-01
8.501769304275512695e-01
8.501769304275512695e-01
1.956058740615844727e-01
6.633806228637695312e-01
6.633806228637695312e-01
6.633806228637695312e-01
5.304340720176696777e-01
5.304340720176696777e-01
5.304340720176696777e-01
5.304340720176696777e-01
5.304340720176696777e-01
5.304340720176696777e-01
3.451203107833862305e-01
1.444975018501281738e+00
1.444975018501281738e+00
1.444975018501281738e+00
1.620400667190551758e+00
1.620400667190551758e+00
1.620400667190551758e+00
1.620400667190551758e+00
1.620400667190551758e+00
1.163685083389282227e+00
5.400254726409912109e-01
5.400254726409912109e-01
5.400254726409912109e-01
5.400254726409912109e-01
5.400254726409912109e-01
5.400254726409912109e-01
5.400254726409912109e-01
5.400254726409912109e-01
5.400254726409912109e-01
5.400254726409912109e-01
2.851630747318267822e-01
2.851630747318267822e-01
1.148408770561218262e+00
1.148408770561218262e+00
1.148408770561218262e+00
1.148408770561218262e+00
1.819316864013671875e+00
7.728526592254638672e-01
7.728526592254638672e-01
7.728526592254638672e-01
7.728526592254638672e-01
7.728526592254638672e-01
7.728526592254638672e-01
7.728526592254638672e-01
7.728526592254638672e-01
9.746980667114257812e-01
9.746980667114257812e-01
6.945366859436035156e-01
4.516980051994323730e-01
4.516980051994323730e-01
4.516980051994323730e-01
4.516980051994323730e-01
4.516980051994323730e-01
4.516980051994323730e-01
4.516980051994323730e-01
4.516980051994323730e-01
9.489083290100097656e-01
9.489083290100097656e-01
9.805192947387695312e-01
5.205549001693725586e-01
5.205549001693725586e-01
5.205549001693725586e-01
5.205549001693725586e-01
5.205549001693725586e-01
5.205549001693725586e-01
5.205549001693725586e-01
5.205549001693725586e-01
5.205549001693725586e-01
5.205549001693725586e-01
5.205549001693725586e-01
4.637011885643005371e-01
4.637011885643005371e-01
4.637011885643005371e-01
4.637011885643005371e-01
4.637011885643005371e-01
4.637011885643005371e-01
1.144818305969238281e+00
1.144818305969238281e+00
1.144818305969238281e+00
1.144818305969238281e+00
1.144818305969238281e+00
1.144818305969238281e+00
1.144818305969238281e+00
1.144818305969238281e+00
1.144818305969238281e+00
2.870234251022338867e-01
2.870234251022338867e-01
2.870234251022338867e-01
2.870234251022338867e-01
1.442731380462646484e+00
1.337965369224548340e+00
1.337965369224548340e+00
1.337965369224548340e+00
1.076182365417480469e+00
1.076182365417480469e+00
1.603229045867919922e+00
1.603229045867919922e+00
1.603229045867919922e+00
1.603229045867919922e+00
1.603229045867919922e+00
1.603229045867919922e+00
1.195297241210937500e+00
1.195297241210937500e+00
1.288716554641723633e+00
1.407293319702148438e+00
1.429976701736450195e+00
8.162585496902465820e-01
8.162585496902465820e-01
8.162585496902465820e-01
8.162585496902465820e-01
8.162585496902465820e-01
8.162585496902465820e-01
8.162585496902465820e-01
8.162585496902465820e-01
8.162585496902465820e-01
9.900755286216735840e-01
8.201755285263061523e-01
1.451304435729980469e+00
1.451304435729980469e+00
1.206952571868896484e+00
2.365394353866577148e+00
2.365394353866577148e+00
2.365394353866577148e+00
2.365394353866577148e+00
1.754197716712951660e+00
1.754197716712951660e+00
1.754197716712951660e+00
1.754197716712951660e+00
1.671613454818725586e+00
1.671613454818725586e+00
9.717104434967041016e-01
9.717104434967041016e-01
9.717104434967041016e-01
9.717104434967041016e-01
3.187812566757202148e-01
3.187812566757202148e-01
1.075247675180435181e-01
2.175255298614501953e+00
2.175255298614501953e+00
2.175255298614501953e+00
1.661431312561035156e+00
1.355000138282775879e+00
1.355000138282775879e+00
4.839540719985961914e-01
4.839540719985961914e-01
4.997139275074005127e-01
1.824835777282714844e+00
1.824835777282714844e+00
1.824835777282714844e+00
1.824835777282714844e+00
1.824835777282714844e+00
9.942489862442016602e-01
9.942489862442016602e-01
9.942489862442016602e-01
9.942489862442016602e-01
9.942489862442016602e-01
9.942489862442016602e-01
9.942489862442016602e-01
9.942489862442016602e-01
9.942489862442016602e-01
9.942489862442016602e-01
9.942489862442016602e-01
9.942489862442016602e-01
9.942489862442016602e-01
9.942489862442016602e-01
5.136795639991760254e-01
1.553174853324890137e-01
1.553174853324890137e-01
1.553174853324890137e-01
1.553174853324890137e-01
2.522185146808624268e-01
2.522185146808624268e-01
2.522185146808624268e-01
2.769244611263275146e-01
2.769244611263275146e-01
2.769244611263275146e-01
2.769244611263275146e-01
2.769244611263275146e-01
3.796911239624023438e-01
3.796911239624023438e-01
3.796911239624023438e-01
1.077184677124023438e+00
1.077184677124023438e+00
1.077184677124023438e+00
1.077184677124023438e+00
1.077184677124023438e+00
1.077184677124023438e+00
1.077184677124023438e+00
1.077184677124023438e+00
1.077184677124023438e+00
1.077184677124023438e+00
1.077184677124023438e+00
1.077184677124023438e+00
3.872897028923034668e-01
3.872897028923034668e-01
1.208461284637451172e+00
1.208461284637451172e+00
1.208461284637451172e+00
9.661346673965454102e-01
9.661346673965454102e-01
9.661346673965454102e-01
9.661346673965454102e-01
9.661346673965454102e-01
6.017638444900512695e-01
6.017638444900512695e-01
6.017638444900512695e-01
6.017638444900512695e-01
6.017638444900512695e-01
6.017638444900512695e-01
1.570542335510253906e+00
1.570542335510253906e+00
1.570542335510253906e+00
8.205323815345764160e-01
8.205323815345764160e-01
8.205323815345764160e-01
8.205323815345764160e-01
8.205323815345764160e-01
8.205323815345764160e-01
4.715558886528015137e-01
4.715558886528015137e-01
4.715558886528015137e-01
1.473031997680664062e+00
1.473031997680664062e+00
1.473031997680664062e+00
1.473031997680664062e+00
1.013819336891174316e+00
7.071173191070556641e-01
7.071173191070556641e-01
1.076229810714721680e+00
1.071442842483520508e+00
1.071442842483520508e+00
1.071442842483520508e+00
1.071442842483520508e+00
1.058247685432434082e+00
1.035361886024475098e+00
1.035361886024475098e+00
1.035361886024475098e+00
1.035361886024475098e+00
1.035361886024475098e+00
1.035361886024475098e+00
1.035361886024475098e+00
1.035361886024475098e+00
1.035361886024475098e+00
1.035361886024475098e+00
8.703698515892028809e-01
8.703698515892028809e-01
8.703698515892028809e-01
8.703698515892028809e-01
8.703698515892028809e-01
8.703698515892028809e-01
1.858785390853881836e+00
1.230586647987365723e+00
1.230586647987365723e+00
1.230586647987365723e+00
1.230586647987365723e+00
1.230586647987365723e+00
1.230586647987365723e+00
5.123922228813171387e-01
5.123922228813171387e-01
5.123922228813171387e-01
4.589928686618804932e-01
4.589928686618804932e-01
4.589928686618804932e-01
4.589928686618804932e-01
8.509606122970581055e-01
8.509606122970581055e-01
8.509606122970581055e-01
5.666724443435668945e-01
3.779326677322387695e-01
4.070815145969390869e-01
1.319726586341857910e+00
1.319726586341857910e+00
1.319726586341857910e+00
1.319726586341857910e+00
1.319726586341857910e+00
1.319726586341857910e+00
1.319726586341857910e+00
1.319726586341857910e+00
7.417184114456176758e-01
1.074070215225219727e+00
1.074070215225219727e+00
1.286321759223937988e+00
6.187624335289001465e-01
6.187624335289001465e-01
6.187624335289001465e-01
6.187624335289001465e-01
6.187624335289001465e-01
6.187624335289001465e-01
6.187624335289001465e-01
1.524409532546997070e+00
2.029922723770141602e+00
2.029922723770141602e+00
1.522133588790893555e+00
1.522133588790893555e+00
1.522133588790893555e+00
1.669948339462280273e+00
1.669948339462280273e+00
5.924777984619140625e-01
5.924777984619140625e-01
5.924777984619140625e-01
4.627020955085754395e-01
4.627020955085754395e-01
5.238928794860839844e-01
5.238928794860839844e-01
5.238928794860839844e-01
6.558794379234313965e-01
6.558794379234313965e-01
6.558794379234313965e-01
1.971822679042816162e-01
1.971822679042816162e-01
1.238512396812438965e+00
1.238512396812438965e+00
1.238512396812438965e+00
1.238512396812438965e+00
1.238512396812438965e+00
1.238512396812438965e+00
1.238512396812438965e+00
1.238512396812438965e+00
1.238512396812438965e+00
1.238512396812438965e+00
1.123184084892272949e+00
1.123184084892272949e+00
9.899666309356689453e-01
9.899666309356689453e-01
9.899666309356689453e-01
9.899666309356689453e-01
9.899666309356689453e-01
9.899666309356689453e-01
9.899666309356689453e-01
1.144938230514526367e+00
1.880886554718017578e-01
1.880886554718017578e-01
1.880886554718017578e-01
1.880886554718017578e-01
1.880886554718017578e-01
7.800711989402770996e-01
7.800711989402770996e-01
7.800711989402770996e-01
7.800711989402770996e-01
7.800711989402770996e-01
7.800711989402770996e-01
7.800711989402770996e-01
1.413625121116638184e+00
1.197344064712524414e+00
1.197344064712524414e+00
1.197344064712524414e+00
1.197344064712524414e+00
7.009655237197875977e-01
7.009655237197875977e-01
7.009655237197875977e-01
7.009655237197875977e-01
7.009655237197875977e-01
7.124866247177124023e-01
7.577587366104125977e-01
9.714592099189758301e-01
9.714592099189758301e-01
9.714592099189758301e-01
9.714592099189758301e-01
9.714592099189758301e-01
1.317834138870239258e+00
1.213646769523620605e+00
7.665833830833435059e-01
7.665833830833435059e-01
7.665833830833435059e-01
7.665833830833435059e-01
7.665833830833435059e-01
7.665833830833435059e-01
4.100562632083892822e-01
4.100562632083892822e-01
5.979236364364624023e-01
5.979236364364624023e-01
5.979236364364624023e-01
7.956619262695312500e-01
7.956619262695312500e-01
7.956619262695312500e-01
7.956619262695312500e-01
1.312253713607788086e+00
1.312253713607788086e+00
1.312253713607788086e+00
1.312253713607788086e+00
1.312253713607788086e+00
1.312253713607788086e+00
1.312253713607788086e+00
4.335613250732421875e-01
4.335613250732421875e-01
9.252611398696899414e-01
1.132953763008117676e+00
1.290161848068237305e+00
1.290161848068237305e+00
1.290161848068237305e+00
1.290161848068237305e+00
1.290161848068237305e+00
1.290161848068237305e+00
1.282249569892883301e+00
1.282249569892883301e+00
1.464882850646972656e+00
3.526303768157958984e-01
1.275002241134643555e+00
1.275002241134643555e+00
1.298318624496459961e+00
1.298318624496459961e+00
1.298318624496459961e+00
1.298318624496459961e+00
1.298318624496459961e+00
1.298318624496459961e+00
1.298318624496459961e+00
1.298318624496459961e+00
5.171214938163757324e-01
5.171214938163757324e-01
5.171214938163757324e-01
5.171214938163757324e-01
1.048032045364379883e+00
1.048032045364379883e+00
1.048032045364379883e+00
1.048032045364379883e+00
1.048032045364379883e+00
1.048032045364379883e+00
1.048032045364379883e+00
1.048032045364379883e+00
1.048032045364379883e+00
1.048032045364379883e+00
7.165275812149047852e-01
7.720952630043029785e-01
6.226405501365661621e-01
1.186025977134704590e+00
1.186025977134704590e+00
2.124032974243164062e-01
5.475823879241943359e-01
5.475823879241943359e-01
5.475823879241943359e-01
5.475823879241943359e-01
4.740355014801025391e-01
4.740355014801025391e-01
4.740355014801025391e-01
4.740355014801025391e-01
3.131193816661834717e-01
3.131193816661834717e-01
3.131193816661834717e-01
3.131193816661834717e-01
3.131193816661834717e-01
3.131193816661834717e-01
3.131193816661834717e-01
1.662993550300598145e+00
1.542176365852355957e+00
2.153123617172241211e+00
3.345527648925781250e-01
1.564880967140197754e+00
7.621421217918395996e-01
7.621421217918395996e-01
7.621421217918395996e-01
8.546798825263977051e-01
8.546798825263977051e-01
8.546798825263977051e-01
8.546798825263977051e-01
8.546798825263977051e-01
8.546798825263977051e-01
8.374435305595397949e-01
8.374435305595397949e-01
8.374435305595397949e-01
8.374435305595397949e-01
5.613452196121215820e-01
5.613452196121215820e-01
5.613452196121215820e-01
7.428869009017944336e-01
7.428869009017944336e-01
7.428869009017944336e-01
7.428869009017944336e-01
7.428869009017944336e-01
7.428869009017944336e-01
5.201860666275024414e-01
5.201860666275024414e-01
5.201860666275024414e-01
5.201860666275024414e-01
5.201860666275024414e-01
5.201860666275024414e-01
5.623209476470947266e-01
5.623209476470947266e-01
5.623209476470947266e-01
5.623209476470947266e-01
5.623209476470947266e-01
5.623209476470947266e-01
5.623209476470947266e-01
5.623209476470947266e-01
5.623209476470947266e-01
5.623209476470947266e-01
5.623209476470947266e-01
5.623209476470947266e-01
5.623209476470947266e-01
5.623209476470947266e-01
5.623209476470947266e-01
5.623209476470947266e-01
5.623209476470947266e-01
9.341234564781188965e-01
9.341234564781188965e-01
9.341234564781188965e-01
9.341234564781188965e-01
9.341234564781188965e-01
9.341234564781188965e-01
9.341234564781188965e-01
9.341234564781188965e-01
9.341234564781188965e-01
9.341234564781188965e-01
9.341234564781188965e-01
9.255624413490295410e-01
7.493556141853332520e-01
7.493556141853332520e-01
7.493556141853332520e-01
7.493556141853332520e-01
7.493556141853332520e-01
7.493556141853332520e-01
7.493556141853332520e-01
1.836137056350708008e+00
1.295462131500244141e+00
1.295462131500244141e+00
1.295462131500244141e+00
1.295462131500244141e+00
1.295462131500244141e+00
1.295462131500244141e+00
1.439257860183715820e+00
1.664587140083312988e+00
1.664587140083312988e+00
1.975819945335388184e+00
1.975819945335388184e+00
3.120050430297851562e-01
3.120050430297851562e-01
1.090096592903137207e+00
1.090096592903137207e+00
1.090096592903137207e+00
1.090096592903137207e+00
1.090096592903137207e+00
1.090096592903137207e+00
1.090096592903137207e+00
1.090096592903137207e+00
1.090096592903137207e+00
1.090096592903137207e+00
1.125574707984924316e+00
1.125574707984924316e+00
1.125574707984924316e+00
1.125574707984924316e+00
1.125574707984924316e+00
1.918286085128784180e+00
1.918286085128784180e+00
1.918286085128784180e+00
1.767012953758239746e+00
1.767012953758239746e+00
1.767012953758239746e+00
1.767012953758239746e+00
1.767012953758239746e+00
4.036157131195068359e-01
4.036157131195068359e-01
4.036157131195068359e-01
4.036157131195068359e-01
4.036157131195068359e-01
4.036157131195068359e-01
4.036157131195068359e-01
7.892659902572631836e-01
6.806477904319763184e-01
6.806477904319763184e-01
6.806477904319763184e-01
6.806477904319763184e-01
6.806477904319763184e-01
6.806477904319763184e-01
6.806477904319763184e-01
6.806477904319763184e-01
6.806477904319763184e-01
6.806477904319763184e-01
6.806477904319763184e-01
6.806477904319763184e-01
6.806477904319763184e-01
6.806477904319763184e-01
6.806477904319763184e-01
6.806477904319763184e-01
6.806477904319763184e-01
6.806477904319763184e-01
6.806477904319763184e-01
6.806477904319763184e-01
6.806477904319763184e-01
6.806477904319763184e-01
6.806477904319763184e-01
7.992528676986694336e-01
7.992528676986694336e-01
1.075665950775146484e+00
1.075665950775146484e+00
1.075665950775146484e+00
9.921153187751770020e-01
9.921153187751770020e-01
9.921153187751770020e-01
1.055770754814147949e+00
9.250279664993286133e-01
7.668381333351135254e-01
7.668381333351135254e-01
5.301778316497802734e-01
5.301778316497802734e-01
5.301778316497802734e-01
5.301778316497802734e-01
5.301778316497802734e-01
5.301778316497802734e-01
5.195121765136718750e-01
9.225472211837768555e-01
9.225472211837768555e-01
9.225472211837768555e-01
5.262845754623413086e-01
5.262845754623413086e-01
5.262845754623413086e-01
4.724477231502532959e-01
4.724477231502532959e-01
4.724477231502532959e-01
4.724477231502532959e-01
4.724477231502532959e-01
4.724477231502532959e-01
4.724477231502532959e-01
4.724477231502532959e-01
3.720008432865142822e-01
3.720008432865142822e-01
3.720008432865142822e-01
3.720008432865142822e-01
3.720008432865142822e-01
3.720008432865142822e-01
3.720008432865142822e-01
3.720008432865142822e-01
3.720008432865142822e-01
3.720008432865142822e-01
1.121127724647521973e+00
1.121127724647521973e+00
1.121127724647521973e+00
1.121127724647521973e+00
1.820647120475769043e-01
1.820647120475769043e-01
1.373518943786621094e+00
1.373518943786621094e+00
1.373518943786621094e+00
1.373518943786621094e+00
1.373518943786621094e+00
3.164250850677490234e-01
3.164250850677490234e-01
3.164250850677490234e-01
4.013281762599945068e-01
4.013281762599945068e-01
4.013281762599945068e-01
4.013281762599945068e-01
4.013281762599945068e-01
4.013281762599945068e-01
4.013281762599945068e-01
4.013281762599945068e-01
4.013281762599945068e-01
4.013281762599945068e-01
4.013281762599945068e-01
4.013281762599945068e-01
1.066775798797607422e+00
1.066775798797607422e+00
1.066775798797607422e+00
5.321394801139831543e-01
1.389864444732666016e+00
1.443249225616455078e+00
1.099705696105957031e+00
1.099705696105957031e+00
1.099705696105957031e+00
1.916463375091552734e+00
1.360312223434448242e+00
1.360312223434448242e+00
1.360312223434448242e+00
1.360312223434448242e+00
1.360312223434448242e+00
5.014912486076354980e-01
5.014912486076354980e-01
5.014912486076354980e-01
1.049735426902770996e+00
1.049735426902770996e+00
1.049735426902770996e+00
1.049735426902770996e+00
1.049735426902770996e+00
1.049735426902770996e+00
1.049735426902770996e+00
1.049735426902770996e+00
1.049735426902770996e+00
1.049735426902770996e+00
1.049735426902770996e+00
1.049735426902770996e+00
1.049735426902770996e+00
1.049735426902770996e+00
1.049735426902770996e+00
1.049735426902770996e+00
1.049735426902770996e+00
1.049735426902770996e+00
1.049735426902770996e+00
1.049735426902770996e+00
1.049735426902770996e+00
1.097927689552307129e+00
1.097927689552307129e+00
1.097927689552307129e+00
1.097927689552307129e+00
1.097927689552307129e+00
9.406556487083435059e-01
9.406556487083435059e-01
9.406556487083435059e-01
9.406556487083435059e-01
9.406556487083435059e-01
9.406556487083435059e-01
9.406556487083435059e-01
3.485342264175415039e-01
3.485342264175415039e-01
3.485342264175415039e-01
5.858339667320251465e-01
5.858339667320251465e-01
5.858339667320251465e-01
5.858339667320251465e-01
5.858339667320251465e-01
1.108488798141479492e+00
1.108488798141479492e+00
9.528520107269287109e-01
6.020128130912780762e-01
1.985725164413452148e+00
1.985725164413452148e+00
1.985725164413452148e+00
1.985725164413452148e+00
8.002026081085205078e-01
8.002026081085205078e-01
8.002026081085205078e-01
2.980265021324157715e-01
2.980265021324157715e-01
2.980265021324157715e-01
2.980265021324157715e-01
2.980265021324157715e-01
2.980265021324157715e-01
1.146555304527282715e+00
1.146555304527282715e+00
1.146555304527282715e+00
1.146555304527282715e+00
1.146555304527282715e+00
1.146555304527282715e+00
1.605836510658264160e+00
1.605836510658264160e+00
5.144851207733154297e-01
1.672008275985717773e+00
1.672008275985717773e+00
9.615015983581542969e-01
9.615015983581542969e-01
9.615015983581542969e-01
9.615015983581542969e-01
9.615015983581542969e-01
9.615015983581542969e-01
9.615015983581542969e-01
9.615015983581542969e-01
6.805831193923950195e-01
6.805831193923950195e-01
6.805831193923950195e-01
6.805831193923950195e-01
6.805831193923950195e-01
6.805831193923950195e-01
2.156780064105987549e-01
1.015957951545715332e+00
6.076362133026123047e-01
1.091313481330871582e+00
1.091313481330871582e+00
1.091313481330871582e+00
1.091313481330871582e+00
1.091313481330871582e+00
9.739818572998046875e-01
9.739818572998046875e-01
9.739818572998046875e-01
1.277700662612915039e+00
1.277700662612915039e+00
1.277700662612915039e+00
1.277700662612915039e+00
1.277700662612915039e+00
1.277700662612915039e+00
1.277700662612915039e+00
1.277700662612915039e+00
1.277700662612915039e+00
1.277700662612915039e+00
9.829742908477783203e-01
9.829742908477783203e-01
9.829742908477783203e-01
9.829742908477783203e-01
9.829742908477783203e-01
9.829742908477783203e-01
9.829742908477783203e-01
1.303809523582458496e+00
1.303809523582458496e+00
1.303809523582458496e+00
1.303809523582458496e+00
1.303809523582458496e+00
1.303809523582458496e+00
1.303809523582458496e+00
5.594170093536376953e-01
5.594170093536376953e-01
5.594170093536376953e-01
5.594170093536376953e-01
5.594170093536376953e-01
7.178029417991638184e-01
7.178029417991638184e-01
7.178029417991638184e-01
7.178029417991638184e-01
7.178029417991638184e-01
7.178029417991638184e-01
7.178029417991638184e-01
7.178029417991638184e-01
7.178029417991638184e-01
7.178029417991638184e-01
7.178029417991638184e-01
1.415383577346801758e+00
7.840346097946166992e-01
6.865587234497070312e-01
6.865587234497070312e-01
6.865587234497070312e-01
6.865587234497070312e-01
6.865587234497070312e-01
2.770728468894958496e-01
2.770728468894958496e-01
2.770728468894958496e-01
2.770728468894958496e-01
2.770728468894958496e-01
1.533761739730834961e+00
6.241145730018615723e-01
6.241145730018615723e-01
6.241145730018615723e-01
6.241145730018615723e-01
6.241145730018615723e-01
6.241145730018615723e-01
6.241145730018615723e-01
4.752761125564575195e-01
4.752761125564575195e-01
4.752761125564575195e-01
4.752761125564575195e-01
4.752761125564575195e-01
4.752761125564575195e-01
9.933872222900390625e-01
8.821275234222412109e-01
8.821275234222412109e-01
8.821275234222412109e-01
8.821275234222412109e-01
8.821275234222412109e-01
8.821275234222412109e-01
8.048255443572998047e-01
4.908938407897949219e-01
4.908938407897949219e-01
4.908938407897949219e-01
4.908938407897949219e-01
4.908938407897949219e-01
4.908938407897949219e-01
4.908938407897949219e-01
7.542322874069213867e-01
6.175361871719360352e-01
4.671471118927001953e-01
4.671471118927001953e-01
4.671471118927001953e-01
4.671471118927001953e-01
8.867378830909729004e-01
8.867378830909729004e-01
8.867378830909729004e-01
8.867378830909729004e-01
8.867378830909729004e-01
8.867378830909729004e-01
8.867378830909729004e-01
8.867378830909729004e-01
8.867378830909729004e-01
8.867378830909729004e-01
8.867378830909729004e-01
8.867378830909729004e-01
8.867378830909729004e-01
8.867378830909729004e-01
8.575797677040100098e-01
1.183991193771362305e+00
1.183991193771362305e+00
9.647921323776245117e-01
9.647921323776245117e-01
9.647921323776245117e-01
9.647921323776245117e-01
9.647921323776245117e-01
9.647921323776245117e-01
1.956820130348205566e+00
1.956820130348205566e+00
1.608357906341552734e+00
1.608357906341552734e+00
1.608357906341552734e+00
1.608357906341552734e+00
1.405753374099731445e+00
1.405753374099731445e+00
1.405753374099731445e+00
1.405753374099731445e+00
1.573975801467895508e+00
1.573975801467895508e+00
1.573975801467895508e+00
9.594210982322692871e-01
9.594210982322692871e-01
9.594210982322692871e-01
9.594210982322692871e-01
5.957958698272705078e-01
5.957958698272705078e-01
5.957958698272705078e-01
5.957958698272705078e-01
5.957958698272705078e-01
5.957958698272705078e-01
6.550085544586181641e-01
4.381051063537597656e-01
4.381051063537597656e-01
4.381051063537597656e-01
4.381051063537597656e-01
4.381051063537597656e-01
4.381051063537597656e-01
4.381051063537597656e-01
4.381051063537597656e-01
4.381051063537597656e-01
4.381051063537597656e-01
1.178057074546813965e+00
5.246956944465637207e-01
5.246956944465637207e-01
1.088016986846923828e+00
4.647977352142333984e-01
9.497723579406738281e-01
9.497723579406738281e-01
9.497723579406738281e-01
9.497723579406738281e-01
9.497723579406738281e-01
9.497723579406738281e-01
9.497723579406738281e-01
8.421094417572021484e-01
8.421094417572021484e-01
8.421094417572021484e-01
8.421094417572021484e-01
1.130890369415283203e+00
1.130890369415283203e+00
3.537651896476745605e-01
1.300553321838378906e+00
1.300553321838378906e+00
7.934160828590393066e-01
7.934160828590393066e-01
7.934160828590393066e-01
7.934160828590393066e-01
7.934160828590393066e-01
7.934160828590393066e-01
7.934160828590393066e-01
1.008893251419067383e+00
1.140841484069824219e+00
1.140841484069824219e+00
1.140841484069824219e+00
1.140841484069824219e+00
5.682410001754760742e-01
1.510975480079650879e+00
5.267041325569152832e-01
5.267041325569152832e-01
5.267041325569152832e-01
5.267041325569152832e-01
5.267041325569152832e-01
5.267041325569152832e-01
7.240250110626220703e-01
7.240250110626220703e-01
7.240250110626220703e-01
7.240250110626220703e-01
7.240250110626220703e-01
7.240250110626220703e-01
1.161484599113464355e+00
1.161484599113464355e+00
8.377273082733154297e-01
3.833582997322082520e-01
3.833582997322082520e-01
3.833582997322082520e-01
3.833582997322082520e-01
3.833582997322082520e-01
3.833582997322082520e-01
3.833582997322082520e-01
9.419719576835632324e-01
9.419719576835632324e-01
9.419719576835632324e-01
9.419719576835632324e-01
9.419719576835632324e-01
9.419719576835632324e-01
9.419719576835632324e-01
1.566939949989318848e-01
1.566939949989318848e-01
1.566939949989318848e-01
1.566939949989318848e-01
1.566939949989318848e-01
1.507505893707275391e+00
4.563407897949218750e-01
4.563407897949218750e-01
4.563407897949218750e-01
4.563407897949218750e-01
4.563407897949218750e-01
4.563407897949218750e-01
4.563407897949218750e-01
5.113946199417114258e-01
1.458682060241699219e+00
1.458682060241699219e+00
1.458682060241699219e+00
1.458682060241699219e+00
1.458682060241699219e+00
5.452812910079956055e-01
5.452812910079956055e-01
1.083207130432128906e+00
1.083207130432128906e+00
1.083207130432128906e+00
1.083207130432128906e+00
1.083207130432128906e+00
1.083207130432128906e+00
8.760695457458496094e-01
8.760695457458496094e-01
8.760695457458496094e-01
8.760695457458496094e-01
8.760695457458496094e-01
8.760695457458496094e-01
8.760695457458496094e-01
8.760695457458496094e-01
7.480690479278564453e-01
7.480690479278564453e-01
7.480690479278564453e-01
7.480690479278564453e-01
7.957698106765747070e-01
7.957698106765747070e-01
7.957698106765747070e-01
7.957698106765747070e-01
7.957698106765747070e-01
7.957698106765747070e-01
7.957698106765747070e-01
7.957698106765747070e-01
7.957698106765747070e-01
7.957698106765747070e-01
7.957698106765747070e-01
9.867938756942749023e-01
9.867938756942749023e-01
9.867938756942749023e-01
5.907191038131713867e-01
5.907191038131713867e-01
7.618654966354370117e-01
7.618654966354370117e-01
7.618654966354370117e-01
7.618654966354370117e-01
7.618654966354370117e-01
7.618654966354370117e-01
7.618654966354370117e-01
1.096445798873901367e+00
1.096445798873901367e+00
1.096445798873901367e+00
1.096445798873901367e+00
1.096445798873901367e+00
1.555724382400512695e+00
1.555724382400512695e+00
1.323960542678833008e+00
1.323960542678833008e+00
1.323960542678833008e+00
1.323960542678833008e+00
1.323960542678833008e+00
7.791836857795715332e-01
7.791836857795715332e-01
7.791836857795715332e-01
1.240527391433715820e+00
5.123147964477539062e-01
3.720233738422393799e-01
3.720233738422393799e-01
3.720233738422393799e-01
3.720233738422393799e-01
3.720233738422393799e-01
3.635489940643310547e-01
3.635489940643310547e-01
3.635489940643310547e-01
3.635489940643310547e-01
3.635489940643310547e-01
3.635489940643310547e-01
1.568952322006225586e+00
1.568952322006225586e+00
1.804151296615600586e+00
1.804151296615600586e+00
1.804151296615600586e+00
1.804151296615600586e+00
1.804151296615600586e+00
1.804151296615600586e+00
1.804151296615600586e+00
1.804151296615600586e+00
1.804151296615600586e+00
1.804151296615600586e+00
1.063709020614624023e+00
3.260332345962524414e-01
3.260332345962524414e-01
3.260332345962524414e-01
3.260332345962524414e-01
6.061792373657226562e-01
6.061792373657226562e-01
8.654317855834960938e-01
8.654317855834960938e-01
6.261831521987915039e-01
6.261831521987915039e-01
6.261831521987915039e-01
6.261831521987915039e-01
6.261831521987915039e-01
6.261831521987915039e-01
6.261831521987915039e-01
6.261831521987915039e-01
6.261831521987915039e-01
6.261831521987915039e-01
6.261831521987915039e-01
6.261831521987915039e-01
6.261831521987915039e-01
6.261831521987915039e-01
5.882273912429809570e-01
1.582265853881835938e+00
6.304391622543334961e-01
6.304391622543334961e-01
6.304391622543334961e-01
6.304391622543334961e-01
6.304391622543334961e-01
6.304391622543334961e-01
6.304391622543334961e-01
6.304391622543334961e-01
6.304391622543334961e-01
6.304391622543334961e-01
3.883143067359924316e-01
3.883143067359924316e-01
3.883143067359924316e-01
3.883143067359924316e-01
3.883143067359924316e-01
3.883143067359924316e-01
3.883143067359924316e-01
2.186280250549316406e+00
2.186280250549316406e+00
1.886600255966186523e+00
1.214544773101806641e-01
1.214544773101806641e-01
1.214544773101806641e-01
1.214544773101806641e-01
1.214544773101806641e-01
1.214544773101806641e-01
2.247467517852783203e+00
2.247467517852783203e+00
2.247467517852783203e+00
1.923199772834777832e+00
1.923199772834777832e+00
1.923199772834777832e+00
2.007447004318237305e+00
2.007447004318237305e+00
2.007447004318237305e+00
1.780060291290283203e+00
1.780060291290283203e+00
8.011221885681152344e-01
1.569138288497924805e+00
1.055715799331665039e+00
1.055715799331665039e+00
1.055715799331665039e+00
1.055715799331665039e+00
6.375784277915954590e-01
6.375784277915954590e-01
6.375784277915954590e-01
6.375784277915954590e-01
9.297051429748535156e-01
9.297051429748535156e-01
9.297051429748535156e-01
9.297051429748535156e-01
9.297051429748535156e-01
4.692952036857604980e-01
1.569509983062744141e+00
1.569509983062744141e+00
1.569509983062744141e+00
1.569509983062744141e+00
1.569509983062744141e+00
1.569509983062744141e+00
7.014135122299194336e-01
1.565817832946777344e+00
7.927662134170532227e-01
7.927662134170532227e-01
7.927662134170532227e-01
7.927662134170532227e-01
7.927662134170532227e-01
3.756504058837890625e-01
3.756504058837890625e-01
1.234077215194702148e+00
1.234077215194702148e+00
1.234077215194702148e+00
1.241661310195922852e-01
1.241661310195922852e-01
9.379577636718750000e-01
9.379577636718750000e-01
9.379577636718750000e-01
9.379577636718750000e-01
1.268318653106689453e+00
6.931036114692687988e-01
9.128521084785461426e-01
8.024042248725891113e-01
8.024042248725891113e-01
8.024042248725891113e-01
8.024042248725891113e-01
4.362889528274536133e-01
4.362889528274536133e-01
4.362889528274536133e-01
4.362889528274536133e-01
4.362889528274536133e-01
4.362889528274536133e-01
4.362889528274536133e-01
4.362889528274536133e-01
4.362889528274536133e-01
4.362889528274536133e-01
4.362889528274536133e-01
4.362889528274536133e-01
4.362889528274536133e-01
1.155819416046142578e+00
1.837281227111816406e+00
7.600753307342529297e-01
7.600753307342529297e-01
1.047175884246826172e+00
1.047175884246826172e+00
1.939780712127685547e+00
1.939780712127685547e+00
1.939780712127685547e+00
1.939780712127685547e+00
3.076847791671752930e-01
3.076847791671752930e-01
3.076847791671752930e-01
1.547823071479797363e+00
1.547823071479797363e+00
1.553912281990051270e+00
5.261020660400390625e-01
5.261020660400390625e-01
1.101639986038208008e+00
1.101639986038208008e+00
1.101639986038208008e+00
1.101639986038208008e+00
1.101639986038208008e+00
1.101639986038208008e+00
1.101639986038208008e+00
1.101639986038208008e+00
7.598779201507568359e-01
5.615966320037841797e-01
5.615966320037841797e-01
5.615966320037841797e-01
5.615966320037841797e-01
5.615966320037841797e-01
5.615966320037841797e-01
6.210237741470336914e-02
6.210237741470336914e-02
6.210237741470336914e-02
2.430707514286041260e-01
2.430707514286041260e-01
2.430707514286041260e-01
6.983761787414550781e-01
6.983761787414550781e-01
6.983761787414550781e-01
6.983761787414550781e-01
8.007498979568481445e-01
1.488279223442077637e+00
1.488279223442077637e+00
1.488279223442077637e+00
1.488279223442077637e+00
1.488279223442077637e+00
9.312821626663208008e-01
2.637280821800231934e-01
2.637280821800231934e-01
1.925949454307556152e-01
1.925949454307556152e-01
1.925949454307556152e-01
1.102467775344848633e+00
1.102467775344848633e+00
1.102467775344848633e+00
1.102467775344848633e+00
1.102467775344848633e+00
9.312011599540710449e-01
9.312011599540710449e-01
1.303246140480041504e+00
1.303246140480041504e+00
1.303246140480041504e+00
7.584951519966125488e-01
1.020355939865112305e+00
1.020355939865112305e+00
1.020355939865112305e+00
1.020355939865112305e+00
1.509934544563293457e+00
1.509934544563293457e+00
1.509934544563293457e+00
1.509934544563293457e+00
1.509934544563293457e+00
1.509934544563293457e+00
1.509934544563293457e+00
1.509934544563293457e+00
1.198135614395141602e+00
1.198135614395141602e+00
1.198135614395141602e+00
1.198135614395141602e+00
1.198135614395141602e+00
1.198135614395141602e+00
5.637109279632568359e-01
5.637109279632568359e-01
5.637109279632568359e-01
7.022033333778381348e-01
7.022033333778381348e-01
7.022033333778381348e-01
7.022033333778381348e-01
7.022033333778381348e-01
1.745981216430664062e+00
1.745981216430664062e+00
1.745981216430664062e+00
1.745981216430664062e+00
1.745981216430664062e+00
1.342525243759155273e+00
1.342525243759155273e+00
3.060832023620605469e-01
3.060832023620605469e-01
3.060832023620605469e-01
3.060832023620605469e-01
3.060832023620605469e-01
1.793141245841979980e+00
1.793141245841979980e+00
1.793141245841979980e+00
1.793141245841979980e+00
1.793141245841979980e+00
5.810748338699340820e-01
5.810748338699340820e-01
5.810748338699340820e-01
5.810748338699340820e-01
5.810748338699340820e-01
5.810748338699340820e-01
5.810748338699340820e-01
5.810748338699340820e-01
5.810748338699340820e-01
5.810748338699340820e-01
5.810748338699340820e-01
5.810748338699340820e-01
4.215866923332214355e-01
4.215866923332214355e-01
4.215866923332214355e-01
4.215866923332214355e-01
4.215866923332214355e-01
9.693944454193115234e-01
9.693944454193115234e-01
9.693944454193115234e-01
9.693944454193115234e-01
3.894342780113220215e-01
3.894342780113220215e-01
3.894342780113220215e-01
3.894342780113220215e-01
3.894342780113220215e-01
3.894342780113220215e-01
3.894342780113220215e-01
3.894342780113220215e-01
1.454009056091308594e+00
1.454009056091308594e+00
1.377782344818115234e+00
1.211382865905761719e+00
7.266035079956054688e-01
7.266035079956054688e-01
1.839272737503051758e+00
7.659051418304443359e-01
1.407033920288085938e+00
2.806971073150634766e-01
2.806971073150634766e-01
2.806971073150634766e-01
2.806971073150634766e-01
2.806971073150634766e-01
2.806971073150634766e-01
9.815376996994018555e-01
9.815376996994018555e-01
9.815376996994018555e-01
9.815376996994018555e-01
9.815376996994018555e-01
7.696548700332641602e-01
7.696548700332641602e-01
7.696548700332641602e-01
7.696548700332641602e-01
7.696548700332641602e-01
1.634953498840332031e+00
1.634953498840332031e+00
8.707891106605529785e-01
8.707891106605529785e-01
8.707891106605529785e-01
8.707891106605529785e-01
2.521755695343017578e-01
2.521755695343017578e-01
2.521755695343017578e-01
2.521755695343017578e-01
2.521755695343017578e-01
2.521755695343017578e-01
2.521755695343017578e-01
2.521755695343017578e-01
2.521755695343017578e-01
2.521755695343017578e-01
2.521755695343017578e-01
2.521755695343017578e-01
2.521755695343017578e-01
2.521755695343017578e-01
2.521755695343017578e-01
2.521755695343017578e-01
2.521755695343017578e-01
2.521755695343017578e-01
2.521755695343017578e-01
2.521755695343017578e-01
1.064896583557128906e+00
1.064896583557128906e+00
1.064896583557128906e+00
1.256698727607727051e+00
1.256698727607727051e+00
1.256698727607727051e+00
7.553408145904541016e-01
7.553408145904541016e-01
7.553408145904541016e-01
7.553408145904541016e-01
7.553408145904541016e-01
7.743860483169555664e-01
7.743860483169555664e-01
7.743860483169555664e-01
7.743860483169555664e-01
7.743860483169555664e-01
1.722865819931030273e+00
1.979355216026306152e+00
1.852793455123901367e+00
1.852793455123901367e+00
6.011580228805541992e-01
6.011580228805541992e-01
6.011580228805541992e-01
6.011580228805541992e-01
6.011580228805541992e-01
6.011580228805541992e-01
6.011580228805541992e-01
6.011580228805541992e-01
6.011580228805541992e-01
6.011580228805541992e-01
2.822083532810211182e-01
2.822083532810211182e-01
1.650060772895812988e+00
1.650060772895812988e+00
1.650060772895812988e+00
1.650060772895812988e+00
1.650060772895812988e+00
1.650060772895812988e+00
6.600419878959655762e-01
1.056119441986083984e+00
1.056119441986083984e+00
4.151995182037353516e-01
4.151995182037353516e-01
4.151995182037353516e-01
4.151995182037353516e-01
4.151995182037353516e-01
4.151995182037353516e-01
4.151995182037353516e-01
4.151995182037353516e-01
4.151995182037353516e-01
4.151995182037353516e-01
4.151995182037353516e-01
4.151995182037353516e-01
4.151995182037353516e-01
4.151995182037353516e-01
4.151995182037353516e-01
4.151995182037353516e-01
4.151995182037353516e-01
1.927938222885131836e+00
1.927938222885131836e+00
1.927938222885131836e+00
1.271416068077087402e+00
7.361577153205871582e-01
7.361577153205871582e-01
8.651207685470581055e-01
8.651207685470581055e-01
8.651207685470581055e-01
8.651207685470581055e-01
8.651207685470581055e-01
8.651207685470581055e-01
9.893133640289306641e-01
7.479891777038574219e-01
7.479891777038574219e-01
2.853984534740447998e-01
2.853984534740447998e-01
2.853984534740447998e-01
2.853984534740447998e-01
4.224531352519989014e-01
4.224531352519989014e-01
4.224531352519989014e-01
4.224531352519989014e-01
4.224531352519989014e-01
4.224531352519989014e-01
4.224531352519989014e-01
4.224531352519989014e-01
4.224531352519989014e-01
4.224531352519989014e-01
4.224531352519989014e-01
4.224531352519989014e-01
4.224531352519989014e-01
4.914219379425048828e-01
9.752239584922790527e-01
9.752239584922790527e-01
1.360698938369750977e+00
1.360698938369750977e+00
1.141209244728088379e+00
1.128559708595275879e+00
1.128559708595275879e+00
1.128559708595275879e+00
1.128559708595275879e+00
1.128559708595275879e+00
1.128559708595275879e+00
1.128559708595275879e+00
1.128559708595275879e+00
1.128559708595275879e+00
1.128559708595275879e+00
4.252932071685791016e-01
4.252932071685791016e-01
4.252932071685791016e-01
4.252932071685791016e-01
4.252932071685791016e-01
4.252932071685791016e-01
4.252932071685791016e-01
4.252932071685791016e-01
7.493107318878173828e-01
2.575637102127075195e-01
1.061758399009704590e+00
3.294803500175476074e-01
3.294803500175476074e-01
3.294803500175476074e-01
3.294803500175476074e-01
3.647250831127166748e-01
3.647250831127166748e-01
9.574362039566040039e-01
7.887663245201110840e-01
7.887663245201110840e-01
1.350457668304443359e+00
1.350457668304443359e+00
2.294539213180541992e-01
2.294539213180541992e-01
2.294539213180541992e-01
2.294539213180541992e-01
5.681130886077880859e-01
5.681130886077880859e-01
5.681130886077880859e-01
1.716811776161193848e+00
1.716811776161193848e+00
1.716811776161193848e+00
1.716811776161193848e+00
1.716811776161193848e+00
1.716811776161193848e+00
1.464865446090698242e+00
1.464865446090698242e+00
1.464865446090698242e+00
3.803902864456176758e-01
3.803902864456176758e-01
3.803902864456176758e-01
3.803902864456176758e-01
3.803902864456176758e-01
3.356714844703674316e-01
3.356714844703674316e-01
3.356714844703674316e-01
3.356714844703674316e-01
3.356714844703674316e-01
3.356714844703674316e-01
5.992608070373535156e-01
5.992608070373535156e-01
5.992608070373535156e-01
5.992608070373535156e-01
5.992608070373535156e-01
5.992608070373535156e-01
5.992608070373535156e-01
5.992608070373535156e-01
3.187109827995300293e-01
3.187109827995300293e-01
3.187109827995300293e-01
3.187109827995300293e-01
3.187109827995300293e-01
2.010543584823608398e+00
2.010543584823608398e+00
2.010543584823608398e+00
2.010543584823608398e+00
2.010543584823608398e+00
2.010543584823608398e+00
2.010543584823608398e+00
2.010543584823608398e+00
2.010543584823608398e+00
2.010543584823608398e+00
2.521186113357543945e+00
2.521186113357543945e+00
4.149038791656494141e-01
4.149038791656494141e-01
4.149038791656494141e-01
5.574480891227722168e-01
3.849534690380096436e-01
1.373629689216613770e+00
1.373629689216613770e+00
3.174616098403930664e-01
3.174616098403930664e-01
3.174616098403930664e-01
3.174616098403930664e-01
3.174616098403930664e-01
3.174616098403930664e-01
3.174616098403930664e-01
2.445602566003799438e-01
2.445602566003799438e-01
2.445602566003799438e-01
2.445602566003799438e-01
1.596423506736755371e+00
1.596423506736755371e+00
1.596423506736755371e+00
1.596423506736755371e+00
1.596423506736755371e+00
1.125707507133483887e+00
1.125707507133483887e+00
1.125707507133483887e+00
1.125707507133483887e+00
1.125707507133483887e+00
1.125707507133483887e+00
1.125707507133483887e+00
1.125707507133483887e+00
7.874485254287719727e-01
1.064287781715393066e+00
1.064287781715393066e+00
1.064287781715393066e+00
1.064287781715393066e+00
1.064287781715393066e+00
1.064287781715393066e+00
8.718039989471435547e-01
8.718039989471435547e-01
8.718039989471435547e-01
6.467140913009643555e-01
6.467140913009643555e-01
6.467140913009643555e-01
5.361176133155822754e-01
5.156456232070922852e-01
5.156456232070922852e-01
5.156456232070922852e-01
1.252438068389892578e+00
1.252438068389892578e+00
1.252438068389892578e+00
1.252438068389892578e+00
1.252438068389892578e+00
6.510187387466430664e-01
6.510187387466430664e-01
6.510187387466430664e-01
6.510187387466430664e-01
6.510187387466430664e-01
6.510187387466430664e-01
6.510187387466430664e-01
6.510187387466430664e-01
6.510187387466430664e-01
1.064399600028991699e+00
1.064399600028991699e+00
1.064399600028991699e+00
7.452458739280700684e-01
7.452458739280700684e-01
7.452458739280700684e-01
3.196117281913757324e-01
3.196117281913757324e-01
3.196117281913757324e-01
3.196117281913757324e-01
3.196117281913757324e-01
2.135966062545776367e+00
2.588268995285034180e+00
2.588268995285034180e+00
2.109640121459960938e+00
2.109640121459960938e+00
2.109640121459960938e+00
2.109640121459960938e+00
2.109640121459960938e+00
2.109640121459960938e+00
1.664474487304687500e+00
1.664474487304687500e+00
1.664474487304687500e+00
9.380875825881958008e-01
9.380875825881958008e-01
9.380875825881958008e-01
9.380875825881958008e-01
2.110194206237792969e+00
2.110194206237792969e+00
2.110194206237792969e+00
2.110194206237792969e+00
2.636698484420776367e+00
2.636698484420776367e+00
2.636698484420776367e+00
1.908354759216308594e+00
2.197644948959350586e+00
2.197644948959350586e+00
1.553491592407226562e+00
1.553491592407226562e+00
1.505670905113220215e+00
1.505670905113220215e+00
1.505670905113220215e+00
1.661035537719726562e+00
9.799661636352539062e-01
9.799661636352539062e-01
7.097525596618652344e-01
7.097525596618652344e-01
7.097525596618652344e-01
7.097525596618652344e-01
1.080819845199584961e+00
1.080819845199584961e+00
1.080819845199584961e+00
1.080819845199584961e+00
1.080819845199584961e+00
1.080819845199584961e+00
8.217025995254516602e-01
1.930980682373046875e+00
1.930980682373046875e+00
1.930980682373046875e+00
2.971687316894531250e-01
8.524282574653625488e-01
8.524282574653625488e-01
5.151622295379638672e-01
5.151622295379638672e-01
5.804183483123779297e-01
5.804183483123779297e-01
5.804183483123779297e-01
5.917564034461975098e-01
5.917564034461975098e-01
5.917564034461975098e-01
5.917564034461975098e-01
5.917564034461975098e-01
5.917564034461975098e-01
5.917564034461975098e-01
9.671614170074462891e-01
1.000374197959899902e+00
1.000374197959899902e+00
1.000374197959899902e+00
1.000374197959899902e+00
1.000374197959899902e+00
1.000374197959899902e+00
1.000374197959899902e+00
1.000374197959899902e+00
4.637629389762878418e-01
4.637629389762878418e-01
2.519149780273437500e-01
2.519149780273437500e-01
2.519149780273437500e-01
2.519149780273437500e-01
2.519149780273437500e-01
1.552378177642822266e+00
1.552378177642822266e+00
1.552378177642822266e+00
1.552378177642822266e+00
1.552378177642822266e+00
1.552378177642822266e+00
1.552378177642822266e+00
1.552378177642822266e+00
8.346938490867614746e-01
3.515938520431518555e-01
1.500847458839416504e+00
1.500847458839416504e+00
1.500847458839416504e+00
1.500847458839416504e+00
1.500847458839416504e+00
1.500847458839416504e+00
1.500847458839416504e+00
1.500847458839416504e+00
1.500847458839416504e+00
5.494041442871093750e-01
1.076324224472045898e+00
1.076324224472045898e+00
1.076324224472045898e+00
1.076324224472045898e+00
1.076324224472045898e+00
6.288908123970031738e-01
1.952961921691894531e+00
1.952961921691894531e+00
1.048246860504150391e+00
1.048246860504150391e+00
1.048246860504150391e+00
1.048246860504150391e+00
1.048246860504150391e+00
8.008210659027099609e-01
8.008210659027099609e-01
5.593981146812438965e-01
5.593981146812438965e-01
4.641808271408081055e-01
4.641808271408081055e-01
5.840792655944824219e-01
5.840792655944824219e-01
5.840792655944824219e-01
5.840792655944824219e-01
1.267845153808593750e+00
2.354264259338378906e-01
2.354264259338378906e-01
1.405384898185729980e+00
9.670431017875671387e-01
9.670431017875671387e-01
9.670431017875671387e-01
9.670431017875671387e-01
9.670431017875671387e-01
5.029911994934082031e-01
5.029911994934082031e-01
5.029911994934082031e-01
5.029911994934082031e-01
4.528880417346954346e-01
6.756452322006225586e-01
2.341617584228515625e+00
2.341617584228515625e+00
1.678305268287658691e+00
1.393598437309265137e+00
4.571254849433898926e-01
4.571254849433898926e-01
4.571254849433898926e-01
8.201833963394165039e-01
8.201833963394165039e-01
1.115810155868530273e+00
8.805588483810424805e-01
8.805588483810424805e-01
1.719996213912963867e+00
1.498121500015258789e+00
1.352024912834167480e+00
1.202094674110412598e+00
1.202094674110412598e+00
1.202094674110412598e+00
1.202094674110412598e+00
1.202094674110412598e+00
1.202094674110412598e+00
8.047620058059692383e-01
1.297464609146118164e+00
1.297464609146118164e+00
5.177913904190063477e-01
7.392213940620422363e-01
7.392213940620422363e-01
7.392213940620422363e-01
1.353253602981567383e+00
1.353253602981567383e+00
1.429527401924133301e+00
1.429527401924133301e+00
1.429527401924133301e+00
1.429527401924133301e+00
1.429527401924133301e+00
1.429527401924133301e+00
1.429527401924133301e+00
1.429527401924133301e+00
1.429527401924133301e+00
1.429527401924133301e+00
9.435043334960937500e-01
9.435043334960937500e-01
9.435043334960937500e-01
9.435043334960937500e-01
9.435043334960937500e-01
9.435043334960937500e-01
1.045110583305358887e+00
1.045110583305358887e+00
2.105481863021850586e+00
7.310123443603515625e-01
7.310123443603515625e-01
7.310123443603515625e-01
7.310123443603515625e-01
7.310123443603515625e-01
7.256376147270202637e-01
7.256376147270202637e-01
7.256376147270202637e-01
7.256376147270202637e-01
7.256376147270202637e-01
7.256376147270202637e-01
7.256376147270202637e-01
1.030465364456176758e+00
1.030465364456176758e+00
1.100779771804809570e+00
1.100779771804809570e+00
1.100779771804809570e+00
1.100779771804809570e+00
1.100779771804809570e+00
4.502626657485961914e-01
4.502626657485961914e-01
4.502626657485961914e-01
4.502626657485961914e-01
1.122548103332519531e+00
1.122548103332519531e+00
1.045297265052795410e+00
1.045297265052795410e+00
1.120563149452209473e+00
1.120563149452209473e+00
6.386804580688476562e-01
6.386804580688476562e-01
6.386804580688476562e-01
1.142202615737915039e+00
1.459396719932556152e+00
1.459396719932556152e+00
1.377774238586425781e+00
1.377774238586425781e+00
1.377774238586425781e+00
1.699125766754150391e+00
1.699125766754150391e+00
1.699125766754150391e+00
1.699125766754150391e+00
1.301534175872802734e+00
1.353406906127929688e+00
1.353406906127929688e+00
8.038839697837829590e-01
8.038839697837829590e-01
8.038839697837829590e-01
8.038839697837829590e-01
8.038839697837829590e-01
8.038839697837829590e-01
8.038839697837829590e-01
8.038839697837829590e-01
8.038839697837829590e-01
8.038839697837829590e-01
8.038839697837829590e-01
8.038839697837829590e-01
8.038839697837829590e-01
8.038839697837829590e-01
8.038839697837829590e-01
8.038839697837829590e-01
8.038839697837829590e-01
8.483958840370178223e-01
8.483958840370178223e-01
1.013283848762512207e+00
2.223046422004699707e-01
2.223046422004699707e-01
2.223046422004699707e-01
2.223046422004699707e-01
2.223046422004699707e-01
2.223046422004699707e-01
2.223046422004699707e-01
2.223046422004699707e-01
2.223046422004699707e-01
2.223046422004699707e-01
2.223046422004699707e-01
3.852927088737487793e-01
1.558438301086425781e+00
1.558438301086425781e+00
1.353132486343383789e+00
1.353132486343383789e+00
6.843468546867370605e-01
1.531527280807495117e+00
1.531527280807495117e+00
2.221848726272583008e+00
2.221848726272583008e+00
2.221848726272583008e+00
2.221848726272583008e+00
6.054733991622924805e-01
6.054733991622924805e-01
6.054733991622924805e-01
6.054733991622924805e-01
1.089599132537841797e+00
1.187181591987609863e+00
1.187181591987609863e+00
1.187181591987609863e+00
1.187181591987609863e+00
1.187181591987609863e+00
1.187181591987609863e+00
1.187181591987609863e+00
1.187181591987609863e+00
1.187181591987609863e+00
1.187181591987609863e+00
9.952055215835571289e-01
9.952055215835571289e-01
9.952055215835571289e-01
9.952055215835571289e-01
9.952055215835571289e-01
9.952055215835571289e-01
9.952055215835571289e-01
9.952055215835571289e-01
9.952055215835571289e-01
9.952055215835571289e-01
9.952055215835571289e-01
7.733541131019592285e-01
7.733541131019592285e-01
7.733541131019592285e-01
7.733541131019592285e-01
7.733541131019592285e-01
7.733541131019592285e-01
7.733541131019592285e-01
7.733541131019592285e-01
7.733541131019592285e-01
7.733541131019592285e-01
7.733541131019592285e-01
2.616165876388549805e-01
2.616165876388549805e-01
2.616165876388549805e-01
2.616165876388549805e-01
2.616165876388549805e-01
2.616165876388549805e-01
2.616165876388549805e-01
1.067930459976196289e+00
1.067930459976196289e+00
1.067930459976196289e+00
1.341375470161437988e+00
1.341375470161437988e+00
1.341375470161437988e+00
1.341375470161437988e+00
8.051577210426330566e-01
7.395934462547302246e-01
7.395934462547302246e-01
7.395934462547302246e-01
7.395934462547302246e-01
7.395934462547302246e-01
7.395934462547302246e-01
7.395934462547302246e-01
8.474668860435485840e-01
8.474668860435485840e-01
8.474668860435485840e-01
8.474668860435485840e-01
8.474668860435485840e-01
4.332624077796936035e-01
6.503408551216125488e-01
6.503408551216125488e-01
1.028065443038940430e+00
8.365167379379272461e-01
8.365167379379272461e-01
8.224508762359619141e-01
8.224508762359619141e-01
8.224508762359619141e-01
5.477734804153442383e-01
5.477734804153442383e-01
5.477734804153442383e-01
5.477734804153442383e-01
5.477734804153442383e-01
5.477734804153442383e-01
5.477734804153442383e-01
5.477734804153442383e-01
5.477734804153442383e-01
5.477734804153442383e-01
5.477734804153442383e-01
5.477734804153442383e-01
5.477734804153442383e-01
9.767583608627319336e-01
9.767583608627319336e-01
9.767583608627319336e-01
9.767583608627319336e-01
9.767583608627319336e-01
9.767583608627319336e-01
9.767583608627319336e-01
9.767583608627319336e-01
8.176344633102416992e-01
8.176344633102416992e-01
8.176344633102416992e-01
8.176344633102416992e-01
5.774674415588378906e-01
5.774674415588378906e-01
5.774674415588378906e-01
5.774674415588378906e-01
1.291924715042114258e+00
1.291924715042114258e+00
1.291924715042114258e+00
1.232473254203796387e+00
6.361598372459411621e-01
6.361598372459411621e-01
6.361598372459411621e-01
7.200607657432556152e-01
7.200607657432556152e-01
7.200607657432556152e-01
7.200607657432556152e-01
7.200607657432556152e-01
7.200607657432556152e-01
7.200607657432556152e-01
7.200607657432556152e-01
7.200607657432556152e-01
7.200607657432556152e-01
7.200607657432556152e-01
7.200607657432556152e-01
7.200607657432556152e-01
7.200607657432556152e-01
3.555468618869781494e-01
4.226495027542114258e-01
4.226495027542114258e-01
4.226495027542114258e-01
4.226495027542114258e-01
5.186659693717956543e-01
5.186659693717956543e-01
1.552787303924560547e+00
1.552787303924560547e+00
1.552787303924560547e+00
1.552787303924560547e+00
1.439652919769287109e+00
2.169677019119262695e-01
2.169677019119262695e-01
2.169677019119262695e-01
2.169677019119262695e-01
6.869495511054992676e-01
6.869495511054992676e-01
6.869495511054992676e-01
6.869495511054992676e-01
6.869495511054992676e-01
6.869495511054992676e-01
6.869495511054992676e-01
6.869495511054992676e-01
9.447427988052368164e-01
1.458527088165283203e+00
3.560103178024291992e-01
1.066360950469970703e+00
1.066360950469970703e+00
7.094130516052246094e-01
9.043066501617431641e-01
9.043066501617431641e-01
9.043066501617431641e-01
9.043066501617431641e-01
9.043066501617431641e-01
9.043066501617431641e-01
3.891069889068603516e-01
3.891069889068603516e-01
3.891069889068603516e-01
3.891069889068603516e-01
3.891069889068603516e-01
3.891069889068603516e-01
3.891069889068603516e-01
3.891069889068603516e-01
3.891069889068603516e-01
3.891069889068603516e-01
3.891069889068603516e-01
3.891069889068603516e-01
1.211436271667480469e+00
1.211436271667480469e+00
1.211436271667480469e+00
1.211436271667480469e+00
1.211436271667480469e+00
1.211436271667480469e+00
1.583208799362182617e+00
1.204082846641540527e+00
1.204082846641540527e+00
1.204082846641540527e+00
1.204082846641540527e+00
1.204082846641540527e+00
9.642896056175231934e-01
9.642896056175231934e-01
9.642896056175231934e-01
1.663379430770874023e+00
1.663379430770874023e+00
1.663379430770874023e+00
1.525197505950927734e+00
1.525197505950927734e+00
1.525197505950927734e+00
1.525197505950927734e+00
1.043272256851196289e+00
1.043272256851196289e+00
2.984681129455566406e-01
6.970258951187133789e-01
1.387115001678466797e+00
1.387115001678466797e+00
1.387115001678466797e+00
1.387115001678466797e+00
1.871422290802001953e+00
1.910676360130310059e+00
1.910676360130310059e+00
