5.115194916725158691e-01
5.115194916725158691e-01
5.115194916725158691e-01
5.115194916725158691e-01
5.115194916725158691e-01
5.115194916725158691e-01
5.115194916725158691e-01
5.115194916725158691e-01
5.115194916725158691e-01
5.115194916725158691e-01
5.115194916725158691e-01
5.115194916725158691e-01
5.115194916725158691e-01
5.115194916725158691e-01
1.209860801696777344e+00
1.209860801696777344e+00
1.209860801696777344e+00
1.209860801696777344e+00
1.209860801696777344e+00
1.209860801696777344e+00
1.209860801696777344e+00
1.209860801696777344e+00
1.209860801696777344e+00
1.209860801696777344e+00
1.209860801696777344e+00
1.209860801696777344e+00
1.209860801696777344e+00
1.209860801696777344e+00
8.405743837356567383e-01
8.405743837356567383e-01
6.020365953445434570e-01
6.020365953445434570e-01
6.020365953445434570e-01
6.020365953445434570e-01
4.761610627174377441e-01
6.131717562675476074e-01
6.131717562675476074e-01
6.131717562675476074e-01
6.131717562675476074e-01
6.131717562675476074e-01
6.131717562675476074e-01
6.131717562675476074e-01
6.131717562675476074e-01
6.131717562675476074e-01
6.131717562675476074e-01
6.131717562675476074e-01
1.159459471702575684e+00
1.159459471702575684e+00
1.159459471702575684e+00
8.755506277084350586e-01
8.755506277084350586e-01
8.755506277084350586e-01
8.755506277084350586e-01
8.755506277084350586e-01
8.755506277084350586e-01
8.755506277084350586e-01
8.755506277084350586e-01
4.896971583366394043e-01
4.896971583366394043e-01
4.896971583366394043e-01
4.896971583366394043e-01
4.896971583366394043e-01
4.896971583366394043e-01
4.896971583366394043e-01
4.896971583366394043e-01
4.896971583366394043e-01
1.115441799163818359e+00
1.115441799163818359e+00
1.115441799163818359e+00
1.115441799163818359e+00
1.121712923049926758e+00
1.121712923049926758e+00
1.054494619369506836e+00
1.054494619369506836e+00
1.054494619369506836e+00
1.054494619369506836e+00
1.054494619369506836e+00
1.054494619369506836e+00
1.054494619369506836e+00
1.054494619369506836e+00
1.054494619369506836e+00
1.054494619369506836e+00
1.054494619369506836e+00
9.873212575912475586e-01
9.873212575912475586e-01
1.107930660247802734e+00
1.107930660247802734e+00
1.178199768066406250e+00
6.982215642929077148e-01
6.150575876235961914e-01
6.150575876235961914e-01
6.150575876235961914e-01
6.150575876235961914e-01
6.150575876235961914e-01
6.150575876235961914e-01
6.150575876235961914e-01
1.152960300445556641e+00
1.152960300445556641e+00
1.152960300445556641e+00
1.152960300445556641e+00
1.152960300445556641e+00
1.152960300445556641e+00
1.152960300445556641e+00
1.152960300445556641e+00
1.152960300445556641e+00
1.152960300445556641e+00
1.152960300445556641e+00
1.152960300445556641e+00
1.152960300445556641e+00
5.828569531440734863e-01
1.123359560966491699e+00
1.123359560966491699e+00
1.123359560966491699e+00
2.120636701583862305e-01
8.798665404319763184e-01
8.798665404319763184e-01
8.798665404319763184e-01
1.287015676498413086e+00
1.896447181701660156e+00
1.896447181701660156e+00
1.975476145744323730e+00
1.975476145744323730e+00
1.975476145744323730e+00
1.975476145744323730e+00
1.975476145744323730e+00
1.975476145744323730e+00
1.975476145744323730e+00
9.451009035110473633e-01
9.451009035110473633e-01
9.451009035110473633e-01
9.451009035110473633e-01
1.041210293769836426e+00
1.505365371704101562e+00
1.505365371704101562e+00
1.505365371704101562e+00
1.887636184692382812e-01
1.887636184692382812e-01
1.737553238868713379e+00
1.737553238868713379e+00
1.737553238868713379e+00
1.737553238868713379e+00
1.895805358886718750e+00
1.895805358886718750e+00
1.895805358886718750e+00
1.895805358886718750e+00
1.895805358886718750e+00
1.497678756713867188e+00
1.497678756713867188e+00
1.365571737289428711e+00
1.365571737289428711e+00
1.365571737289428711e+00
1.365571737289428711e+00
1.365571737289428711e+00
1.100973129272460938e+00
1.100973129272460938e+00
1.100973129272460938e+00
1.316150069236755371e+00
1.316150069236755371e+00
1.316150069236755371e+00
1.316150069236755371e+00
1.316150069236755371e+00
1.316150069236755371e+00
1.316150069236755371e+00
1.316150069236755371e+00
1.316150069236755371e+00
1.316150069236755371e+00
1.316150069236755371e+00
1.316150069236755371e+00
1.990158081054687500e+00
1.990158081054687500e+00
1.990158081054687500e+00
1.990158081054687500e+00
1.517805337905883789e+00
1.517805337905883789e+00
1.517805337905883789e+00
1.517805337905883789e+00
1.517805337905883789e+00
1.517805337905883789e+00
1.517805337905883789e+00
6.121742129325866699e-01
6.121742129325866699e-01
6.121742129325866699e-01
6.121742129325866699e-01
1.512560367584228516e+00
1.512560367584228516e+00
1.512560367584228516e+00
1.142675280570983887e+00
1.142675280570983887e+00
1.142675280570983887e+00
1.142675280570983887e+00
1.142675280570983887e+00
1.142675280570983887e+00
1.142675280570983887e+00
1.142675280570983887e+00
9.587055444717407227e-01
9.587055444717407227e-01
1.326867103576660156e+00
2.407373189926147461e-01
7.773578763008117676e-01
7.773578763008117676e-01
2.106248140335083008e-01
2.106248140335083008e-01
2.106248140335083008e-01
2.106248140335083008e-01
6.176980137825012207e-01
6.176980137825012207e-01
6.176980137825012207e-01
9.436491727828979492e-01
5.041325688362121582e-01
1.361120462417602539e+00
1.361120462417602539e+00
1.361120462417602539e+00
1.361120462417602539e+00
1.361120462417602539e+00
1.361120462417602539e+00
1.958299398422241211e+00
1.958299398422241211e+00
1.010059118270874023e-01
1.010059118270874023e-01
1.010059118270874023e-01
1.010059118270874023e-01
8.847109675407409668e-01
8.847109675407409668e-01
8.847109675407409668e-01
8.847109675407409668e-01
8.847109675407409668e-01
8.847109675407409668e-01
8.847109675407409668e-01
8.847109675407409668e-01
8.847109675407409668e-01
8.847109675407409668e-01
8.847109675407409668e-01
8.847109675407409668e-01
8.847109675407409668e-01
8.847109675407409668e-01
8.847109675407409668e-01
8.847109675407409668e-01
8.847109675407409668e-01
8.847109675407409668e-01
8.847109675407409668e-01
1.519122123718261719e-01
1.519122123718261719e-01
2.831105887889862061e-01
2.831105887889862061e-01
7.411919832229614258e-01
4.625508487224578857e-01
1.155260562896728516e+00
5.624538660049438477e-01
5.624538660049438477e-01
5.624538660049438477e-01
5.624538660049438477e-01
5.624538660049438477e-01
5.624538660049438477e-01
5.624538660049438477e-01
5.624538660049438477e-01
5.624538660049438477e-01
5.624538660049438477e-01
5.624538660049438477e-01
5.624538660049438477e-01
5.624538660049438477e-01
5.624538660049438477e-01
5.624538660049438477e-01
5.624538660049438477e-01
5.624538660049438477e-01
1.030122041702270508e+00
1.030122041702270508e+00
1.030122041702270508e+00
1.030122041702270508e+00
1.030122041702270508e+00
1.349845170974731445e+00
1.349845170974731445e+00
9.637537002563476562e-01
8.398317098617553711e-01
7.903729677200317383e-01
7.903729677200317383e-01
7.903729677200317383e-01
7.903729677200317383e-01
7.903729677200317383e-01
7.903729677200317383e-01
7.903729677200317383e-01
7.903729677200317383e-01
7.903729677200317383e-01
7.903729677200317383e-01
7.903729677200317383e-01
7.903729677200317383e-01
7.903729677200317383e-01
7.903729677200317383e-01
7.903729677200317383e-01
1.102159023284912109e+00
1.102159023284912109e+00
1.102159023284912109e+00
1.102159023284912109e+00
1.102159023284912109e+00
1.102159023284912109e+00
1.102159023284912109e+00
1.102159023284912109e+00
1.102159023284912109e+00
1.102159023284912109e+00
1.102159023284912109e+00
1.102159023284912109e+00
1.102159023284912109e+00
1.102159023284912109e+00
1.102159023284912109e+00
1.102159023284912109e+00
1.102159023284912109e+00
1.102159023284912109e+00
1.102159023284912109e+00
6.264694929122924805e-01
6.264694929122924805e-01
1.290903329849243164e+00
1.290903329849243164e+00
1.290903329849243164e+00
1.290903329849243164e+00
1.798649072647094727e+00
1.950626969337463379e+00
1.950626969337463379e+00
1.950626969337463379e+00
1.950626969337463379e+00
1.514348149299621582e+00
1.514348149299621582e+00
1.514348149299621582e+00
1.514348149299621582e+00
1.514348149299621582e+00
1.156644344329833984e+00
1.156644344329833984e+00
1.156644344329833984e+00
1.494770288467407227e+00
1.494770288467407227e+00
1.494770288467407227e+00
1.494770288467407227e+00
1.358789205551147461e+00
1.358789205551147461e+00
9.989688992500305176e-01
9.989688992500305176e-01
9.989688992500305176e-01
9.989688992500305176e-01
9.989688992500305176e-01
9.989688992500305176e-01
1.089277982711791992e+00
1.089277982711791992e+00
1.089277982711791992e+00
3.294939994812011719e-01
3.294939994812011719e-01
3.294939994812011719e-01
3.294939994812011719e-01
3.294939994812011719e-01
3.294939994812011719e-01
3.294939994812011719e-01
1.342941403388977051e+00
1.837444782257080078e+00
1.837444782257080078e+00
1.837444782257080078e+00
1.837444782257080078e+00
1.837444782257080078e+00
1.837444782257080078e+00
1.837444782257080078e+00
1.837444782257080078e+00
1.837444782257080078e+00
1.837444782257080078e+00
1.837444782257080078e+00
1.837444782257080078e+00
1.837444782257080078e+00
1.837444782257080078e+00
1.312038183212280273e+00
1.561742544174194336e+00
7.157500982284545898e-01
7.157500982284545898e-01
7.157500982284545898e-01
7.157500982284545898e-01
7.157500982284545898e-01
7.157500982284545898e-01
7.157500982284545898e-01
7.157500982284545898e-01
7.157500982284545898e-01
7.157500982284545898e-01
7.157500982284545898e-01
7.157500982284545898e-01
1.048492670059204102e+00
1.048492670059204102e+00
1.048492670059204102e+00
1.048492670059204102e+00
1.048492670059204102e+00
1.206189990043640137e+00
8.794038891792297363e-01
9.736194610595703125e-01
9.736194610595703125e-01
9.736194610595703125e-01
9.736194610595703125e-01
9.736194610595703125e-01
9.736194610595703125e-01
1.020286440849304199e+00
1.020286440849304199e+00
1.020286440849304199e+00
1.020286440849304199e+00
1.020286440849304199e+00
1.020286440849304199e+00
1.020286440849304199e+00
1.020286440849304199e+00
5.742683410644531250e-01
1.795038461685180664e+00
1.328337311744689941e+00
1.328337311744689941e+00
1.328337311744689941e+00
1.328337311744689941e+00
1.328337311744689941e+00
1.328337311744689941e+00
1.328337311744689941e+00
1.328337311744689941e+00
1.328337311744689941e+00
1.328337311744689941e+00
9.453513622283935547e-01
2.022324562072753906e+00
1.430484533309936523e+00
1.430484533309936523e+00
1.430484533309936523e+00
1.430484533309936523e+00
1.430484533309936523e+00
2.571843862533569336e-01
2.571843862533569336e-01
2.571843862533569336e-01
2.571843862533569336e-01
3.196579217910766602e-01
1.132781267166137695e+00
1.132781267166137695e+00
1.132781267166137695e+00
1.132781267166137695e+00
1.132781267166137695e+00
1.132781267166137695e+00
1.570158958435058594e+00
1.570158958435058594e+00
8.122453093528747559e-01
8.122453093528747559e-01
8.122453093528747559e-01
8.122453093528747559e-01
8.122453093528747559e-01
8.122453093528747559e-01
8.122453093528747559e-01
8.122453093528747559e-01
8.122453093528747559e-01
8.122453093528747559e-01
8.122453093528747559e-01
1.669702291488647461e+00
1.669702291488647461e+00
1.669702291488647461e+00
1.669702291488647461e+00
1.397015094757080078e+00
1.188629746437072754e+00
1.188629746437072754e+00
1.188629746437072754e+00
1.188629746437072754e+00
1.188629746437072754e+00
6.121392846107482910e-01
6.121392846107482910e-01
6.121392846107482910e-01
6.121392846107482910e-01
6.121392846107482910e-01
1.870668172836303711e+00
1.870668172836303711e+00
1.870668172836303711e+00
5.143457651138305664e-01
5.143457651138305664e-01
5.143457651138305664e-01
5.143457651138305664e-01
5.143457651138305664e-01
5.143457651138305664e-01
5.143457651138305664e-01
5.143457651138305664e-01
5.143457651138305664e-01
5.143457651138305664e-01
5.143457651138305664e-01
5.143457651138305664e-01
5.143457651138305664e-01
5.143457651138305664e-01
5.143457651138305664e-01
5.143457651138305664e-01
5.143457651138305664e-01
5.143457651138305664e-01
5.143457651138305664e-01
5.143457651138305664e-01
5.143457651138305664e-01
6.711449027061462402e-01
4.208613634109497070e-01
1.381245374679565430e+00
1.381245374679565430e+00
1.381245374679565430e+00
1.403978824615478516e+00
9.818333387374877930e-01
9.818333387374877930e-01
9.818333387374877930e-01
1.274281024932861328e+00
1.274281024932861328e+00
1.274281024932861328e+00
1.274281024932861328e+00
1.274281024932861328e+00
1.274281024932861328e+00
8.535763621330261230e-01
5.916009545326232910e-01
5.916009545326232910e-01
5.916009545326232910e-01
5.916009545326232910e-01
5.916009545326232910e-01
5.916009545326232910e-01
5.916009545326232910e-01
8.230884671211242676e-01
8.230884671211242676e-01
8.230884671211242676e-01
8.230884671211242676e-01
8.230884671211242676e-01
8.230884671211242676e-01
8.230884671211242676e-01
8.771109580993652344e-01
8.771109580993652344e-01
8.771109580993652344e-01
5.213347673416137695e-01
5.213347673416137695e-01
5.213347673416137695e-01
5.213347673416137695e-01
5.213347673416137695e-01
5.213347673416137695e-01
1.611000657081604004e+00
1.611000657081604004e+00
1.611000657081604004e+00
1.611000657081604004e+00
1.694732666015625000e+00
1.419529914855957031e+00
1.755868196487426758e-01
7.569770812988281250e-01
7.569770812988281250e-01
7.569770812988281250e-01
2.458397746086120605e-01
2.458397746086120605e-01
2.458397746086120605e-01
2.458397746086120605e-01
2.458397746086120605e-01
2.458397746086120605e-01
2.285671085119247437e-01
2.285671085119247437e-01
8.536993265151977539e-01
8.536993265151977539e-01
1.181733608245849609e+00
1.181733608245849609e+00
1.210814237594604492e+00
1.210814237594604492e+00
1.210814237594604492e+00
1.210814237594604492e+00
1.210814237594604492e+00
1.210814237594604492e+00
1.210814237594604492e+00
1.210814237594604492e+00
1.210814237594604492e+00
1.210814237594604492e+00
1.210814237594604492e+00
3.416476845741271973e-01
2.534346818923950195e+00
1.429599404335021973e+00
1.429599404335021973e+00
1.429599404335021973e+00
1.429599404335021973e+00
1.429599404335021973e+00
1.429599404335021973e+00
1.429599404335021973e+00
1.429599404335021973e+00
7.772940993309020996e-01
7.772940993309020996e-01
7.683787941932678223e-01
7.683787941932678223e-01
7.683787941932678223e-01
7.683787941932678223e-01
7.683787941932678223e-01
7.683787941932678223e-01
7.683787941932678223e-01
7.683787941932678223e-01
7.683787941932678223e-01
4.610302448272705078e-01
4.610302448272705078e-01
4.962020814418792725e-01
4.962020814418792725e-01
4.962020814418792725e-01
1.431641697883605957e+00
1.431641697883605957e+00
3.759472370147705078e-01
3.759472370147705078e-01
3.759472370147705078e-01
3.759472370147705078e-01
1.376507759094238281e+00
1.376507759094238281e+00
1.376507759094238281e+00
1.376507759094238281e+00
1.376507759094238281e+00
1.376507759094238281e+00
1.376507759094238281e+00
1.376507759094238281e+00
1.376507759094238281e+00
1.376507759094238281e+00
1.376507759094238281e+00
1.376507759094238281e+00
1.376507759094238281e+00
1.376507759094238281e+00
1.376507759094238281e+00
1.376507759094238281e+00
1.376507759094238281e+00
1.376507759094238281e+00
1.376507759094238281e+00
1.376507759094238281e+00
1.376507759094238281e+00
2.248402833938598633e-01
1.915759146213531494e-01
1.915759146213531494e-01
1.915759146213531494e-01
1.915759146213531494e-01
1.915759146213531494e-01
1.915759146213531494e-01
1.915759146213531494e-01
1.915759146213531494e-01
1.915759146213531494e-01
1.915759146213531494e-01
1.163367748260498047e+00
1.163367748260498047e+00
1.163367748260498047e+00
1.019785404205322266e+00
1.019785404205322266e+00
1.019785404205322266e+00
1.019785404205322266e+00
4.294658303260803223e-01
4.294658303260803223e-01
4.294658303260803223e-01
1.617309093475341797e+00
1.617309093475341797e+00
1.617309093475341797e+00
1.617309093475341797e+00
1.617309093475341797e+00
1.617309093475341797e+00
1.617309093475341797e+00
1.617309093475341797e+00
1.124056220054626465e+00
4.505038261413574219e-01
4.505038261413574219e-01
4.505038261413574219e-01
4.505038261413574219e-01
7.853659391403198242e-01
7.853659391403198242e-01
7.853659391403198242e-01
7.853659391403198242e-01
7.853659391403198242e-01
7.853659391403198242e-01
5.101145505905151367e-01
5.101145505905151367e-01
5.101145505905151367e-01
5.101145505905151367e-01
5.101145505905151367e-01
5.101145505905151367e-01
5.101145505905151367e-01
5.101145505905151367e-01
5.101145505905151367e-01
2.450833022594451904e-01
1.123419761657714844e+00
1.123419761657714844e+00
1.123419761657714844e+00
1.123419761657714844e+00
1.123419761657714844e+00
1.123419761657714844e+00
1.341412782669067383e+00
1.341412782669067383e+00
1.038838505744934082e+00
7.765727043151855469e-01
7.765727043151855469e-01
7.765727043151855469e-01
7.765727043151855469e-01
7.765727043151855469e-01
7.765727043151855469e-01
7.765727043151855469e-01
7.765727043151855469e-01
7.765727043151855469e-01
7.765727043151855469e-01
8.107125759124755859e-01
3.139510154724121094e-01
3.139510154724121094e-01
3.139510154724121094e-01
3.139510154724121094e-01
3.139510154724121094e-01
1.099338531494140625e+00
1.099338531494140625e+00
1.099338531494140625e+00
1.099338531494140625e+00
1.099338531494140625e+00
1.099338531494140625e+00
1.250175714492797852e+00
1.188773632049560547e+00
1.188773632049560547e+00
1.188773632049560547e+00
1.188773632049560547e+00
1.188773632049560547e+00
1.188773632049560547e+00
1.188773632049560547e+00
1.188773632049560547e+00
1.188773632049560547e+00
1.188773632049560547e+00
1.188773632049560547e+00
1.188773632049560547e+00
1.188773632049560547e+00
1.188773632049560547e+00
1.188773632049560547e+00
2.623552083969116211e-01
2.623552083969116211e-01
2.623552083969116211e-01
2.623552083969116211e-01
1.510519862174987793e+00
1.397372603416442871e+00
1.397372603416442871e+00
1.397372603416442871e+00
1.114647030830383301e+00
1.114647030830383301e+00
1.114647030830383301e+00
3.749547004699707031e-01
3.749547004699707031e-01
1.128245115280151367e+00
1.128245115280151367e+00
6.876786947250366211e-01
6.876786947250366211e-01
7.885714769363403320e-01
9.166343808174133301e-01
9.166343808174133301e-01
9.166343808174133301e-01
9.166343808174133301e-01
9.166343808174133301e-01
9.166343808174133301e-01
9.166343808174133301e-01
9.166343808174133301e-01
8.236984014511108398e-01
8.236984014511108398e-01
8.236984014511108398e-01
1.011420726776123047e+00
8.279287815093994141e-01
1.509547948837280273e+00
1.509547948837280273e+00
1.245647907257080078e+00
1.245647907257080078e+00
1.245647907257080078e+00
1.245647907257080078e+00
1.245647907257080078e+00
5.855555534362792969e-01
8.336080908775329590e-01
8.336080908775329590e-01
8.336080908775329590e-01
8.336080908775329590e-01
8.336080908775329590e-01
8.336080908775329590e-01
8.270929455757141113e-01
8.270929455757141113e-01
8.270929455757141113e-01
8.270929455757141113e-01
8.270929455757141113e-01
5.989359617233276367e-01
5.989359617233276367e-01
5.989359617233276367e-01
5.989359617233276367e-01
5.989359617233276367e-01
2.679902613162994385e-01
1.187614440917968750e+00
1.187614440917968750e+00
8.307393789291381836e-01
8.477600216865539551e-01
8.477600216865539551e-01
8.477600216865539551e-01
8.477600216865539551e-01
8.477600216865539551e-01
8.477600216865539551e-01
8.477600216865539551e-01
1.115689039230346680e+00
1.115689039230346680e+00
1.115689039230346680e+00
1.478510499000549316e+00
1.478510499000549316e+00
1.478510499000549316e+00
1.478510499000549316e+00
1.478510499000549316e+00
1.478510499000549316e+00
1.478510499000549316e+00
1.478510499000549316e+00
1.478510499000549316e+00
9.594955444335937500e-01
5.724644660949707031e-01
5.724644660949707031e-01
5.724644660949707031e-01
5.724644660949707031e-01
5.724644660949707031e-01
5.724644660949707031e-01
5.724644660949707031e-01
5.724644660949707031e-01
5.724644660949707031e-01
5.724644660949707031e-01
2.923852205276489258e-01
2.923852205276489258e-01
4.033731818199157715e-01
4.033731818199157715e-01
4.033731818199157715e-01
1.156666278839111328e+00
1.156666278839111328e+00
1.156666278839111328e+00
1.156666278839111328e+00
1.156666278839111328e+00
1.156666278839111328e+00
1.156666278839111328e+00
1.156666278839111328e+00
1.156666278839111328e+00
1.156666278839111328e+00
1.156666278839111328e+00
1.156666278839111328e+00
1.893959999084472656e+00
1.893959999084472656e+00
1.893959999084472656e+00
6.439242362976074219e-01
6.439242362976074219e-01
7.991735935211181641e-01
7.991735935211181641e-01
7.991735935211181641e-01
7.991735935211181641e-01
7.991735935211181641e-01
7.991735935211181641e-01
7.991735935211181641e-01
7.991735935211181641e-01
7.991735935211181641e-01
7.991735935211181641e-01
7.991735935211181641e-01
1.845454335212707520e+00
1.845454335212707520e+00
1.845454335212707520e+00
1.035443544387817383e+00
1.035443544387817383e+00
1.035443544387817383e+00
1.035443544387817383e+00
1.035443544387817383e+00
1.035443544387817383e+00
6.585489511489868164e-01
6.585489511489868164e-01
6.585489511489868164e-01
6.585489511489868164e-01
6.585489511489868164e-01
6.585489511489868164e-01
2.300153970718383789e+00
1.804204225540161133e+00
1.472965955734252930e+00
1.472965955734252930e+00
1.871607422828674316e+00
1.871607422828674316e+00
1.284284830093383789e+00
1.284284830093383789e+00
1.414678335189819336e+00
9.581502676010131836e-01
9.581502676010131836e-01
9.581502676010131836e-01
9.581502676010131836e-01
9.581502676010131836e-01
9.581502676010131836e-01
9.581502676010131836e-01
9.581502676010131836e-01
9.581502676010131836e-01
9.581502676010131836e-01
9.581502676010131836e-01
7.799589037895202637e-01
7.799589037895202637e-01
7.799589037895202637e-01
1.008223295211791992e+00
1.008223295211791992e+00
1.008223295211791992e+00
1.008223295211791992e+00
1.008223295211791992e+00
1.008223295211791992e+00
1.008223295211791992e+00
1.008223295211791992e+00
1.008223295211791992e+00
1.008223295211791992e+00
2.325733304023742676e-01
2.325733304023742676e-01
2.325733304023742676e-01
1.749020218849182129e-01
1.749020218849182129e-01
1.749020218849182129e-01
1.749020218849182129e-01
5.982272028923034668e-01
5.982272028923034668e-01
5.982272028923034668e-01
2.911959588527679443e-01
2.911959588527679443e-01
3.226767182350158691e-01
1.308333396911621094e+00
1.308333396911621094e+00
1.066741585731506348e+00
1.066741585731506348e+00
1.066741585731506348e+00
1.066741585731506348e+00
1.066741585731506348e+00
1.066741585731506348e+00
4.424927234649658203e-01
8.014326691627502441e-01
8.014326691627502441e-01
1.030664324760437012e+00
3.097002506256103516e-01
3.097002506256103516e-01
3.097002506256103516e-01
3.097002506256103516e-01
3.097002506256103516e-01
3.097002506256103516e-01
3.097002506256103516e-01
1.287799000740051270e+00
1.833753347396850586e+00
1.833753347396850586e+00
1.285341143608093262e+00
1.285341143608093262e+00
1.285341143608093262e+00
1.444981098175048828e+00
4.522141218185424805e-01
4.522141218185424805e-01
4.522141218185424805e-01
4.522141218185424805e-01
4.522141218185424805e-01
3.120563626289367676e-01
3.120563626289367676e-01
3.781424164772033691e-01
3.781424164772033691e-01
3.781424164772033691e-01
5.206878781318664551e-01
5.206878781318664551e-01
5.206878781318664551e-01
5.206878781318664551e-01
5.206878781318664551e-01
5.206878781318664551e-01
5.206878781318664551e-01
5.206878781318664551e-01
5.206878781318664551e-01
5.206878781318664551e-01
5.206878781318664551e-01
9.704571366310119629e-01
9.704571366310119629e-01
9.704571366310119629e-01
9.704571366310119629e-01
9.704571366310119629e-01
9.704571366310119629e-01
8.459025025367736816e-01
8.459025025367736816e-01
7.020276188850402832e-01
7.020276188850402832e-01
7.020276188850402832e-01
1.551870584487915039e+00
1.551870584487915039e+00
1.551870584487915039e+00
1.551870584487915039e+00
1.719239950180053711e+00
6.858423948287963867e-01
6.858423948287963867e-01
6.858423948287963867e-01
6.858423948287963867e-01
6.858423948287963867e-01
1.325183510780334473e+00
1.325183510780334473e+00
1.325183510780334473e+00
1.325183510780334473e+00
1.325183510780334473e+00
1.325183510780334473e+00
1.325183510780334473e+00
1.325183510780334473e+00
1.091599941253662109e+00
1.091599941253662109e+00
1.091599941253662109e+00
1.091599941253662109e+00
1.473152279853820801e+00
1.473152279853820801e+00
1.473152279853820801e+00
1.473152279853820801e+00
1.026824593544006348e+00
1.039267301559448242e+00
1.088161110877990723e+00
1.088161110877990723e+00
1.088161110877990723e+00
1.088161110877990723e+00
1.088161110877990723e+00
1.088161110877990723e+00
1.088161110877990723e+00
9.756386876106262207e-01
4.928102195262908936e-01
4.928102195262908936e-01
4.928102195262908936e-01
4.928102195262908936e-01
4.928102195262908936e-01
4.928102195262908936e-01
1.184537768363952637e+00
1.387434601783752441e+00
1.387434601783752441e+00
1.387434601783752441e+00
1.600991964340209961e+00
7.707245349884033203e-01
7.707245349884033203e-01
7.707245349884033203e-01
1.328643798828125000e+00
1.328643798828125000e+00
1.328643798828125000e+00
1.328643798828125000e+00
1.328643798828125000e+00
1.328643798828125000e+00
1.328643798828125000e+00
3.796560168266296387e-01
3.796560168266296387e-01
9.106917977333068848e-01
1.134999752044677734e+00
1.304784536361694336e+00
1.304784536361694336e+00
1.304784536361694336e+00
1.304784536361694336e+00
1.304784536361694336e+00
1.304784536361694336e+00
1.296239376068115234e+00
1.296239376068115234e+00
1.296239376068115234e+00
1.296239376068115234e+00
1.296239376068115234e+00
1.014921665191650391e+00
1.014921665191650391e+00
1.014921665191650391e+00
1.014921665191650391e+00
1.014921665191650391e+00
1.014921665191650391e+00
1.014921665191650391e+00
1.014921665191650391e+00
1.014921665191650391e+00
1.014921665191650391e+00
1.014921665191650391e+00
1.014921665191650391e+00
1.014921665191650391e+00
1.014921665191650391e+00
1.014921665191650391e+00
1.014921665191650391e+00
1.014921665191650391e+00
1.014921665191650391e+00
1.014921665191650391e+00
1.014921665191650391e+00
1.014921665191650391e+00
1.014921665191650391e+00
1.014921665191650391e+00
1.014921665191650391e+00
6.568968296051025391e-01
7.169099450111389160e-01
5.554988384246826172e-01
1.163955211639404297e+00
1.163955211639404297e+00
1.163955211639404297e+00
1.163955211639404297e+00
6.865046024322509766e-01
6.865046024322509766e-01
6.865046024322509766e-01
6.070739626884460449e-01
6.070739626884460449e-01
6.070739626884460449e-01
6.070739626884460449e-01
4.332845509052276611e-01
4.332845509052276611e-01
4.332845509052276611e-01
4.332845509052276611e-01
4.332845509052276611e-01
4.332845509052276611e-01
4.332845509052276611e-01
4.332845509052276611e-01
4.332845509052276611e-01
1.093107581138610840e+00
1.093107581138610840e+00
6.956182718276977539e-01
6.956182718276977539e-01
6.956182718276977539e-01
6.956182718276977539e-01
7.955590486526489258e-01
7.955590486526489258e-01
6.515599489212036133e-01
6.515599489212036133e-01
6.515599489212036133e-01
6.515599489212036133e-01
6.329447031021118164e-01
3.053801953792572021e-01
3.053801953792572021e-01
1.285775661468505859e+00
1.285775661468505859e+00
1.285775661468505859e+00
1.285775661468505859e+00
1.285775661468505859e+00
1.285775661468505859e+00
1.285775661468505859e+00
1.285775661468505859e+00
1.285775661468505859e+00
1.285775661468505859e+00
1.045258760452270508e+00
1.045258760452270508e+00
1.045258760452270508e+00
1.650712728500366211e+00
1.650712728500366211e+00
1.650712728500366211e+00
1.696218371391296387e+00
1.696218371391296387e+00
1.696218371391296387e+00
1.013413667678833008e+00
1.013413667678833008e+00
1.013413667678833008e+00
1.013413667678833008e+00
1.013413667678833008e+00
1.013413667678833008e+00
1.013413667678833008e+00
1.013413667678833008e+00
1.013413667678833008e+00
1.626535058021545410e-01
6.390153169631958008e-01
6.390153169631958008e-01
6.390153169631958008e-01
6.390153169631958008e-01
6.390153169631958008e-01
1.040562033653259277e+00
1.040562033653259277e+00
1.040562033653259277e+00
1.040562033653259277e+00
1.040562033653259277e+00
1.040562033653259277e+00
1.040562033653259277e+00
1.040562033653259277e+00
1.040562033653259277e+00
1.031316161155700684e+00
8.410128355026245117e-01
8.410128355026245117e-01
1.195923328399658203e+00
1.195923328399658203e+00
1.195923328399658203e+00
1.195923328399658203e+00
1.195923328399658203e+00
1.195923328399658203e+00
6.119943857192993164e-01
6.119943857192993164e-01
1.023592710494995117e+00
1.023592710494995117e+00
1.023592710494995117e+00
1.023592710494995117e+00
1.023592710494995117e+00
1.023592710494995117e+00
1.023592710494995117e+00
1.023592710494995117e+00
1.359724164009094238e+00
1.359724164009094238e+00
1.359724164009094238e+00
1.359724164009094238e+00
1.359724164009094238e+00
1.359724164009094238e+00
2.650355100631713867e-01
2.650355100631713867e-01
2.650355100631713867e-01
2.650355100631713867e-01
7.818443179130554199e-01
7.818443179130554199e-01
7.818443179130554199e-01
7.818443179130554199e-01
8.201606869697570801e-01
8.201606869697570801e-01
8.201606869697570801e-01
8.201606869697570801e-01
8.201606869697570801e-01
8.201606869697570801e-01
8.201606869697570801e-01
8.201606869697570801e-01
6.567857265472412109e-01
6.567857265472412109e-01
6.567857265472412109e-01
6.567857265472412109e-01
6.567857265472412109e-01
6.567857265472412109e-01
6.567857265472412109e-01
6.567857265472412109e-01
6.567857265472412109e-01
6.567857265472412109e-01
6.567857265472412109e-01
6.567857265472412109e-01
6.567857265472412109e-01
1.073287963867187500e+00
9.559803009033203125e-01
9.559803009033203125e-01
2.244455218315124512e-01
1.702129840850830078e+00
4.222385883331298828e-01
7.408111691474914551e-01
7.408111691474914551e-01
7.408111691474914551e-01
7.408111691474914551e-01
7.408111691474914551e-01
7.408111691474914551e-01
7.408111691474914551e-01
7.408111691474914551e-01
7.408111691474914551e-01
7.408111691474914551e-01
1.203627467155456543e+00
1.203627467155456543e+00
1.424585580825805664e+00
1.424585580825805664e+00
2.184871196746826172e+00
2.184871196746826172e+00
2.184871196746826172e+00
2.184871196746826172e+00
2.184871196746826172e+00
1.078670620918273926e+00
1.078670620918273926e+00
1.078670620918273926e+00
1.078670620918273926e+00
9.884359836578369141e-01
9.884359836578369141e-01
9.884359836578369141e-01
1.057183861732482910e+00
9.159816503524780273e-01
7.451366186141967773e-01
1.044433116912841797e+00
7.888399362564086914e-01
7.888399362564086914e-01
7.888399362564086914e-01
7.888399362564086914e-01
7.888399362564086914e-01
7.888399362564086914e-01
7.773210406303405762e-01
7.773210406303405762e-01
7.773210406303405762e-01
7.773210406303405762e-01
2.296487331390380859e+00
2.296487331390380859e+00
4.902021884918212891e-01
4.902021884918212891e-01
4.902021884918212891e-01
4.902021884918212891e-01
1.216947674751281738e+00
1.216947674751281738e+00
1.216947674751281738e+00
1.142063975334167480e+00
1.142063975334167480e+00
1.142063975334167480e+00
1.317525386810302734e+00
1.017855644226074219e+00
1.017855644226074219e+00
2.946546077728271484e-01
3.623213469982147217e-01
3.623213469982147217e-01
3.623213469982147217e-01
3.623213469982147217e-01
3.623213469982147217e-01
3.623213469982147217e-01
1.171378374099731445e+00
1.171378374099731445e+00
1.171378374099731445e+00
1.171378374099731445e+00
1.897722721099853516e+00
1.156867265701293945e+00
1.421117901802062988e+00
1.421117901802062988e+00
1.421117901802062988e+00
1.421117901802062988e+00
1.421117901802062988e+00
1.421117901802062988e+00
2.794566154479980469e-01
2.794566154479980469e-01
2.794566154479980469e-01
3.711519539356231689e-01
3.711519539356231689e-01
3.711519539356231689e-01
3.711519539356231689e-01
3.711519539356231689e-01
3.711519539356231689e-01
3.711519539356231689e-01
3.711519539356231689e-01
3.711519539356231689e-01
3.711519539356231689e-01
3.711519539356231689e-01
3.711519539356231689e-01
1.089835405349731445e+00
1.089835405349731445e+00
1.089835405349731445e+00
5.124281644821166992e-01
1.438771128654479980e+00
1.496426701545715332e+00
1.125399708747863770e+00
1.125399708747863770e+00
1.125399708747863770e+00
2.007498025894165039e+00
1.406854867935180664e+00
1.406854867935180664e+00
1.406854867935180664e+00
1.406854867935180664e+00
4.793281555175781250e-01
4.793281555175781250e-01
4.793281555175781250e-01
4.793281555175781250e-01
1.399819850921630859e+00
1.399819850921630859e+00
1.399819850921630859e+00
1.399819850921630859e+00
1.399819850921630859e+00
1.399819850921630859e+00
1.399819850921630859e+00
1.399819850921630859e+00
1.399819850921630859e+00
1.399819850921630859e+00
1.399819850921630859e+00
1.591196537017822266e+00
6.556485891342163086e-01
8.720705509185791016e-01
8.720705509185791016e-01
8.720705509185791016e-01
8.720705509185791016e-01
8.720705509185791016e-01
8.720705509185791016e-01
8.720705509185791016e-01
8.720705509185791016e-01
8.720705509185791016e-01
8.720705509185791016e-01
7.022167444229125977e-01
7.022167444229125977e-01
7.022167444229125977e-01
7.022167444229125977e-01
7.022167444229125977e-01
9.576857686042785645e-01
9.576857686042785645e-01
3.181946277618408203e-01
3.181946277618408203e-01
3.181946277618408203e-01
3.181946277618408203e-01
5.744783282279968262e-01
5.744783282279968262e-01
5.744783282279968262e-01
5.744783282279968262e-01
5.744783282279968262e-01
1.138945579528808594e+00
1.138945579528808594e+00
9.708577990531921387e-01
5.919514894485473633e-01
5.919514894485473633e-01
5.919514894485473633e-01
5.919514894485473633e-01
5.919514894485473633e-01
5.919514894485473633e-01
5.919514894485473633e-01
5.919514894485473633e-01
5.919514894485473633e-01
5.919514894485473633e-01
5.919514894485473633e-01
5.919514894485473633e-01
5.919514894485473633e-01
5.919514894485473633e-01
5.919514894485473633e-01
3.127524256706237793e-01
1.229163527488708496e+00
1.229163527488708496e+00
1.229163527488708496e+00
1.229163527488708496e+00
1.229163527488708496e+00
1.229163527488708496e+00
1.229163527488708496e+00
1.229163527488708496e+00
1.229163527488708496e+00
1.229163527488708496e+00
4.618163108825683594e-01
1.022197961807250977e+00
1.022197961807250977e+00
1.022197961807250977e+00
1.022197961807250977e+00
1.022197961807250977e+00
1.022197961807250977e+00
1.022197961807250977e+00
7.188059687614440918e-01
7.188059687614440918e-01
7.188059687614440918e-01
7.188059687614440918e-01
7.188059687614440918e-01
7.188059687614440918e-01
2.167084217071533203e-01
1.081010699272155762e+00
6.400232315063476562e-01
1.162394642829895020e+00
1.162394642829895020e+00
1.162394642829895020e+00
1.162394642829895020e+00
1.162394642829895020e+00
1.035676479339599609e+00
1.035676479339599609e+00
1.035676479339599609e+00
1.363692760467529297e+00
1.363692760467529297e+00
1.363692760467529297e+00
1.363692760467529297e+00
1.363692760467529297e+00
1.061171174049377441e+00
1.061171174049377441e+00
1.061171174049377441e+00
1.061171174049377441e+00
7.428666353225708008e-01
7.428666353225708008e-01
7.428666353225708008e-01
7.428666353225708008e-01
3.490760028362274170e-01
3.490760028362274170e-01
8.245565891265869141e-01
1.171058654785156250e+00
1.171058654785156250e+00
1.171058654785156250e+00
1.171058654785156250e+00
1.171058654785156250e+00
1.171058654785156250e+00
1.171058654785156250e+00
3.671147823333740234e-01
3.671147823333740234e-01
3.671147823333740234e-01
3.671147823333740234e-01
3.671147823333740234e-01
5.381715893745422363e-01
5.381715893745422363e-01
5.381715893745422363e-01
5.381715893745422363e-01
5.381715893745422363e-01
5.381715893745422363e-01
5.381715893745422363e-01
5.381715893745422363e-01
5.381715893745422363e-01
5.381715893745422363e-01
5.381715893745422363e-01
5.381715893745422363e-01
5.381715893745422363e-01
7.197467684745788574e-01
7.197467684745788574e-01
7.197467684745788574e-01
7.197467684745788574e-01
7.197467684745788574e-01
2.775020301342010498e-01
2.775020301342010498e-01
2.775020301342010498e-01
2.775020301342010498e-01
2.775020301342010498e-01
2.775020301342010498e-01
2.775020301342010498e-01
2.775020301342010498e-01
2.775020301342010498e-01
1.006129741668701172e+00
1.006129741668701172e+00
1.006129741668701172e+00
1.006129741668701172e+00
8.453841805458068848e-01
8.453841805458068848e-01
8.453841805458068848e-01
8.453841805458068848e-01
8.453841805458068848e-01
8.453841805458068848e-01
8.453841805458068848e-01
8.453841805458068848e-01
8.453841805458068848e-01
8.453841805458068848e-01
8.453841805458068848e-01
8.453841805458068848e-01
8.453841805458068848e-01
7.618980407714843750e-01
7.618980407714843750e-01
7.618980407714843750e-01
7.618980407714843750e-01
4.355442523956298828e-01
1.500028729438781738e+00
1.500028729438781738e+00
1.500028729438781738e+00
1.500028729438781738e+00
1.500028729438781738e+00
1.500028729438781738e+00
1.500028729438781738e+00
1.500028729438781738e+00
1.500028729438781738e+00
1.500028729438781738e+00
1.243020296096801758e+00
1.243020296096801758e+00
1.243020296096801758e+00
1.243020296096801758e+00
1.243020296096801758e+00
1.243020296096801758e+00
1.243020296096801758e+00
1.243020296096801758e+00
1.243020296096801758e+00
1.243020296096801758e+00
1.243020296096801758e+00
6.202986240386962891e-01
6.202986240386962891e-01
6.202986240386962891e-01
6.202986240386962891e-01
1.180977821350097656e+00
1.180977821350097656e+00
1.180977821350097656e+00
1.180977821350097656e+00
1.180977821350097656e+00
1.180977821350097656e+00
1.236989378929138184e+00
1.236989378929138184e+00
1.236989378929138184e+00
1.236989378929138184e+00
1.236989378929138184e+00
1.236989378929138184e+00
1.236989378929138184e+00
1.018176436424255371e+00
1.018176436424255371e+00
1.018176436424255371e+00
1.018176436424255371e+00
1.018176436424255371e+00
1.199856638908386230e+00
1.199856638908386230e+00
1.199856638908386230e+00
5.361375808715820312e-01
5.361375808715820312e-01
5.361375808715820312e-01
5.361375808715820312e-01
5.361375808715820312e-01
5.361375808715820312e-01
5.361375808715820312e-01
5.361375808715820312e-01
5.361375808715820312e-01
5.361375808715820312e-01
5.361375808715820312e-01
3.018818497657775879e-01
3.018818497657775879e-01
1.817956209182739258e+00
1.289129495620727539e+00
1.273935437202453613e+00
5.919687747955322266e-01
5.919687747955322266e-01
5.919687747955322266e-01
5.919687747955322266e-01
5.919687747955322266e-01
5.919687747955322266e-01
1.391116857528686523e+00
6.854866147041320801e-01
6.854866147041320801e-01
6.854866147041320801e-01
6.854866147041320801e-01
6.854866147041320801e-01
1.045296669006347656e+00
1.337771177291870117e+00
1.337771177291870117e+00
6.459777355194091797e-01
6.459777355194091797e-01
6.459777355194091797e-01
5.297017693519592285e-01
5.297017693519592285e-01
5.297017693519592285e-01
5.297017693519592285e-01
8.415850996971130371e-01
8.415850996971130371e-01
8.415850996971130371e-01
1.864116430282592773e+00
1.373797655105590820e-01
1.373797655105590820e-01
1.373797655105590820e-01
1.373797655105590820e-01
6.969740390777587891e-01
6.969740390777587891e-01
6.969740390777587891e-01
6.969740390777587891e-01
5.349208712577819824e-01
5.349208712577819824e-01
5.349208712577819824e-01
5.349208712577819824e-01
5.349208712577819824e-01
5.349208712577819824e-01
5.349208712577819824e-01
4.879809021949768066e-01
4.879809021949768066e-01
4.879809021949768066e-01
4.257144629955291748e-01
4.257144629955291748e-01
6.388210058212280273e-01
6.388210058212280273e-01
6.388210058212280273e-01
6.388210058212280273e-01
6.388210058212280273e-01
6.388210058212280273e-01
1.111277341842651367e+00
1.111277341842651367e+00
7.616194486618041992e-01
7.616194486618041992e-01
7.616194486618041992e-01
7.616194486618041992e-01
7.616194486618041992e-01
7.616194486618041992e-01
7.616194486618041992e-01
7.616194486618041992e-01
1.364922285079956055e+00
1.509493589401245117e-01
1.263829469680786133e+00
1.263829469680786133e+00
1.263829469680786133e+00
1.263829469680786133e+00
1.263829469680786133e+00
1.263829469680786133e+00
1.263829469680786133e+00
1.263829469680786133e+00
1.263829469680786133e+00
9.272131919860839844e-01
9.272131919860839844e-01
9.272131919860839844e-01
9.272131919860839844e-01
9.272131919860839844e-01
9.272131919860839844e-01
9.272131919860839844e-01
9.272131919860839844e-01
9.272131919860839844e-01
9.272131919860839844e-01
9.272131919860839844e-01
9.866713285446166992e-01
9.866713285446166992e-01
9.866713285446166992e-01
9.866713285446166992e-01
9.866713285446166992e-01
9.866713285446166992e-01
9.866713285446166992e-01
9.866713285446166992e-01
9.866713285446166992e-01
9.866713285446166992e-01
9.866713285446166992e-01
9.866713285446166992e-01
9.866713285446166992e-01
9.866713285446166992e-01
7.629627585411071777e-01
7.629627585411071777e-01
7.629627585411071777e-01
7.629627585411071777e-01
7.629627585411071777e-01
1.030252695083618164e+00
4.736435413360595703e-01
1.528344750404357910e+00
1.528344750404357910e+00
1.502795338630676270e+00
1.502795338630676270e+00
1.502795338630676270e+00
1.502795338630676270e+00
1.502795338630676270e+00
1.502795338630676270e+00
1.502795338630676270e+00
2.075346708297729492e-01
1.188235402107238770e+00
6.595335006713867188e-01
6.595335006713867188e-01
6.595335006713867188e-01
6.595335006713867188e-01
8.658394813537597656e-01
8.658394813537597656e-01
8.658394813537597656e-01
8.658394813537597656e-01
8.658394813537597656e-01
8.658394813537597656e-01
9.773221015930175781e-01
9.773221015930175781e-01
9.773221015930175781e-01
9.773221015930175781e-01
9.773221015930175781e-01
1.338668823242187500e+00
1.338668823242187500e+00
1.338668823242187500e+00
3.403825759887695312e-01
3.403825759887695312e-01
8.364033699035644531e-01
8.364033699035644531e-01
5.860984325408935547e-01
5.860984325408935547e-01
5.860984325408935547e-01
7.237246632575988770e-01
1.443106651306152344e+00
8.547476530075073242e-01
8.547476530075073242e-01
8.547476530075073242e-01
8.547476530075073242e-01
8.547476530075073242e-01
7.032328844070434570e-01
7.032328844070434570e-01
7.032328844070434570e-01
7.032328844070434570e-01
7.032328844070434570e-01
6.940805912017822266e-01
6.940805912017822266e-01
6.940805912017822266e-01
6.940805912017822266e-01
6.940805912017822266e-01
6.940805912017822266e-01
1.390819549560546875e+00
7.158707976341247559e-01
7.158707976341247559e-01
7.158707976341247559e-01
7.158707976341247559e-01
7.158707976341247559e-01
7.158707976341247559e-01
7.158707976341247559e-01
7.158707976341247559e-01
7.158707976341247559e-01
7.158707976341247559e-01
1.129930138587951660e+00
1.129930138587951660e+00
1.129930138587951660e+00
3.302524685859680176e-01
3.302524685859680176e-01
3.303887546062469482e-01
3.303887546062469482e-01
8.806414604187011719e-01
8.806414604187011719e-01
8.806414604187011719e-01
8.806414604187011719e-01
1.618694543838500977e+00
1.360306024551391602e+00
4.158101677894592285e-01
4.158101677894592285e-01
4.158101677894592285e-01
4.158101677894592285e-01
4.158101677894592285e-01
4.158101677894592285e-01
4.158101677894592285e-01
4.158101677894592285e-01
4.158101677894592285e-01
4.158101677894592285e-01
4.158101677894592285e-01
1.352262020111083984e+00
1.352262020111083984e+00
1.352262020111083984e+00
1.311269760131835938e+00
1.311269760131835938e+00
2.832969427108764648e-01
2.832969427108764648e-01
2.832969427108764648e-01
9.373117685317993164e-01
9.373117685317993164e-01
9.984363913536071777e-01
9.984363913536071777e-01
9.984363913536071777e-01
4.342615604400634766e-01
4.342615604400634766e-01
1.727666854858398438e-01
1.727666854858398438e-01
1.727666854858398438e-01
1.727666854858398438e-01
1.727666854858398438e-01
1.727666854858398438e-01
1.727666854858398438e-01
2.114569902420043945e+00
2.114569902420043945e+00
1.790915608406066895e+00
1.790915608406066895e+00
1.790915608406066895e+00
1.790915608406066895e+00
1.790915608406066895e+00
1.790915608406066895e+00
1.790915608406066895e+00
1.904732108116149902e+00
1.546156287193298340e+00
1.546156287193298340e+00
1.195947051048278809e+00
1.195947051048278809e+00
1.195947051048278809e+00
1.286934018135070801e+00
1.286934018135070801e+00
1.286934018135070801e+00
1.041356325149536133e+00
1.041356325149536133e+00
1.041356325149536133e+00
1.041356325149536133e+00
1.041356325149536133e+00
7.785699367523193359e-01
1.204400300979614258e+00
4.883919954299926758e-01
4.883919954299926758e-01
4.883919954299926758e-01
4.883919954299926758e-01
1.147288918495178223e+00
1.147288918495178223e+00
1.147288918495178223e+00
1.147288918495178223e+00
1.147288918495178223e+00
3.715875744819641113e-01
1.578472852706909180e+00
1.081230163574218750e+00
1.081230163574218750e+00
1.081230163574218750e+00
1.081230163574218750e+00
1.081230163574218750e+00
1.081230163574218750e+00
1.081230163574218750e+00
1.081230163574218750e+00
1.081230163574218750e+00
2.463343739509582520e-01
2.463343739509582520e-01
2.463343739509582520e-01
2.463343739509582520e-01
2.463343739509582520e-01
2.463343739509582520e-01
1.242729544639587402e+00
1.242729544639587402e+00
1.242729544639587402e+00
1.242729544639587402e+00
1.242729544639587402e+00
1.242729544639587402e+00
1.242729544639587402e+00
1.242729544639587402e+00
1.242729544639587402e+00
1.242729544639587402e+00
1.242729544639587402e+00
1.242729544639587402e+00
6.214972734451293945e-01
8.588256239891052246e-01
7.395419478416442871e-01
7.395419478416442871e-01
7.395419478416442871e-01
7.395419478416442871e-01
3.441374301910400391e-01
1.222471952438354492e+00
1.222471952438354492e+00
1.304447889328002930e+00
1.304447889328002930e+00
1.304447889328002930e+00
1.166804909706115723e+00
1.166804909706115723e+00
1.166804909706115723e+00
1.166804909706115723e+00
1.166804909706115723e+00
1.166804909706115723e+00
1.166804909706115723e+00
1.902783751487731934e+00
7.394013404846191406e-01
7.394013404846191406e-01
1.049469947814941406e+00
1.049469947814941406e+00
2.013483285903930664e+00
2.013483285903930664e+00
2.013483285903930664e+00
2.013483285903930664e+00
2.508196830749511719e-01
2.508196830749511719e-01
2.508196830749511719e-01
1.590169072151184082e+00
1.590169072151184082e+00
1.596745491027832031e+00
4.867104291915893555e-01
4.867104291915893555e-01
1.108291387557983398e+00
1.108291387557983398e+00
1.108291387557983398e+00
1.108291387557983398e+00
1.108291387557983398e+00
1.108291387557983398e+00
1.108291387557983398e+00
1.108291387557983398e+00
4.150910973548889160e-01
1.692719221115112305e+00
1.692719221115112305e+00
1.627331256866455078e+00
1.258629560470581055e+00
1.258629560470581055e+00
1.258629560470581055e+00
9.058367609977722168e-01
9.058367609977722168e-01
1.101282596588134766e+00
1.101282596588134766e+00
1.101282596588134766e+00
1.593012452125549316e+00
1.593012452125549316e+00
1.593012452125549316e+00
1.593012452125549316e+00
1.593012452125549316e+00
1.593012452125549316e+00
1.593012452125549316e+00
1.593012452125549316e+00
1.593012452125549316e+00
1.593012452125549316e+00
9.914556741714477539e-01
2.704972624778747559e-01
2.704972624778747559e-01
2.704972624778747559e-01
2.704972624778747559e-01
1.586093902587890625e-01
1.141272068023681641e+00
1.141272068023681641e+00
1.141272068023681641e+00
1.141272068023681641e+00
1.141272068023681641e+00
1.141272068023681641e+00
1.141272068023681641e+00
1.141272068023681641e+00
1.141272068023681641e+00
5.529409646987915039e-01
8.357505798339843750e-01
8.357505798339843750e-01
8.357505798339843750e-01
8.357505798339843750e-01
1.364495515823364258e+00
1.364495515823364258e+00
1.364495515823364258e+00
1.364495515823364258e+00
1.364495515823364258e+00
1.364495515823364258e+00
1.364495515823364258e+00
1.364495515823364258e+00
1.027752637863159180e+00
1.027752637863159180e+00
1.027752637863159180e+00
1.027752637863159180e+00
1.027752637863159180e+00
1.027752637863159180e+00
3.425740003585815430e-01
3.425740003585815430e-01
3.425740003585815430e-01
4.921457767486572266e-01
7.345875501632690430e-01
7.345875501632690430e-01
4.561847746372222900e-01
4.561847746372222900e-01
4.561847746372222900e-01
6.493029594421386719e-01
6.493029594421386719e-01
6.493029594421386719e-01
6.493029594421386719e-01
6.493029594421386719e-01
6.493029594421386719e-01
6.493029594421386719e-01
5.791953206062316895e-01
5.791953206062316895e-01
5.791953206062316895e-01
5.791953206062316895e-01
5.791953206062316895e-01
2.185218095779418945e+00
2.185218095779418945e+00
2.185218095779418945e+00
2.185218095779418945e+00
2.185218095779418945e+00
8.761863708496093750e-01
8.761863708496093750e-01
8.761863708496093750e-01
8.761863708496093750e-01
4.590318202972412109e-01
4.590318202972412109e-01
1.250757694244384766e+00
1.250757694244384766e+00
2.203567028045654297e+00
1.476894974708557129e+00
1.476894974708557129e+00
1.476894974708557129e+00
1.148751616477966309e+00
1.148751616477966309e+00
2.276385784149169922e+00
1.536546945571899414e+00
1.536546945571899414e+00
1.536546945571899414e+00
1.536546945571899414e+00
1.536546945571899414e+00
1.536546945571899414e+00
1.536546945571899414e+00
1.536546945571899414e+00
9.101899862289428711e-01
9.101899862289428711e-01
9.101899862289428711e-01
9.101899862289428711e-01
9.101899862289428711e-01
6.906586885452270508e-01
5.186432003974914551e-01
5.186432003974914551e-01
5.186432003974914551e-01
7.875829935073852539e-01
1.058419704437255859e+00
1.058419704437255859e+00
4.145935773849487305e-01
1.616276264190673828e+00
4.570392370223999023e-01
1.149458289146423340e+00
1.149458289146423340e+00
1.149458289146423340e+00
1.149458289146423340e+00
1.149458289146423340e+00
1.149458289146423340e+00
9.988955855369567871e-01
9.988955855369567871e-01
1.755803465843200684e+00
1.704276084899902344e+00
1.704276084899902344e+00
1.704276084899902344e+00
1.704276084899902344e+00
1.475442647933959961e+00
1.475442647933959961e+00
1.475442647933959961e+00
5.404614806175231934e-01
5.404614806175231934e-01
1.474983930587768555e+00
1.474983930587768555e+00
6.496863961219787598e-01
6.496863961219787598e-01
6.496863961219787598e-01
6.496863961219787598e-01
6.496863961219787598e-01
6.496863961219787598e-01
6.496863961219787598e-01
6.496863961219787598e-01
6.496863961219787598e-01
6.496863961219787598e-01
6.496863961219787598e-01
6.496863961219787598e-01
6.496863961219787598e-01
6.496863961219787598e-01
6.496863961219787598e-01
6.496863961219787598e-01
6.496863961219787598e-01
6.496863961219787598e-01
6.496863961219787598e-01
6.496863961219787598e-01
6.841486692428588867e-01
6.841486692428588867e-01
6.841486692428588867e-01
6.841486692428588867e-01
4.495849609375000000e-01
4.495849609375000000e-01
4.495849609375000000e-01
8.033367395401000977e-01
8.033367395401000977e-01
8.033367395401000977e-01
8.033367395401000977e-01
8.033367395401000977e-01
8.033367395401000977e-01
2.618702054023742676e-01
2.618702054023742676e-01
1.136874794960021973e+00
1.136874794960021973e+00
1.136874794960021973e+00
1.157443642616271973e+00
1.157443642616271973e+00
1.157443642616271973e+00
1.157443642616271973e+00
1.361510753631591797e-01
1.361510753631591797e-01
1.361510753631591797e-01
1.361510753631591797e-01
1.865918755531311035e+00
1.865918755531311035e+00
1.865918755531311035e+00
1.865918755531311035e+00
1.865918755531311035e+00
1.865918755531311035e+00
1.865918755531311035e+00
1.865918755531311035e+00
1.865918755531311035e+00
6.674686670303344727e-01
6.674686670303344727e-01
6.674686670303344727e-01
6.674686670303344727e-01
6.674686670303344727e-01
6.674686670303344727e-01
1.748087286949157715e+00
1.748087286949157715e+00
1.748087286949157715e+00
6.788669824600219727e-01
1.106630563735961914e+00
1.106630563735961914e+00
4.144370555877685547e-01
4.144370555877685547e-01
4.144370555877685547e-01
4.144370555877685547e-01
4.144370555877685547e-01
4.144370555877685547e-01
4.144370555877685547e-01
4.144370555877685547e-01
4.144370555877685547e-01
4.144370555877685547e-01
4.144370555877685547e-01
4.144370555877685547e-01
4.144370555877685547e-01
4.144370555877685547e-01
4.144370555877685547e-01
2.048194885253906250e+00
2.048194885253906250e+00
2.048194885253906250e+00
1.339150905609130859e+00
7.610718607902526855e-01
7.610718607902526855e-01
9.003519415855407715e-01
9.003519415855407715e-01
9.003519415855407715e-01
9.003519415855407715e-01
9.003519415855407715e-01
9.003519415855407715e-01
1.034479856491088867e+00
1.034479856491088867e+00
1.034479856491088867e+00
5.348818898200988770e-01
5.348818898200988770e-01
5.348818898200988770e-01
5.348818898200988770e-01
6.829009652137756348e-01
6.829009652137756348e-01
6.829009652137756348e-01
6.829009652137756348e-01
6.829009652137756348e-01
6.829009652137756348e-01
6.829009652137756348e-01
6.829009652137756348e-01
3.503912389278411865e-01
3.503912389278411865e-01
3.503912389278411865e-01
3.503912389278411865e-01
3.503912389278411865e-01
4.248775541782379150e-01
9.473837614059448242e-01
9.473837614059448242e-01
1.363696694374084473e+00
1.363696694374084473e+00
1.363696694374084473e+00
1.363696694374084473e+00
1.269021034240722656e-01
1.269021034240722656e-01
1.269021034240722656e-01
2.109576225280761719e+00
2.109576225280761719e+00
2.109576225280761719e+00
1.175336837768554688e-01
8.709768652915954590e-01
1.285218596458435059e+00
1.269575834274291992e+00
5.100479722023010254e-01
5.100479722023010254e-01
5.100479722023010254e-01
5.100479722023010254e-01
5.100479722023010254e-01
5.100479722023010254e-01
5.100479722023010254e-01
5.100479722023010254e-01
8.599869012832641602e-01
3.289000988006591797e-01
1.197430372238159180e+00
4.065700769424438477e-01
4.065700769424438477e-01
4.065700769424438477e-01
4.065700769424438477e-01
4.446344077587127686e-01
4.446344077587127686e-01
1.084762454032897949e+00
9.025989770889282227e-01
9.025989770889282227e-01
9.025989770889282227e-01
9.025989770889282227e-01
9.025989770889282227e-01
9.025989770889282227e-01
9.025989770889282227e-01
9.025989770889282227e-01
1.268350839614868164e+00
1.268350839614868164e+00
4.286050200462341309e-01
4.286050200462341309e-01
4.286050200462341309e-01
4.286050200462341309e-01
4.286050200462341309e-01
1.365765571594238281e+00
1.093663454055786133e+00
1.093663454055786133e+00
1.093663454055786133e+00
1.093663454055786133e+00
1.093663454055786133e+00
1.093663454055786133e+00
1.093663454055786133e+00
1.304964780807495117e+00
1.304964780807495117e+00
1.304964780807495117e+00
1.256668448448181152e+00
1.256668448448181152e+00
1.256668448448181152e+00
9.169967174530029297e-01
9.169967174530029297e-01
9.169967174530029297e-01
9.169967174530029297e-01
9.169967174530029297e-01
9.169967174530029297e-01
9.169967174530029297e-01
7.187729477882385254e-01
7.187729477882385254e-01
7.187729477882385254e-01
7.187729477882385254e-01
4.157791435718536377e-01
4.157791435718536377e-01
4.157791435718536377e-01
4.157791435718536377e-01
4.157791435718536377e-01
2.242958307266235352e+00
2.242958307266235352e+00
2.242958307266235352e+00
2.242958307266235352e+00
2.242958307266235352e+00
2.242958307266235352e+00
2.242958307266235352e+00
2.242958307266235352e+00
2.242958307266235352e+00
2.242958307266235352e+00
2.242958307266235352e+00
2.242958307266235352e+00
2.242958307266235352e+00
2.242958307266235352e+00
2.242958307266235352e+00
2.242958307266235352e+00
2.242958307266235352e+00
2.242958307266235352e+00
2.242958307266235352e+00
6.795049905776977539e-01
1.586517810821533203e+00
1.170238733291625977e+00
9.244685173034667969e-01
1.113264083862304688e+00
1.113264083862304688e+00
1.113264083862304688e+00
1.113264083862304688e+00
1.113264083862304688e+00
2.268142104148864746e-01
2.268142104148864746e-01
1.686826467514038086e+00
1.686826467514038086e+00
1.686826467514038086e+00
1.686826467514038086e+00
1.178453207015991211e+00
1.178453207015991211e+00
1.178453207015991211e+00
1.178453207015991211e+00
1.178453207015991211e+00
1.178453207015991211e+00
1.178453207015991211e+00
1.178453207015991211e+00
1.178453207015991211e+00
8.131334781646728516e-01
8.131334781646728516e-01
8.131334781646728516e-01
8.131334781646728516e-01
8.131334781646728516e-01
1.277479410171508789e+00
1.277479410171508789e+00
1.069597005844116211e+00
1.069597005844116211e+00
1.069597005844116211e+00
8.264999389648437500e-01
8.264999389648437500e-01
8.264999389648437500e-01
7.070556879043579102e-01
6.849459409713745117e-01
6.849459409713745117e-01
6.849459409713745117e-01
1.480681896209716797e+00
1.480681896209716797e+00
1.480681896209716797e+00
1.480681896209716797e+00
1.480681896209716797e+00
1.480681896209716797e+00
1.480681896209716797e+00
1.480681896209716797e+00
1.480681896209716797e+00
1.480681896209716797e+00
1.480681896209716797e+00
1.480681896209716797e+00
1.480681896209716797e+00
1.480681896209716797e+00
1.480681896209716797e+00
1.135995864868164062e+00
1.135995864868164062e+00
1.135995864868164062e+00
6.763110160827636719e-01
6.763110160827636719e-01
6.763110160827636719e-01
6.763110160827636719e-01
6.763110160827636719e-01
6.763110160827636719e-01
1.164798259735107422e+00
1.164798259735107422e+00
1.581833839416503906e+00
1.581833839416503906e+00
1.581833839416503906e+00
1.581833839416503906e+00
1.581833839416503906e+00
1.581833839416503906e+00
1.581833839416503906e+00
1.581833839416503906e+00
1.581833839416503906e+00
1.581833839416503906e+00
7.973359823226928711e-01
7.973359823226928711e-01
7.973359823226928711e-01
7.973359823226928711e-01
2.063211202621459961e+00
2.063211202621459961e+00
2.063211202621459961e+00
2.063211202621459961e+00
2.631835937500000000e+00
2.631835937500000000e+00
2.631835937500000000e+00
1.845224618911743164e+00
2.157658100128173828e+00
2.157658100128173828e+00
1.461972475051879883e+00
1.461972475051879883e+00
1.410326123237609863e+00
1.410326123237609863e+00
1.410326123237609863e+00
1.578119993209838867e+00
8.425650596618652344e-01
8.425650596618652344e-01
5.507343411445617676e-01
5.507343411445617676e-01
9.255287647247314453e-01
9.255287647247314453e-01
9.255287647247314453e-01
9.255287647247314453e-01
9.255287647247314453e-01
9.255287647247314453e-01
9.255287647247314453e-01
6.456821560859680176e-01
1.843702554702758789e+00
1.843702554702758789e+00
1.843702554702758789e+00
1.843702554702758789e+00
1.843702554702758789e+00
6.702957153320312500e-01
6.702957153320312500e-01
6.702957153320312500e-01
7.407723069190979004e-01
7.407723069190979004e-01
7.407723069190979004e-01
7.407723069190979004e-01
7.407723069190979004e-01
7.407723069190979004e-01
7.407723069190979004e-01
7.407723069190979004e-01
7.407723069190979004e-01
7.407723069190979004e-01
7.407723069190979004e-01
1.146209716796875000e+00
1.182079553604125977e+00
1.182079553604125977e+00
1.182079553604125977e+00
1.182079553604125977e+00
1.182079553604125977e+00
1.182079553604125977e+00
1.182079553604125977e+00
1.182079553604125977e+00
6.025393605232238770e-01
6.025393605232238770e-01
3.737435340881347656e-01
3.737435340881347656e-01
3.737435340881347656e-01
3.737435340881347656e-01
3.737435340881347656e-01
3.737435340881347656e-01
6.384687423706054688e-01
6.384687423706054688e-01
6.384687423706054688e-01
6.384687423706054688e-01
6.384687423706054688e-01
6.384687423706054688e-01
6.384687423706054688e-01
6.384687423706054688e-01
4.914813041687011719e-01
4.914813041687011719e-01
4.914813041687011719e-01
4.914813041687011719e-01
4.914813041687011719e-01
1.425674200057983398e+00
1.425674200057983398e+00
1.425674200057983398e+00
1.425674200057983398e+00
1.425674200057983398e+00
3.981153964996337891e-01
9.671891331672668457e-01
9.671891331672668457e-01
9.671891331672668457e-01
9.671891331672668457e-01
9.671891331672668457e-01
4.839610457420349121e-01
1.913958072662353516e+00
1.913958072662353516e+00
9.368658661842346191e-01
9.368658661842346191e-01
9.368658661842346191e-01
9.368658661842346191e-01
9.368658661842346191e-01
6.696460247039794922e-01
6.696460247039794922e-01
6.696460247039794922e-01
6.696460247039794922e-01
5.668113827705383301e-01
5.668113827705383301e-01
6.963016986846923828e-01
6.963016986846923828e-01
6.963016986846923828e-01
6.963016986846923828e-01
1.434768915176391602e+00
3.197566270828247070e-01
3.197566270828247070e-01
1.583311796188354492e+00
1.109902620315551758e+00
1.109902620315551758e+00
1.109902620315551758e+00
1.109902620315551758e+00
1.109902620315551758e+00
6.087265610694885254e-01
6.087265610694885254e-01
6.087265610694885254e-01
6.087265610694885254e-01
5.546151399612426758e-01
7.951928973197937012e-01
7.951928973197937012e-01
7.951928973197937012e-01
7.951928973197937012e-01
4.877095520496368408e-01
4.877095520496368408e-01
4.877095520496368408e-01
4.877095520496368408e-01
8.798120617866516113e-01
8.798120617866516113e-01
8.798120617866516113e-01
6.257406473159790039e-01
6.257406473159790039e-01
1.532332897186279297e+00
1.292708158493041992e+00
1.134923934936523438e+00
9.729993343353271484e-01
9.729993343353271484e-01
9.729993343353271484e-01
9.729993343353271484e-01
9.729993343353271484e-01
9.729993343353271484e-01
5.438799858093261719e-01
1.075998783111572266e+00
1.075998783111572266e+00
1.075998783111572266e+00
1.315143227577209473e+00
1.315143227577209473e+00
1.315143227577209473e+00
1.315143227577209473e+00
1.315143227577209473e+00
1.315143227577209473e+00
1.397518873214721680e+00
1.397518873214721680e+00
1.397518873214721680e+00
1.397518873214721680e+00
1.397518873214721680e+00
1.397518873214721680e+00
1.397518873214721680e+00
1.397518873214721680e+00
1.397518873214721680e+00
1.397518873214721680e+00
1.397518873214721680e+00
9.420718550682067871e-01
9.420718550682067871e-01
9.420718550682067871e-01
9.420718550682067871e-01
9.420718550682067871e-01
9.420718550682067871e-01
9.420718550682067871e-01
1.051806688308715820e+00
1.051806688308715820e+00
1.051806688308715820e+00
1.051806688308715820e+00
1.051806688308715820e+00
1.051806688308715820e+00
1.051806688308715820e+00
3.415227532386779785e-01
3.357180356979370117e-01
3.357180356979370117e-01
3.357180356979370117e-01
3.357180356979370117e-01
3.357180356979370117e-01
3.357180356979370117e-01
3.357180356979370117e-01
3.357180356979370117e-01
3.357180356979370117e-01
4.116576015949249268e-01
4.116576015949249268e-01
4.116576015949249268e-01
8.825101852416992188e-01
8.825101852416992188e-01
8.825101852416992188e-01
8.825101852416992188e-01
8.825101852416992188e-01
8.825101852416992188e-01
8.825101852416992188e-01
7.990792393684387207e-01
7.990792393684387207e-01
8.803663849830627441e-01
8.803663849830627441e-01
8.803663849830627441e-01
8.803663849830627441e-01
8.946378827095031738e-01
7.995762228965759277e-01
7.995762228965759277e-01
7.995762228965759277e-01
9.776823520660400391e-01
9.776823520660400391e-01
9.304387569427490234e-01
9.304387569427490234e-01
9.304387569427490234e-01
9.304387569427490234e-01
5.010397434234619141e-01
5.570622682571411133e-01
5.570622682571411133e-01
5.570622682571411133e-01
8.393353819847106934e-01
8.393353819847106934e-01
3.926978707313537598e-01
3.926978707313537598e-01
3.926978707313537598e-01
3.926978707313537598e-01
3.926978707313537598e-01
3.926978707313537598e-01
8.708592057228088379e-01
8.708592057228088379e-01
8.708592057228088379e-01
8.708592057228088379e-01
8.708592057228088379e-01
8.708592057228088379e-01
8.708592057228088379e-01
8.708592057228088379e-01
8.708592057228088379e-01
8.708592057228088379e-01
8.708592057228088379e-01
8.708592057228088379e-01
6.813510060310363770e-01
6.813510060310363770e-01
6.813510060310363770e-01
6.813510060310363770e-01
6.813510060310363770e-01
6.813510060310363770e-01
6.813510060310363770e-01
6.813510060310363770e-01
5.532699823379516602e-01
5.532699823379516602e-01
5.532699823379516602e-01
5.532699823379516602e-01
7.292970418930053711e-01
7.292970418930053711e-01
7.292970418930053711e-01
5.075668096542358398e-01
5.075668096542358398e-01
5.075668096542358398e-01
5.075668096542358398e-01
5.824136734008789062e-01
5.824136734008789062e-01
5.824136734008789062e-01
1.327960848808288574e+00
1.327960848808288574e+00
1.327960848808288574e+00
1.327960848808288574e+00
1.327960848808288574e+00
7.701578140258789062e-01
7.701578140258789062e-01
7.701578140258789062e-01
7.701578140258789062e-01
8.755469322204589844e-01
8.755469322204589844e-01
8.755469322204589844e-01
8.755469322204589844e-01
8.755469322204589844e-01
8.755469322204589844e-01
8.755469322204589844e-01
8.755469322204589844e-01
8.755469322204589844e-01
8.755469322204589844e-01
6.682128310203552246e-01
6.682128310203552246e-01
1.006732106208801270e+00
1.006732106208801270e+00
1.006732106208801270e+00
1.161714792251586914e+00
1.161714792251586914e+00
1.161714792251586914e+00
1.161714792251586914e+00
4.163298010826110840e-01
4.163298010826110840e-01
5.681164860725402832e-01
3.285169899463653564e-01
1.829657793045043945e+00
1.829657793045043945e+00
1.829657793045043945e+00
1.829657793045043945e+00
1.526145219802856445e+00
1.658443570137023926e+00
1.658443570137023926e+00
1.658443570137023926e+00
7.885202169418334961e-01
7.885202169418334961e-01
7.885202169418334961e-01
7.885202169418334961e-01
7.885202169418334961e-01
7.885202169418334961e-01
7.885202169418334961e-01
7.885202169418334961e-01
1.659339189529418945e+00
1.659339189529418945e+00
4.427734613418579102e-01
4.427734613418579102e-01
4.427734613418579102e-01
4.427734613418579102e-01
4.427734613418579102e-01
4.427734613418579102e-01
2.754342555999755859e-01
2.754342555999755859e-01
2.754342555999755859e-01
2.754342555999755859e-01
2.754342555999755859e-01
2.754342555999755859e-01
2.754342555999755859e-01
3.919375538825988770e-01
3.919375538825988770e-01
3.919375538825988770e-01
1.353726387023925781e+00
1.353726387023925781e+00
9.063855409622192383e-01
1.140830278396606445e+00
1.140830278396606445e+00
1.548772811889648438e+00
1.341900229454040527e+00
1.341900229454040527e+00
1.326709151268005371e+00
1.326709151268005371e+00
1.326709151268005371e+00
1.030057549476623535e+00
1.030057549476623535e+00
1.030057549476623535e+00
1.030057549476623535e+00
1.030057549476623535e+00
1.030057549476623535e+00
1.030057549476623535e+00
1.030057549476623535e+00
1.030057549476623535e+00
1.030057549476623535e+00
1.030057549476623535e+00
1.030057549476623535e+00
1.030057549476623535e+00
1.030057549476623535e+00
1.030057549476623535e+00
1.030057549476623535e+00
1.030057549476623535e+00
1.747102975845336914e+00
1.747102975845336914e+00
1.388959527015686035e+00
6.688149571418762207e-01
5.477185845375061035e-01
5.477185845375061035e-01
5.477185845375061035e-01
2.883381843566894531e-01
2.883381843566894531e-01
2.883381843566894531e-01
2.883381843566894531e-01
2.883381843566894531e-01
2.518596887588500977e+00
2.518596887588500977e+00
2.454389333724975586e+00
1.810370802879333496e+00
1.810370802879333496e+00
1.810370802879333496e+00
1.900983810424804688e+00
1.900983810424804688e+00
6.348668336868286133e-01
6.348668336868286133e-01
6.348668336868286133e-01
6.348668336868286133e-01
6.348668336868286133e-01
6.348668336868286133e-01
6.348668336868286133e-01
6.348668336868286133e-01
6.348668336868286133e-01
6.348668336868286133e-01
6.348668336868286133e-01
6.348668336868286133e-01
2.411918342113494873e-01
3.136626780033111572e-01
3.136626780033111572e-01
3.136626780033111572e-01
3.136626780033111572e-01
4.173604547977447510e-01
4.173604547977447510e-01
1.534211397171020508e+00
1.534211397171020508e+00
1.534211397171020508e+00
1.534211397171020508e+00
1.412026286125183105e+00
1.412026286125183105e+00
1.116504311561584473e+00
1.116504311561584473e+00
1.116504311561584473e+00
1.624084711074829102e+00
1.624084711074829102e+00
1.624084711074829102e+00
1.624084711074829102e+00
1.624084711074829102e+00
1.624084711074829102e+00
1.624084711074829102e+00
1.624084711074829102e+00
1.624084711074829102e+00
1.624084711074829102e+00
1.624084711074829102e+00
1.624084711074829102e+00
1.624084711074829102e+00
1.624084711074829102e+00
1.321869850158691406e+00
1.321869850158691406e+00
1.321869850158691406e+00
1.321869850158691406e+00
1.321869850158691406e+00
1.321869850158691406e+00
7.654541730880737305e-01
7.654541730880737305e-01
7.654541730880737305e-01
7.654541730880737305e-01
7.230692505836486816e-01
7.230692505836486816e-01
7.230692505836486816e-01
7.230692505836486816e-01
7.230692505836486816e-01
7.230692505836486816e-01
7.230692505836486816e-01
7.230692505836486816e-01
7.230692505836486816e-01
7.230692505836486816e-01
4.760934114456176758e-01
4.760934114456176758e-01
1.189878344535827637e+00
1.189878344535827637e+00
1.189878344535827637e+00
1.591392755508422852e+00
1.181936740875244141e+00
1.181936740875244141e+00
1.181936740875244141e+00
1.181936740875244141e+00
1.181936740875244141e+00
9.229600429534912109e-01
9.229600429534912109e-01
9.229600429534912109e-01
1.677977085113525391e+00
1.677977085113525391e+00
1.677977085113525391e+00
1.528740644454956055e+00
1.528740644454956055e+00
1.528740644454956055e+00
1.528740644454956055e+00
1.528740644454956055e+00
1.528740644454956055e+00
1.528740644454956055e+00
7.243521809577941895e-01
1.154794573783874512e+00
1.900090932846069336e+00
1.900090932846069336e+00
1.900090932846069336e+00
1.900090932846069336e+00
1.900090932846069336e+00
1.900090932846069336e+00
1.900090932846069336e+00
1.900090932846069336e+00
2.264704704284667969e+00
2.094465732574462891e+00
1.118230462074279785e+00
1.217300057411193848e+00
1.217300057411193848e+00
1.217300057411193848e+00
1.217300057411193848e+00
1.217300057411193848e+00
1.217300057411193848e+00
1.217300057411193848e+00
1.203142523765563965e+00
1.203142523765563965e+00
1.203142523765563965e+00
1.539279222488403320e-01
1.539279222488403320e-01
1.539279222488403320e-01
8.511126041412353516e-01
9.286940693855285645e-01
9.286940693855285645e-01
9.286940693855285645e-01
9.286940693855285645e-01
9.286940693855285645e-01
9.286940693855285645e-01
9.286940693855285645e-01
9.286940693855285645e-01
9.286940693855285645e-01
9.286940693855285645e-01
9.286940693855285645e-01
9.286940693855285645e-01
1.157403707504272461e+00
6.865005493164062500e-01
6.062359213829040527e-01
6.062359213829040527e-01
6.062359213829040527e-01
6.062359213829040527e-01
6.062359213829040527e-01
6.062359213829040527e-01
6.062359213829040527e-01
6.062359213829040527e-01
6.062359213829040527e-01
6.062359213829040527e-01
6.062359213829040527e-01
6.062359213829040527e-01
6.062359213829040527e-01
6.062359213829040527e-01
6.062359213829040527e-01
6.062359213829040527e-01
6.062359213829040527e-01
2.755886018276214600e-01
2.755886018276214600e-01
1.057962656021118164e+00
1.057962656021118164e+00
1.057962656021118164e+00
1.278603196144104004e+00
6.040374636650085449e-01
6.040374636650085449e-01
6.040374636650085449e-01
5.261232852935791016e-01
5.261232852935791016e-01
5.261232852935791016e-01
5.261232852935791016e-01
5.261232852935791016e-01
5.261232852935791016e-01
5.261232852935791016e-01
5.261232852935791016e-01
9.318272471427917480e-01
9.318272471427917480e-01
9.318272471427917480e-01
9.318272471427917480e-01
9.318272471427917480e-01
9.318272471427917480e-01
1.092971444129943848e+00
1.092971444129943848e+00
1.092971444129943848e+00
1.455969214439392090e-01
1.455969214439392090e-01
1.734122514724731445e+00
1.515011429786682129e+00
1.515011429786682129e+00
1.515011429786682129e+00
1.515011429786682129e+00
8.264928460121154785e-01
8.264928460121154785e-01
8.264928460121154785e-01
8.264928460121154785e-01
1.187582135200500488e+00
1.187582135200500488e+00
1.187582135200500488e+00
1.187582135200500488e+00
1.187582135200500488e+00
1.187582135200500488e+00
1.187582135200500488e+00
1.187582135200500488e+00
1.187582135200500488e+00
1.187582135200500488e+00
1.187582135200500488e+00
8.002188205718994141e-01
8.002188205718994141e-01
8.002188205718994141e-01
8.002188205718994141e-01
1.040336847305297852e+00
1.040336847305297852e+00
1.040336847305297852e+00
1.040336847305297852e+00
9.288052916526794434e-01
9.288052916526794434e-01
9.288052916526794434e-01
9.288052916526794434e-01
9.288052916526794434e-01
9.288052916526794434e-01
9.288052916526794434e-01
9.288052916526794434e-01
9.288052916526794434e-01
9.288052916526794434e-01
9.288052916526794434e-01
9.288052916526794434e-01
9.288052916526794434e-01
9.288052916526794434e-01
9.288052916526794434e-01
5.861061811447143555e-01
5.861061811447143555e-01
5.861061811447143555e-01
5.861061811447143555e-01
5.861061811447143555e-01
5.861061811447143555e-01
9.138281941413879395e-01
9.138281941413879395e-01
9.138281941413879395e-01
7.260113358497619629e-01
7.260113358497619629e-01
7.260113358497619629e-01
7.260113358497619629e-01
1.502297520637512207e+00
1.502297520637512207e+00
1.566142201423645020e+00
1.333988070487976074e+00
1.333988070487976074e+00
1.314597249031066895e+00
1.314597249031066895e+00
1.314597249031066895e+00
1.314597249031066895e+00
6.514219045639038086e-01
6.514219045639038086e-01
1.297809600830078125e+00
1.297809600830078125e+00
1.297809600830078125e+00
8.648173809051513672e-01
8.648173809051513672e-01
8.648173809051513672e-01
8.648173809051513672e-01
4.185432493686676025e-01
4.185432493686676025e-01
4.185432493686676025e-01
4.185432493686676025e-01
4.185432493686676025e-01
4.185432493686676025e-01
1.849822044372558594e+00
1.849822044372558594e+00
1.849822044372558594e+00
1.849822044372558594e+00
1.849822044372558594e+00
1.849822044372558594e+00
1.849822044372558594e+00
1.849822044372558594e+00
9.392706155776977539e-01
9.392706155776977539e-01
9.392706155776977539e-01
6.008436679840087891e-01
6.008436679840087891e-01
1.307233572006225586e+00
1.307233572006225586e+00
1.307233572006225586e+00
1.307233572006225586e+00
9.204049110412597656e-01
4.404603540897369385e-01
3.662721514701843262e-01
3.662721514701843262e-01
5.764799118041992188e-01
1.172916293144226074e+00
1.172916293144226074e+00
1.172916293144226074e+00
1.172916293144226074e+00
6.967073678970336914e-01
6.967073678970336914e-01
6.967073678970336914e-01
6.967073678970336914e-01
6.967073678970336914e-01
6.967073678970336914e-01
6.967073678970336914e-01
6.967073678970336914e-01
6.967073678970336914e-01
6.967073678970336914e-01
6.967073678970336914e-01
6.967073678970336914e-01
6.967073678970336914e-01
4.008077085018157959e-01
4.008077085018157959e-01
4.008077085018157959e-01
1.271840810775756836e+00
1.271840810775756836e+00
1.271840810775756836e+00
1.271840810775756836e+00
1.271840810775756836e+00
1.271840810775756836e+00
1.241179108619689941e+00
1.241179108619689941e+00
2.091138362884521484e-01
1.524697422981262207e+00
1.524697422981262207e+00
1.524697422981262207e+00
1.524697422981262207e+00
1.524697422981262207e+00
1.027687788009643555e+00
1.027687788009643555e+00
1.027687788009643555e+00
5.292896032333374023e-01
5.292896032333374023e-01
5.292896032333374023e-01
7.869915366172790527e-01
7.869915366172790527e-01
7.869915366172790527e-01
7.869915366172790527e-01
7.869915366172790527e-01
7.869915366172790527e-01
7.869915366172790527e-01
7.869915366172790527e-01
1.087423563003540039e+00
1.087423563003540039e+00
1.428017377853393555e+00
1.428017377853393555e+00
1.428017377853393555e+00
1.428017377853393555e+00
1.428017377853393555e+00
1.428017377853393555e+00
1.428017377853393555e+00
1.428017377853393555e+00
1.072639703750610352e+00
5.250494480133056641e-01
5.250494480133056641e-01
5.250494480133056641e-01
5.250494480133056641e-01
5.250494480133056641e-01
5.250494480133056641e-01
5.250494480133056641e-01
5.250494480133056641e-01
5.250494480133056641e-01
5.250494480133056641e-01
5.250494480133056641e-01
5.250494480133056641e-01
5.250494480133056641e-01
5.250494480133056641e-01
5.250494480133056641e-01
5.250494480133056641e-01
6.138013601303100586e-01
6.138013601303100586e-01
