1.122124910354614258e+00
1.108616352081298828e+00
1.108616352081298828e+00
1.108616352081298828e+00
1.108616352081298828e+00
1.108616352081298828e+00
1.108616352081298828e+00
1.108616352081298828e+00
1.108616352081298828e+00
1.108616352081298828e+00
1.108616352081298828e+00
1.108616352081298828e+00
1.108616352081298828e+00
1.108616352081298828e+00
9.880197048187255859e-01
9.880197048187255859e-01
9.880197048187255859e-01
9.880197048187255859e-01
9.880197048187255859e-01
2.028816699981689453e+00
2.028816699981689453e+00
1.668845415115356445e-01
4.079976677894592285e-01
4.079976677894592285e-01
4.079976677894592285e-01
4.079976677894592285e-01
4.079976677894592285e-01
4.079976677894592285e-01
2.545058131217956543e-01
2.464492082595825195e+00
1.920892238616943359e+00
1.812220096588134766e+00
1.812220096588134766e+00
1.812220096588134766e+00
2.073858261108398438e+00
4.079557657241821289e-01
4.079557657241821289e-01
4.079557657241821289e-01
4.079557657241821289e-01
4.079557657241821289e-01
4.079557657241821289e-01
4.079557657241821289e-01
4.079557657241821289e-01
4.079557657241821289e-01
4.079557657241821289e-01
4.079557657241821289e-01
4.936638474464416504e-01
8.559826612472534180e-01
8.559826612472534180e-01
8.559826612472534180e-01
8.559826612472534180e-01
8.559826612472534180e-01
8.559826612472534180e-01
8.559826612472534180e-01
2.286494374275207520e-01
2.286494374275207520e-01
2.286494374275207520e-01
2.286494374275207520e-01
2.286494374275207520e-01
4.225608110427856445e-01
1.329465866088867188e+00
1.329465866088867188e+00
2.363518714904785156e+00
2.363518714904785156e+00
1.410236477851867676e+00
1.410236477851867676e+00
1.410236477851867676e+00
1.410236477851867676e+00
9.260222911834716797e-01
9.260222911834716797e-01
9.260222911834716797e-01
9.260222911834716797e-01
9.260222911834716797e-01
9.260222911834716797e-01
9.260222911834716797e-01
9.260222911834716797e-01
9.260222911834716797e-01
7.434160709381103516e-01
7.434160709381103516e-01
7.434160709381103516e-01
7.434160709381103516e-01
7.434160709381103516e-01
7.434160709381103516e-01
1.016401767730712891e+00
2.595189213752746582e-01
2.595189213752746582e-01
2.595189213752746582e-01
7.005635499954223633e-01
7.005635499954223633e-01
7.005635499954223633e-01
7.005635499954223633e-01
7.005635499954223633e-01
7.005635499954223633e-01
7.005635499954223633e-01
7.005635499954223633e-01
7.005635499954223633e-01
7.005635499954223633e-01
7.005635499954223633e-01
1.943762898445129395e-01
1.943762898445129395e-01
1.943762898445129395e-01
1.217478036880493164e+00
1.217478036880493164e+00
1.217478036880493164e+00
1.217478036880493164e+00
1.217478036880493164e+00
3.179657459259033203e-02
3.179657459259033203e-02
2.100718498229980469e+00
2.100718498229980469e+00
2.100718498229980469e+00
7.432515621185302734e-01
5.469686388969421387e-01
5.469686388969421387e-01
5.469686388969421387e-01
8.755434751510620117e-01
2.392998933792114258e-01
2.392998933792114258e-01
7.344130277633666992e-01
6.120551228523254395e-01
6.120551228523254395e-01
6.120551228523254395e-01
6.120551228523254395e-01
6.120551228523254395e-01
6.120551228523254395e-01
6.120551228523254395e-01
6.120551228523254395e-01
6.120551228523254395e-01
6.865659356117248535e-01
8.777055144309997559e-01
1.493233680725097656e+00
1.493233680725097656e+00
1.493233680725097656e+00
1.493233680725097656e+00
1.493233680725097656e+00
1.493233680725097656e+00
1.493233680725097656e+00
1.493233680725097656e+00
1.493233680725097656e+00
1.493233680725097656e+00
1.493233680725097656e+00
1.493233680725097656e+00
1.493233680725097656e+00
1.493233680725097656e+00
1.996584415435791016e+00
1.377497553825378418e+00
1.377497553825378418e+00
1.198796987533569336e+00
1.198796987533569336e+00
1.198796987533569336e+00
1.198796987533569336e+00
1.198796987533569336e+00
1.198796987533569336e+00
1.198796987533569336e+00
1.198796987533569336e+00
1.198796987533569336e+00
1.161152720451354980e+00
1.161152720451354980e+00
1.413997292518615723e+00
8.860374093055725098e-01
8.860374093055725098e-01
8.860374093055725098e-01
8.860374093055725098e-01
8.860374093055725098e-01
8.860374093055725098e-01
8.860374093055725098e-01
8.860374093055725098e-01
8.860374093055725098e-01
8.860374093055725098e-01
8.080689311027526855e-01
8.080689311027526855e-01
8.080689311027526855e-01
8.080689311027526855e-01
8.080689311027526855e-01
8.406249880790710449e-01
8.406249880790710449e-01
8.406249880790710449e-01
8.406249880790710449e-01
8.406249880790710449e-01
8.406249880790710449e-01
8.406249880790710449e-01
8.406249880790710449e-01
8.406249880790710449e-01
2.436221837997436523e-01
2.436221837997436523e-01
2.436221837997436523e-01
4.493071436882019043e-01
1.580033779144287109e+00
7.400079965591430664e-01
7.400079965591430664e-01
7.400079965591430664e-01
7.400079965591430664e-01
7.400079965591430664e-01
7.400079965591430664e-01
7.400079965591430664e-01
1.808413505554199219e+00
1.808413505554199219e+00
9.485681653022766113e-01
9.485681653022766113e-01
9.485681653022766113e-01
9.434809088706970215e-01
9.434809088706970215e-01
9.434809088706970215e-01
1.173032760620117188e+00
1.173032760620117188e+00
1.173032760620117188e+00
1.173032760620117188e+00
1.173032760620117188e+00
1.707247972488403320e+00
1.145657300949096680e+00
1.145657300949096680e+00
1.145657300949096680e+00
1.445203304290771484e+00
1.445203304290771484e+00
1.445203304290771484e+00
1.445203304290771484e+00
1.445203304290771484e+00
3.348649740219116211e-01
3.348649740219116211e-01
1.181533098220825195e+00
1.181533098220825195e+00
1.181533098220825195e+00
9.819761514663696289e-01
9.819761514663696289e-01
9.819761514663696289e-01
9.819761514663696289e-01
9.819761514663696289e-01
9.819761514663696289e-01
9.819761514663696289e-01
9.819761514663696289e-01
8.649556636810302734e-01
8.649556636810302734e-01
8.649556636810302734e-01
8.649556636810302734e-01
8.649556636810302734e-01
1.238621115684509277e+00
1.238621115684509277e+00
8.192795515060424805e-01
4.636949598789215088e-01
4.636949598789215088e-01
6.961531043052673340e-01
4.609585404396057129e-01
4.609585404396057129e-01
4.609585404396057129e-01
4.609585404396057129e-01
4.609585404396057129e-01
4.609585404396057129e-01
6.728377938270568848e-01
6.728377938270568848e-01
6.728377938270568848e-01
6.728377938270568848e-01
8.311038613319396973e-01
8.311038613319396973e-01
8.311038613319396973e-01
8.311038613319396973e-01
9.340194463729858398e-01
9.340194463729858398e-01
9.340194463729858398e-01
9.340194463729858398e-01
9.340194463729858398e-01
9.340194463729858398e-01
9.340194463729858398e-01
9.340194463729858398e-01
9.340194463729858398e-01
9.340194463729858398e-01
9.340194463729858398e-01
9.340194463729858398e-01
9.340194463729858398e-01
9.340194463729858398e-01
4.712050855159759521e-01
4.712050855159759521e-01
7.045871615409851074e-01
5.434070825576782227e-01
5.434070825576782227e-01
5.434070825576782227e-01
5.434070825576782227e-01
5.434070825576782227e-01
5.434070825576782227e-01
6.223229169845581055e-01
6.223229169845581055e-01
6.223229169845581055e-01
6.223229169845581055e-01
6.223229169845581055e-01
6.223229169845581055e-01
6.223229169845581055e-01
6.223229169845581055e-01
6.223229169845581055e-01
7.731302380561828613e-01
7.731302380561828613e-01
7.731302380561828613e-01
1.543412685394287109e+00
1.543412685394287109e+00
1.543412685394287109e+00
3.048670291900634766e-01
3.048670291900634766e-01
3.048670291900634766e-01
3.048670291900634766e-01
4.494730234146118164e-01
4.494730234146118164e-01
4.494730234146118164e-01
4.494730234146118164e-01
4.494730234146118164e-01
1.105175495147705078e+00
1.105175495147705078e+00
1.105175495147705078e+00
1.105175495147705078e+00
1.105175495147705078e+00
1.105175495147705078e+00
1.105175495147705078e+00
1.105175495147705078e+00
1.105175495147705078e+00
1.105175495147705078e+00
1.105175495147705078e+00
2.954276561737060547e+00
6.302471160888671875e-01
6.302471160888671875e-01
1.513921260833740234e+00
1.513921260833740234e+00
8.495156168937683105e-01
8.495156168937683105e-01
1.815682649612426758e-01
1.815682649612426758e-01
1.815682649612426758e-01
1.815682649612426758e-01
1.815682649612426758e-01
1.815682649612426758e-01
5.659557580947875977e-01
1.371040821075439453e+00
1.371040821075439453e+00
1.371040821075439453e+00
1.371040821075439453e+00
1.031862854957580566e+00
1.031862854957580566e+00
1.031862854957580566e+00
1.031862854957580566e+00
1.812431335449218750e+00
1.812431335449218750e+00
1.812431335449218750e+00
3.132883310317993164e-01
2.005984783172607422e+00
2.005984783172607422e+00
2.005984783172607422e+00
2.005984783172607422e+00
3.405171632766723633e-01
3.405171632766723633e-01
3.405171632766723633e-01
3.405171632766723633e-01
3.405171632766723633e-01
3.405171632766723633e-01
9.803849458694458008e-01
9.803849458694458008e-01
6.502270102500915527e-01
4.978033900260925293e-01
4.978033900260925293e-01
4.978033900260925293e-01
4.978033900260925293e-01
4.978033900260925293e-01
4.978033900260925293e-01
5.444558262825012207e-01
5.444558262825012207e-01
8.662465810775756836e-01
8.662465810775756836e-01
1.647305250167846680e+00
1.647305250167846680e+00
1.647305250167846680e+00
1.647305250167846680e+00
1.647305250167846680e+00
1.647305250167846680e+00
1.647305250167846680e+00
1.997711420059204102e+00
1.622779846191406250e+00
1.622779846191406250e+00
1.622779846191406250e+00
1.622779846191406250e+00
1.622779846191406250e+00
1.622779846191406250e+00
1.622779846191406250e+00
1.622779846191406250e+00
8.657674789428710938e-01
1.731860160827636719e+00
1.731860160827636719e+00
1.731860160827636719e+00
1.093443155288696289e+00
1.093443155288696289e+00
1.093443155288696289e+00
1.093443155288696289e+00
1.093443155288696289e+00
1.093443155288696289e+00
1.093443155288696289e+00
1.093443155288696289e+00
1.093443155288696289e+00
1.093443155288696289e+00
1.093443155288696289e+00
1.093443155288696289e+00
7.771263122558593750e-01
7.771263122558593750e-01
7.771263122558593750e-01
5.460637211799621582e-01
4.931290745735168457e-01
4.931290745735168457e-01
3.208978772163391113e-01
3.208978772163391113e-01
3.208978772163391113e-01
3.208978772163391113e-01
7.299668788909912109e-01
7.299668788909912109e-01
7.512361407279968262e-01
7.512361407279968262e-01
7.512361407279968262e-01
7.512361407279968262e-01
1.614726901054382324e+00
1.614726901054382324e+00
1.614726901054382324e+00
1.614726901054382324e+00
1.614726901054382324e+00
1.614726901054382324e+00
1.614726901054382324e+00
1.330708622932434082e+00
1.330708622932434082e+00
1.679104566574096680e+00
1.679104566574096680e+00
7.895574569702148438e-01
7.895574569702148438e-01
7.895574569702148438e-01
7.895574569702148438e-01
7.895574569702148438e-01
7.895574569702148438e-01
7.895574569702148438e-01
7.895574569702148438e-01
7.895574569702148438e-01
7.895574569702148438e-01
7.895574569702148438e-01
7.895574569702148438e-01
4.188836812973022461e-01
1.550165653228759766e+00
8.967024683952331543e-01
8.967024683952331543e-01
8.967024683952331543e-01
1.024708271026611328e+00
1.024708271026611328e+00
1.024708271026611328e+00
1.024708271026611328e+00
8.471947908401489258e-01
8.471947908401489258e-01
8.471947908401489258e-01
8.471947908401489258e-01
8.471947908401489258e-01
3.557065725326538086e-01
3.557065725326538086e-01
3.557065725326538086e-01
3.557065725326538086e-01
3.557065725326538086e-01
6.831921935081481934e-01
6.831921935081481934e-01
6.831921935081481934e-01
6.831921935081481934e-01
6.831921935081481934e-01
6.831921935081481934e-01
6.831921935081481934e-01
1.046142578125000000e+00
1.046142578125000000e+00
1.046142578125000000e+00
5.150128006935119629e-01
5.150128006935119629e-01
5.150128006935119629e-01
5.150128006935119629e-01
5.150128006935119629e-01
5.150128006935119629e-01
5.150128006935119629e-01
5.150128006935119629e-01
9.342473745346069336e-01
9.342473745346069336e-01
9.342473745346069336e-01
9.342473745346069336e-01
9.342473745346069336e-01
9.342473745346069336e-01
9.342473745346069336e-01
9.342473745346069336e-01
9.342473745346069336e-01
9.342473745346069336e-01
9.342473745346069336e-01
9.342473745346069336e-01
9.342473745346069336e-01
9.342473745346069336e-01
9.342473745346069336e-01
9.342473745346069336e-01
9.342473745346069336e-01
9.342473745346069336e-01
9.342473745346069336e-01
9.342473745346069336e-01
9.342473745346069336e-01
9.342473745346069336e-01
9.342473745346069336e-01
9.342473745346069336e-01
9.342473745346069336e-01
4.227075576782226562e-01
4.227075576782226562e-01
4.227075576782226562e-01
4.227075576782226562e-01
4.227075576782226562e-01
4.227075576782226562e-01
4.227075576782226562e-01
4.227075576782226562e-01
4.227075576782226562e-01
4.227075576782226562e-01
4.227075576782226562e-01
4.227075576782226562e-01
2.330576658248901367e+00
1.498251080513000488e+00
7.028787732124328613e-01
7.028787732124328613e-01
7.028787732124328613e-01
7.028787732124328613e-01
6.253804564476013184e-01
6.253804564476013184e-01
6.253804564476013184e-01
6.253804564476013184e-01
6.253804564476013184e-01
6.253804564476013184e-01
6.253804564476013184e-01
6.253804564476013184e-01
6.253804564476013184e-01
6.253804564476013184e-01
1.802524328231811523e+00
1.802524328231811523e+00
1.802524328231811523e+00
1.802524328231811523e+00
1.802524328231811523e+00
1.460592508316040039e+00
7.337296605110168457e-01
1.239460587501525879e+00
1.239460587501525879e+00
1.239460587501525879e+00
1.239460587501525879e+00
1.122909188270568848e+00
1.122909188270568848e+00
1.122909188270568848e+00
1.122909188270568848e+00
1.122909188270568848e+00
1.122909188270568848e+00
1.122909188270568848e+00
1.122909188270568848e+00
5.428143143653869629e-01
5.428143143653869629e-01
5.428143143653869629e-01
8.870587944984436035e-01
8.870587944984436035e-01
1.349020600318908691e+00
1.411115169525146484e+00
1.411115169525146484e+00
1.411115169525146484e+00
1.411115169525146484e+00
1.411115169525146484e+00
3.125225305557250977e-01
3.125225305557250977e-01
1.854019165039062500e+00
1.854019165039062500e+00
1.854019165039062500e+00
1.854019165039062500e+00
1.854019165039062500e+00
7.698158025741577148e-01
7.698158025741577148e-01
7.698158025741577148e-01
2.252359390258789062e+00
2.252359390258789062e+00
1.347198963165283203e+00
1.353005647659301758e+00
1.353005647659301758e+00
1.290766477584838867e+00
1.290766477584838867e+00
1.290766477584838867e+00
1.290766477584838867e+00
1.290766477584838867e+00
1.290766477584838867e+00
1.290766477584838867e+00
1.290766477584838867e+00
1.290766477584838867e+00
1.290766477584838867e+00
1.290766477584838867e+00
1.228568911552429199e+00
1.228568911552429199e+00
1.340244174003601074e+00
1.340244174003601074e+00
1.405308127403259277e+00
6.539428234100341797e-01
5.769391059875488281e-01
5.769391059875488281e-01
5.769391059875488281e-01
5.769391059875488281e-01
5.769391059875488281e-01
5.769391059875488281e-01
5.769391059875488281e-01
1.074997186660766602e+00
1.074997186660766602e+00
1.074997186660766602e+00
1.074997186660766602e+00
1.232524156570434570e+00
1.232524156570434570e+00
1.232524156570434570e+00
1.232524156570434570e+00
1.232524156570434570e+00
1.232524156570434570e+00
1.232524156570434570e+00
1.232524156570434570e+00
2.243023395538330078e+00
1.715149879455566406e+00
1.715149879455566406e+00
1.715149879455566406e+00
9.017297029495239258e-01
9.017297029495239258e-01
9.017297029495239258e-01
9.017297029495239258e-01
9.017297029495239258e-01
9.017297029495239258e-01
7.936737537384033203e-01
7.936737537384033203e-01
8.668487668037414551e-01
8.668487668037414551e-01
8.668487668037414551e-01
8.668487668037414551e-01
8.668487668037414551e-01
8.668487668037414551e-01
8.668487668037414551e-01
8.668487668037414551e-01
8.668487668037414551e-01
8.668487668037414551e-01
8.668487668037414551e-01
8.668487668037414551e-01
8.668487668037414551e-01
1.296621918678283691e+00
1.296621918678283691e+00
8.057264089584350586e-01
8.057264089584350586e-01
8.057264089584350586e-01
8.057264089584350586e-01
8.057264089584350586e-01
8.057264089584350586e-01
8.057264089584350586e-01
9.522561430931091309e-01
1.084380149841308594e+00
1.084380149841308594e+00
1.084380149841308594e+00
1.084380149841308594e+00
7.157444357872009277e-01
7.157444357872009277e-01
5.934231281280517578e-01
5.934231281280517578e-01
5.934231281280517578e-01
5.934231281280517578e-01
5.934231281280517578e-01
3.484243750572204590e-01
3.484243750572204590e-01
3.484243750572204590e-01
5.476623177528381348e-01
5.476623177528381348e-01
5.476623177528381348e-01
8.280868530273437500e-01
8.280868530273437500e-01
8.280868530273437500e-01
8.280868530273437500e-01
8.280868530273437500e-01
8.280868530273437500e-01
8.280868530273437500e-01
8.280868530273437500e-01
8.280868530273437500e-01
1.452168226242065430e+00
1.452168226242065430e+00
1.452168226242065430e+00
1.452168226242065430e+00
1.014804482460021973e+00
1.014804482460021973e+00
1.014804482460021973e+00
1.014804482460021973e+00
1.014804482460021973e+00
1.014804482460021973e+00
1.014804482460021973e+00
1.014804482460021973e+00
6.425257325172424316e-01
6.425257325172424316e-01
6.425257325172424316e-01
6.425257325172424316e-01
6.425257325172424316e-01
1.476216554641723633e+00
1.476216554641723633e+00
1.476216554641723633e+00
1.133730292320251465e+00
1.133730292320251465e+00
1.133730292320251465e+00
1.133730292320251465e+00
1.133730292320251465e+00
1.133730292320251465e+00
1.133730292320251465e+00
1.133730292320251465e+00
9.633879661560058594e-01
9.633879661560058594e-01
9.633879661560058594e-01
9.633879661560058594e-01
9.633879661560058594e-01
4.132850766181945801e-01
4.132850766181945801e-01
4.132850766181945801e-01
4.132850766181945801e-01
4.132850766181945801e-01
7.902047038078308105e-01
7.902047038078308105e-01
7.902047038078308105e-01
7.902047038078308105e-01
7.902047038078308105e-01
1.583712100982666016e+00
1.583712100982666016e+00
1.583712100982666016e+00
1.583712100982666016e+00
1.583712100982666016e+00
1.583712100982666016e+00
2.136655569076538086e+00
2.136655569076538086e+00
4.169393777847290039e-01
9.186893701553344727e-03
2.210493803024291992e+00
2.210493803024291992e+00
7.172368764877319336e-01
2.659339666366577148e+00
2.659339666366577148e+00
2.659339666366577148e+00
9.023977518081665039e-01
9.023977518081665039e-01
9.023977518081665039e-01
9.023977518081665039e-01
9.023977518081665039e-01
9.023977518081665039e-01
9.023977518081665039e-01
9.023977518081665039e-01
9.023977518081665039e-01
5.624921321868896484e-01
5.624921321868896484e-01
5.624921321868896484e-01
5.624921321868896484e-01
5.624921321868896484e-01
5.624921321868896484e-01
5.499809384346008301e-01
1.060026884078979492e+00
1.060026884078979492e+00
1.060026884078979492e+00
1.060026884078979492e+00
8.020258545875549316e-01
8.020258545875549316e-01
2.531307339668273926e-01
2.531307339668273926e-01
2.531307339668273926e-01
2.531307339668273926e-01
2.531307339668273926e-01
2.531307339668273926e-01
2.531307339668273926e-01
2.531307339668273926e-01
2.531307339668273926e-01
2.531307339668273926e-01
2.531307339668273926e-01
2.531307339668273926e-01
2.531307339668273926e-01
2.531307339668273926e-01
2.531307339668273926e-01
2.531307339668273926e-01
2.531307339668273926e-01
6.861568689346313477e-01
6.861568689346313477e-01
6.861568689346313477e-01
6.861568689346313477e-01
1.235288500785827637e+00
1.531328439712524414e+00
1.531328439712524414e+00
1.173836350440979004e+00
1.059093713760375977e+00
1.013298511505126953e+00
1.013298511505126953e+00
1.013298511505126953e+00
1.013298511505126953e+00
1.013298511505126953e+00
1.013298511505126953e+00
1.013298511505126953e+00
1.013298511505126953e+00
1.013298511505126953e+00
1.013298511505126953e+00
1.013298511505126953e+00
1.013298511505126953e+00
1.013298511505126953e+00
1.013298511505126953e+00
7.821074724197387695e-01
1.070798277854919434e+00
1.070798277854919434e+00
1.070798277854919434e+00
1.070798277854919434e+00
1.070798277854919434e+00
1.070798277854919434e+00
1.070798277854919434e+00
1.070798277854919434e+00
1.070798277854919434e+00
1.070798277854919434e+00
1.070798277854919434e+00
1.070798277854919434e+00
1.070798277854919434e+00
1.070798277854919434e+00
1.070798277854919434e+00
7.612619996070861816e-01
7.612619996070861816e-01
7.612619996070861816e-01
1.233283042907714844e+00
1.233283042907714844e+00
1.233283042907714844e+00
1.202903389930725098e+00
1.094677448272705078e+00
1.379852056503295898e+00
1.379852056503295898e+00
1.849987030029296875e+00
1.990707278251647949e+00
1.990707278251647949e+00
1.990707278251647949e+00
1.990707278251647949e+00
1.586745381355285645e+00
1.586745381355285645e+00
2.296195268630981445e+00
2.296195268630981445e+00
3.202381134033203125e-01
3.202381134033203125e-01
3.202381134033203125e-01
3.202381134033203125e-01
6.333176493644714355e-01
6.333176493644714355e-01
9.050179123878479004e-01
9.050179123878479004e-01
9.050179123878479004e-01
9.050179123878479004e-01
1.363298177719116211e+00
1.363298177719116211e+00
1.363298177719116211e+00
1.363298177719116211e+00
1.363298177719116211e+00
5.489775538444519043e-01
5.489775538444519043e-01
5.489775538444519043e-01
5.489775538444519043e-01
6.273413896560668945e-01
6.273413896560668945e-01
6.273413896560668945e-01
6.273413896560668945e-01
6.273413896560668945e-01
6.273413896560668945e-01
6.273413896560668945e-01
1.085214972496032715e+00
1.085214972496032715e+00
1.085214972496032715e+00
1.085214972496032715e+00
1.085214972496032715e+00
1.085214972496032715e+00
1.085214972496032715e+00
1.085214972496032715e+00
7.407609224319458008e-01
7.407609224319458008e-01
7.407609224319458008e-01
1.756845474243164062e+00
1.756845474243164062e+00
1.756845474243164062e+00
1.270357847213745117e+00
1.501565575599670410e+00
7.182392477989196777e-01
7.182392477989196777e-01
7.182392477989196777e-01
7.182392477989196777e-01
7.182392477989196777e-01
7.182392477989196777e-01
7.182392477989196777e-01
7.182392477989196777e-01
7.182392477989196777e-01
7.182392477989196777e-01
7.182392477989196777e-01
7.182392477989196777e-01
1.026334285736083984e+00
1.026334285736083984e+00
1.026334285736083984e+00
1.026334285736083984e+00
1.026334285736083984e+00
1.026334285736083984e+00
1.172350287437438965e+00
8.697705268859863281e-01
9.570071697235107422e-01
1.179391264915466309e+00
8.172507286071777344e-01
8.172507286071777344e-01
8.172507286071777344e-01
8.172507286071777344e-01
8.604608774185180664e-01
8.604608774185180664e-01
8.604608774185180664e-01
8.604608774185180664e-01
8.604608774185180664e-01
1.310055732727050781e+00
1.310055732727050781e+00
1.310055732727050781e+00
1.310055732727050781e+00
1.310055732727050781e+00
9.944615364074707031e-01
9.944615364074707031e-01
9.944615364074707031e-01
9.944615364074707031e-01
1.145639181137084961e+00
1.145639181137084961e+00
1.145639181137084961e+00
1.145639181137084961e+00
1.145639181137084961e+00
1.145639181137084961e+00
1.145639181137084961e+00
1.145639181137084961e+00
1.145639181137084961e+00
1.145639181137084961e+00
2.142836570739746094e+00
1.594836473464965820e+00
1.594836473464965820e+00
1.594836473464965820e+00
1.594836473464965820e+00
1.626857519149780273e-01
1.626857519149780273e-01
1.626857519149780273e-01
1.626857519149780273e-01
1.626857519149780273e-01
1.626857519149780273e-01
1.626857519149780273e-01
1.626857519149780273e-01
1.626857519149780273e-01
1.626857519149780273e-01
1.626857519149780273e-01
1.626857519149780273e-01
5.676651000976562500e-01
5.676651000976562500e-01
5.676651000976562500e-01
5.676651000976562500e-01
5.676651000976562500e-01
5.261176824569702148e-02
5.261176824569702148e-02
5.261176824569702148e-02
5.261176824569702148e-02
2.586911678314208984e+00
2.586911678314208984e+00
1.662697076797485352e+00
1.662697076797485352e+00
2.456638813018798828e+00
2.456638813018798828e+00
6.973623037338256836e-01
6.973623037338256836e-01
6.973623037338256836e-01
5.044129490852355957e-01
5.044129490852355957e-01
5.044129490852355957e-01
5.044129490852355957e-01
9.557927846908569336e-01
9.557927846908569336e-01
9.557927846908569336e-01
9.557927846908569336e-01
9.557927846908569336e-01
1.276627063751220703e+00
1.276627063751220703e+00
1.276627063751220703e+00
1.869487762451171875e+00
1.869487762451171875e+00
5.320283174514770508e-01
5.320283174514770508e-01
5.320283174514770508e-01
5.320283174514770508e-01
5.320283174514770508e-01
5.320283174514770508e-01
5.320283174514770508e-01
5.320283174514770508e-01
5.320283174514770508e-01
5.320283174514770508e-01
5.320283174514770508e-01
5.320283174514770508e-01
5.320283174514770508e-01
5.320283174514770508e-01
5.320283174514770508e-01
5.320283174514770508e-01
5.320283174514770508e-01
5.320283174514770508e-01
5.320283174514770508e-01
5.320283174514770508e-01
5.320283174514770508e-01
6.772127151489257812e-01
4.454686939716339111e-01
1.334713220596313477e+00
1.334713220596313477e+00
1.334713220596313477e+00
1.355762720108032227e+00
9.648872613906860352e-01
9.648872613906860352e-01
9.648872613906860352e-01
1.053621768951416016e+00
1.053621768951416016e+00
1.007726788520812988e-01
1.007726788520812988e-01
1.007726788520812988e-01
1.007726788520812988e-01
1.007726788520812988e-01
1.007726788520812988e-01
4.635125100612640381e-01
4.635125100612640381e-01
1.497099518775939941e+00
1.497099518775939941e+00
1.497099518775939941e+00
1.497099518775939941e+00
1.167966246604919434e+00
1.167966246604919434e+00
1.167966246604919434e+00
1.167966246604919434e+00
1.167966246604919434e+00
1.217987060546875000e+00
1.217987060546875000e+00
1.217987060546875000e+00
8.885646462440490723e-01
8.885646462440490723e-01
2.505540251731872559e-01
2.505540251731872559e-01
9.333159327507019043e-01
9.333159327507019043e-01
9.333159327507019043e-01
9.333159327507019043e-01
9.333159327507019043e-01
5.989539623260498047e-01
5.989539623260498047e-01
5.989539623260498047e-01
5.989539623260498047e-01
5.989539623260498047e-01
5.989539623260498047e-01
5.989539623260498047e-01
1.256786882877349854e-01
1.256786882877349854e-01
1.256786882877349854e-01
2.057406902313232422e+00
2.057406902313232422e+00
9.263224601745605469e-01
9.263224601745605469e-01
9.263224601745605469e-01
7.567970752716064453e-01
1.476378917694091797e+00
1.476378917694091797e+00
1.476378917694091797e+00
1.503305435180664062e+00
1.503305435180664062e+00
1.503305435180664062e+00
1.503305435180664062e+00
1.503305435180664062e+00
1.503305435180664062e+00
1.503305435180664062e+00
1.503305435180664062e+00
1.503305435180664062e+00
2.273417711257934570e-01
2.273417711257934570e-01
8.249296545982360840e-01
8.249296545982360840e-01
8.249296545982360840e-01
8.249296545982360840e-01
8.249296545982360840e-01
8.249296545982360840e-01
8.249296545982360840e-01
8.249296545982360840e-01
8.249296545982360840e-01
8.166747093200683594e-01
8.166747093200683594e-01
8.166747093200683594e-01
8.166747093200683594e-01
8.166747093200683594e-01
8.166747093200683594e-01
8.166747093200683594e-01
8.166747093200683594e-01
8.166747093200683594e-01
5.320926904678344727e-01
8.279256820678710938e-01
8.279256820678710938e-01
3.893974721431732178e-01
3.893974721431732178e-01
3.893974721431732178e-01
3.893974721431732178e-01
3.893974721431732178e-01
3.893974721431732178e-01
3.893974721431732178e-01
1.279458999633789062e+00
1.412405967712402344e+00
1.768673896789550781e+00
1.768673896789550781e+00
1.768673896789550781e+00
2.790728807449340820e-01
2.790728807449340820e-01
2.790728807449340820e-01
2.790728807449340820e-01
2.790728807449340820e-01
1.069246292114257812e+00
1.069246292114257812e+00
1.069246292114257812e+00
1.069246292114257812e+00
1.876010656356811523e+00
1.876010656356811523e+00
2.032637834548950195e+00
2.032637834548950195e+00
2.032637834548950195e+00
2.032637834548950195e+00
1.712915897369384766e-01
7.564777135848999023e-01
7.564777135848999023e-01
7.564777135848999023e-01
7.564777135848999023e-01
7.564777135848999023e-01
7.564777135848999023e-01
7.564777135848999023e-01
7.564777135848999023e-01
6.158273220062255859e-01
6.158273220062255859e-01
6.158273220062255859e-01
6.158273220062255859e-01
6.158273220062255859e-01
6.158273220062255859e-01
6.158273220062255859e-01
6.158273220062255859e-01
4.828807711601257324e-01
4.828807711601257324e-01
4.828807711601257324e-01
8.886057734489440918e-01
3.420135974884033203e-01
3.420135974884033203e-01
3.420135974884033203e-01
1.441868305206298828e+00
1.441868305206298828e+00
1.441868305206298828e+00
1.617294073104858398e+00
1.617294073104858398e+00
2.324254512786865234e+00
2.324254512786865234e+00
2.324254512786865234e+00
1.867538928985595703e+00
1.243879318237304688e+00
1.243879318237304688e+00
1.243879318237304688e+00
1.243879318237304688e+00
1.553936839103698730e+00
1.553936839103698730e+00
1.553936839103698730e+00
1.553936839103698730e+00
1.553936839103698730e+00
1.553936839103698730e+00
1.299074411392211914e+00
1.671499729156494141e+00
1.671499729156494141e+00
1.671499729156494141e+00
1.671499729156494141e+00
2.897540330886840820e-01
1.417616724967956543e+00
1.417616724967956543e+00
1.417616724967956543e+00
1.172217369079589844e+00
1.172217369079589844e+00
1.172217369079589844e+00
1.172217369079589844e+00
1.172217369079589844e+00
1.172217369079589844e+00
1.172217369079589844e+00
1.374062776565551758e+00
1.374062776565551758e+00
1.093901395797729492e+00
8.510627150535583496e-01
8.510627150535583496e-01
8.510627150535583496e-01
8.510627150535583496e-01
8.510627150535583496e-01
8.510627150535583496e-01
8.510627150535583496e-01
8.510627150535583496e-01
8.510627150535583496e-01
8.510627150535583496e-01
8.826736807823181152e-01
4.227092862129211426e-01
4.227092862129211426e-01
4.227092862129211426e-01
4.227092862129211426e-01
4.227092862129211426e-01
4.227092862129211426e-01
1.873932838439941406e+00
3.843101263046264648e-01
3.843101263046264648e-01
3.843101263046264648e-01
3.274564146995544434e-01
3.274564146995544434e-01
3.274564146995544434e-01
3.274564146995544434e-01
3.274564146995544434e-01
3.274564146995544434e-01
1.008573532104492188e+00
1.008573532104492188e+00
1.008573532104492188e+00
1.008573532104492188e+00
1.008573532104492188e+00
1.008573532104492188e+00
1.008573532104492188e+00
1.008573532104492188e+00
1.008573532104492188e+00
1.507786512374877930e-01
1.507786512374877930e-01
1.589763760566711426e+00
1.589763760566711426e+00
1.589763760566711426e+00
1.484997749328613281e+00
1.484997749328613281e+00
1.484997749328613281e+00
1.223214745521545410e+00
1.223214745521545410e+00
1.223214745521545410e+00
5.383144617080688477e-01
5.383144617080688477e-01
1.235805511474609375e+00
1.235805511474609375e+00
8.278736472129821777e-01
8.278736472129821777e-01
9.212929010391235352e-01
1.039869666099548340e+00
1.039869666099548340e+00
1.039869666099548340e+00
1.039869666099548340e+00
1.039869666099548340e+00
1.039869666099548340e+00
1.039869666099548340e+00
1.039869666099548340e+00
1.039869666099548340e+00
1.039869666099548340e+00
1.039869666099548340e+00
1.039869666099548340e+00
1.213686704635620117e+00
1.043786764144897461e+00
1.674915671348571777e+00
1.674915671348571777e+00
1.430563807487487793e+00
2.589005470275878906e+00
2.278947830200195312e-02
2.627374649047851562e+00
2.627374649047851562e+00
2.016178131103515625e+00
2.016178131103515625e+00
2.016178131103515625e+00
2.016178131103515625e+00
1.933593869209289551e+00
1.932719945907592773e+00
1.932719945907592773e+00
1.932719945907592773e+00
1.926687359809875488e+00
1.926687359809875488e+00
1.926687359809875488e+00
1.273758172988891602e+00
1.273758172988891602e+00
1.062501668930053711e+00
1.062501668930053711e+00
1.062501668930053711e+00
1.062501668930053711e+00
5.486777424812316895e-01
2.422465384006500244e-01
1.093750476837158203e+00
1.093750476837158203e+00
1.093750476837158203e+00
1.093750476837158203e+00
1.093750476837158203e+00
1.093750476837158203e+00
1.093750476837158203e+00
1.093750476837158203e+00
1.093750476837158203e+00
2.631636857986450195e-01
2.631636857986450195e-01
1.421665310859680176e+00
1.421665310859680176e+00
1.421665310859680176e+00
5.374571681022644043e-01
5.374571681022644043e-01
5.374571681022644043e-01
5.374571681022644043e-01
5.374571681022644043e-01
5.374571681022644043e-01
5.374571681022644043e-01
5.374571681022644043e-01
5.374571681022644043e-01
5.374571681022644043e-01
1.790950894355773926e-01
1.790950894355773926e-01
1.790950894355773926e-01
1.790950894355773926e-01
1.790950894355773926e-01
1.790950894355773926e-01
1.790950894355773926e-01
1.790950894355773926e-01
1.790950894355773926e-01
1.790950894355773926e-01
1.790950894355773926e-01
1.790950894355773926e-01
1.790950894355773926e-01
2.818617224693298340e-01
2.818617224693298340e-01
2.818617224693298340e-01
9.793553352355957031e-01
9.793553352355957031e-01
9.793553352355957031e-01
9.793553352355957031e-01
9.793553352355957031e-01
9.793553352355957031e-01
9.793553352355957031e-01
9.793553352355957031e-01
9.793553352355957031e-01
9.793553352355957031e-01
9.793553352355957031e-01
9.793553352355957031e-01
2.894603610038757324e-01
2.894603610038757324e-01
1.110631942749023438e+00
1.110631942749023438e+00
1.110631942749023438e+00
1.110631942749023438e+00
8.683053255081176758e-01
8.683053255081176758e-01
8.683053255081176758e-01
8.683053255081176758e-01
8.683053255081176758e-01
8.683053255081176758e-01
8.683053255081176758e-01
8.683053255081176758e-01
8.683053255081176758e-01
8.683053255081176758e-01
8.683053255081176758e-01
1.837083816528320312e+00
1.837083816528320312e+00
1.837083816528320312e+00
1.087073802947998047e+00
1.087073802947998047e+00
1.087073802947998047e+00
1.188692092895507812e+00
1.188692092895507812e+00
1.188692092895507812e+00
8.397156000137329102e-01
8.397156000137329102e-01
8.397156000137329102e-01
8.397156000137329102e-01
8.397156000137329102e-01
8.397156000137329102e-01
2.359720230102539062e+00
1.307387590408325195e+00
1.307387590408325195e+00
1.307387590408325195e+00
1.676500082015991211e+00
1.671713113784790039e+00
1.671713113784790039e+00
1.671713113784790039e+00
1.671713113784790039e+00
1.658517956733703613e+00
1.658517956733703613e+00
1.658517956733703613e+00
1.658517956733703613e+00
1.658517956733703613e+00
1.236215829849243164e-01
1.236215829849243164e-01
1.236215829849243164e-01
1.592308998107910156e+00
5.425776243209838867e-01
5.425776243209838867e-01
5.425776243209838867e-01
3.775855898857116699e-01
3.775855898857116699e-01
3.775855898857116699e-01
5.889415740966796875e-01
5.889415740966796875e-01
5.889415740966796875e-01
1.577357172966003418e+00
1.577357172966003418e+00
8.938756585121154785e-01
8.938756585121154785e-01
1.126433372497558594e+00
1.126433372497558594e+00
1.126433372497558594e+00
1.126433372497558594e+00
4.082389473915100098e-01
4.082389473915100098e-01
4.082389473915100098e-01
3.548395931720733643e-01
3.548395931720733643e-01
3.548395931720733643e-01
3.548395931720733643e-01
3.548395931720733643e-01
3.548395931720733643e-01
3.548395931720733643e-01
7.055142521858215332e-02
7.055142521858215332e-02
9.970027208328247070e-02
1.012345314025878906e+00
7.187123298645019531e-01
7.187123298645019531e-01
7.187123298645019531e-01
7.187123298645019531e-01
7.187123298645019531e-01
7.187123298645019531e-01
7.187123298645019531e-01
7.187123298645019531e-01
1.051064133644104004e+00
1.051064133644104004e+00
1.263315677642822266e+00
5.957563519477844238e-01
5.957563519477844238e-01
5.957563519477844238e-01
5.957563519477844238e-01
5.957563519477844238e-01
5.957563519477844238e-01
5.957563519477844238e-01
1.501403331756591797e+00
2.006916522979736328e+00
2.006916522979736328e+00
1.499127388000488281e+00
1.499127388000488281e+00
1.499127388000488281e+00
1.646942138671875000e+00
7.277134060859680176e-01
7.277134060859680176e-01
7.277134060859680176e-01
7.277134060859680176e-01
7.277134060859680176e-01
5.979377031326293945e-01
5.979377031326293945e-01
6.591284871101379395e-01
6.591284871101379395e-01
6.591284871101379395e-01
7.911150455474853516e-01
7.911150455474853516e-01
7.911150455474853516e-01
3.028531074523925781e-01
3.028531074523925781e-01
3.028531074523925781e-01
3.028531074523925781e-01
1.344183206558227539e+00
1.344183206558227539e+00
2.885813713073730469e-01
2.885813713073730469e-01
2.885813713073730469e-01
2.885813713073730469e-01
7.859432697296142578e-01
7.859432697296142578e-01
7.859432697296142578e-01
7.859432697296142578e-01
6.706148982048034668e-01
6.706148982048034668e-01
5.373973846435546875e-01
5.373973846435546875e-01
5.373973846435546875e-01
1.324289083480834961e+00
1.324289083480834961e+00
1.324289083480834961e+00
1.324289083480834961e+00
1.479260683059692383e+00
5.224111080169677734e-01
5.224111080169677734e-01
5.224111080169677734e-01
5.224111080169677734e-01
5.224111080169677734e-01
1.114393711090087891e+00
1.114393711090087891e+00
1.114393711090087891e+00
1.114393711090087891e+00
1.114393711090087891e+00
1.114393711090087891e+00
1.114393711090087891e+00
1.114393711090087891e+00
1.114393711090087891e+00
8.981126546859741211e-01
8.981126546859741211e-01
8.981126546859741211e-01
8.981126546859741211e-01
1.251401782035827637e+00
1.251401782035827637e+00
1.251401782035827637e+00
1.251401782035827637e+00
8.381354808807373047e-01
8.496565818786621094e-01
8.496565818786621094e-01
8.496565818786621094e-01
8.496565818786621094e-01
8.496565818786621094e-01
8.496565818786621094e-01
8.496565818786621094e-01
1.196031570434570312e+00
1.091844201087951660e+00
6.447808146476745605e-01
6.447808146476745605e-01
6.447808146476745605e-01
6.447808146476745605e-01
6.447808146476745605e-01
6.447808146476745605e-01
6.447808146476745605e-01
6.447808146476745605e-01
8.326482176780700684e-01
8.326482176780700684e-01
8.326482176780700684e-01
1.030386447906494141e+00
2.616202831268310547e-01
2.616202831268310547e-01
2.616202831268310547e-01
7.782121300697326660e-01
7.782121300697326660e-01
7.782121300697326660e-01
7.782121300697326660e-01
7.782121300697326660e-01
7.782121300697326660e-01
7.782121300697326660e-01
7.782121300697326660e-01
7.782121300697326660e-01
7.782121300697326660e-01
7.782121300697326660e-01
7.782121300697326660e-01
7.782121300697326660e-01
7.782121300697326660e-01
7.782121300697326660e-01
7.782121300697326660e-01
7.782121300697326660e-01
1.794590234756469727e+00
1.786677956581115723e+00
5.537115335464477539e-01
7.363447546958923340e-01
7.363447546958923340e-01
4.758653938770294189e-01
4.758653938770294189e-01
4.758653938770294189e-01
4.758653938770294189e-01
4.758653938770294189e-01
4.758653938770294189e-01
4.758653938770294189e-01
4.758653938770294189e-01
4.758653938770294189e-01
4.758653938770294189e-01
4.758653938770294189e-01
4.758653938770294189e-01
4.758653938770294189e-01
6.416698694229125977e-01
2.065764963626861572e-01
2.065764963626861572e-01
2.065764963626861572e-01
2.065764963626861572e-01
9.943844079971313477e-01
9.943844079971313477e-01
9.943844079971313477e-01
9.943844079971313477e-01
9.943844079971313477e-01
9.943844079971313477e-01
6.628799438476562500e-01
7.184476256370544434e-01
5.689929127693176270e-01
1.132378339767456055e+00
1.132378339767456055e+00
1.132378339767456055e+00
1.132378339767456055e+00
6.902943849563598633e-01
6.902943849563598633e-01
6.902943849563598633e-01
6.167474985122680664e-01
6.167474985122680664e-01
6.167474985122680664e-01
6.167474985122680664e-01
4.558313786983489990e-01
4.558313786983489990e-01
4.558313786983489990e-01
4.558313786983489990e-01
4.558313786983489990e-01
4.558313786983489990e-01
4.558313786983489990e-01
4.558313786983489990e-01
3.350141346454620361e-01
9.459613561630249023e-01
9.459613561630249023e-01
5.779156684875488281e-01
5.779156684875488281e-01
5.779156684875488281e-01
5.779156684875488281e-01
6.704534292221069336e-01
6.704534292221069336e-01
6.704534292221069336e-01
6.704534292221069336e-01
6.704534292221069336e-01
6.704534292221069336e-01
6.532170772552490234e-01
6.532170772552490234e-01
6.532170772552490234e-01
6.532170772552490234e-01
3.771187365055084229e-01
3.771187365055084229e-01
3.771187365055084229e-01
5.586603879928588867e-01
5.586603879928588867e-01
5.586603879928588867e-01
5.586603879928588867e-01
5.586603879928588867e-01
5.586603879928588867e-01
3.359595537185668945e-01
3.359595537185668945e-01
3.359595537185668945e-01
3.359595537185668945e-01
1.064073085784912109e+00
1.064073085784912109e+00
1.106207966804504395e+00
1.106207966804504395e+00
1.106207966804504395e+00
2.529368400573730469e-01
2.529368400573730469e-01
2.529368400573730469e-01
2.529368400573730469e-01
2.529368400573730469e-01
1.339710831642150879e+00
7.409518957138061523e-01
7.409518957138061523e-01
7.409518957138061523e-01
7.409518957138061523e-01
7.409518957138061523e-01
7.409518957138061523e-01
7.409518957138061523e-01
7.409518957138061523e-01
7.409518957138061523e-01
1.112754344940185547e+00
1.112754344940185547e+00
1.112754344940185547e+00
1.112754344940185547e+00
1.112754344940185547e+00
1.112754344940185547e+00
1.112754344940185547e+00
1.112754344940185547e+00
1.000158071517944336e+00
5.195508003234863281e-01
7.933314442634582520e-01
7.933314442634582520e-01
7.933314442634582520e-01
7.933314442634582520e-01
7.933314442634582520e-01
1.121952295303344727e+00
1.121952295303344727e+00
1.121952295303344727e+00
1.121952295303344727e+00
1.121952295303344727e+00
2.208733558654785156e+00
1.668058633804321289e+00
1.668058633804321289e+00
1.668058633804321289e+00
5.753087997436523438e-01
5.753087997436523438e-01
1.127951383590698242e+00
1.271747112274169922e+00
1.497076392173767090e+00
1.497076392173767090e+00
1.808309197425842285e+00
1.808309197425842285e+00
1.444942951202392578e-01
1.444942951202392578e-01
1.800109028816223145e+00
1.800109028816223145e+00
1.800109028816223145e+00
1.631503105163574219e-01
1.631503105163574219e-01
9.190850853919982910e-01
9.190850853919982910e-01
9.190850853919982910e-01
9.190850853919982910e-01
9.190850853919982910e-01
9.545632004737854004e-01
9.545632004737854004e-01
9.545632004737854004e-01
9.545632004737854004e-01
9.545632004737854004e-01
9.545632004737854004e-01
9.545632004737854004e-01
9.545632004737854004e-01
8.032900691032409668e-01
8.032900691032409668e-01
8.032900691032409668e-01
8.032900691032409668e-01
8.032900691032409668e-01
8.032900691032409668e-01
8.032900691032409668e-01
2.573292851448059082e-01
2.573292851448059082e-01
2.573292851448059082e-01
2.573292851448059082e-01
2.573292851448059082e-01
2.573292851448059082e-01
6.429795026779174805e-01
5.343613028526306152e-01
1.253252625465393066e+00
5.759056210517883301e-01
5.759056210517883301e-01
5.759056210517883301e-01
5.759056210517883301e-01
5.759056210517883301e-01
5.759056210517883301e-01
1.613978862762451172e+00
1.613978862762451172e+00
1.613978862762451172e+00
1.613978862762451172e+00
1.243753433227539062e+00
7.180347442626953125e-01
7.180347442626953125e-01
7.180347442626953125e-01
1.146568298339843750e+00
1.146568298339843750e+00
1.351159095764160156e+00
1.351159095764160156e+00
2.055127143859863281e+00
2.055127143859863281e+00
2.055127143859863281e+00
2.055127143859863281e+00
2.173732280731201172e+00
1.149472475051879883e+00
1.425885558128356934e+00
1.425885558128356934e+00
1.425885558128356934e+00
1.342334985733032227e+00
1.342334985733032227e+00
3.282306194305419922e-01
3.282306194305419922e-01
2.059028744697570801e-01
2.059028744697570801e-01
2.059028744697570801e-01
1.140886902809143066e+00
1.140886902809143066e+00
1.140886902809143066e+00
1.140886902809143066e+00
1.140886902809143066e+00
1.140886902809143066e+00
1.130221247673034668e+00
1.130221247673034668e+00
1.189900040626525879e+00
1.189900040626525879e+00
1.189900040626525879e+00
1.189900040626525879e+00
1.189900040626525879e+00
1.136063218116760254e+00
1.136063218116760254e+00
1.136063218116760254e+00
1.136063218116760254e+00
1.136063218116760254e+00
1.136063218116760254e+00
1.136063218116760254e+00
1.066726446151733398e+00
1.066726446151733398e+00
1.066726446151733398e+00
1.229190826416015625e+00
9.517188072204589844e-01
9.517188072204589844e-01
2.820882201194763184e-01
3.447426259517669678e-01
3.447426259517669678e-01
3.447426259517669678e-01
3.447426259517669678e-01
3.447426259517669678e-01
3.447426259517669678e-01
1.093869447708129883e+00
1.093869447708129883e+00
1.093869447708129883e+00
1.093869447708129883e+00
1.766410589218139648e+00
1.080433249473571777e+00
1.080433249473571777e+00
1.080433249473571777e+00
1.080433249473571777e+00
1.080433249473571777e+00
1.080433249473571777e+00
1.080433249473571777e+00
1.080433249473571777e+00
1.080433249473571777e+00
1.080433249473571777e+00
1.165336370468139648e+00
1.165336370468139648e+00
1.165336370468139648e+00
1.165336370468139648e+00
1.165336370468139648e+00
1.165336370468139648e+00
1.165336370468139648e+00
1.165336370468139648e+00
5.703260302543640137e-01
5.703260302543640137e-01
1.235773682594299316e+00
1.235773682594299316e+00
1.254584789276123047e+00
7.199484705924987793e-01
7.199484705924987793e-01
7.199484705924987793e-01
7.199484705924987793e-01
7.199484705924987793e-01
7.199484705924987793e-01
7.199484705924987793e-01
7.199484705924987793e-01
7.199484705924987793e-01
7.199484705924987793e-01
1.477502822875976562e+00
1.477502822875976562e+00
1.477502822875976562e+00
1.477502822875976562e+00
1.477502822875976562e+00
1.477502822875976562e+00
1.477502822875976562e+00
1.477502822875976562e+00
1.477502822875976562e+00
1.477502822875976562e+00
1.477502822875976562e+00
1.477502822875976562e+00
1.477502822875976562e+00
1.477502822875976562e+00
1.477502822875976562e+00
1.477502822875976562e+00
1.477502822875976562e+00
1.477502822875976562e+00
1.477502822875976562e+00
1.477502822875976562e+00
1.477502822875976562e+00
1.477502822875976562e+00
1.477502822875976562e+00
2.788262367248535156e-01
3.270184993743896484e-01
3.270184993743896484e-01
1.116080760955810547e+00
1.116080760955810547e+00
1.116080760955810547e+00
1.116080760955810547e+00
9.588087201118469238e-01
9.588087201118469238e-01
9.588087201118469238e-01
9.588087201118469238e-01
9.588087201118469238e-01
9.588087201118469238e-01
9.588087201118469238e-01
3.666872978210449219e-01
3.666872978210449219e-01
3.666872978210449219e-01
3.666872978210449219e-01
6.039870381355285645e-01
6.039870381355285645e-01
6.039870381355285645e-01
6.039870381355285645e-01
6.039870381355285645e-01
1.126641869544982910e+00
1.126641869544982910e+00
9.710050821304321289e-01
6.201658844947814941e-01
2.003878355026245117e+00
2.003878355026245117e+00
2.003878355026245117e+00
2.003878355026245117e+00
2.003878355026245117e+00
8.183557987213134766e-01
8.183557987213134766e-01
8.183557987213134766e-01
3.161796927452087402e-01
3.161796927452087402e-01
3.161796927452087402e-01
3.161796927452087402e-01
3.161796927452087402e-01
3.161796927452087402e-01
1.164708495140075684e+00
1.164708495140075684e+00
1.164708495140075684e+00
1.164708495140075684e+00
1.164708495140075684e+00
1.164708495140075684e+00
1.623989701271057129e+00
1.623989701271057129e+00
5.326383113861083984e-01
1.690161466598510742e+00
5.917637348175048828e-01
5.917637348175048828e-01
5.917637348175048828e-01
5.917637348175048828e-01
1.341568946838378906e+00
1.272801518440246582e+00
5.266232490539550781e-01
5.266232490539550781e-01
5.266232490539550781e-01
2.457047402858734131e-01
2.457047402858734131e-01
2.457047402858734131e-01
2.457047402858734131e-01
2.457047402858734131e-01
2.457047402858734131e-01
6.943850517272949219e-01
6.943850517272949219e-01
2.860633134841918945e-01
7.697405815124511719e-01
7.697405815124511719e-01
7.697405815124511719e-01
7.697405815124511719e-01
7.697405815124511719e-01
7.697405815124511719e-01
7.697405815124511719e-01
7.697405815124511719e-01
7.697405815124511719e-01
1.073459386825561523e+00
1.073459386825561523e+00
1.073459386825561523e+00
1.073459386825561523e+00
1.073459386825561523e+00
1.073459386825561523e+00
1.073459386825561523e+00
1.073459386825561523e+00
1.073459386825561523e+00
1.073459386825561523e+00
7.787330150604248047e-01
1.475263357162475586e+00
1.475263357162475586e+00
1.475263357162475586e+00
1.110642433166503906e+00
1.110642433166503906e+00
1.110642433166503906e+00
1.431477665901184082e+00
1.431477665901184082e+00
1.431477665901184082e+00
1.431477665901184082e+00
1.431477665901184082e+00
1.431477665901184082e+00
1.431477665901184082e+00
6.870851516723632812e-01
6.870851516723632812e-01
2.539088726043701172e-01
2.539088726043701172e-01
4.950002431869506836e-01
4.950002431869506836e-01
4.950002431869506836e-01
4.950002431869506836e-01
4.950002431869506836e-01
4.950002431869506836e-01
9.936455488204956055e-01
9.936455488204956055e-01
9.936455488204956055e-01
9.936455488204956055e-01
9.936455488204956055e-01
3.622965812683105469e-01
2.648206949234008789e-01
2.648206949234008789e-01
2.648206949234008789e-01
1.040791749954223633e+00
1.040791749954223633e+00
6.313058733940124512e-01
6.313058733940124512e-01
6.313058733940124512e-01
6.313058733940124512e-01
6.313058733940124512e-01
6.313058733940124512e-01
6.313058733940124512e-01
6.313058733940124512e-01
4.574873447418212891e-01
4.574873447418212891e-01
1.977080583572387695e+00
1.977080583572387695e+00
1.977080583572387695e+00
1.828242063522338867e+00
1.828242063522338867e+00
1.990331411361694336e-01
1.990331411361694336e-01
1.990331411361694336e-01
1.990331411361694336e-01
7.171442508697509766e-01
6.058845520019531250e-01
8.372573852539062500e-01
8.372573852539062500e-01
8.372573852539062500e-01
8.372573852539062500e-01
8.372573852539062500e-01
7.599554061889648438e-01
4.460237026214599609e-01
4.460237026214599609e-01
4.460237026214599609e-01
1.438442468643188477e-01
1.129477977752685547e+00
1.640722274780273438e+00
1.640722274780273438e+00
1.640722274780273438e+00
1.640722274780273438e+00
1.640722274780273438e+00
1.640722274780273438e+00
1.640722274780273438e+00
1.640722274780273438e+00
1.640722274780273438e+00
1.402751564979553223e+00
1.402751564979553223e+00
1.402751564979553223e+00
1.402751564979553223e+00
1.402751564979553223e+00
1.402751564979553223e+00
1.402751564979553223e+00
1.402751564979553223e+00
1.402751564979553223e+00
1.402751564979553223e+00
1.402751564979553223e+00
8.261573910713195801e-01
8.261573910713195801e-01
8.261573910713195801e-01
8.261573910713195801e-01
1.152568817138671875e+00
1.152568817138671875e+00
9.333697557449340820e-01
9.333697557449340820e-01
9.333697557449340820e-01
9.333697557449340820e-01
9.333697557449340820e-01
9.333697557449340820e-01
1.925397753715515137e+00
1.925397753715515137e+00
2.763068437576293945e+00
1.200628042221069336e+00
5.534576177597045898e-01
5.534576177597045898e-01
5.534576177597045898e-01
5.534576177597045898e-01
5.534576177597045898e-01
5.534576177597045898e-01
5.534576177597045898e-01
5.534576177597045898e-01
5.534576177597045898e-01
5.534576177597045898e-01
5.534576177597045898e-01
1.132906675338745117e+00
1.132906675338745117e+00
7.692815065383911133e-01
7.692815065383911133e-01
7.692815065383911133e-01
7.692815065383911133e-01
7.692815065383911133e-01
7.692815065383911133e-01
7.692815065383911133e-01
5.523780584335327148e-01
5.523780584335327148e-01
1.956150531768798828e+00
1.466496109962463379e+00
1.452427506446838379e+00
8.209768533706665039e-01
8.209768533706665039e-01
8.209768533706665039e-01
8.209768533706665039e-01
8.209768533706665039e-01
8.209768533706665039e-01
8.209768533706665039e-01
8.209768533706665039e-01
8.209768533706665039e-01
8.209768533706665039e-01
8.209768533706665039e-01
8.209768533706665039e-01
1.154134273529052734e+00
1.424944043159484863e+00
1.424944043159484863e+00
7.843945622444152832e-01
7.843945622444152832e-01
7.843945622444152832e-01
6.767316460609436035e-01
6.767316460609436035e-01
6.767316460609436035e-01
6.767316460609436035e-01
9.655125141143798828e-01
9.655125141143798828e-01
9.655125141143798828e-01
5.433200597763061523e-01
5.433200597763061523e-01
3.618282079696655273e-02
3.618282079696655273e-02
3.618282079696655273e-02
3.618282079696655273e-02
5.543256402015686035e-01
5.543256402015686035e-01
8.152070045471191406e-01
1.030684232711791992e+00
1.162632465362548828e+00
1.162632465362548828e+00
1.162632465362548828e+00
1.162632465362548828e+00
5.900319814682006836e-01
1.532766461372375488e+00
5.484951138496398926e-01
5.484951138496398926e-01
5.484951138496398926e-01
5.484951138496398926e-01
4.908410012722015381e-01
4.908410012722015381e-01
6.881618499755859375e-01
6.881618499755859375e-01
6.881618499755859375e-01
6.881618499755859375e-01
6.881618499755859375e-01
6.881618499755859375e-01
1.125621438026428223e+00
1.125621438026428223e+00
8.018641471862792969e-01
8.018641471862792969e-01
8.018641471862792969e-01
8.018641471862792969e-01
8.018641471862792969e-01
8.018641471862792969e-01
8.018641471862792969e-01
8.018641471862792969e-01
8.018641471862792969e-01
8.018641471862792969e-01
8.018641471862792969e-01
8.018641471862792969e-01
8.018641471862792969e-01
8.018641471862792969e-01
8.018641471862792969e-01
8.018641471862792969e-01
8.018641471862792969e-01
8.018641471862792969e-01
8.018641471862792969e-01
8.018641471862792969e-01
8.018641471862792969e-01
8.018641471862792969e-01
8.018641471862792969e-01
8.018641471862792969e-01
8.018641471862792969e-01
1.127167463302612305e+00
1.127167463302612305e+00
1.127167463302612305e+00
1.127167463302612305e+00
1.127167463302612305e+00
1.127167463302612305e+00
1.182221293449401855e+00
1.182221293449401855e+00
1.182221293449401855e+00
1.182221293449401855e+00
1.182221293449401855e+00
1.182221293449401855e+00
2.688205242156982422e-01
2.688205242156982422e-01
8.067463040351867676e-01
8.067463040351867676e-01
8.067463040351867676e-01
8.067463040351867676e-01
8.067463040351867676e-01
8.067463040351867676e-01
5.996087193489074707e-01
5.996087193489074707e-01
5.996087193489074707e-01
5.996087193489074707e-01
5.996087193489074707e-01
5.996087193489074707e-01
5.996087193489074707e-01
5.996087193489074707e-01
4.716082215309143066e-01
4.716082215309143066e-01
4.716082215309143066e-01
4.716082215309143066e-01
4.716082215309143066e-01
4.716082215309143066e-01
4.716082215309143066e-01
4.716082215309143066e-01
4.716082215309143066e-01
4.716082215309143066e-01
4.716082215309143066e-01
4.716082215309143066e-01
4.716082215309143066e-01
4.716082215309143066e-01
4.716082215309143066e-01
6.626322269439697266e-01
6.626322269439697266e-01
6.626322269439697266e-01
6.626322269439697266e-01
7.658568620681762695e-01
7.658568620681762695e-01
7.658568620681762695e-01
7.658568620681762695e-01
7.658568620681762695e-01
1.100437164306640625e+00
1.100437164306640625e+00
1.100437164306640625e+00
1.100437164306640625e+00
1.100437164306640625e+00
1.559715747833251953e+00
1.559715747833251953e+00
1.327951908111572266e+00
1.327951908111572266e+00
1.327951908111572266e+00
1.327951908111572266e+00
1.327951908111572266e+00
7.831750512123107910e-01
7.831750512123107910e-01
7.831750512123107910e-01
7.831750512123107910e-01
7.831750512123107910e-01
6.428836584091186523e-01
6.428836584091186523e-01
6.428836584091186523e-01
6.428836584091186523e-01
6.428836584091186523e-01
6.344093084335327148e-01
6.344093084335327148e-01
6.344093084335327148e-01
6.344093084335327148e-01
6.344093084335327148e-01
6.344093084335327148e-01
1.279538035392761230e+00
6.545854806900024414e-01
6.545854806900024414e-01
6.545854806900024414e-01
6.545854806900024414e-01
6.545854806900024414e-01
6.545854806900024414e-01
6.545854806900024414e-01
6.545854806900024414e-01
6.545854806900024414e-01
6.545854806900024414e-01
1.037973761558532715e+00
1.037973761558532715e+00
1.037973761558532715e+00
2.975314855575561523e-01
2.975314855575561523e-01
2.976576685905456543e-01
2.976576685905456543e-01
8.071509599685668945e-01
8.071509599685668945e-01
8.071509599685668945e-01
1.066403508186340332e+00
1.749786019325256348e+00
1.510537385940551758e+00
6.360042095184326172e-01
6.360042095184326172e-01
6.360042095184326172e-01
6.360042095184326172e-01
6.360042095184326172e-01
6.360042095184326172e-01
1.327129483222961426e+00
1.327129483222961426e+00
1.926927208900451660e+00
1.926927208900451660e+00
1.926927208900451660e+00
1.346728086471557617e+00
1.559353947639465332e+00
1.559353947639465332e+00
2.553392410278320312e+00
1.601565718650817871e+00
1.601565718650817871e+00
2.087950706481933594e-01
2.087950706481933594e-01
4.599570035934448242e-01
3.436297774314880371e-01
3.436297774314880371e-01
3.436297774314880371e-01
9.731678366661071777e-01
9.731678366661071777e-01
4.507837295532226562e-01
4.507837295532226562e-01
2.086588591337203979e-01
2.086588591337203979e-01
1.828126192092895508e+00
1.828126192092895508e+00
9.818330407142639160e-01
9.818330407142639160e-01
2.779798984527587891e+00
4.983165264129638672e-01
3.818286657333374023e-01
7.393513917922973633e-01
7.393513917922973633e-01
7.393513917922973633e-01
7.393513917922973633e-01
7.393513917922973633e-01
7.393513917922973633e-01
7.393513917922973633e-01
7.393513917922973633e-01
4.150836169719696045e-01
6.634538173675537109e-01
1.001144170761108398e+00
1.085391402244567871e+00
1.085391402244567871e+00
2.067999362945556641e+00
1.840612649917602539e+00
1.840612649917602539e+00
8.616745471954345703e-01
1.629690647125244141e+00
1.116268157958984375e+00
1.116268157958984375e+00
1.116268157958984375e+00
1.116268157958984375e+00
6.981307864189147949e-01
6.981307864189147949e-01
6.981307864189147949e-01
6.981307864189147949e-01
6.981307864189147949e-01
6.981307864189147949e-01
6.981307864189147949e-01
6.981307864189147949e-01
6.981307864189147949e-01
6.981307864189147949e-01
1.256089568138122559e+00
1.256089568138122559e+00
1.256089568138122559e+00
1.256089568138122559e+00
1.256089568138122559e+00
1.256089568138122559e+00
1.256089568138122559e+00
3.879930973052978516e-01
1.252397537231445312e+00
4.793459177017211914e-01
4.793459177017211914e-01
4.793459177017211914e-01
4.793459177017211914e-01
4.793459177017211914e-01
4.793459177017211914e-01
4.793459177017211914e-01
4.793459177017211914e-01
4.793459177017211914e-01
4.793459177017211914e-01
4.793459177017211914e-01
4.793459177017211914e-01
4.793459177017211914e-01
4.793459177017211914e-01
4.793459177017211914e-01
4.793459177017211914e-01
4.793459177017211914e-01
8.097068667411804199e-01
8.097068667411804199e-01
1.029455304145812988e+00
9.190074205398559570e-01
9.190074205398559570e-01
9.190074205398559570e-01
9.190074205398559570e-01
5.528921484947204590e-01
5.528921484947204590e-01
5.330479145050048828e-01
5.330479145050048828e-01
5.330479145050048828e-01
5.330479145050048828e-01
5.330479145050048828e-01
5.330479145050048828e-01
5.330479145050048828e-01
5.330479145050048828e-01
5.330479145050048828e-01
5.330479145050048828e-01
5.330479145050048828e-01
1.252578496932983398e+00
1.934040307998657227e+00
8.568344116210937500e-01
8.568344116210937500e-01
8.568344116210937500e-01
8.568344116210937500e-01
8.568344116210937500e-01
1.208480358123779297e+00
1.208480358123779297e+00
1.208480358123779297e+00
1.208480358123779297e+00
1.208480358123779297e+00
1.208480358123779297e+00
1.208480358123779297e+00
1.208480358123779297e+00
1.214569568634033203e+00
1.867593526840209961e-01
1.867593526840209961e-01
7.622973322868347168e-01
7.622973322868347168e-01
1.767243385314941406e+00
1.767243385314941406e+00
2.729467153549194336e-01
2.729467153549194336e-01
1.355831980705261230e+00
1.355831980705261230e+00
7.139798998832702637e-01
1.896969079971313477e+00
1.896969079971313477e+00
1.836424708366394043e+00
1.495034217834472656e+00
1.495034217834472656e+00
1.495034217834472656e+00
1.168374180793762207e+00
1.168374180793762207e+00
1.168374180793762207e+00
1.168374180793762207e+00
1.168374180793762207e+00
1.623679637908935547e+00
1.623679637908935547e+00
1.623679637908935547e+00
1.623679637908935547e+00
1.726053357124328613e+00
1.726053357124328613e+00
1.726053357124328613e+00
7.898719310760498047e-01
1.005366563796997070e+00
7.045769691467285156e-01
7.045769691467285156e-01
7.045769691467285156e-01
7.045769691467285156e-01
7.045769691467285156e-01
6.334438323974609375e-01
6.334438323974609375e-01
5.298439860343933105e-01
5.298439860343933105e-01
5.298439860343933105e-01
5.335717797279357910e-01
5.335717797279357910e-01
5.335717797279357910e-01
3.623051643371582031e-01
3.623051643371582031e-01
7.343501448631286621e-01
7.343501448631286621e-01
7.343501448631286621e-01
1.895991563796997070e-01
4.514599144458770752e-01
4.514599144458770752e-01
4.514599144458770752e-01
4.514599144458770752e-01
4.514599144458770752e-01
4.514599144458770752e-01
4.514599144458770752e-01
4.514599144458770752e-01
4.514599144458770752e-01
4.514599144458770752e-01
9.133858084678649902e-01
9.133858084678649902e-01
9.133858084678649902e-01
6.015868186950683594e-01
6.015868186950683594e-01
6.015868186950683594e-01
6.015868186950683594e-01
6.015868186950683594e-01
6.015868186950683594e-01
6.015868186950683594e-01
6.015868186950683594e-01
6.015868186950683594e-01
6.015868186950683594e-01
6.716356873512268066e-01
1.860906600952148438e+00
1.860906600952148438e+00
7.064107656478881836e-01
1.750188589096069336e+00
1.750188589096069336e+00
1.750188589096069336e+00
1.750188589096069336e+00
1.750188589096069336e+00
1.346732616424560547e+00
1.346732616424560547e+00
3.102905750274658203e-01
3.102905750274658203e-01
3.102905750274658203e-01
3.102905750274658203e-01
3.102905750274658203e-01
3.102905750274658203e-01
2.350253164768218994e-01
7.736226320266723633e-01
5.606498718261718750e-01
5.606498718261718750e-01
5.606498718261718750e-01
5.606498718261718750e-01
5.606498718261718750e-01
5.606498718261718750e-01
1.743956506252288818e-01
1.743956506252288818e-01
9.074751138687133789e-01
9.074751138687133789e-01
1.789705991744995117e+00
1.116861581802368164e+00
1.116861581802368164e+00
1.116861581802368164e+00
8.130251169204711914e-01
8.130251169204711914e-01
1.857130646705627441e+00
1.172094583511352539e+00
1.172094583511352539e+00
1.172094583511352539e+00
1.172094583511352539e+00
1.172094583511352539e+00
1.172094583511352539e+00
1.172094583511352539e+00
1.172094583511352539e+00
5.921344161033630371e-01
5.921344161033630371e-01
1.633254289627075195e+00
8.867837190628051758e-01
8.867837190628051758e-01
6.835139989852905273e-01
5.242403745651245117e-01
5.242403745651245117e-01
5.242403745651245117e-01
5.242403745651245117e-01
5.242403745651245117e-01
7.750151157379150391e-01
7.750151157379150391e-01
7.750151157379150391e-01
1.329494714736938477e-01
1.245618700981140137e+00
1.722511053085327148e-01
8.133798837661743164e-01
8.133798837661743164e-01
8.133798837661743164e-01
8.133798837661743164e-01
8.133798837661743164e-01
8.133798837661743164e-01
8.133798837661743164e-01
6.739699840545654297e-01
6.739699840545654297e-01
1.374810576438903809e+00
1.327100038528442383e+00
1.327100038528442383e+00
1.327100038528442383e+00
1.327100038528442383e+00
1.115217208862304688e+00
1.115217208862304688e+00
1.115217208862304688e+00
1.115217208862304688e+00
1.115217208862304688e+00
1.115217208862304688e+00
1.115217208862304688e+00
3.510528206825256348e-01
3.510528206825256348e-01
3.510528206825256348e-01
3.510528206825256348e-01
3.510528206825256348e-01
3.510528206825256348e-01
3.510528206825256348e-01
3.510528206825256348e-01
3.510528206825256348e-01
3.510528206825256348e-01
3.510528206825256348e-01
3.510528206825256348e-01
3.510528206825256348e-01
3.510528206825256348e-01
3.510528206825256348e-01
3.510528206825256348e-01
3.510528206825256348e-01
3.510528206825256348e-01
3.510528206825256348e-01
3.510528206825256348e-01
3.510528206825256348e-01
3.829623162746429443e-01
3.829623162746429443e-01
3.829623162746429443e-01
3.829623162746429443e-01
1.195683360099792480e+00
1.195683360099792480e+00
1.195683360099792480e+00
1.387485504150390625e+00
3.571565151214599609e-01
3.571565151214599609e-01
3.571565151214599609e-01
5.611044168472290039e-01
5.611044168472290039e-01
5.611044168472290039e-01
5.611044168472290039e-01
5.611044168472290039e-01
5.801496505737304688e-01
5.801496505737304688e-01
5.801496505737304688e-01
1.004444241523742676e+00
1.004444241523742676e+00
1.952924013137817383e+00
2.209413290023803711e+00
2.082851648330688477e+00
2.082851648330688477e+00
8.312162160873413086e-01
8.312162160873413086e-01
8.312162160873413086e-01
8.312162160873413086e-01
8.312162160873413086e-01
8.312162160873413086e-01
8.312162160873413086e-01
9.949684143066406250e-02
2.860629558563232422e-01
2.860629558563232422e-01
2.860629558563232422e-01
2.860629558563232422e-01
2.860629558563232422e-01
2.860629558563232422e-01
2.860629558563232422e-01
2.860629558563232422e-01
2.860629558563232422e-01
2.860629558563232422e-01
2.860629558563232422e-01
2.860629558563232422e-01
2.860629558563232422e-01
2.860629558563232422e-01
2.860629558563232422e-01
2.860629558563232422e-01
2.860629558563232422e-01
2.860629558563232422e-01
2.860629558563232422e-01
2.860629558563232422e-01
1.077804565429687500e+00
1.077804565429687500e+00
5.760602951049804688e-01
5.760602951049804688e-01
5.760602951049804688e-01
5.760602951049804688e-01
5.760602951049804688e-01
5.760602951049804688e-01
5.760602951049804688e-01
1.193815231323242188e+00
1.193815231323242188e+00
1.193815231323242188e+00
1.193815231323242188e+00
5.372930765151977539e-01
5.372930765151977539e-01
5.372930765151977539e-01
6.662561297416687012e-01
1.134780406951904297e+00
1.134780406951904297e+00
1.134780406951904297e+00
1.134780406951904297e+00
1.134780406951904297e+00
1.258973002433776855e+00
1.258973002433776855e+00
1.342869877815246582e+00
3.877023458480834961e-01
3.877023458480834961e-01
3.877023458480834961e-01
5.247570276260375977e-01
5.247570276260375977e-01
5.247570276260375977e-01
5.247570276260375977e-01
5.247570276260375977e-01
5.247570276260375977e-01
5.247570276260375977e-01
1.286277532577514648e+00
1.286277532577514648e+00
1.286277532577514648e+00
1.286277532577514648e+00
1.286277532577514648e+00
1.312888860702514648e-01
1.312888860702514648e-01
6.150909066200256348e-01
6.150909066200256348e-01
1.000565767288208008e+00
1.000565767288208008e+00
7.810760736465454102e-01
7.684265375137329102e-01
7.684265375137329102e-01
7.684265375137329102e-01
7.684265375137329102e-01
7.684265375137329102e-01
7.684265375137329102e-01
4.866159856319427490e-01
4.866159856319427490e-01
4.866159856319427490e-01
4.866159856319427490e-01
4.866159856319427490e-01
4.866159856319427490e-01
4.866159856319427490e-01
4.866159856319427490e-01
4.866159856319427490e-01
4.866159856319427490e-01
4.866159856319427490e-01
4.866159856319427490e-01
8.106335401535034180e-01
3.188865184783935547e-01
1.123081207275390625e+00
3.908031582832336426e-01
3.908031582832336426e-01
3.908031582832336426e-01
3.908031582832336426e-01
4.260478913784027100e-01
4.260478913784027100e-01
1.018759012222290039e+00
8.500891327857971191e-01
8.500891327857971191e-01
1.411780476570129395e+00
1.411780476570129395e+00
2.907767295837402344e-01
2.907767295837402344e-01
2.907767295837402344e-01
2.907767295837402344e-01
6.294358968734741211e-01
6.294358968734741211e-01
6.294358968734741211e-01
6.294358968734741211e-01
8.679388165473937988e-01
8.679388165473937988e-01
8.679388165473937988e-01
8.679388165473937988e-01
8.679388165473937988e-01
8.679388165473937988e-01
8.679388165473937988e-01
8.679388165473937988e-01
8.679388165473937988e-01
8.679388165473937988e-01
8.679388165473937988e-01
8.679388165473937988e-01
8.679388165473937988e-01
8.679388165473937988e-01
8.679388165473937988e-01
8.232200145721435547e-01
8.232200145721435547e-01
8.232200145721435547e-01
5.087091326713562012e-01
5.087091326713562012e-01
5.087091326713562012e-01
7.722984552383422852e-01
7.722984552383422852e-01
7.722984552383422852e-01
7.722984552383422852e-01
5.887579321861267090e-01
5.887579321861267090e-01
5.887579321861267090e-01
5.887579321861267090e-01
3.082081079483032227e-01
3.082081079483032227e-01
1.516715526580810547e+00
1.516715526580810547e+00
7.604504823684692383e-01
2.452282905578613281e+00
2.452282905578613281e+00
2.452282905578613281e+00
2.452282905578613281e+00
2.452282905578613281e+00
2.452282905578613281e+00
2.452282905578613281e+00
2.452282905578613281e+00
2.452282905578613281e+00
2.452282905578613281e+00
2.962925434112548828e+00
2.962925434112548828e+00
8.566431999206542969e-01
8.566431999206542969e-01
8.566431999206542969e-01
9.991874098777770996e-01
8.266928195953369141e-01
8.266928195953369141e-01
8.266928195953369141e-01
8.266928195953369141e-01
8.266928195953369141e-01
5.740046501159667969e-01
5.740046501159667969e-01
5.740046501159667969e-01
5.740046501159667969e-01
5.108415484428405762e-01
4.379401803016662598e-01
4.379401803016662598e-01
4.379401803016662598e-01
4.379401803016662598e-01
4.379401803016662598e-01
4.379401803016662598e-01
4.379401803016662598e-01
4.379401803016662598e-01
1.896706819534301758e+00
1.425990819931030273e+00
1.425990819931030273e+00
1.425990819931030273e+00
1.425990819931030273e+00
1.425990819931030273e+00
1.425990819931030273e+00
1.425990819931030273e+00
1.425990819931030273e+00
1.087731838226318359e+00
1.087731838226318359e+00
1.087731838226318359e+00
1.087731838226318359e+00
1.087731838226318359e+00
1.087731838226318359e+00
1.087731838226318359e+00
8.952480554580688477e-01
8.952480554580688477e-01
8.952480554580688477e-01
6.701581478118896484e-01
6.701581478118896484e-01
6.701581478118896484e-01
5.595616698265075684e-01
5.390896797180175781e-01
5.390896797180175781e-01
5.390896797180175781e-01
1.275882244110107422e+00
1.275882244110107422e+00
1.275882244110107422e+00
1.275882244110107422e+00
1.275882244110107422e+00
1.275882244110107422e+00
1.275882244110107422e+00
1.275882244110107422e+00
1.664314270019531250e-01
1.664314270019531250e-01
1.724778294563293457e+00
1.724778294563293457e+00
3.174989223480224609e-01
3.174989223480224609e-01
3.174989223480224609e-01
3.174989223480224609e-01
3.174989223480224609e-01
3.174989223480224609e-01
3.174989223480224609e-01
3.174989223480224609e-01
3.174989223480224609e-01
3.174989223480224609e-01
3.174989223480224609e-01
3.174989223480224609e-01
2.133853197097778320e+00
2.586156129837036133e+00
2.586156129837036133e+00
2.972300291061401367e+00
2.972300291061401367e+00
9.318253993988037109e-01
9.318253993988037109e-01
9.318253993988037109e-01
9.318253993988037109e-01
9.318253993988037109e-01
9.318253993988037109e-01
9.219235777854919434e-01
9.219235777854919434e-01
9.219235777854919434e-01
9.219235777854919434e-01
9.219235777854919434e-01
9.219235777854919434e-01
2.094030380249023438e+00
2.094030380249023438e+00
2.094030380249023438e+00
2.094030380249023438e+00
2.620534658432006836e+00
3.326978445053100586e+00
3.326978445053100586e+00
2.598634719848632812e+00
2.887924909591674805e+00
2.887924909591674805e+00
9.344952106475830078e-01
9.344952106475830078e-01
1.265816688537597656e+00
1.217996001243591309e+00
1.217996001243591309e+00
1.217996001243591309e+00
1.373360633850097656e+00
6.922912597656250000e-01
6.922912597656250000e-01
5.545638799667358398e-01
5.545638799667358398e-01
5.545638799667358398e-01
5.545638799667358398e-01
9.256311655044555664e-01
9.256311655044555664e-01
9.256311655044555664e-01
9.256311655044555664e-01
9.256311655044555664e-01
9.256311655044555664e-01
6.665139198303222656e-01
1.775792002677917480e+00
1.775792002677917480e+00
2.134027242660522461e+00
5.002152919769287109e-01
1.055474758148193359e+00
1.055474758148193359e+00
7.182087898254394531e-01
7.182087898254394531e-01
7.834649085998535156e-01
7.834649085998535156e-01
7.834649085998535156e-01
7.948029637336730957e-01
7.948029637336730957e-01
7.948029637336730957e-01
7.948029637336730957e-01
7.948029637336730957e-01
4.096408188343048096e-01
4.096408188343048096e-01
1.605186462402343750e+00
1.605186462402343750e+00
1.605186462402343750e+00
1.605186462402343750e+00
7.717486023902893066e-01
7.717486023902893066e-01
7.717486023902893066e-01
7.717486023902893066e-01
7.717486023902893066e-01
2.351373434066772461e-01
9.168768525123596191e-01
7.050288915634155273e-01
7.050288915634155273e-01
7.050288915634155273e-01
7.050288915634155273e-01
2.178347706794738770e-01
2.178347706794738770e-01
1.518297910690307617e+00
1.518297910690307617e+00
1.518297910690307617e+00
1.518297910690307617e+00
1.518297910690307617e+00
1.518297910690307617e+00
1.518297910690307617e+00
5.931731462478637695e-01
1.136942625045776367e+00
1.136942625045776367e+00
6.426117420196533203e-01
2.921667397022247314e-01
1.424794197082519531e+00
1.424794197082519531e+00
1.424794197082519531e+00
1.424794197082519531e+00
1.424794197082519531e+00
1.424794197082519531e+00
1.424794197082519531e+00
4.733508825302124023e-01
1.000270962715148926e+00
1.000270962715148926e+00
1.000270962715148926e+00
1.000270962715148926e+00
1.000270962715148926e+00
5.528375506401062012e-01
1.876908779144287109e+00
1.876908779144287109e+00
9.721937775611877441e-01
9.721937775611877441e-01
9.721937775611877441e-01
9.721937775611877441e-01
9.721937775611877441e-01
9.721937775611877441e-01
9.721937775611877441e-01
7.560214400291442871e-01
6.608041524887084961e-01
6.608041524887084961e-01
7.807025909423828125e-01
7.807025909423828125e-01
7.807025909423828125e-01
7.807025909423828125e-01
1.464468479156494141e+00
4.320497512817382812e-01
4.320497512817382812e-01
1.602008223533630371e+00
1.163666486740112305e+00
1.163666486740112305e+00
1.163666486740112305e+00
1.506692290306091309e+00
6.409066319465637207e-01
6.409066319465637207e-01
6.409066319465637207e-01
6.409066319465637207e-01
6.409066319465637207e-01
5.908034443855285645e-01
8.135606050491333008e-01
2.479532718658447266e+00
2.479532718658447266e+00
1.816220402717590332e+00
1.531513571739196777e+00
5.950406193733215332e-01
5.950406193733215332e-01
5.950406193733215332e-01
9.580985307693481445e-01
9.580985307693481445e-01
1.253725290298461914e+00
1.018473982810974121e+00
1.018473982810974121e+00
1.857911348342895508e+00
1.636036634445190430e+00
1.489940047264099121e+00
1.340009808540344238e+00
1.340009808540344238e+00
1.825394392013549805e+00
1.825394392013549805e+00
1.825394392013549805e+00
1.825394392013549805e+00
1.428061723709106445e+00
1.428061723709106445e+00
1.428061723709106445e+00
6.483885049819946289e-01
8.698185086250305176e-01
8.698185086250305176e-01
8.698185086250305176e-01
8.698185086250305176e-01
8.698185086250305176e-01
8.698185086250305176e-01
9.460922479629516602e-01
9.460922479629516602e-01
9.460922479629516602e-01
9.460922479629516602e-01
9.460922479629516602e-01
9.460922479629516602e-01
9.460922479629516602e-01
9.460922479629516602e-01
9.460922479629516602e-01
9.460922479629516602e-01
9.460922479629516602e-01
4.600691497325897217e-01
4.600691497325897217e-01
4.600691497325897217e-01
1.475540518760681152e+00
9.169244766235351562e-01
9.169244766235351562e-01
9.169244766235351562e-01
1.977295756340026855e+00
6.028262376785278320e-01
6.028262376785278320e-01
6.028262376785278320e-01
8.746067285537719727e-01
2.169364094734191895e-01
2.115616798400878906e-01
2.115616798400878906e-01
2.115616798400878906e-01
2.115616798400878906e-01
2.457827091217041016e+00
2.168881177902221680e+00
1.774010658264160156e+00
2.078838348388671875e+00
2.078838348388671875e+00
2.149152755737304688e+00
1.004012465476989746e+00
1.004012465476989746e+00
1.004012465476989746e+00
1.004012465476989746e+00
1.004012465476989746e+00
1.939481496810913086e-01
1.939481496810913086e-01
8.662336468696594238e-01
8.662336468696594238e-01
7.889827489852905273e-01
7.889827489852905273e-01
7.889827489852905273e-01
7.889827489852905273e-01
7.889827489852905273e-01
7.889827489852905273e-01
7.889827489852905273e-01
7.889827489852905273e-01
7.889827489852905273e-01
1.147156715393066406e+00
