2.650924324989318848e-01
7.283710241317749023e-01
7.283710241317749023e-01
7.283710241317749023e-01
7.901203632354736328e-01
7.901203632354736328e-01
7.901203632354736328e-01
7.901203632354736328e-01
7.901203632354736328e-01
7.901203632354736328e-01
7.901203632354736328e-01
7.901203632354736328e-01
7.901203632354736328e-01
7.901203632354736328e-01
7.901203632354736328e-01
7.901203632354736328e-01
7.901203632354736328e-01
5.124317407608032227e-01
5.124317407608032227e-01
6.524609923362731934e-01
5.557529330253601074e-01
5.557529330253601074e-01
1.419181942939758301e+00
1.419181942939758301e+00
1.419181942939758301e+00
1.419181942939758301e+00
1.466531395912170410e+00
4.178093671798706055e-01
4.178093671798706055e-01
4.178093671798706055e-01
4.178093671798706055e-01
4.178093671798706055e-01
4.178093671798706055e-01
8.483028411865234375e-01
9.387872219085693359e-01
9.387872219085693359e-01
6.706235408782958984e-01
1.132793068885803223e+00
1.132793068885803223e+00
1.132793068885803223e+00
3.896656632423400879e-01
3.896656632423400879e-01
3.896656632423400879e-01
3.896656632423400879e-01
4.764292538166046143e-01
4.764292538166046143e-01
4.764292538166046143e-01
4.764292538166046143e-01
4.764292538166046143e-01
8.698507547378540039e-01
8.698507547378540039e-01
1.529065847396850586e+00
1.529065847396850586e+00
1.529065847396850586e+00
1.529065847396850586e+00
8.806641697883605957e-01
8.806641697883605957e-01
8.806641697883605957e-01
8.806641697883605957e-01
1.990124702453613281e+00
5.957070589065551758e-01
5.957070589065551758e-01
1.125911474227905273e+00
1.125911474227905273e+00
7.272680997848510742e-01
1.949713706970214844e+00
1.548945307731628418e+00
1.548945307731628418e+00
5.905258059501647949e-01
5.905258059501647949e-01
7.516458630561828613e-01
1.116552591323852539e+00
5.000626444816589355e-01
7.306951284408569336e-01
1.213746190071105957e+00
1.213746190071105957e+00
1.213746190071105957e+00
1.213746190071105957e+00
1.010239362716674805e+00
1.010239362716674805e+00
1.010239362716674805e+00
1.010239362716674805e+00
1.478580474853515625e+00
1.478580474853515625e+00
1.478580474853515625e+00
5.790946483612060547e-01
1.594712495803833008e+00
1.594712495803833008e+00
1.594712495803833008e+00
1.594712495803833008e+00
5.954319238662719727e-01
5.954319238662719727e-01
5.954319238662719727e-01
1.916695117950439453e+00
1.760381460189819336e+00
1.760381460189819336e+00
2.144302129745483398e+00
1.028056263923645020e+00
1.028056263923645020e+00
1.028056263923645020e+00
1.028056263923645020e+00
1.028056263923645020e+00
4.682422280311584473e-01
4.682422280311584473e-01
5.585429072380065918e-01
5.585429072380065918e-01
5.585429072380065918e-01
7.516173720359802246e-01
7.516173720359802246e-01
1.220252513885498047e+00
1.220252513885498047e+00
1.220252513885498047e+00
1.220252513885498047e+00
1.220252513885498047e+00
1.220252513885498047e+00
1.220252513885498047e+00
1.430496215820312500e+00
1.205537319183349609e+00
1.205537319183349609e+00
1.205537319183349609e+00
1.205537319183349609e+00
1.205537319183349609e+00
1.205537319183349609e+00
1.205537319183349609e+00
1.205537319183349609e+00
7.513298988342285156e-01
1.270985484123229980e+00
1.270985484123229980e+00
1.270985484123229980e+00
8.879352807998657227e-01
8.879352807998657227e-01
8.879352807998657227e-01
8.879352807998657227e-01
9.847792387008666992e-01
9.847792387008666992e-01
9.847792387008666992e-01
9.847792387008666992e-01
9.847792387008666992e-01
9.847792387008666992e-01
9.847792387008666992e-01
9.847792387008666992e-01
7.949891090393066406e-01
7.949891090393066406e-01
6.563515663146972656e-01
6.245907545089721680e-01
6.245907545089721680e-01
5.212520360946655273e-01
5.212520360946655273e-01
3.323138356208801270e-01
9.550331234931945801e-01
9.550331234931945801e-01
9.550331234931945801e-01
9.550331234931945801e-01
9.550331234931945801e-01
9.550331234931945801e-01
1.473127603530883789e+00
5.717221498489379883e-01
5.717221498489379883e-01
5.717221498489379883e-01
7.817368507385253906e-01
7.817368507385253906e-01
1.008710026741027832e+00
8.382990360260009766e-01
8.382990360260009766e-01
1.047336578369140625e+00
1.047336578369140625e+00
5.136083364486694336e-01
5.136083364486694336e-01
5.136083364486694336e-01
5.136083364486694336e-01
5.136083364486694336e-01
1.139310002326965332e+00
1.139310002326965332e+00
1.139310002326965332e+00
1.139310002326965332e+00
1.139310002326965332e+00
1.139310002326965332e+00
1.139310002326965332e+00
9.169057607650756836e-01
9.169057607650756836e-01
5.248278379440307617e-01
5.248278379440307617e-01
6.350429654121398926e-01
7.118464708328247070e-01
7.118464708328247070e-01
7.118464708328247070e-01
7.118464708328247070e-01
6.053383350372314453e-01
6.053383350372314453e-01
6.053383350372314453e-01
7.562496066093444824e-01
7.562496066093444824e-01
4.613566696643829346e-01
4.613566696643829346e-01
4.613566696643829346e-01
4.613566696643829346e-01
4.613566696643829346e-01
6.578480601310729980e-01
6.578480601310729980e-01
6.578480601310729980e-01
6.578480601310729980e-01
6.578480601310729980e-01
6.578480601310729980e-01
8.756183385848999023e-01
8.756183385848999023e-01
8.756183385848999023e-01
5.569404363632202148e-01
5.569404363632202148e-01
5.569404363632202148e-01
5.569404363632202148e-01
7.376327514648437500e-01
7.376327514648437500e-01
7.376327514648437500e-01
7.376327514648437500e-01
7.376327514648437500e-01
7.376327514648437500e-01
7.376327514648437500e-01
7.376327514648437500e-01
7.376327514648437500e-01
1.633226633071899414e+00
1.633226633071899414e+00
1.633226633071899414e+00
1.633226633071899414e+00
1.633226633071899414e+00
1.633226633071899414e+00
1.633226633071899414e+00
1.633226633071899414e+00
1.633226633071899414e+00
1.633226633071899414e+00
1.059772253036499023e+00
1.059772253036499023e+00
6.774441003799438477e-01
6.774441003799438477e-01
6.774441003799438477e-01
1.322629213333129883e+00
1.322629213333129883e+00
1.322629213333129883e+00
1.322629213333129883e+00
1.015705347061157227e+00
4.375358819961547852e-01
4.375358819961547852e-01
1.955931544303894043e+00
1.955931544303894043e+00
1.955931544303894043e+00
1.955931544303894043e+00
1.955931544303894043e+00
1.955931544303894043e+00
1.955931544303894043e+00
1.955931544303894043e+00
6.662287712097167969e-01
5.786164999008178711e-01
5.786164999008178711e-01
9.295891523361206055e-01
4.523657858371734619e-01
4.523657858371734619e-01
4.523657858371734619e-01
4.523657858371734619e-01
7.047823667526245117e-01
7.047823667526245117e-01
7.047823667526245117e-01
7.047823667526245117e-01
7.047823667526245117e-01
7.047823667526245117e-01
7.047823667526245117e-01
7.047823667526245117e-01
7.047823667526245117e-01
1.063343286514282227e+00
1.063343286514282227e+00
1.063343286514282227e+00
1.063343286514282227e+00
8.581841588020324707e-01
8.581841588020324707e-01
1.579345345497131348e+00
1.446824312210083008e+00
3.273242712020874023e-01
3.273242712020874023e-01
7.714657783508300781e-01
7.714657783508300781e-01
7.714657783508300781e-01
7.714657783508300781e-01
7.714657783508300781e-01
7.714657783508300781e-01
7.714657783508300781e-01
7.714657783508300781e-01
4.234088659286499023e-01
4.234088659286499023e-01
4.234088659286499023e-01
6.299555301666259766e-01
6.299555301666259766e-01
9.071326255798339844e-01
9.443893432617187500e-01
9.443893432617187500e-01
9.443893432617187500e-01
1.313649177551269531e+00
1.313649177551269531e+00
6.544935703277587891e-01
6.544935703277587891e-01
1.579391598701477051e+00
1.579391598701477051e+00
1.579391598701477051e+00
1.808121562004089355e+00
1.808121562004089355e+00
1.157599568367004395e+00
1.157599568367004395e+00
1.157599568367004395e+00
2.047125816345214844e+00
2.047125816345214844e+00
1.504029512405395508e+00
1.507513523101806641e+00
1.507513523101806641e+00
1.470170021057128906e+00
1.470170021057128906e+00
1.470170021057128906e+00
5.378177762031555176e-01
9.832736849784851074e-01
1.521743059158325195e+00
1.521743059158325195e+00
1.521743059158325195e+00
1.521743059158325195e+00
1.521743059158325195e+00
1.521743059158325195e+00
1.484424471855163574e+00
1.680092096328735352e+00
1.747097253799438477e+00
7.635639905929565430e-01
8.026024103164672852e-01
8.026024103164672852e-01
7.564001679420471191e-01
1.273465037345886230e+00
1.273465037345886230e+00
1.273465037345886230e+00
1.273465037345886230e+00
9.269888401031494141e-01
9.269888401031494141e-01
1.225823640823364258e+00
5.082363486289978027e-01
5.082363486289978027e-01
5.082363486289978027e-01
5.082363486289978027e-01
5.082363486289978027e-01
5.082363486289978027e-01
5.082363486289978027e-01
9.200598001480102539e-01
9.200598001480102539e-01
9.200598001480102539e-01
9.200598001480102539e-01
1.526359319686889648e+00
1.209635257720947266e+00
1.509914517402648926e+00
1.509914517402648926e+00
1.021862387657165527e+00
5.155868530273437500e-01
1.214082241058349609e+00
1.214082241058349609e+00
4.290848970413208008e-01
4.290848970413208008e-01
3.642513453960418701e-01
3.642513453960418701e-01
4.081563353538513184e-01
1.416824340820312500e+00
1.416824340820312500e+00
1.416824340820312500e+00
1.416824340820312500e+00
1.377581000328063965e+00
1.856050968170166016e+00
1.064455747604370117e+00
1.064455747604370117e+00
1.064455747604370117e+00
1.064455747604370117e+00
1.064455747604370117e+00
1.322319626808166504e+00
3.136844635009765625e-01
3.136844635009765625e-01
3.136844635009765625e-01
3.136844635009765625e-01
1.174123167991638184e+00
1.174123167991638184e+00
1.174123167991638184e+00
1.174123167991638184e+00
1.693723201751708984e-01
4.586332142353057861e-01
6.228795051574707031e-01
6.228795051574707031e-01
6.228795051574707031e-01
5.168209075927734375e-01
5.168209075927734375e-01
4.434280991554260254e-01
1.851553916931152344e+00
9.935526251792907715e-01
1.323577404022216797e+00
1.240314006805419922e+00
1.240314006805419922e+00
5.028612017631530762e-01
5.028612017631530762e-01
5.028612017631530762e-01
5.028612017631530762e-01
6.711158752441406250e-01
4.099652767181396484e-01
4.099652767181396484e-01
4.099652767181396484e-01
4.099652767181396484e-01
1.319475650787353516e+00
5.570420026779174805e-01
7.857085466384887695e-01
7.857085466384887695e-01
7.857085466384887695e-01
7.857085466384887695e-01
7.857085466384887695e-01
5.232902765274047852e-01
5.232902765274047852e-01
5.232902765274047852e-01
5.232902765274047852e-01
5.232902765274047852e-01
5.232902765274047852e-01
5.232902765274047852e-01
1.484858870506286621e+00
1.261491656303405762e+00
7.583632469177246094e-01
7.583632469177246094e-01
7.583632469177246094e-01
7.583632469177246094e-01
1.258577823638916016e+00
1.258577823638916016e+00
1.258577823638916016e+00
1.053086042404174805e+00
1.053086042404174805e+00
1.303140044212341309e+00
3.295593261718750000e-01
3.295593261718750000e-01
8.143494129180908203e-01
8.143494129180908203e-01
8.143494129180908203e-01
7.121440172195434570e-01
7.121440172195434570e-01
7.121440172195434570e-01
7.121440172195434570e-01
7.121440172195434570e-01
1.315299868583679199e+00
1.000448226928710938e+00
1.000448226928710938e+00
1.000448226928710938e+00
1.000448226928710938e+00
1.000448226928710938e+00
1.000448226928710938e+00
1.107269406318664551e+00
1.107269406318664551e+00
8.630934953689575195e-01
1.339197874069213867e+00
1.339197874069213867e+00
1.339197874069213867e+00
1.756949424743652344e+00
1.756949424743652344e+00
1.756949424743652344e+00
1.065523147583007812e+00
1.269665479660034180e+00
1.034412264823913574e+00
7.066619396209716797e-01
7.066619396209716797e-01
7.066619396209716797e-01
4.492691457271575928e-01
4.492691457271575928e-01
4.492691457271575928e-01
4.492691457271575928e-01
4.492691457271575928e-01
4.492691457271575928e-01
4.492691457271575928e-01
4.492691457271575928e-01
1.074617147445678711e+00
1.074617147445678711e+00
1.074617147445678711e+00
5.596205592155456543e-01
3.556771874427795410e-01
3.556771874427795410e-01
3.556771874427795410e-01
7.953240871429443359e-01
7.953240871429443359e-01
7.878173589706420898e-01
1.093844890594482422e+00
3.880720138549804688e-01
6.758466362953186035e-01
4.412714242935180664e-01
4.412714242935180664e-01
1.052345752716064453e+00
1.052345752716064453e+00
4.342826008796691895e-01
4.342826008796691895e-01
4.342826008796691895e-01
4.342826008796691895e-01
4.342826008796691895e-01
4.342826008796691895e-01
4.342826008796691895e-01
4.342826008796691895e-01
4.342826008796691895e-01
4.342826008796691895e-01
4.342826008796691895e-01
4.342826008796691895e-01
4.342826008796691895e-01
4.342826008796691895e-01
4.342826008796691895e-01
6.940982341766357422e-01
6.940982341766357422e-01
6.940982341766357422e-01
6.940982341766357422e-01
1.023577213287353516e+00
1.201201200485229492e+00
1.201201200485229492e+00
9.867058992385864258e-01
9.178603291511535645e-01
8.903832435607910156e-01
8.903832435607910156e-01
8.903832435607910156e-01
8.903832435607910156e-01
8.903832435607910156e-01
8.903832435607910156e-01
8.903832435607910156e-01
8.903832435607910156e-01
8.903832435607910156e-01
8.903832435607910156e-01
8.903832435607910156e-01
8.903832435607910156e-01
8.903832435607910156e-01
3.451459407806396484e-01
3.451459407806396484e-01
5.183604359626770020e-01
5.183604359626770020e-01
5.183604359626770020e-01
5.183604359626770020e-01
5.183604359626770020e-01
5.183604359626770020e-01
5.183604359626770020e-01
5.183604359626770020e-01
7.286319732666015625e-01
7.286319732666015625e-01
1.568635225296020508e+00
1.568635225296020508e+00
1.568635225296020508e+00
1.568635225296020508e+00
9.344332814216613770e-01
7.487115263938903809e-01
7.487115263938903809e-01
7.487115263938903809e-01
1.031924128532409668e+00
1.031924128532409668e+00
1.031924128532409668e+00
1.013696312904357910e+00
9.487607479095458984e-01
1.119865536689758301e+00
1.119865536689758301e+00
1.401946544647216797e+00
1.486378669738769531e+00
1.486378669738769531e+00
1.486378669738769531e+00
1.486378669738769531e+00
1.244001507759094238e+00
1.244001507759094238e+00
1.669671535491943359e+00
1.669671535491943359e+00
7.141287922859191895e-01
7.141287922859191895e-01
2.553287446498870850e-01
2.553287446498870850e-01
4.431764483451843262e-01
4.431764483451843262e-01
6.061966419219970703e-01
6.061966419219970703e-01
6.061966419219970703e-01
6.061966419219970703e-01
8.811647891998291016e-01
8.811647891998291016e-01
8.811647891998291016e-01
8.811647891998291016e-01
8.811647891998291016e-01
1.771816968917846680e+00
2.020100355148315430e-01
2.020100355148315430e-01
2.020100355148315430e-01
2.020100355148315430e-01
2.490283250808715820e-01
2.490283250808715820e-01
2.490283250808715820e-01
2.490283250808715820e-01
2.490283250808715820e-01
2.490283250808715820e-01
1.394397854804992676e+00
1.455442428588867188e+00
3.001967668533325195e-01
3.001967668533325195e-01
1.231888294219970703e+00
1.231888294219970703e+00
1.231888294219970703e+00
1.231888294219970703e+00
1.231888294219970703e+00
1.231888294219970703e+00
1.231888294219970703e+00
1.231888294219970703e+00
1.231888294219970703e+00
1.231888294219970703e+00
1.231888294219970703e+00
1.370612978935241699e+00
9.006171822547912598e-01
9.006171822547912598e-01
9.006171822547912598e-01
9.006171822547912598e-01
9.006171822547912598e-01
1.462653875350952148e+00
8.085651397705078125e-01
8.085651397705078125e-01
8.085651397705078125e-01
8.085651397705078125e-01
8.085651397705078125e-01
9.934221506118774414e-01
9.934221506118774414e-01
2.931997776031494141e-01
7.233473062515258789e-01
7.233473062515258789e-01
8.109568953514099121e-01
6.294090747833251953e-01
6.817510724067687988e-01
8.151815533638000488e-01
5.978972315788269043e-01
5.978972315788269043e-01
1.841090679168701172e+00
1.841090679168701172e+00
1.867016792297363281e+00
1.867016792297363281e+00
1.867016792297363281e+00
1.867016792297363281e+00
1.867016792297363281e+00
1.739617824554443359e+00
1.739617824554443359e+00
1.739617824554443359e+00
1.632349014282226562e+00
1.442992448806762695e+00
1.442992448806762695e+00
1.442992448806762695e+00
1.442992448806762695e+00
1.442992448806762695e+00
1.442992448806762695e+00
1.442992448806762695e+00
1.442992448806762695e+00
1.442992448806762695e+00
1.442992448806762695e+00
1.229286193847656250e+00
8.756070137023925781e-01
1.473925352096557617e+00
1.145125269889831543e+00
2.074445486068725586e+00
3.355032205581665039e-01
1.233610391616821289e+00
1.233610391616821289e+00
5.817769169807434082e-01
5.817769169807434082e-01
5.817769169807434082e-01
5.817769169807434082e-01
6.164844036102294922e-01
1.068219542503356934e+00
1.068219542503356934e+00
1.068219542503356934e+00
1.068219542503356934e+00
1.068219542503356934e+00
1.068219542503356934e+00
1.068219542503356934e+00
1.068219542503356934e+00
5.588132143020629883e-01
1.566906869411468506e-01
1.566906869411468506e-01
1.566906869411468506e-01
1.566906869411468506e-01
1.677270650863647461e+00
1.677270650863647461e+00
1.122741937637329102e+00
1.122741937637329102e+00
1.599106907844543457e+00
1.599106907844543457e+00
5.435410737991333008e-01
5.435410737991333008e-01
8.285213708877563477e-01
7.127517461776733398e-01
7.127517461776733398e-01
7.127517461776733398e-01
7.364339828491210938e-01
7.364339828491210938e-01
7.364339828491210938e-01
7.364339828491210938e-01
7.364339828491210938e-01
7.364339828491210938e-01
4.833139479160308838e-01
1.182496666908264160e+00
3.181421756744384766e+00
3.181421756744384766e+00
2.427909374237060547e+00
1.103602051734924316e+00
1.103602051734924316e+00
1.103602051734924316e+00
1.103602051734924316e+00
1.103602051734924316e+00
1.103602051734924316e+00
1.103602051734924316e+00
1.103602051734924316e+00
9.334911108016967773e-01
9.334911108016967773e-01
5.308349132537841797e-01
5.308349132537841797e-01
5.308349132537841797e-01
5.308349132537841797e-01
5.308349132537841797e-01
5.308349132537841797e-01
5.308349132537841797e-01
5.308349132537841797e-01
5.308349132537841797e-01
6.179455518722534180e-01
4.788991212844848633e-01
1.012445926666259766e+00
1.012445926666259766e+00
1.012445926666259766e+00
1.025075674057006836e+00
7.905504107475280762e-01
1.284737586975097656e+00
7.263187766075134277e-01
7.795594930648803711e-01
7.795594930648803711e-01
2.078500390052795410e-01
2.078500390052795410e-01
2.071141004562377930e+00
8.246359825134277344e-01
4.317725896835327148e-01
1.189390897750854492e+00
9.802864193916320801e-01
3.981562852859497070e-01
3.981562852859497070e-01
3.981562852859497070e-01
3.981562852859497070e-01
3.981562852859497070e-01
3.981562852859497070e-01
3.073966801166534424e-01
3.073966801166534424e-01
3.374091684818267822e-01
3.374091684818267822e-01
4.855614900588989258e-01
2.879080474376678467e-01
2.879080474376678467e-01
2.879080474376678467e-01
2.879080474376678467e-01
2.879080474376678467e-01
2.879080474376678467e-01
8.932780027389526367e-01
8.932780027389526367e-01
1.489211559295654297e+00
1.489211559295654297e+00
1.535729408264160156e+00
1.535729408264160156e+00
1.535729408264160156e+00
1.535729408264160156e+00
1.535729408264160156e+00
1.535729408264160156e+00
1.251764297485351562e+00
1.065799713134765625e+00
8.671439290046691895e-01
8.989760875701904297e-01
9.017180800437927246e-01
9.017180800437927246e-01
9.017180800437927246e-01
9.017180800437927246e-01
8.000028729438781738e-01
1.231751918792724609e+00
1.231751918792724609e+00
5.030154585838317871e-01
5.030154585838317871e-01
1.401211857795715332e+00
1.401211857795715332e+00
1.401211857795715332e+00
1.722897171974182129e+00
1.722897171974182129e+00
7.907487154006958008e-01
2.042000293731689453e-01
2.042000293731689453e-01
2.042000293731689453e-01
5.627527236938476562e-01
5.627527236938476562e-01
5.627527236938476562e-01
6.542738676071166992e-01
6.542738676071166992e-01
6.542738676071166992e-01
6.542738676071166992e-01
6.542738676071166992e-01
6.542738676071166992e-01
6.493209004402160645e-01
6.493209004402160645e-01
6.493209004402160645e-01
6.493209004402160645e-01
6.493209004402160645e-01
6.493209004402160645e-01
6.493209004402160645e-01
6.493209004402160645e-01
4.785717129707336426e-01
6.560715436935424805e-01
6.560715436935424805e-01
6.560715436935424805e-01
6.560715436935424805e-01
6.560715436935424805e-01
9.109904170036315918e-01
9.109904170036315918e-01
9.109904170036315918e-01
1.445027351379394531e+00
1.524795532226562500e+00
1.738556385040283203e+00
1.738556385040283203e+00
1.738556385040283203e+00
8.447958230972290039e-01
8.447958230972290039e-01
8.447958230972290039e-01
8.447958230972290039e-01
8.447958230972290039e-01
8.447958230972290039e-01
8.447958230972290039e-01
8.447958230972290039e-01
8.447958230972290039e-01
8.447958230972290039e-01
8.447958230972290039e-01
8.447958230972290039e-01
8.447958230972290039e-01
8.447958230972290039e-01
8.447958230972290039e-01
8.447958230972290039e-01
1.195907473564147949e+00
1.195907473564147949e+00
5.560922026634216309e-01
5.376120209693908691e-01
4.694203436374664307e-01
1.656642317771911621e+00
1.662163734436035156e-01
1.662163734436035156e-01
1.662163734436035156e-01
2.040801048278808594e-01
2.040801048278808594e-01
3.881126642227172852e-01
3.881126642227172852e-01
3.881126642227172852e-01
9.279970526695251465e-01
9.279970526695251465e-01
1.095852136611938477e+00
1.016084194183349609e+00
1.016084194183349609e+00
1.016084194183349609e+00
1.259519219398498535e+00
1.259519219398498535e+00
1.259519219398498535e+00
1.148330926895141602e+00
1.808243751525878906e+00
1.808243751525878906e+00
1.808243751525878906e+00
1.913499116897583008e+00
1.913499116897583008e+00
2.337675333023071289e+00
2.337675333023071289e+00
2.337675333023071289e+00
2.063646078109741211e+00
1.689450263977050781e+00
5.468796491622924805e-01
6.669960618019104004e-01
6.669960618019104004e-01
8.530305624008178711e-01
8.530305624008178711e-01
8.530305624008178711e-01
8.530305624008178711e-01
8.530305624008178711e-01
8.530305624008178711e-01
7.001131176948547363e-01
7.001131176948547363e-01
7.001131176948547363e-01
2.168109893798828125e+00
1.003367900848388672e+00
1.003367900848388672e+00
1.405912756919860840e+00
7.780342698097229004e-01
3.289885818958282471e-01
3.289885818958282471e-01
3.289885818958282471e-01
3.289885818958282471e-01
5.276786088943481445e-01
5.276786088943481445e-01
5.276786088943481445e-01
5.276786088943481445e-01
6.487858891487121582e-01
6.487858891487121582e-01
4.806890487670898438e-01
4.806890487670898438e-01
4.806890487670898438e-01
4.806890487670898438e-01
4.806890487670898438e-01
4.806890487670898438e-01
4.806890487670898438e-01
4.806890487670898438e-01
4.806890487670898438e-01
7.790152430534362793e-01
7.790152430534362793e-01
7.979818582534790039e-01
5.220032334327697754e-01
5.220032334327697754e-01
5.220032334327697754e-01
5.220032334327697754e-01
9.583296775817871094e-01
9.583296775817871094e-01
9.583296775817871094e-01
9.583296775817871094e-01
9.583296775817871094e-01
9.583296775817871094e-01
9.583296775817871094e-01
9.583296775817871094e-01
9.242174625396728516e-01
9.242174625396728516e-01
9.242174625396728516e-01
9.242174625396728516e-01
9.242174625396728516e-01
9.242174625396728516e-01
9.242174625396728516e-01
9.242174625396728516e-01
9.242174625396728516e-01
9.242174625396728516e-01
9.242174625396728516e-01
5.494710206985473633e-01
5.494710206985473633e-01
5.494710206985473633e-01
5.494710206985473633e-01
5.494710206985473633e-01
5.494710206985473633e-01
5.494710206985473633e-01
5.494710206985473633e-01
9.889403581619262695e-01
9.889403581619262695e-01
9.889403581619262695e-01
9.889403581619262695e-01
1.536341428756713867e+00
1.852569341659545898e+00
1.852569341659545898e+00
1.852569341659545898e+00
1.852569341659545898e+00
1.852569341659545898e+00
1.852569341659545898e+00
1.607810258865356445e+00
1.607810258865356445e+00
1.663861870765686035e+00
1.735007882118225098e+00
1.748617887496948242e+00
1.380387067794799805e+00
1.380387067794799805e+00
1.380387067794799805e+00
1.380387067794799805e+00
1.380387067794799805e+00
1.380387067794799805e+00
1.328755974769592285e+00
5.265595316886901855e-01
2.165682911872863770e-01
2.165682911872863770e-01
3.208584785461425781e-01
3.208584785461425781e-01
6.995358467102050781e-01
6.995358467102050781e-01
5.529247522354125977e-01
1.247989773750305176e+00
1.247989773750305176e+00
1.247989773750305176e+00
5.427994132041931152e-01
5.427994132041931152e-01
1.760814189910888672e-01
3.138883709907531738e-01
7.519403696060180664e-01
1.306359410285949707e+00
1.256808876991271973e+00
1.256284475326538086e+00
1.256284475326538086e+00
1.256284475326538086e+00
1.256284475326538086e+00
1.256284475326538086e+00
1.256284475326538086e+00
8.645269870758056641e-01
8.645269870758056641e-01
7.377730607986450195e-01
7.377730607986450195e-01
1.140227317810058594e+00
1.140227317810058594e+00
8.319329619407653809e-01
6.480742692947387695e-01
1.158976554870605469e+00
6.363489031791687012e-01
6.363489031791687012e-01
6.363489031791687012e-01
6.363489031791687012e-01
6.363489031791687012e-01
6.363489031791687012e-01
6.363489031791687012e-01
6.363489031791687012e-01
6.363489031791687012e-01
6.363489031791687012e-01
6.363489031791687012e-01
6.363489031791687012e-01
6.363489031791687012e-01
6.363489031791687012e-01
6.363489031791687012e-01
6.363489031791687012e-01
6.363489031791687012e-01
6.363489031791687012e-01
6.363489031791687012e-01
6.363489031791687012e-01
6.363489031791687012e-01
1.062517285346984863e+00
7.741756439208984375e-01
5.591583847999572754e-01
5.591583847999572754e-01
6.886980533599853516e-01
6.886980533599853516e-01
6.886980533599853516e-01
1.517096161842346191e-01
2.224713087081909180e+00
2.224713087081909180e+00
2.224713087081909180e+00
2.085396766662597656e+00
1.929797172546386719e+00
6.878335475921630859e-01
4.642716050148010254e-01
2.852132618427276611e-01
1.610922574996948242e+00
1.610922574996948242e+00
1.610922574996948242e+00
1.610922574996948242e+00
1.610922574996948242e+00
8.439744710922241211e-01
1.118421912193298340e+00
1.634805917739868164e+00
1.451554179191589355e+00
1.451554179191589355e+00
1.451554179191589355e+00
4.696453809738159180e-01
4.696453809738159180e-01
8.525633811950683594e-01
8.525633811950683594e-01
1.345266342163085938e+00
1.723333954811096191e+00
1.028869628906250000e+00
4.603528380393981934e-01
4.603528380393981934e-01
1.452495694160461426e+00
4.549031853675842285e-01
4.549031853675842285e-01
4.549031853675842285e-01
4.549031853675842285e-01
4.549031853675842285e-01
4.549031853675842285e-01
4.549031853675842285e-01
4.549031853675842285e-01
4.549031853675842285e-01
1.036170244216918945e+00
1.036170244216918945e+00
1.036170244216918945e+00
5.861642360687255859e-01
5.861642360687255859e-01
5.861642360687255859e-01
6.471351981163024902e-01
1.037105917930603027e+00
1.037105917930603027e+00
1.037105917930603027e+00
1.037105917930603027e+00
1.037105917930603027e+00
1.037105917930603027e+00
1.037105917930603027e+00
9.452831745147705078e-01
3.138836026191711426e-01
1.301998257637023926e+00
1.301998257637023926e+00
1.523465752601623535e+00
1.520593523979187012e+00
1.520593523979187012e+00
5.209025740623474121e-01
5.933433771133422852e-01
3.397167026996612549e-01
3.397167026996612549e-01
3.397167026996612549e-01
7.158778905868530273e-01
7.158778905868530273e-01
7.158778905868530273e-01
7.158778905868530273e-01
7.158778905868530273e-01
7.158778905868530273e-01
7.158778905868530273e-01
2.681261897087097168e-01
2.681261897087097168e-01
2.681261897087097168e-01
2.681261897087097168e-01
3.949397802352905273e-01
3.949397802352905273e-01
3.949397802352905273e-01
9.879891276359558105e-01
9.879891276359558105e-01
5.779002308845520020e-01
5.779002308845520020e-01
7.174348235130310059e-01
7.174348235130310059e-01
7.174348235130310059e-01
2.865181565284729004e-01
2.865181565284729004e-01
1.318200826644897461e+00
1.286161184310913086e+00
1.286161184310913086e+00
6.839985251426696777e-01
1.101771593093872070e+00
1.012287855148315430e+00
1.141044497489929199e+00
1.027800679206848145e+00
1.045289993286132812e+00
1.592877030372619629e+00
8.417600989341735840e-01
8.417600989341735840e-01
8.417600989341735840e-01
8.417600989341735840e-01
8.417600989341735840e-01
8.417600989341735840e-01
8.417600989341735840e-01
4.949551820755004883e-01
6.943662762641906738e-01
6.943662762641906738e-01
8.217172026634216309e-01
4.211816191673278809e-01
4.211816191673278809e-01
4.211816191673278809e-01
4.211816191673278809e-01
4.211816191673278809e-01
4.211816191673278809e-01
4.211816191673278809e-01
9.645698070526123047e-01
1.267877817153930664e+00
1.267877817153930664e+00
9.632043838500976562e-01
1.757768630981445312e+00
1.757768630981445312e+00
1.846457481384277344e+00
1.294920206069946289e+00
1.294920206069946289e+00
1.294920206069946289e+00
7.629801034927368164e-01
4.356209039688110352e-01
4.356209039688110352e-01
4.356209039688110352e-01
4.356209039688110352e-01
4.356209039688110352e-01
4.356209039688110352e-01
4.356209039688110352e-01
4.356209039688110352e-01
4.356209039688110352e-01
4.356209039688110352e-01
4.356209039688110352e-01
1.619266986846923828e+00
1.619266986846923828e+00
1.619266986846923828e+00
1.619266986846923828e+00
8.044812679290771484e-01
8.044812679290771484e-01
8.044812679290771484e-01
8.318064212799072266e-01
8.318064212799072266e-01
1.842251777648925781e+00
2.880302667617797852e-01
2.880302667617797852e-01
2.880302667617797852e-01
2.080997824668884277e-01
2.080997824668884277e-01
1.736961364746093750e+00
1.736961364746093750e+00
1.736961364746093750e+00
1.736961364746093750e+00
1.736961364746093750e+00
1.829944372177124023e+00
1.255834579467773438e+00
1.255834579467773438e+00
1.255834579467773438e+00
1.255834579467773438e+00
8.010563850402832031e-01
5.247402191162109375e-01
5.247402191162109375e-01
5.290920138359069824e-01
5.290920138359069824e-01
5.290920138359069824e-01
5.290920138359069824e-01
5.290920138359069824e-01
9.092243909835815430e-01
7.794557809829711914e-01
7.794557809829711914e-01
7.794557809829711914e-01
7.794557809829711914e-01
4.816286563873291016e-01
4.816286563873291016e-01
4.816286563873291016e-01
4.816286563873291016e-01
1.049829721450805664e+00
1.056742310523986816e+00
1.056742310523986816e+00
1.056742310523986816e+00
1.056742310523986816e+00
1.056742310523986816e+00
1.056742310523986816e+00
1.056742310523986816e+00
1.264567255973815918e+00
1.202054858207702637e+00
9.338167905807495117e-01
9.338167905807495117e-01
9.338167905807495117e-01
9.338167905807495117e-01
9.338167905807495117e-01
4.644721448421478271e-01
8.487652540206909180e-01
9.614856839179992676e-01
9.614856839179992676e-01
9.614856839179992676e-01
1.080128669738769531e+00
6.188689470291137695e-01
6.188689470291137695e-01
6.188689470291137695e-01
9.288240671157836914e-01
9.288240671157836914e-01
9.288240671157836914e-01
1.300603270530700684e+00
1.300603270530700684e+00
1.300603270530700684e+00
1.300603270530700684e+00
7.733878493309020996e-01
6.522885560989379883e-01
9.473084211349487305e-01
1.071923971176147461e+00
1.166248798370361328e+00
1.166248798370361328e+00
1.166248798370361328e+00
1.597338914871215820e-01
1.597338914871215820e-01
1.597338914871215820e-01
1.284154534339904785e+00
1.393734455108642578e+00
7.263829708099365234e-01
7.263829708099365234e-01
7.263829708099365234e-01
7.263829708099365234e-01
7.263829708099365234e-01
7.263829708099365234e-01
7.263829708099365234e-01
7.263829708099365234e-01
7.263829708099365234e-01
7.263829708099365234e-01
7.263829708099365234e-01
7.263829708099365234e-01
7.263829708099365234e-01
7.263829708099365234e-01
7.263829708099365234e-01
7.263829708099365234e-01
7.263829708099365234e-01
7.263829708099365234e-01
7.263829708099365234e-01
7.263829708099365234e-01
1.186786651611328125e+00
4.128648042678833008e-01
4.128648042678833008e-01
4.128648042678833008e-01
4.128648042678833008e-01
4.128648042678833008e-01
4.128648042678833008e-01
9.291867017745971680e-01
9.291867017745971680e-01
8.395138978958129883e-01
1.177545189857482910e+00
1.177545189857482910e+00
5.933715701103210449e-01
7.944790124893188477e-01
5.292286872863769531e-01
5.292286872863769531e-01
5.292286872863769531e-01
9.216986894607543945e-01
9.216986894607543945e-01
9.216986894607543945e-01
2.743262648582458496e-01
1.777765899896621704e-01
1.777765899896621704e-01
1.402093172073364258e+00
7.531089186668395996e-01
7.531089186668395996e-01
7.531089186668395996e-01
7.531089186668395996e-01
7.531089186668395996e-01
5.572737455368041992e-01
5.572737455368041992e-01
4.847834110260009766e-01
8.513517379760742188e-01
8.513517379760742188e-01
6.305243372917175293e-01
6.305243372917175293e-01
6.305243372917175293e-01
6.305243372917175293e-01
6.860469579696655273e-01
6.860469579696655273e-01
6.860469579696655273e-01
6.860469579696655273e-01
6.860469579696655273e-01
6.860469579696655273e-01
6.860469579696655273e-01
6.860469579696655273e-01
1.230711102485656738e+00
1.230711102485656738e+00
1.230711102485656738e+00
1.230711102485656738e+00
1.339636087417602539e+00
5.321862697601318359e-01
5.321862697601318359e-01
5.321862697601318359e-01
5.321862697601318359e-01
5.321862697601318359e-01
5.321862697601318359e-01
3.985657691955566406e-01
3.985657691955566406e-01
3.985657691955566406e-01
3.985657691955566406e-01
8.354339599609375000e-01
1.735347628593444824e+00
1.760628581047058105e+00
1.760628581047058105e+00
8.925936222076416016e-01
5.132576823234558105e-01
5.132576823234558105e-01
5.132576823234558105e-01
5.132576823234558105e-01
5.132576823234558105e-01
1.165322065353393555e+00
8.060667514801025391e-01
8.060667514801025391e-01
8.060667514801025391e-01
8.060667514801025391e-01
8.060667514801025391e-01
8.060667514801025391e-01
8.060667514801025391e-01
8.060667514801025391e-01
8.060667514801025391e-01
1.029148221015930176e+00
1.029148221015930176e+00
1.029148221015930176e+00
1.029148221015930176e+00
1.029148221015930176e+00
1.029148221015930176e+00
1.029148221015930176e+00
1.029148221015930176e+00
1.029148221015930176e+00
7.407838106155395508e-01
9.050521850585937500e-01
9.050521850585937500e-01
9.050521850585937500e-01
9.050521850585937500e-01
9.050521850585937500e-01
1.102224707603454590e+00
3.849586844444274902e-01
1.134150028228759766e+00
1.134150028228759766e+00
8.774245977401733398e-01
5.530196428298950195e-01
5.710211396217346191e-01
7.996869087219238281e-01
7.996869087219238281e-01
7.996869087219238281e-01
7.996869087219238281e-01
3.265706300735473633e-01
3.265706300735473633e-01
3.265706300735473633e-01
3.265706300735473633e-01
5.133103132247924805e-01
5.133103132247924805e-01
5.133103132247924805e-01
5.133103132247924805e-01
1.506679058074951172e+00
1.506679058074951172e+00
9.566081166267395020e-01
9.566081166267395020e-01
9.566081166267395020e-01
9.566081166267395020e-01
9.566081166267395020e-01
9.566081166267395020e-01
9.566081166267395020e-01
9.566081166267395020e-01
9.566081166267395020e-01
9.566081166267395020e-01
9.566081166267395020e-01
9.566081166267395020e-01
9.566081166267395020e-01
1.432234883308410645e+00
1.432234883308410645e+00
1.432234883308410645e+00
1.260075926780700684e+00
1.260075926780700684e+00
1.260075926780700684e+00
1.260075926780700684e+00
4.420376420021057129e-01
4.420376420021057129e-01
4.420376420021057129e-01
4.420376420021057129e-01
4.420376420021057129e-01
4.420376420021057129e-01
4.420376420021057129e-01
6.734278202056884766e-01
6.082568764686584473e-01
1.039591670036315918e+00
6.331834793090820312e-01
6.331834793090820312e-01
6.331834793090820312e-01
6.331834793090820312e-01
6.331834793090820312e-01
6.331834793090820312e-01
1.256027460098266602e+00
1.256027460098266602e+00
1.256027460098266602e+00
1.033892154693603516e+00
7.184609174728393555e-01
7.184609174728393555e-01
4.904813170433044434e-01
7.476015090942382812e-01
7.476015090942382812e-01
8.703560233116149902e-01
8.703560233116149902e-01
1.292736887931823730e+00
1.640626192092895508e+00
1.640626192092895508e+00
1.640626192092895508e+00
1.711789250373840332e+00
1.097233295440673828e+00
1.263081073760986328e+00
1.263081073760986328e+00
1.263081073760986328e+00
1.212950706481933594e+00
1.212950706481933594e+00
6.044880747795104980e-01
6.044880747795104980e-01
5.310914516448974609e-01
5.310914516448974609e-01
5.310914516448974609e-01
1.092081785202026367e+00
1.092081785202026367e+00
1.092081785202026367e+00
1.092081785202026367e+00
1.092081785202026367e+00
1.092081785202026367e+00
1.085682392120361328e+00
1.085682392120361328e+00
1.121489644050598145e+00
1.121489644050598145e+00
1.121489644050598145e+00
1.121489644050598145e+00
1.121489644050598145e+00
5.477511286735534668e-01
2.637405991554260254e-01
2.637405991554260254e-01
2.637405991554260254e-01
2.637405991554260254e-01
2.637405991554260254e-01
2.637405991554260254e-01
2.637405991554260254e-01
2.637405991554260254e-01
3.612191975116729736e-01
3.612191975116729736e-01
3.612191975116729736e-01
1.303822278976440430e+00
1.303822278976440430e+00
7.583164572715759277e-01
7.583164572715759277e-01
7.583164572715759277e-01
7.583164572715759277e-01
1.207792520523071289e+00
1.207792520523071289e+00
1.207792520523071289e+00
5.447419285774230957e-01
5.447419285774230957e-01
5.447419285774230957e-01
5.447419285774230957e-01
5.447419285774230957e-01
5.447419285774230957e-01
1.108710050582885742e+00
1.108710050582885742e+00
6.627213954925537109e-01
1.016651511192321777e+00
1.016651511192321777e+00
1.309771776199340820e+00
1.360713601112365723e+00
1.360713601112365723e+00
1.360713601112365723e+00
1.360713601112365723e+00
1.360713601112365723e+00
1.360713601112365723e+00
1.033481597900390625e+00
1.173068881034851074e+00
1.173068881034851074e+00
4.079770445823669434e-01
1.144925951957702637e+00
1.544194579124450684e+00
1.544194579124450684e+00
1.544194579124450684e+00
1.544194579124450684e+00
1.544194579124450684e+00
1.544194579124450684e+00
1.544194579124450684e+00
8.398252725601196289e-01
8.398252725601196289e-01
8.398252725601196289e-01
8.398252725601196289e-01
8.398252725601196289e-01
9.373173117637634277e-01
9.373173117637634277e-01
4.220247268676757812e-01
4.220247268676757812e-01
4.220247268676757812e-01
4.220247268676757812e-01
9.334089756011962891e-01
9.334089756011962891e-01
9.334089756011962891e-01
9.334089756011962891e-01
9.334089756011962891e-01
9.334089756011962891e-01
9.334089756011962891e-01
9.334089756011962891e-01
9.334089756011962891e-01
9.334089756011962891e-01
1.429518580436706543e+00
1.429518580436706543e+00
1.429518580436706543e+00
1.429518580436706543e+00
1.429518580436706543e+00
1.429518580436706543e+00
1.429518580436706543e+00
1.429518580436706543e+00
7.103126049041748047e-01
7.392279505729675293e-01
7.392279505729675293e-01
7.392279505729675293e-01
7.392279505729675293e-01
7.392279505729675293e-01
7.392279505729675293e-01
7.392279505729675293e-01
7.392279505729675293e-01
9.736223220825195312e-01
9.736223220825195312e-01
1.115549564361572266e+00
1.115549564361572266e+00
7.602766752243041992e-01
5.019170045852661133e-01
5.019170045852661133e-01
5.019170045852661133e-01
6.442968249320983887e-01
6.442968249320983887e-01
6.442968249320983887e-01
6.442968249320983887e-01
6.442968249320983887e-01
6.120766401290893555e-01
6.149848103523254395e-01
5.216027498245239258e-01
3.110992312431335449e-01
1.141326665878295898e+00
1.141326665878295898e+00
1.141326665878295898e+00
1.141326665878295898e+00
1.141326665878295898e+00
4.300131201744079590e-01
4.300131201744079590e-01
4.300131201744079590e-01
4.300131201744079590e-01
4.300131201744079590e-01
1.212054014205932617e+00
6.956445574760437012e-01
6.956445574760437012e-01
6.956445574760437012e-01
6.956445574760437012e-01
6.956445574760437012e-01
6.956445574760437012e-01
9.258341193199157715e-01
1.201402902603149414e+00
1.201402902603149414e+00
5.465920567512512207e-01
1.241106033325195312e+00
1.241106033325195312e+00
1.241106033325195312e+00
1.575137972831726074e+00
1.575137972831726074e+00
1.533877491950988770e+00
1.086170554161071777e+00
1.086170554161071777e+00
1.086170554161071777e+00
9.176194667816162109e-01
6.153993010520935059e-01
6.153993010520935059e-01
6.153993010520935059e-01
6.153993010520935059e-01
6.153993010520935059e-01
3.364562392234802246e-01
8.166241645812988281e-01
5.716311335563659668e-01
8.618375062942504883e-01
8.618375062942504883e-01
2.001083850860595703e+00
2.001083850860595703e+00
2.001083850860595703e+00
1.930684924125671387e+00
1.930684924125671387e+00
1.930684924125671387e+00
1.930684924125671387e+00
1.930684924125671387e+00
1.930684924125671387e+00
1.930684924125671387e+00
1.930684924125671387e+00
1.762617349624633789e+00
1.762617349624633789e+00
1.762617349624633789e+00
1.762617349624633789e+00
1.585781574249267578e+00
1.585781574249267578e+00
1.585781574249267578e+00
1.585781574249267578e+00
1.367009043693542480e+00
1.367009043693542480e+00
1.367009043693542480e+00
1.559510231018066406e+00
1.559510231018066406e+00
1.559510231018066406e+00
1.559510231018066406e+00
1.559510231018066406e+00
1.559510231018066406e+00
1.559510231018066406e+00
1.112874746322631836e+00
1.112874746322631836e+00
1.112874746322631836e+00
5.220029354095458984e-01
5.220029354095458984e-01
5.220029354095458984e-01
5.220029354095458984e-01
5.220029354095458984e-01
5.220029354095458984e-01
5.220029354095458984e-01
5.220029354095458984e-01
5.220029354095458984e-01
5.220029354095458984e-01
5.220029354095458984e-01
9.405513405799865723e-01
5.617419481277465820e-01
5.032564401626586914e-01
5.032564401626586914e-01
5.032564401626586914e-01
9.688390493392944336e-01
9.688390493392944336e-01
7.231475114822387695e-01
7.231475114822387695e-01
7.231475114822387695e-01
7.231475114822387695e-01
7.231475114822387695e-01
7.231475114822387695e-01
7.231475114822387695e-01
7.231475114822387695e-01
7.231475114822387695e-01
7.231475114822387695e-01
7.231475114822387695e-01
1.634903430938720703e+00
1.634903430938720703e+00
1.634903430938720703e+00
1.545600295066833496e+00
1.545600295066833496e+00
5.680749416351318359e-01
5.680749416351318359e-01
5.680749416351318359e-01
5.680749416351318359e-01
8.789415955543518066e-01
8.121857643127441406e-01
9.510094523429870605e-01
9.510094523429870605e-01
5.965197682380676270e-01
5.965197682380676270e-01
5.965197682380676270e-01
5.965197682380676270e-01
1.915812969207763672e+00
1.915812969207763672e+00
1.405305981636047363e+00
8.211904168128967285e-01
1.412570714950561523e+00
1.719317197799682617e+00
1.719317197799682617e+00
1.719317197799682617e+00
1.719317197799682617e+00
1.719317197799682617e+00
1.719317197799682617e+00
1.719317197799682617e+00
6.945052146911621094e-01
6.945052146911621094e-01
6.945052146911621094e-01
6.945052146911621094e-01
6.945052146911621094e-01
6.945052146911621094e-01
6.945052146911621094e-01
6.945052146911621094e-01
6.945052146911621094e-01
6.945052146911621094e-01
6.945052146911621094e-01
6.945052146911621094e-01
6.945052146911621094e-01
6.945052146911621094e-01
6.770103573799133301e-01
8.728572130203247070e-01
8.728572130203247070e-01
7.413377761840820312e-01
7.413377761840820312e-01
7.413377761840820312e-01
7.413377761840820312e-01
7.413377761840820312e-01
1.310225009918212891e+00
1.905441761016845703e+00
1.905441761016845703e+00
2.408044099807739258e+00
1.470579862594604492e+00
1.082277536392211914e+00
1.082277536392211914e+00
1.082277536392211914e+00
1.082277536392211914e+00
1.082277536392211914e+00
5.300196409225463867e-01
5.300196409225463867e-01
8.490689992904663086e-01
1.030476093292236328e+00
1.030476093292236328e+00
1.030476093292236328e+00
1.030476093292236328e+00
8.123009800910949707e-01
8.123009800910949707e-01
8.123009800910949707e-01
8.123009800910949707e-01
4.515340030193328857e-01
4.515340030193328857e-01
4.515340030193328857e-01
3.213919401168823242e-01
1.689624071121215820e+00
7.212501168251037598e-01
4.274574518203735352e-01
4.190163016319274902e-01
4.190163016319274902e-01
4.190163016319274902e-01
4.190163016319274902e-01
4.190163016319274902e-01
4.190163016319274902e-01
4.190163016319274902e-01
3.201251327991485596e-01
3.201251327991485596e-01
1.098742485046386719e+00
1.098742485046386719e+00
7.248109579086303711e-01
1.015795707702636719e+00
1.215690135955810547e+00
1.378175973892211914e+00
5.231825709342956543e-01
5.231825709342956543e-01
5.231825709342956543e-01
5.231825709342956543e-01
5.231825709342956543e-01
4.585848152637481689e-01
4.585848152637481689e-01
4.585848152637481689e-01
4.585848152637481689e-01
6.318533420562744141e-01
6.318533420562744141e-01
6.318533420562744141e-01
6.318533420562744141e-01
6.318533420562744141e-01
3.275709748268127441e-01
3.275709748268127441e-01
1.231782883405685425e-01
1.039701700210571289e+00
1.039701700210571289e+00
1.039701700210571289e+00
1.039701700210571289e+00
1.168987989425659180e+00
1.248156905174255371e+00
1.248156905174255371e+00
1.248156905174255371e+00
1.248156905174255371e+00
9.045966267585754395e-01
1.470237255096435547e+00
8.796744346618652344e-01
8.535966873168945312e-01
6.068740487098693848e-01
6.068740487098693848e-01
5.722815990447998047e-01
5.722815990447998047e-01
6.906741261482238770e-01
1.729790687561035156e+00
5.048435926437377930e-01
1.132913112640380859e+00
1.132913112640380859e+00
1.132913112640380859e+00
1.132913112640380859e+00
1.493954062461853027e+00
1.299699664115905762e+00
1.299699664115905762e+00
1.299699664115905762e+00
1.299699664115905762e+00
1.299699664115905762e+00
1.299699664115905762e+00
1.210471987724304199e+00
1.210471987724304199e+00
1.210471987724304199e+00
1.210471987724304199e+00
5.360425710678100586e-01
1.154309272766113281e+00
1.154309272766113281e+00
1.154309272766113281e+00
1.154309272766113281e+00
1.154309272766113281e+00
1.154309272766113281e+00
1.154309272766113281e+00
1.000507235527038574e+00
1.000507235527038574e+00
8.134981393814086914e-01
8.134981393814086914e-01
8.134981393814086914e-01
8.134981393814086914e-01
8.134981393814086914e-01
1.008680105209350586e+00
1.008680105209350586e+00
1.008680105209350586e+00
1.008680105209350586e+00
1.008680105209350586e+00
1.563860774040222168e-01
1.563860774040222168e-01
1.563860774040222168e-01
1.563860774040222168e-01
9.399412870407104492e-01
9.399412870407104492e-01
9.399412870407104492e-01
3.919008374214172363e-01
3.919008374214172363e-01
7.146562933921813965e-01
7.146562933921813965e-01
7.146562933921813965e-01
7.146562933921813965e-01
7.146562933921813965e-01
7.146562933921813965e-01
5.903737545013427734e-01
5.903737545013427734e-01
1.998717904090881348e+00
1.998717904090881348e+00
7.929151058197021484e-01
7.929151058197021484e-01
1.362694263458251953e+00
1.362694263458251953e+00
1.285893917083740234e+00
1.285893917083740234e+00
1.285893917083740234e+00
9.594386816024780273e-01
9.880591630935668945e-01
9.880591630935668945e-01
9.880591630935668945e-01
9.880591630935668945e-01
9.880591630935668945e-01
2.684698700904846191e-01
8.133035898208618164e-01
5.195803046226501465e-01
5.195803046226501465e-01
1.150663375854492188e+00
5.033782720565795898e-01
5.033782720565795898e-01
5.033782720565795898e-01
5.033782720565795898e-01
5.033782720565795898e-01
5.033782720565795898e-01
5.033782720565795898e-01
5.033782720565795898e-01
5.653130412101745605e-01
5.653130412101745605e-01
5.653130412101745605e-01
8.782683610916137695e-01
8.782683610916137695e-01
1.079016447067260742e+00
2.094427108764648438e+00
2.094427108764648438e+00
1.539823651313781738e+00
3.576190471649169922e-01
3.576190471649169922e-01
1.252396583557128906e+00
1.113338351249694824e+00
1.113338351249694824e+00
1.113338351249694824e+00
1.113338351249694824e+00
1.113338351249694824e+00
3.048118948936462402e-01
3.048118948936462402e-01
3.048118948936462402e-01
3.048118948936462402e-01
1.622709989547729492e+00
1.076804161071777344e+00
1.076804161071777344e+00
1.076804161071777344e+00
1.076804161071777344e+00
1.995489835739135742e+00
1.995489835739135742e+00
1.995489835739135742e+00
5.523066520690917969e-01
5.523066520690917969e-01
9.393838644027709961e-01
5.644123554229736328e-01
5.644123554229736328e-01
5.644123554229736328e-01
5.644123554229736328e-01
5.644123554229736328e-01
5.644123554229736328e-01
5.644123554229736328e-01
5.644123554229736328e-01
5.644123554229736328e-01
5.644123554229736328e-01
7.944453358650207520e-01
7.944453358650207520e-01
7.944453358650207520e-01
3.501799702644348145e-01
3.501799702644348145e-01
3.502556979656219482e-01
3.502556979656219482e-01
6.559516787528991699e-01
6.559516787528991699e-01
6.559516787528991699e-01
8.115032315254211426e-01
1.221532821655273438e+00
1.077983617782592773e+00
5.532637238502502441e-01
5.532637238502502441e-01
1.086195588111877441e+00
1.086195588111877441e+00
4.980204105377197266e-01
4.980204105377197266e-01
4.980204105377197266e-01
4.980204105377197266e-01
4.980204105377197266e-01
4.980204105377197266e-01
1.285279512405395508e+00
1.285279512405395508e+00
1.285279512405395508e+00
1.285279512405395508e+00
1.262506008148193359e+00
1.858929038047790527e+00
1.287832975387573242e+00
1.287832975387573242e+00
4.521706104278564453e-01
4.521706104278564453e-01
6.028677821159362793e-01
5.330714583396911621e-01
5.330714583396911621e-01
9.107943177223205566e-01
9.107943177223205566e-01
9.842836856842041016e-01
9.842836856842041016e-01
9.842836856842041016e-01
9.842836856842041016e-01
9.329769015312194824e-01
4.252009987831115723e-01
4.252009987831115723e-01
1.503980636596679688e+00
1.503980636596679688e+00
1.434087872505187988e+00
1.648601531982421875e+00
3.581972122192382812e-01
3.581972122192382812e-01
2.903316020965576172e-01
2.903316020965576172e-01
2.903316020965576172e-01
1.565939545631408691e+00
1.565939545631408691e+00
1.565939545631408691e+00
1.371378898620605469e+00
1.371378898620605469e+00
1.371378898620605469e+00
1.421927213668823242e+00
1.421927213668823242e+00
2.011492013931274414e+00
1.875059962272644043e+00
4.619407653808593750e-01
7.852193117141723633e-01
7.852193117141723633e-01
6.392268538475036621e-01
8.757992386817932129e-01
8.757992386817932129e-01
6.249167919158935547e-01
6.249167919158935547e-01
1.043758511543273926e+00
1.043758511543273926e+00
1.043758511543273926e+00
1.043758511543273926e+00
1.043758511543273926e+00
1.043758511543273926e+00
6.128133535385131836e-01
1.283305168151855469e+00
1.007059216499328613e+00
1.667187929153442383e+00
1.667187929153442383e+00
5.163495540618896484e-01
5.163495540618896484e-01
5.163495540618896484e-01
5.163495540618896484e-01
5.163495540618896484e-01
5.163495540618896484e-01
5.163495540618896484e-01
5.163495540618896484e-01
5.163495540618896484e-01
5.163495540618896484e-01
5.163495540618896484e-01
5.163495540618896484e-01
5.163495540618896484e-01
1.228989124298095703e+00
1.228989124298095703e+00
1.228989124298095703e+00
5.460696220397949219e-01
5.460696220397949219e-01
5.460696220397949219e-01
5.460696220397949219e-01
5.460696220397949219e-01
2.575865983963012695e-01
2.575865983963012695e-01
3.518802821636199951e-01
3.518802821636199951e-01
3.518802821636199951e-01
4.837293624877929688e-01
4.174606502056121826e-01
4.174606502056121826e-01
4.174606502056121826e-01
4.174606502056121826e-01
4.174606502056121826e-01
9.054242372512817383e-01
8.935176730155944824e-01
4.947679340839385986e-01
4.947679340839385986e-01
9.028513431549072266e-01
8.263829946517944336e-01
8.263829946517944336e-01
8.263829946517944336e-01
8.263829946517944336e-01
8.263829946517944336e-01
8.263829946517944336e-01
1.258101344108581543e+00
1.666978478431701660e+00
1.020654916763305664e+00
1.020654916763305664e+00
1.020654916763305664e+00
1.020654916763305664e+00
1.020654916763305664e+00
1.231642484664916992e+00
1.231642484664916992e+00
1.231642484664916992e+00
2.523849010467529297e-01
2.523849010467529297e-01
2.523849010467529297e-01
9.964678883552551270e-01
9.964678883552551270e-01
1.000121474266052246e+00
3.834353089332580566e-01
3.834353089332580566e-01
7.287580966949462891e-01
7.287580966949462891e-01
1.331725597381591797e+00
1.878180503845214844e-01
8.945804238319396973e-01
1.169932723045349121e+00
1.169932723045349121e+00
1.169932723045349121e+00
9.648754596710205078e-01
8.459066748619079590e-01
8.459066748619079590e-01
1.642081618309020996e+00
1.605754971504211426e+00
1.400920629501342773e+00
1.400920629501342773e+00
1.400920629501342773e+00
1.204924583435058594e+00
1.204924583435058594e+00
1.204924583435058594e+00
1.204924583435058594e+00
1.204924583435058594e+00
1.204924583435058594e+00
1.204924583435058594e+00
1.204924583435058594e+00
1.204924583435058594e+00
1.266348838806152344e+00
1.678866386413574219e+00
1.678866386413574219e+00
1.678866386413574219e+00
1.678866386413574219e+00
1.678866386413574219e+00
1.344668149948120117e+00
9.441356658935546875e-01
4.720350801944732666e-01
4.720350801944732666e-01
1.842764973640441895e+00
1.842764973640441895e+00
1.842764973640441895e+00
1.842764973640441895e+00
1.842764973640441895e+00
1.842764973640441895e+00
2.625668048858642578e+00
2.625668048858642578e+00
2.625668048858642578e+00
2.625668048858642578e+00
1.921488285064697266e+00
3.597137928009033203e-01
5.168302655220031738e-01
5.168302655220031738e-01
5.168302655220031738e-01
5.168302655220031738e-01
8.105773925781250000e-01
8.105773925781250000e-01
8.105773925781250000e-01
3.557251393795013428e-01
6.328806877136230469e-01
1.236373782157897949e+00
1.236373782157897949e+00
1.049294352531433105e+00
1.049294352531433105e+00
1.049294352531433105e+00
1.049294352531433105e+00
1.049294352531433105e+00
1.049294352531433105e+00
1.526976585388183594e+00
1.526976585388183594e+00
1.526976585388183594e+00
1.526976585388183594e+00
1.569005846977233887e+00
1.569005846977233887e+00
1.547855973243713379e+00
1.547855973243713379e+00
8.111141324043273926e-01
8.111141324043273926e-01
1.378899097442626953e+00
1.378899097442626953e+00
1.378899097442626953e+00
1.136825561523437500e+00
1.136825561523437500e+00
1.311864495277404785e+00
1.311864495277404785e+00
3.418789505958557129e-01
3.418789505958557129e-01
3.418789505958557129e-01
4.392595291137695312e-01
4.392595291137695312e-01
7.624179124832153320e-01
6.346342563629150391e-01
6.346342563629150391e-01
6.346342563629150391e-01
6.346342563629150391e-01
2.728953957557678223e-01
2.728953957557678223e-01
2.728953957557678223e-01
2.728953957557678223e-01
7.127430438995361328e-01
7.127430438995361328e-01
1.242081642150878906e+00
8.383749723434448242e-01
8.383749723434448242e-01
8.383749723434448242e-01
8.383749723434448242e-01
8.383749723434448242e-01
7.426820993423461914e-01
3.316605091094970703e-01
3.316605091094970703e-01
3.316605091094970703e-01
3.316605091094970703e-01
6.603451967239379883e-01
1.518745183944702148e+00
1.518745183944702148e+00
1.518745183944702148e+00
1.518745183944702148e+00
1.518745183944702148e+00
2.143417119979858398e+00
1.695534706115722656e+00
1.280905961990356445e+00
1.158944129943847656e+00
1.063380002975463867e+00
1.063380002975463867e+00
1.063380002975463867e+00
1.063380002975463867e+00
1.063380002975463867e+00
1.213844776153564453e+00
5.770824551582336426e-01
5.770824551582336426e-01
1.244683980941772461e+00
6.006634235382080078e-01
9.853407144546508789e-01
9.853407144546508789e-01
9.514648318290710449e-01
2.230856418609619141e-01
2.230856418609619141e-01
2.230856418609619141e-01
2.230856418609619141e-01
6.435899734497070312e-01
6.149636507034301758e-01
6.149636507034301758e-01
6.149636507034301758e-01
6.149636507034301758e-01
4.878339469432830811e-01
4.878339469432830811e-01
4.878339469432830811e-01
4.878339469432830811e-01
4.878339469432830811e-01
1.007013082504272461e+00
1.007013082504272461e+00
5.485144853591918945e-01
5.485144853591918945e-01
5.485144853591918945e-01
5.485144853591918945e-01
5.485144853591918945e-01
5.485144853591918945e-01
5.485144853591918945e-01
5.485144853591918945e-01
7.012455463409423828e-01
7.012455463409423828e-01
7.012455463409423828e-01
7.012455463409423828e-01
7.012455463409423828e-01
7.012455463409423828e-01
7.012455463409423828e-01
3.623330593109130859e-01
3.623330593109130859e-01
3.623330593109130859e-01
1.361038208007812500e+00
1.361038208007812500e+00
1.361038208007812500e+00
1.361038208007812500e+00
1.361038208007812500e+00
1.361038208007812500e+00
5.097996592521667480e-01
5.097996592521667480e-01
6.248809695243835449e-01
6.248809695243835449e-01
1.475956678390502930e+00
1.175141930580139160e+00
1.175141930580139160e+00
1.175141930580139160e+00
1.175141930580139160e+00
4.086486697196960449e-01
4.086486697196960449e-01
1.324337601661682129e+00
1.324337601661682129e+00
1.578914403915405273e+00
1.578914403915405273e+00
2.148002386093139648e+00
2.301896095275878906e+00
2.225959062576293945e+00
8.352267742156982422e-01
8.352267742156982422e-01
8.352267742156982422e-01
8.352267742156982422e-01
8.352267742156982422e-01
8.352267742156982422e-01
1.149298071861267090e+00
1.149298071861267090e+00
1.149298071861267090e+00
4.834924340248107910e-01
4.834924340248107910e-01
4.834924340248107910e-01
1.304203867912292480e+00
1.304203867912292480e+00
1.304203867912292480e+00
2.704836130142211914e-01
3.738429248332977295e-01
2.380494922399520874e-01
2.380494922399520874e-01
2.380494922399520874e-01
2.380494922399520874e-01
2.380494922399520874e-01
2.380494922399520874e-01
1.477510333061218262e+00
4.682636260986328125e-01
4.682636260986328125e-01
4.682636260986328125e-01
1.663272500038146973e+00
1.663272500038146973e+00
1.663272500038146973e+00
8.304781317710876465e-01
8.304781317710876465e-01
8.304781317710876465e-01
8.304781317710876465e-01
8.304781317710876465e-01
8.304781317710876465e-01
1.018990397453308105e+00
2.720552086830139160e-01
2.720552086830139160e-01
2.720552086830139160e-01
2.720552086830139160e-01
2.720552086830139160e-01
1.573103904724121094e+00
1.650481700897216797e+00
1.650481700897216797e+00
2.436454296112060547e-01
2.436454296112060547e-01
4.307433366775512695e-01
6.664423346519470215e-01
6.664423346519470215e-01
6.664423346519470215e-01
6.664423346519470215e-01
3.888879120349884033e-01
3.888879120349884033e-01
3.888879120349884033e-01
3.888879120349884033e-01
4.711207151412963867e-01
4.711207151412963867e-01
4.711207151412963867e-01
4.711207151412963867e-01
1.171545743942260742e+00
1.171545743942260742e+00
1.171545743942260742e+00
1.017022848129272461e+00
8.322952389717102051e-01
8.322952389717102051e-01
8.322952389717102051e-01
8.322952389717102051e-01
8.322952389717102051e-01
8.322952389717102051e-01
8.322952389717102051e-01
8.322952389717102051e-01
1.063580155372619629e+00
2.738733291625976562e-01
7.975195646286010742e-01
7.975195646286010742e-01
7.899298667907714844e-01
7.899298667907714844e-01
7.899298667907714844e-01
7.899298667907714844e-01
7.899298667907714844e-01
7.899298667907714844e-01
6.208435297012329102e-01
6.208435297012329102e-01
6.208435297012329102e-01
6.208435297012329102e-01
6.208435297012329102e-01
1.655670166015625000e+00
8.497435450553894043e-01
1.740210652351379395e+00
1.005978465080261230e+00
1.005978465080261230e+00
1.200389027595520020e+00
9.053407907485961914e-01
1.387857556343078613e+00
9.484907388687133789e-01
7.586654424667358398e-01
4.446088075637817383e-01
4.446088075637817383e-01
5.055149197578430176e-01
8.611415624618530273e-01
8.611415624618530273e-01
8.611415624618530273e-01
1.252500534057617188e+00
1.589515328407287598e+00
1.589515328407287598e+00
5.929239392280578613e-01
5.929239392280578613e-01
8.856383562088012695e-01
8.856383562088012695e-01
4.921619594097137451e-01
4.921619594097137451e-01
4.921619594097137451e-01
1.181381106376647949e+00
1.181381106376647949e+00
1.181381106376647949e+00
1.181381106376647949e+00
1.181381106376647949e+00
1.181381106376647949e+00
1.030213236808776855e+00
1.030213236808776855e+00
1.030213236808776855e+00
3.795281648635864258e-01
3.795281648635864258e-01
3.795281648635864258e-01
9.944525957107543945e-01
9.944525957107543945e-01
9.944525957107543945e-01
9.944525957107543945e-01
9.944525957107543945e-01
8.057460784912109375e-01
8.057460784912109375e-01
8.057460784912109375e-01
9.638996124267578125e-01
9.638996124267578125e-01
9.638996124267578125e-01
9.638996124267578125e-01
8.537752628326416016e-01
8.537752628326416016e-01
8.537752628326416016e-01
8.537752628326416016e-01
6.854453682899475098e-01
6.854453682899475098e-01
6.854453682899475098e-01
6.854453682899475098e-01
2.903465628623962402e-01
2.903465628623962402e-01
1.352885007858276367e+00
1.352885007858276367e+00
1.352885007858276367e+00
1.352885007858276367e+00
1.352885007858276367e+00
1.352885007858276367e+00
1.849746465682983398e+00
1.849746465682983398e+00
2.156131982803344727e+00
2.156131982803344727e+00
8.923627138137817383e-01
8.923627138137817383e-01
8.923627138137817383e-01
9.778892397880554199e-01
8.743924498558044434e-01
1.467598199844360352e+00
5.990130305290222168e-01
1.102909088134765625e+00
8.716429471969604492e-01
7.351039648056030273e-01
8.399903774261474609e-01
8.399903774261474609e-01
8.399903774261474609e-01
8.399903774261474609e-01
8.399903774261474609e-01
8.399903774261474609e-01
3.475182056427001953e-01
3.475182056427001953e-01
3.475182056427001953e-01
6.492722034454345703e-01
6.492722034454345703e-01
2.738903462886810303e-01
2.738903462886810303e-01
2.738903462886810303e-01
2.738903462886810303e-01
7.731389999389648438e-01
7.731389999389648438e-01
7.731389999389648438e-01
7.731389999389648438e-01
7.731389999389648438e-01
7.731389999389648438e-01
7.731389999389648438e-01
5.701836347579956055e-01
5.701836347579956055e-01
5.701836347579956055e-01
1.405221104621887207e+00
1.405221104621887207e+00
1.663191080093383789e+00
1.663191080093383789e+00
1.547700881958007812e+00
1.547700881958007812e+00
1.547700881958007812e+00
1.412647008895874023e+00
1.412647008895874023e+00
1.166914463043212891e+00
1.100556612014770508e+00
1.088273406028747559e+00
1.088273406028747559e+00
1.088273406028747559e+00
1.530348896980285645e+00
1.530348896980285645e+00
1.530348896980285645e+00
1.530348896980285645e+00
1.530348896980285645e+00
7.170102000236511230e-01
7.170102000236511230e-01
7.170102000236511230e-01
1.664193868637084961e+00
1.664193868637084961e+00
1.664193868637084961e+00
7.033448815345764160e-01
7.033448815345764160e-01
7.033448815345764160e-01
7.033448815345764160e-01
7.033448815345764160e-01
7.033448815345764160e-01
4.479644000530242920e-01
4.479644000530242920e-01
4.479644000530242920e-01
4.479644000530242920e-01
4.479644000530242920e-01
1.537776947021484375e+00
1.809158802032470703e+00
1.809158802032470703e+00
2.040845155715942383e+00
2.040845155715942383e+00
8.165601491928100586e-01
4.183577895164489746e-01
4.183577895164489746e-01
1.428937196731567383e+00
1.428937196731567383e+00
1.428937196731567383e+00
1.428937196731567383e+00
1.428937196731567383e+00
1.341698884963989258e+00
1.341698884963989258e+00
1.341698884963989258e+00
1.341698884963989258e+00
2.044962882995605469e+00
5.586498975753784180e-01
5.586498975753784180e-01
1.263178825378417969e+00
1.579081416130065918e+00
2.002947807312011719e+00
2.002947807312011719e+00
1.565941572189331055e+00
1.739515662193298340e+00
1.739515662193298340e+00
1.353023648262023926e+00
1.353023648262023926e+00
1.324331283569335938e+00
1.324331283569335938e+00
1.324331283569335938e+00
1.417550086975097656e+00
1.008908510208129883e+00
1.008908510208129883e+00
9.262720942497253418e-01
9.262720942497253418e-01
9.262720942497253418e-01
9.262720942497253418e-01
1.148912429809570312e+00
2.182656526565551758e-01
1.383704543113708496e+00
1.383704543113708496e+00
1.383704543113708496e+00
1.383704543113708496e+00
1.640915513038635254e+00
6.254431009292602539e-01
6.547203660011291504e-01
1.549453377723693848e+00
1.549453377723693848e+00
1.549453377723693848e+00
1.605027437210083008e+00
1.402667880058288574e+00
6.222485303878784180e-01
6.222485303878784180e-01
6.222485303878784180e-01
6.222485303878784180e-01
9.777930974960327148e-01
4.300841093063354492e-01
4.300841093063354492e-01
4.300841093063354492e-01
4.300841093063354492e-01
9.933164119720458984e-01
9.933164119720458984e-01
4.848156571388244629e-01
1.202142953872680664e+00
1.202142953872680664e+00
1.202142953872680664e+00
1.202142953872680664e+00
7.020802497863769531e-01
7.020802497863769531e-01
7.020802497863769531e-01
7.020802497863769531e-01
7.020802497863769531e-01
3.801134824752807617e-01
7.891571521759033203e-01
6.620483398437500000e-01
6.620483398437500000e-01
6.620483398437500000e-01
6.620483398437500000e-01
3.697318732738494873e-01
3.697318732738494873e-01
1.150009751319885254e+00
1.297079324722290039e+00
1.297079324722290039e+00
1.297079324722290039e+00
1.297079324722290039e+00
1.297079324722290039e+00
1.297079324722290039e+00
1.297079324722290039e+00
1.623340964317321777e+00
1.623340964317321777e+00
1.326742410659790039e+00
1.326742410659790039e+00
1.326742410659790039e+00
1.326742410659790039e+00
1.326742410659790039e+00
1.326742410659790039e+00
1.326742410659790039e+00
1.326742410659790039e+00
1.326742410659790039e+00
7.558764219284057617e-01
1.072028517723083496e+00
1.072028517723083496e+00
1.072028517723083496e+00
1.072028517723083496e+00
1.072028517723083496e+00
1.072028517723083496e+00
1.072028517723083496e+00
1.280925750732421875e+00
1.280925750732421875e+00
1.280925750732421875e+00
1.280925750732421875e+00
1.280925750732421875e+00
5.919614434242248535e-01
4.435059428215026855e-01
9.183423519134521484e-01
7.734885811805725098e-01
7.734885811805725098e-01
7.163581848144531250e-01
7.163581848144531250e-01
7.882972359657287598e-01
7.882972359657287598e-01
7.882972359657287598e-01
7.882972359657287598e-01
3.149841129779815674e-01
3.149841129779815674e-01
3.149841129779815674e-01
7.242559790611267090e-01
7.242559790611267090e-01
7.242559790611267090e-01
7.242559790611267090e-01
7.242559790611267090e-01
7.242559790611267090e-01
4.458248615264892578e-01
1.094486236572265625e+00
5.603641867637634277e-01
5.603641867637634277e-01
5.303022861480712891e-01
6.639565825462341309e-01
1.663539886474609375e+00
1.663539886474609375e+00
1.265552520751953125e+00
1.094728469848632812e+00
5.328447222709655762e-01
5.328447222709655762e-01
5.328447222709655762e-01
7.506794333457946777e-01
7.506794333457946777e-01
9.280554652214050293e-01
7.869046926498413086e-01
7.869046926498413086e-01
1.290567159652709961e+00
1.157442331314086914e+00
1.069784402847290039e+00
9.798262715339660645e-01
9.798262715339660645e-01
1.271057009696960449e+00
1.504639148712158203e+00
1.504639148712158203e+00
1.504639148712158203e+00
1.266239523887634277e+00
1.561861038208007812e+00
6.767371892929077148e-01
5.813793540000915527e-01
5.813793540000915527e-01
4.357478022575378418e-01
4.357478022575378418e-01
4.357478022575378418e-01
8.041671514511108398e-01
8.041671514511108398e-01
8.499314188957214355e-01
8.499314188957214355e-01
8.499314188957214355e-01
8.499314188957214355e-01
8.499314188957214355e-01
8.499314188957214355e-01
8.499314188957214355e-01
8.499314188957214355e-01
8.499314188957214355e-01
8.499314188957214355e-01
1.153686761856079102e+00
1.153686761856079102e+00
8.620728850364685059e-01
8.620728850364685059e-01
8.620728850364685059e-01
8.620728850364685059e-01
8.620728850364685059e-01
9.230366349220275879e-01
9.230366349220275879e-01
1.559259414672851562e+00
7.345777153968811035e-01
7.345777153968811035e-01
1.718758821487426758e+00
1.718758821487426758e+00
1.324156641960144043e+00
1.320931792259216309e+00
1.320931792259216309e+00
1.320931792259216309e+00
1.086012005805969238e+00
7.763934135437011719e-01
7.763934135437011719e-01
7.763934135437011719e-01
9.592900872230529785e-01
9.592900872230529785e-01
1.001478791236877441e+00
3.143946528434753418e-01
3.143946528434753418e-01
5.759794712066650391e-01
5.759794712066650391e-01
5.759794712066650391e-01
5.759794712066650391e-01
5.759794712066650391e-01
5.759794712066650391e-01
5.759794712066650391e-01
1.434334874153137207e+00
1.387984395027160645e+00
1.387984395027160645e+00
1.387984395027160645e+00
1.387984395027160645e+00
1.387984395027160645e+00
4.544659852981567383e-01
4.544659852981567383e-01
4.544659852981567383e-01
6.693704128265380859e-01
6.693704128265380859e-01
6.693704128265380859e-01
6.693704128265380859e-01
6.693704128265380859e-01
6.431239843368530273e-01
1.050360918045043945e+00
1.050360918045043945e+00
1.050360918045043945e+00
8.118059039115905762e-01
8.429295420646667480e-01
8.429295420646667480e-01
5.132157802581787109e-01
5.132157802581787109e-01
1.545757174491882324e+00
6.102637648582458496e-01
6.102637648582458496e-01
6.102637648582458496e-01
6.102637648582458496e-01
6.102637648582458496e-01
6.102637648582458496e-01
8.759089708328247070e-01
8.759089708328247070e-01
8.759089708328247070e-01
8.759089708328247070e-01
8.759089708328247070e-01
8.759089708328247070e-01
8.759089708328247070e-01
8.759089708328247070e-01
8.759089708328247070e-01
9.026161432266235352e-01
9.026161432266235352e-01
9.026161432266235352e-01
7.973338365554809570e-01
7.973338365554809570e-01
7.973338365554809570e-01
7.973338365554809570e-01
7.973338365554809570e-01
7.973338365554809570e-01
7.973338365554809570e-01
7.973338365554809570e-01
7.973338365554809570e-01
2.184534072875976562e-01
2.184534072875976562e-01
3.162462413311004639e-01
1.020133614540100098e+00
1.020133614540100098e+00
8.969501852989196777e-01
8.969501852989196777e-01
8.969501852989196777e-01
4.956787824630737305e-01
1.003987073898315430e+00
1.003987073898315430e+00
1.418179988861083984e+00
1.418179988861083984e+00
1.418179988861083984e+00
1.418179988861083984e+00
4.483547806739807129e-01
4.483547806739807129e-01
4.483547806739807129e-01
4.483547806739807129e-01
7.388302087783813477e-01
7.973797321319580078e-01
7.973797321319580078e-01
7.973797321319580078e-01
7.973797321319580078e-01
7.973797321319580078e-01
2.069592475891113281e+00
2.069592475891113281e+00
2.069592475891113281e+00
2.069592475891113281e+00
2.069592475891113281e+00
1.954406857490539551e+00
1.954406857490539551e+00
2.142473220825195312e+00
1.417813420295715332e+00
1.417813420295715332e+00
1.417813420295715332e+00
1.417813420295715332e+00
8.786937594413757324e-01
4.645909965038299561e-01
2.035001516342163086e+00
2.035001516342163086e+00
1.901890635490417480e+00
8.437266349792480469e-01
8.437266349792480469e-01
6.715778708457946777e-01
6.715778708457946777e-01
6.715778708457946777e-01
1.249945640563964844e+00
1.249945640563964844e+00
1.249945640563964844e+00
1.249945640563964844e+00
7.666549086570739746e-01
7.666549086570739746e-01
7.666549086570739746e-01
7.666549086570739746e-01
7.666549086570739746e-01
7.666549086570739746e-01
7.666549086570739746e-01
7.666549086570739746e-01
1.250443220138549805e+00
1.250443220138549805e+00
5.745733976364135742e-01
5.745733976364135742e-01
5.745733976364135742e-01
5.745733976364135742e-01
5.745733976364135742e-01
5.745733976364135742e-01
5.352348089218139648e-01
5.352348089218139648e-01
1.605797290802001953e+00
1.605797290802001953e+00
6.895444989204406738e-01
6.895444989204406738e-01
6.895444989204406738e-01
6.895444989204406738e-01
6.895444989204406738e-01
1.223871588706970215e+00
1.223871588706970215e+00
9.753488898277282715e-01
1.105595946311950684e+00
1.105595946311950684e+00
1.332230687141418457e+00
1.217301487922668457e+00
1.217301487922668457e+00
1.217301487922668457e+00
7.832543849945068359e-01
7.832543849945068359e-01
6.184479594230651855e-01
6.184479594230651855e-01
6.184479594230651855e-01
6.184479594230651855e-01
6.184479594230651855e-01
6.184479594230651855e-01
6.184479594230651855e-01
6.184479594230651855e-01
6.184479594230651855e-01
1.262145996093750000e+00
4.331607818603515625e-01
5.998197793960571289e-01
5.998197793960571289e-01
5.998197793960571289e-01
5.998197793960571289e-01
5.998197793960571289e-01
5.998197793960571289e-01
9.050633907318115234e-01
9.050633907318115234e-01
9.050633907318115234e-01
9.050633907318115234e-01
8.095890283584594727e-01
8.095890283584594727e-01
8.095890283584594727e-01
8.095890283584594727e-01
6.654887795448303223e-01
6.654887795448303223e-01
6.654887795448303223e-01
6.654887795448303223e-01
6.654887795448303223e-01
1.904521226882934570e+00
1.904521226882934570e+00
1.868850350379943848e+00
1.511062264442443848e+00
3.484202623367309570e-01
3.484202623367309570e-01
1.765354990959167480e+00
1.003276586532592773e+00
6.738446950912475586e-01
6.738446950912475586e-01
6.738446950912475586e-01
6.738446950912475586e-01
6.738446950912475586e-01
1.396415948867797852e+00
7.456617355346679688e-01
1.210427880287170410e+00
7.577596902847290039e-01
4.644612073898315430e-01
4.644612073898315430e-01
4.644612073898315430e-01
5.047227740287780762e-01
5.047227740287780762e-01
5.047227740287780762e-01
5.047227740287780762e-01
5.623326301574707031e-01
5.623326301574707031e-01
1.182805299758911133e+00
1.182805299758911133e+00
1.182805299758911133e+00
1.636245131492614746e+00
1.568364500999450684e+00
8.347533345222473145e-01
6.705744862556457520e-01
6.705744862556457520e-01
6.705744862556457520e-01
9.525635838508605957e-01
9.525635838508605957e-01
7.423637509346008301e-01
4.605874717235565186e-01
4.605874717235565186e-01
4.605874717235565186e-01
4.605874717235565186e-01
4.605874717235565186e-01
4.605874717235565186e-01
7.233688235282897949e-01
7.233688235282897949e-01
7.233688235282897949e-01
7.233688235282897949e-01
1.419155597686767578e+00
1.251258373260498047e+00
1.251258373260498047e+00
1.251258373260498047e+00
1.251258373260498047e+00
1.251258373260498047e+00
1.251258373260498047e+00
1.835194826126098633e-01
1.473499298095703125e+00
1.473499298095703125e+00
1.473499298095703125e+00
1.449952125549316406e+00
1.449952125549316406e+00
1.449952125549316406e+00
1.449952125549316406e+00
1.449952125549316406e+00
1.449952125549316406e+00
1.449952125549316406e+00
4.474155902862548828e-01
4.474155902862548828e-01
4.474155902862548828e-01
1.150779128074645996e+00
1.547326326370239258e+00
1.547326326370239258e+00
1.547326326370239258e+00
1.770389914512634277e+00
1.542914390563964844e+00
1.318075656890869141e-01
1.318075656890869141e-01
5.106722116470336914e-01
3.667962551116943359e-01
3.667962551116943359e-01
3.667962551116943359e-01
7.862501144409179688e-01
1.578470468521118164e+00
1.578470468521118164e+00
1.495561361312866211e+00
1.495561361312866211e+00
1.495561361312866211e+00
1.495561361312866211e+00
1.495561361312866211e+00
1.495561361312866211e+00
1.495561361312866211e+00
1.495561361312866211e+00
9.790687561035156250e-01
9.790687561035156250e-01
7.846618890762329102e-01
7.846618890762329102e-01
7.846618890762329102e-01
7.846618890762329102e-01
4.637941420078277588e-01
4.637941420078277588e-01
4.873465597629547119e-01
5.216617584228515625e-01
7.242249250411987305e-01
6.296477913856506348e-01
6.296477913856506348e-01
6.846864223480224609e-01
8.489401936531066895e-01
8.489401936531066895e-01
8.489401936531066895e-01
5.974059104919433594e-01
5.974059104919433594e-01
5.895406007766723633e-01
5.895406007766723633e-01
5.895406007766723633e-01
5.895406007766723633e-01
5.882414579391479492e-01
3.546108603477478027e-01
1.017966032028198242e+00
1.017966032028198242e+00
1.017966032028198242e+00
6.539242267608642578e-01
1.019427895545959473e+00
1.019427895545959473e+00
1.019427895545959473e+00
1.019427895545959473e+00
1.019427895545959473e+00
1.019427895545959473e+00
1.019427895545959473e+00
1.019427895545959473e+00
1.019427895545959473e+00
1.146488785743713379e+00
8.848758935928344727e-01
8.402844071388244629e-01
8.402844071388244629e-01
8.402844071388244629e-01
6.022730469703674316e-01
6.022730469703674316e-01
6.022730469703674316e-01
6.022730469703674316e-01
6.022730469703674316e-01
6.022730469703674316e-01
6.022730469703674316e-01
6.022730469703674316e-01
6.022730469703674316e-01
6.022730469703674316e-01
9.908326864242553711e-01
1.698752164840698242e+00
