5.922244787216186523e-01
5.922244787216186523e-01
7.504905462265014648e-01
7.504905462265014648e-01
7.504905462265014648e-01
7.504905462265014648e-01
8.534061908721923828e-01
8.534061908721923828e-01
8.534061908721923828e-01
8.534061908721923828e-01
8.534061908721923828e-01
8.534061908721923828e-01
8.534061908721923828e-01
8.534061908721923828e-01
8.534061908721923828e-01
8.534061908721923828e-01
8.534061908721923828e-01
1.266205549240112305e+00
1.266205549240112305e+00
8.033912181854248047e-01
3.773523569107055664e-01
6.107344031333923340e-01
4.495543241500854492e-01
4.495543241500854492e-01
4.495543241500854492e-01
4.495543241500854492e-01
1.694305062294006348e+00
1.694305062294006348e+00
1.773220896720886230e+00
1.773220896720886230e+00
1.773220896720886230e+00
1.190657377243041992e+00
1.190657377243041992e+00
1.190657377243041992e+00
2.314625382423400879e-01
2.314625382423400879e-01
9.479709267616271973e-01
9.479709267616271973e-01
5.010313987731933594e-01
5.010313987731933594e-01
5.010313987731933594e-01
5.010313987731933594e-01
1.166859984397888184e+00
1.166859984397888184e+00
1.166859984397888184e+00
1.166859984397888184e+00
1.166859984397888184e+00
1.166859984397888184e+00
1.166859984397888184e+00
1.166859984397888184e+00
1.166859984397888184e+00
1.166859984397888184e+00
1.166859984397888184e+00
1.166859984397888184e+00
1.166859984397888184e+00
1.166859984397888184e+00
1.166859984397888184e+00
1.166859984397888184e+00
1.166859984397888184e+00
1.166859984397888184e+00
1.166859984397888184e+00
1.166859984397888184e+00
1.166859984397888184e+00
1.166859984397888184e+00
5.024543404579162598e-01
5.024543404579162598e-01
5.024543404579162598e-01
5.024543404579162598e-01
5.024543404579162598e-01
5.024543404579162598e-01
5.024543404579162598e-01
5.024543404579162598e-01
8.868418335914611816e-01
1.691926956176757812e+00
1.691926956176757812e+00
1.691926956176757812e+00
1.691926956176757812e+00
1.352748990058898926e+00
1.352748990058898926e+00
1.352748990058898926e+00
1.352748990058898926e+00
1.352748990058898926e+00
1.352748990058898926e+00
1.352748990058898926e+00
1.352748990058898926e+00
1.352748990058898926e+00
1.352748990058898926e+00
1.352748990058898926e+00
1.352748990058898926e+00
5.917534828186035156e-01
5.917534828186035156e-01
5.622135996818542480e-01
5.622135996818542480e-01
5.622135996818542480e-01
5.622135996818542480e-01
5.622135996818542480e-01
1.202081441879272461e+00
1.202081441879272461e+00
1.202081441879272461e+00
1.202081441879272461e+00
1.202081441879272461e+00
1.202081441879272461e+00
2.690581083297729492e-01
2.690581083297729492e-01
2.690581083297729492e-01
3.157105147838592529e-01
3.157105147838592529e-01
6.375012993812561035e-01
6.375012993812561035e-01
1.418559908866882324e+00
1.418559908866882324e+00
1.418559908866882324e+00
1.418559908866882324e+00
1.418559908866882324e+00
1.418559908866882324e+00
1.418559908866882324e+00
1.418559908866882324e+00
1.043628334999084473e+00
1.043628334999084473e+00
9.228340983390808105e-01
6.103941798210144043e-01
6.103941798210144043e-01
6.103941798210144043e-01
6.103941798210144043e-01
6.103941798210144043e-01
6.103941798210144043e-01
6.103941798210144043e-01
1.476486802101135254e+00
1.476486802101135254e+00
1.476486802101135254e+00
8.380697965621948242e-01
8.380697965621948242e-01
8.380697965621948242e-01
8.380697965621948242e-01
8.380697965621948242e-01
8.380697965621948242e-01
8.380697965621948242e-01
8.380697965621948242e-01
8.380697965621948242e-01
8.380697965621948242e-01
8.380697965621948242e-01
8.380697965621948242e-01
8.380697965621948242e-01
8.380697965621948242e-01
6.070072054862976074e-01
5.540725588798522949e-01
5.540725588798522949e-01
3.818413615226745605e-01
3.818413615226745605e-01
3.818413615226745605e-01
3.818413615226745605e-01
7.909103631973266602e-01
7.909103631973266602e-01
8.121796250343322754e-01
8.121796250343322754e-01
8.121796250343322754e-01
8.121796250343322754e-01
1.675670385360717773e+00
1.733279228210449219e-01
1.733279228210449219e-01
1.733279228210449219e-01
1.733279228210449219e-01
1.733279228210449219e-01
5.516164898872375488e-01
2.675982415676116943e-01
1.530743479728698730e+00
1.530743479728698730e+00
1.617490887641906738e+00
1.617490887641906738e+00
1.617490887641906738e+00
1.617490887641906738e+00
1.617490887641906738e+00
1.617490887641906738e+00
1.617490887641906738e+00
1.617490887641906738e+00
1.617490887641906738e+00
1.617490887641906738e+00
1.617490887641906738e+00
1.617490887641906738e+00
1.617490887641906738e+00
1.617490887641906738e+00
1.938724637031555176e+00
1.281837224960327148e+00
1.281837224960327148e+00
1.281837224960327148e+00
1.409843087196350098e+00
1.409843087196350098e+00
1.409843087196350098e+00
1.409843087196350098e+00
1.232329607009887695e+00
1.232329607009887695e+00
1.232329607009887695e+00
1.232329607009887695e+00
1.232329607009887695e+00
7.408413887023925781e-01
7.408413887023925781e-01
7.408413887023925781e-01
7.408413887023925781e-01
1.068326950073242188e+00
1.068326950073242188e+00
1.068326950073242188e+00
1.068326950073242188e+00
1.068326950073242188e+00
1.068326950073242188e+00
1.068326950073242188e+00
1.760385155677795410e+00
1.760385155677795410e+00
2.069939374923706055e-01
2.069939374923706055e-01
1.458123326301574707e+00
1.458123326301574707e+00
1.458123326301574707e+00
1.458123326301574707e+00
1.458123326301574707e+00
1.458123326301574707e+00
1.458123326301574707e+00
1.458123326301574707e+00
1.458123326301574707e+00
1.458123326301574707e+00
1.458123326301574707e+00
1.458123326301574707e+00
1.458123326301574707e+00
1.458123326301574707e+00
9.143494367599487305e-01
8.191320300102233887e-01
8.191320300102233887e-01
8.191320300102233887e-01
8.191320300102233887e-01
8.191320300102233887e-01
8.191320300102233887e-01
8.191320300102233887e-01
8.191320300102233887e-01
8.191320300102233887e-01
8.191320300102233887e-01
8.191320300102233887e-01
8.191320300102233887e-01
8.191320300102233887e-01
8.191320300102233887e-01
3.264138102531433105e-01
3.264138102531433105e-01
3.264138102531433105e-01
3.264138102531433105e-01
3.264138102531433105e-01
1.308003902435302734e+00
1.308003902435302734e+00
1.308003902435302734e+00
1.308003902435302734e+00
1.308003902435302734e+00
1.308003902435302734e+00
1.308003902435302734e+00
4.756783246994018555e-01
4.756783246994018555e-01
4.756783246994018555e-01
4.756783246994018555e-01
4.756783246994018555e-01
1.122290611267089844e+00
1.122290611267089844e+00
1.122290611267089844e+00
1.122290611267089844e+00
1.122290611267089844e+00
1.122290611267089844e+00
1.122290611267089844e+00
1.122290611267089844e+00
1.122290611267089844e+00
3.122792243957519531e-01
9.098806977272033691e-01
9.098806977272033691e-01
9.098806977272033691e-01
9.098806977272033691e-01
5.679488182067871094e-01
7.812978625297546387e-01
7.812978625297546387e-01
5.604295730590820312e-01
5.604295730590820312e-01
5.604295730590820312e-01
5.604295730590820312e-01
5.604295730590820312e-01
6.872913241386413574e-01
6.872913241386413574e-01
6.872913241386413574e-01
6.872913241386413574e-01
6.872913241386413574e-01
6.872913241386413574e-01
6.872913241386413574e-01
6.872913241386413574e-01
6.872913241386413574e-01
6.872913241386413574e-01
1.193113327026367188e+00
1.193113327026367188e+00
1.193113327026367188e+00
9.302347302436828613e-01
9.302347302436828613e-01
9.302347302436828613e-01
9.302347302436828613e-01
9.302347302436828613e-01
9.302347302436828613e-01
9.302347302436828613e-01
9.302347302436828613e-01
9.302347302436828613e-01
9.302347302436828613e-01
9.302347302436828613e-01
9.302347302436828613e-01
9.302347302436828613e-01
9.302347302436828613e-01
9.302347302436828613e-01
9.302347302436828613e-01
9.302347302436828613e-01
9.302347302436828613e-01
9.302347302436828613e-01
9.302347302436828613e-01
9.302347302436828613e-01
9.302347302436828613e-01
9.302347302436828613e-01
9.302347302436828613e-01
9.302347302436828613e-01
9.302347302436828613e-01
9.302347302436828613e-01
9.302347302436828613e-01
1.170654892921447754e+00
1.170654892921447754e+00
6.322264075279235840e-01
6.322264075279235840e-01
5.700288414955139160e-01
5.700288414955139160e-01
5.700288414955139160e-01
5.700288414955139160e-01
5.700288414955139160e-01
5.700288414955139160e-01
5.700288414955139160e-01
5.700288414955139160e-01
5.700288414955139160e-01
5.700288414955139160e-01
5.700288414955139160e-01
5.700288414955139160e-01
5.700288414955139160e-01
1.068086981773376465e+00
1.068086981773376465e+00
1.068086981773376465e+00
1.068086981773376465e+00
1.068086981773376465e+00
1.068086981773376465e+00
1.068086981773376465e+00
1.068086981773376465e+00
1.068086981773376465e+00
1.068086981773376465e+00
1.068086981773376465e+00
1.068086981773376465e+00
2.078586101531982422e+00
2.717460393905639648e+00
2.717460393905639648e+00
2.717460393905639648e+00
2.493849754333496094e+00
2.493849754333496094e+00
2.493849754333496094e+00
2.493849754333496094e+00
2.493849754333496094e+00
2.385793924331665039e+00
7.165284156799316406e-01
7.165284156799316406e-01
7.165284156799316406e-01
7.165284156799316406e-01
7.165284156799316406e-01
7.165284156799316406e-01
7.165284156799316406e-01
7.165284156799316406e-01
7.165284156799316406e-01
4.815759658813476562e-01
4.815759658813476562e-01
4.815759658813476562e-01
5.705660581588745117e-01
1.000339269638061523e+00
1.000339269638061523e+00
1.000339269638061523e+00
1.000339269638061523e+00
1.000339269638061523e+00
1.000339269638061523e+00
1.000339269638061523e+00
1.000339269638061523e+00
1.000339269638061523e+00
1.146868944168090820e+00
1.278992891311645508e+00
1.278992891311645508e+00
1.278992891311645508e+00
1.278992891311645508e+00
9.103571772575378418e-01
9.103571772575378418e-01
7.880358695983886719e-01
7.880358695983886719e-01
7.880358695983886719e-01
7.880358695983886719e-01
7.880358695983886719e-01
5.430371165275573730e-01
5.430371165275573730e-01
5.430371165275573730e-01
7.422750592231750488e-01
7.422750592231750488e-01
7.422750592231750488e-01
1.022699594497680664e+00
1.022699594497680664e+00
1.022699594497680664e+00
1.022699594497680664e+00
1.022699594497680664e+00
1.022699594497680664e+00
1.022699594497680664e+00
1.022699594497680664e+00
1.022699594497680664e+00
1.646780967712402344e+00
1.646780967712402344e+00
1.646780967712402344e+00
1.646780967712402344e+00
2.074155330657958984e+00
1.457848310470581055e+00
8.448969125747680664e-01
7.958482503890991211e-01
9.667174816131591797e-01
9.667174816131591797e-01
9.667174816131591797e-01
9.667174816131591797e-01
5.944387316703796387e-01
5.944387316703796387e-01
5.944387316703796387e-01
5.944387316703796387e-01
5.944387316703796387e-01
1.428129673004150391e+00
1.428129673004150391e+00
1.428129673004150391e+00
1.085643410682678223e+00
1.085643410682678223e+00
1.085643410682678223e+00
1.085643410682678223e+00
1.085643410682678223e+00
1.085643410682678223e+00
1.085643410682678223e+00
1.085643410682678223e+00
9.153010845184326172e-01
9.153010845184326172e-01
1.256191372871398926e+00
2.505156993865966797e-01
7.473865747451782227e-01
7.473865747451782227e-01
7.473865747451782227e-01
7.473865747451782227e-01
7.473865747451782227e-01
7.473865747451782227e-01
1.124306201934814453e+00
1.124306201934814453e+00
1.124306201934814453e+00
1.124306201934814453e+00
7.173464298248291016e-01
1.510853767395019531e+00
1.510853767395019531e+00
1.510853767395019531e+00
1.510853767395019531e+00
1.510853767395019531e+00
1.510853767395019531e+00
2.063797235488891602e+00
2.063797235488891602e+00
3.440810441970825195e-01
3.440810441970825195e-01
3.440810441970825195e-01
3.440810441970825195e-01
1.069733858108520508e+00
1.069733858108520508e+00
1.069733858108520508e+00
1.069733858108520508e+00
1.069733858108520508e+00
1.069733858108520508e+00
1.069733858108520508e+00
1.069733858108520508e+00
1.069733858108520508e+00
1.069733858108520508e+00
1.069733858108520508e+00
1.069733858108520508e+00
1.069733858108520508e+00
1.069733858108520508e+00
1.069733858108520508e+00
6.238157749176025391e-01
6.238157749176025391e-01
6.238157749176025391e-01
6.238157749176025391e-01
6.238157749176025391e-01
6.238157749176025391e-01
7.452957630157470703e-01
7.452957630157470703e-01
7.452957630157470703e-01
4.872947335243225098e-01
1.128692626953125000e+00
5.797975063323974609e-01
5.797975063323974609e-01
5.797975063323974609e-01
8.922897577285766602e-01
8.922897577285766602e-01
8.922897577285766602e-01
8.922897577285766602e-01
3.625947833061218262e-01
1.687030792236328125e+00
1.687030792236328125e+00
8.904930949211120605e-01
8.904930949211120605e-01
8.904930949211120605e-01
8.904930949211120605e-01
1.854333877563476562e+00
1.854333877563476562e+00
1.302326679229736328e+00
1.302326679229736328e+00
1.271901488304138184e+00
1.271901488304138184e+00
1.271901488304138184e+00
1.567941427230834961e+00
1.567941427230834961e+00
1.567941427230834961e+00
1.453198790550231934e+00
1.407403588294982910e+00
1.407403588294982910e+00
1.407403588294982910e+00
1.407403588294982910e+00
3.324371576309204102e-01
3.324371576309204102e-01
6.850702762603759766e-01
6.850702762603759766e-01
6.116210222244262695e-01
6.116210222244262695e-01
6.116210222244262695e-01
8.504324555397033691e-01
8.504324555397033691e-01
1.366138696670532227e+00
1.366138696670532227e+00
1.134947657585144043e+00
1.423638463020324707e+00
1.423638463020324707e+00
1.423638463020324707e+00
1.423638463020324707e+00
1.423638463020324707e+00
1.423638463020324707e+00
1.423638463020324707e+00
1.423638463020324707e+00
1.423638463020324707e+00
1.423638463020324707e+00
1.423638463020324707e+00
1.423638463020324707e+00
1.423638463020324707e+00
1.423638463020324707e+00
3.666353225708007812e-01
3.666353225708007812e-01
3.666353225708007812e-01
3.666353225708007812e-01
8.386563658714294434e-01
8.386563658714294434e-01
8.386563658714294434e-01
8.082767128944396973e-01
7.000508308410644531e-01
9.852254390716552734e-01
9.852254390716552734e-01
1.455360412597656250e+00
1.596080660820007324e+00
1.596080660820007324e+00
1.596080660820007324e+00
1.596080660820007324e+00
1.192118763923645020e+00
1.192118763923645020e+00
1.901568651199340820e+00
1.901568651199340820e+00
1.901568651199340820e+00
1.570361375808715820e+00
1.570361375808715820e+00
1.570361375808715820e+00
1.883440971374511719e+00
1.883440971374511719e+00
1.883440971374511719e+00
1.883440971374511719e+00
5.557395219802856445e-01
5.557395219802856445e-01
5.557395219802856445e-01
5.557395219802856445e-01
5.557395219802856445e-01
5.557395219802856445e-01
5.557395219802856445e-01
5.557395219802856445e-01
5.557395219802856445e-01
5.557395219802856445e-01
5.557395219802856445e-01
5.557395219802856445e-01
5.557395219802856445e-01
5.557395219802856445e-01
5.557395219802856445e-01
5.557395219802856445e-01
5.557395219802856445e-01
5.557395219802856445e-01
6.574805378913879395e-01
6.574805378913879395e-01
6.574805378913879395e-01
1.729900836944580078e+00
1.729900836944580078e+00
1.729900836944580078e+00
1.729900836944580078e+00
1.729900836944580078e+00
1.729900836944580078e+00
1.729900836944580078e+00
1.729900836944580078e+00
1.074544906616210938e+00
1.074544906616210938e+00
1.074544906616210938e+00
5.880572795867919922e-01
8.192650675773620605e-01
8.192650675773620605e-01
8.192650675773620605e-01
8.192650675773620605e-01
8.192650675773620605e-01
8.192650675773620605e-01
8.192650675773620605e-01
8.192650675773620605e-01
8.192650675773620605e-01
8.192650675773620605e-01
8.192650675773620605e-01
8.192650675773620605e-01
8.192650675773620605e-01
1.127360105514526367e+00
1.127360105514526367e+00
1.127360105514526367e+00
1.127360105514526367e+00
1.127360105514526367e+00
1.273376107215881348e+00
9.707963466644287109e-01
1.058032989501953125e+00
1.058032989501953125e+00
6.958924531936645508e-01
6.958924531936645508e-01
6.958924531936645508e-01
6.958924531936645508e-01
7.391026020050048828e-01
7.391026020050048828e-01
7.391026020050048828e-01
7.391026020050048828e-01
7.391026020050048828e-01
1.188697338104248047e+00
1.188697338104248047e+00
1.188697338104248047e+00
7.757176160812377930e-01
1.906060338020324707e+00
1.473929643630981445e+00
1.473929643630981445e+00
1.473929643630981445e+00
4.444493055343627930e-01
1.248823404312133789e+00
1.248823404312133789e+00
1.248823404312133789e+00
1.248823404312133789e+00
1.248823404312133789e+00
1.248823404312133789e+00
6.593581438064575195e-01
1.656555414199829102e+00
1.108555316925048828e+00
1.108555316925048828e+00
1.108555316925048828e+00
1.108555316925048828e+00
1.108555316925048828e+00
1.108555316925048828e+00
1.108555316925048828e+00
1.108555316925048828e+00
1.108555316925048828e+00
1.166401147842407227e+00
1.166401147842407227e+00
1.166401147842407227e+00
1.166401147842407227e+00
1.166401147842407227e+00
1.166401147842407227e+00
1.571380496025085449e+00
1.571380496025085449e+00
8.696085810661315918e-01
8.696085810661315918e-01
1.994043588638305664e-01
1.994043588638305664e-01
1.994043588638305664e-01
1.994043588638305664e-01
2.733704090118408203e+00
2.733704090118408203e+00
9.606101512908935547e-01
9.606101512908935547e-01
1.754551768302917480e+00
1.754551768302917480e+00
1.754551768302917480e+00
1.754551768302917480e+00
1.502063632011413574e+00
1.309114217758178711e+00
1.309114217758178711e+00
1.309114217758178711e+00
1.348584532737731934e+00
1.348584532737731934e+00
8.147971034049987793e-01
8.147971034049987793e-01
8.147971034049987793e-01
8.147971034049987793e-01
3.929303884506225586e-01
1.558234930038452148e+00
1.558234930038452148e+00
1.558234930038452148e+00
3.023808002471923828e-01
3.023808002471923828e-01
3.023808002471923828e-01
3.023808002471923828e-01
1.480033993721008301e+00
1.480033993721008301e+00
1.480033993721008301e+00
1.480033993721008301e+00
1.480033993721008301e+00
1.480033993721008301e+00
1.196515798568725586e+00
1.196515798568725586e+00
5.254222154617309570e-01
5.254222154617309570e-01
5.254222154617309570e-01
5.254222154617309570e-01
5.254222154617309570e-01
5.254222154617309570e-01
5.254222154617309570e-01
5.254222154617309570e-01
5.254222154617309570e-01
6.706066131591796875e-01
4.388625919818878174e-01
1.328107118606567383e+00
1.328107118606567383e+00
1.328107118606567383e+00
1.349156618118286133e+00
9.582811594009399414e-01
9.582811594009399414e-01
9.582811594009399414e-01
1.047015666961669922e+00
1.047015666961669922e+00
1.047015666961669922e+00
1.047015666961669922e+00
1.047015666961669922e+00
1.047015666961669922e+00
1.047015666961669922e+00
1.047015666961669922e+00
1.409755468368530273e+00
1.409755468368530273e+00
1.409755468368530273e+00
1.624095797538757324e+00
1.624095797538757324e+00
1.624095797538757324e+00
1.624095797538757324e+00
1.624095797538757324e+00
1.472829818725585938e+00
4.258817434310913086e-01
4.258817434310913086e-01
4.258817434310913086e-01
6.728022694587707520e-01
3.433798551559448242e-01
3.433798551559448242e-01
3.433798551559448242e-01
3.433798551559448242e-01
3.433798551559448242e-01
1.097172856330871582e+00
1.097172856330871582e+00
9.337087273597717285e-01
9.337087273597717285e-01
5.993467569351196289e-01
6.768764257431030273e-01
6.768764257431030273e-01
6.768764257431030273e-01
1.215200781822204590e+00
1.215200781822204590e+00
1.215200781822204590e+00
7.419254779815673828e-01
4.319845438003540039e-01
4.319845438003540039e-01
4.850381910800933838e-01
4.896081686019897461e-01
4.896081686019897461e-01
4.896081686019897461e-01
4.896081686019897461e-01
3.200827836990356445e-01
1.039664506912231445e+00
1.039664506912231445e+00
1.039664506912231445e+00
1.066591024398803711e+00
1.066591024398803711e+00
1.066591024398803711e+00
1.066591024398803711e+00
1.066591024398803711e+00
1.066591024398803711e+00
1.066591024398803711e+00
1.066591024398803711e+00
1.066591024398803711e+00
1.241535902023315430e+00
1.241535902023315430e+00
1.241535902023315430e+00
1.241535902023315430e+00
1.241535902023315430e+00
1.394071221351623535e+00
1.394071221351623535e+00
1.394071221351623535e+00
1.394071221351623535e+00
7.900848388671875000e-01
7.900848388671875000e-01
7.818298935890197754e-01
7.818298935890197754e-01
7.818298935890197754e-01
7.818298935890197754e-01
7.818298935890197754e-01
7.818298935890197754e-01
7.818298935890197754e-01
7.818298935890197754e-01
1.077662944793701172e+00
1.077662944793701172e+00
1.077662944793701172e+00
4.054223299026489258e-01
4.054223299026489258e-01
8.302870988845825195e-01
8.302870988845825195e-01
8.302870988845825195e-01
1.720348596572875977e+00
1.720348596572875977e+00
1.720348596572875977e+00
1.720348596572875977e+00
1.720348596572875977e+00
2.307475805282592773e-01
2.307475805282592773e-01
2.307475805282592773e-01
2.307475805282592773e-01
2.307475805282592773e-01
1.020920991897583008e+00
1.020920991897583008e+00
1.020920991897583008e+00
1.020920991897583008e+00
1.020920991897583008e+00
1.177548050880432129e+00
1.177548050880432129e+00
1.177548050880432129e+00
1.177548050880432129e+00
1.177548050880432129e+00
1.177548050880432129e+00
1.177548050880432129e+00
1.177548050880432129e+00
1.177548050880432129e+00
1.146747708320617676e+00
1.033094882965087891e+00
1.033094882965087891e+00
1.033094882965087891e+00
4.474013447761535645e-01
4.474013447761535645e-01
1.606888532638549805e+00
1.606888532638549805e+00
1.606888532638549805e+00
1.606888532638549805e+00
9.523174762725830078e-01
1.420092225074768066e+00
1.953370571136474609e-01
4.750955402851104736e-01
3.421489596366882324e-01
3.421489596366882324e-01
3.421489596366882324e-01
3.421489596366882324e-01
3.421489596366882324e-01
3.421489596366882324e-01
3.421489596366882324e-01
1.442003726959228516e+00
1.442003726959228516e+00
1.442003726959228516e+00
1.442003726959228516e+00
2.148964166641235352e+00
2.148964166641235352e+00
2.148964166641235352e+00
1.692248582839965820e+00
1.068588972091674805e+00
1.068588972091674805e+00
1.068588972091674805e+00
1.068588972091674805e+00
1.378646492958068848e+00
1.378646492958068848e+00
1.378646492958068848e+00
1.378646492958068848e+00
1.378646492958068848e+00
1.378646492958068848e+00
1.123784065246582031e+00
1.123784065246582031e+00
1.123784065246582031e+00
1.123784065246582031e+00
1.123784065246582031e+00
1.123784065246582031e+00
1.123784065246582031e+00
1.123784065246582031e+00
8.783847689628601074e-01
8.783847689628601074e-01
8.783847689628601074e-01
8.783847689628601074e-01
8.783847689628601074e-01
8.783847689628601074e-01
8.783847689628601074e-01
1.080230236053466797e+00
1.080230236053466797e+00
8.000688552856445312e-01
5.572301745414733887e-01
5.572301745414733887e-01
5.572301745414733887e-01
5.572301745414733887e-01
5.572301745414733887e-01
5.572301745414733887e-01
5.572301745414733887e-01
5.572301745414733887e-01
1.054440498352050781e+00
1.054440498352050781e+00
1.086051464080810547e+00
6.260870695114135742e-01
6.260870695114135742e-01
6.260870695114135742e-01
6.260870695114135742e-01
6.260870695114135742e-01
6.260870695114135742e-01
6.260870695114135742e-01
6.260870695114135742e-01
6.260870695114135742e-01
6.260870695114135742e-01
6.260870695114135742e-01
5.692333579063415527e-01
5.692333579063415527e-01
5.692333579063415527e-01
5.692333579063415527e-01
5.692333579063415527e-01
5.692333579063415527e-01
1.250350475311279297e+00
1.250350475311279297e+00
1.250350475311279297e+00
1.250350475311279297e+00
1.250350475311279297e+00
1.250350475311279297e+00
6.122546195983886719e-01
6.122546195983886719e-01
6.122546195983886719e-01
6.122546195983886719e-01
6.122546195983886719e-01
6.122546195983886719e-01
6.122546195983886719e-01
6.122546195983886719e-01
6.122546195983886719e-01
6.122546195983886719e-01
6.122546195983886719e-01
6.122546195983886719e-01
6.122546195983886719e-01
6.122546195983886719e-01
6.122546195983886719e-01
1.309745669364929199e+00
1.309745669364929199e+00
9.018138051033020020e-01
9.018138051033020020e-01
9.952330589294433594e-01
1.113809823989868164e+00
1.136493206024169922e+00
5.227750539779663086e-01
5.227750539779663086e-01
5.227750539779663086e-01
5.227750539779663086e-01
5.227750539779663086e-01
5.227750539779663086e-01
5.227750539779663086e-01
5.227750539779663086e-01
5.227750539779663086e-01
6.965920329093933105e-01
5.266920328140258789e-01
1.157820940017700195e+00
1.157820940017700195e+00
9.134690761566162109e-01
2.071910858154296875e+00
9.478662014007568359e-01
9.478662014007568359e-01
9.478662014007568359e-01
3.366695642471313477e-01
5.663478374481201172e-01
1.296434402465820312e+00
1.362327337265014648e-01
1.362327337265014648e-01
1.362327337265014648e-01
1.302002072334289551e-01
8.317654728889465332e-01
8.317654728889465332e-01
8.317654728889465332e-01
8.317654728889465332e-01
6.205089688301086426e-01
6.205089688301086426e-01
6.205089688301086426e-01
6.205089688301086426e-01
6.205089688301086426e-01
3.140777647495269775e-01
1.165581703186035156e+00
1.165581703186035156e+00
1.165581703186035156e+00
1.165581703186035156e+00
1.165581703186035156e+00
1.165581703186035156e+00
1.165581703186035156e+00
1.165581703186035156e+00
1.165581703186035156e+00
3.349949121475219727e-01
3.349949121475219727e-01
1.493496537208557129e+00
1.493496537208557129e+00
1.493496537208557129e+00
6.092883944511413574e-01
6.092883944511413574e-01
6.092883944511413574e-01
6.092883944511413574e-01
6.092883944511413574e-01
6.092883944511413574e-01
6.092883944511413574e-01
6.092883944511413574e-01
6.092883944511413574e-01
6.092883944511413574e-01
2.509263157844543457e-01
2.509263157844543457e-01
2.509263157844543457e-01
2.509263157844543457e-01
3.478273451328277588e-01
3.478273451328277588e-01
3.478273451328277588e-01
3.478273451328277588e-01
3.478273451328277588e-01
3.478273451328277588e-01
3.478273451328277588e-01
3.478273451328277588e-01
3.478273451328277588e-01
3.478273451328277588e-01
3.478273451328277588e-01
3.478273451328277588e-01
1.830767393112182617e+00
1.830767393112182617e+00
1.830767393112182617e+00
1.254371881484985352e+00
1.254371881484985352e+00
1.254371881484985352e+00
1.254371881484985352e+00
1.254371881484985352e+00
1.254371881484985352e+00
1.254371881484985352e+00
5.644769072532653809e-01
5.644769072532653809e-01
1.385648488998413086e+00
1.385648488998413086e+00
2.282079458236694336e-01
2.282079458236694336e-01
2.282079458236694336e-01
2.282079458236694336e-01
2.282079458236694336e-01
2.282079458236694336e-01
2.282079458236694336e-01
2.282079458236694336e-01
2.282079458236694336e-01
2.282079458236694336e-01
2.282079458236694336e-01
2.282079458236694336e-01
1.196986436843872070e+00
1.196986436843872070e+00
1.196986436843872070e+00
4.469764828681945801e-01
4.469764828681945801e-01
4.469764828681945801e-01
4.469764828681945801e-01
1.096927642822265625e+00
1.096927642822265625e+00
7.479511499404907227e-01
7.479511499404907227e-01
7.479511499404907227e-01
7.479511499404907227e-01
7.479511499404907227e-01
7.479511499404907227e-01
2.267955780029296875e+00
1.808743119239807129e+00
1.502041101455688477e+00
1.502041101455688477e+00
1.871153593063354492e+00
1.871153593063354492e+00
1.327336311340332031e+00
1.327336311340332031e+00
1.448071002960205078e+00
1.025359869003295898e+00
1.025359869003295898e+00
1.025359869003295898e+00
1.025359869003295898e+00
1.025359869003295898e+00
1.025359869003295898e+00
1.025359869003295898e+00
1.025359869003295898e+00
1.025359869003295898e+00
1.025359869003295898e+00
1.025359869003295898e+00
8.603678345680236816e-01
8.603678345680236816e-01
8.603678345680236816e-01
1.071723818778991699e+00
1.071723818778991699e+00
1.071723818778991699e+00
1.071723818778991699e+00
4.435250759124755859e-01
1.301134943962097168e+00
1.301134943962097168e+00
1.301134943962097168e+00
1.301134943962097168e+00
1.301134943962097168e+00
5.829405188560485840e-01
5.829405188560485840e-01
5.829405188560485840e-01
5.295411348342895508e-01
5.295411348342895508e-01
5.295411348342895508e-01
5.295411348342895508e-01
9.215089082717895508e-01
9.215089082717895508e-01
9.215089082717895508e-01
6.372207403182983398e-01
6.372207403182983398e-01
6.663695573806762695e-01
1.579014658927917480e+00
3.271530866622924805e-01
3.271530866622924805e-01
3.271530866622924805e-01
3.271530866622924805e-01
3.271530866622924805e-01
3.271530866622924805e-01
3.186874985694885254e-01
3.186874985694885254e-01
3.186874985694885254e-01
2.074880748987197876e-01
4.197396039962768555e-01
4.197396039962768555e-01
4.197396039962768555e-01
4.197396039962768555e-01
4.197396039962768555e-01
4.197396039962768555e-01
4.197396039962768555e-01
4.197396039962768555e-01
1.325386643409729004e+00
1.830899953842163086e+00
1.830899953842163086e+00
1.323110818862915039e+00
1.323110818862915039e+00
1.323110818862915039e+00
1.470925569534301758e+00
1.470925569534301758e+00
3.934550285339355469e-01
3.934550285339355469e-01
3.934550285339355469e-01
3.934550285339355469e-01
3.934550285339355469e-01
4.546458125114440918e-01
4.546458125114440918e-01
4.546458125114440918e-01
5.866323709487915039e-01
5.866323709487915039e-01
5.866323709487915039e-01
5.866323709487915039e-01
5.866323709487915039e-01
5.866323709487915039e-01
5.866323709487915039e-01
5.866323709487915039e-01
5.866323709487915039e-01
5.866323709487915039e-01
5.866323709487915039e-01
5.866323709487915039e-01
1.083994269371032715e+00
1.083994269371032715e+00
1.083994269371032715e+00
1.083994269371032715e+00
9.686658978462219238e-01
9.686658978462219238e-01
8.354483842849731445e-01
8.354483842849731445e-01
8.354483842849731445e-01
1.622339963912963867e+00
1.622339963912963867e+00
1.622339963912963867e+00
1.622339963912963867e+00
1.777311563491821289e+00
8.204619884490966797e-01
8.204619884490966797e-01
8.204619884490966797e-01
8.204619884490966797e-01
8.204619884490966797e-01
3.599350154399871826e-01
3.599350154399871826e-01
3.671879768371582031e-01
3.671879768371582031e-01
3.671879768371582031e-01
3.671879768371582031e-01
3.671879768371582031e-01
1.000741958618164062e+00
7.844609022140502930e-01
7.844609022140502930e-01
7.844609022140502930e-01
7.844609022140502930e-01
1.137750029563903809e+00
1.137750029563903809e+00
1.137750029563903809e+00
1.137750029563903809e+00
7.244837284088134766e-01
7.360048294067382812e-01
7.812769412994384766e-01
9.949774146080017090e-01
9.949774146080017090e-01
9.949774146080017090e-01
9.949774146080017090e-01
9.949774146080017090e-01
5.788848400115966797e-01
5.788848400115966797e-01
5.788848400115966797e-01
5.788848400115966797e-01
5.788848400115966797e-01
5.788848400115966797e-01
5.788848400115966797e-01
5.788848400115966797e-01
5.788848400115966797e-01
7.667522430419921875e-01
7.667522430419921875e-01
7.667522430419921875e-01
9.644905328750610352e-01
9.644905328750610352e-01
9.644905328750610352e-01
9.644905328750610352e-01
1.481082439422607422e+00
1.481082439422607422e+00
1.481082439422607422e+00
1.481082439422607422e+00
1.481082439422607422e+00
1.481082439422607422e+00
1.481082439422607422e+00
6.023900508880615234e-01
6.023900508880615234e-01
1.094089865684509277e+00
1.301782488822937012e+00
1.458990573883056641e+00
1.458990573883056641e+00
1.458990573883056641e+00
1.458990573883056641e+00
1.626800298690795898e-01
1.626800298690795898e-01
2.036714553833007812e+00
2.036714553833007812e+00
9.244620800018310547e-01
9.244620800018310547e-01
9.244620800018310547e-01
9.477784037590026855e-01
9.477784037590026855e-01
9.477784037590026855e-01
9.477784037590026855e-01
9.477784037590026855e-01
9.477784037590026855e-01
9.477784037590026855e-01
9.477784037590026855e-01
9.477784037590026855e-01
9.477784037590026855e-01
9.477784037590026855e-01
9.477784037590026855e-01
4.645272493362426758e-01
4.645272493362426758e-01
4.645272493362426758e-01
2.219044923782348633e+00
3.857359886169433594e-01
3.857359886169433594e-01
3.857359886169433594e-01
3.857359886169433594e-01
3.857359886169433594e-01
3.857359886169433594e-01
2.362812608480453491e-01
7.996667027473449707e-01
7.996667027473449707e-01
7.996667027473449707e-01
7.996667027473449707e-01
7.996667027473449707e-01
7.996667027473449707e-01
7.996667027473449707e-01
1.453783273696899414e+00
1.453783273696899414e+00
1.453783273696899414e+00
3.748291730880737305e-01
3.748291730880737305e-01
3.748291730880737305e-01
3.748291730880737305e-01
3.748291730880737305e-01
3.748291730880737305e-01
3.748291730880737305e-01
3.748291730880737305e-01
3.748291730880737305e-01
9.857763648033142090e-01
9.857763648033142090e-01
6.177306771278381348e-01
6.177306771278381348e-01
6.177306771278381348e-01
6.177306771278381348e-01
7.102684378623962402e-01
7.102684378623962402e-01
5.769359469413757324e-01
5.769359469413757324e-01
5.769359469413757324e-01
5.769359469413757324e-01
5.596995949745178223e-01
2.563991248607635498e-01
2.563991248607635498e-01
1.164172649383544922e+00
1.164172649383544922e+00
1.164172649383544922e+00
2.621157169342041016e-01
2.621157169342041016e-01
2.621157169342041016e-01
2.621157169342041016e-01
2.621157169342041016e-01
2.264188379049301147e-01
1.710446834564208984e+00
1.006484985351562500e+00
1.006484985351562500e+00
1.006484985351562500e+00
6.054515838623046875e-01
6.054515838623046875e-01
6.054515838623046875e-01
6.475864648818969727e-01
6.475864648818969727e-01
6.475864648818969727e-01
6.475864648818969727e-01
6.475864648818969727e-01
6.475864648818969727e-01
6.475864648818969727e-01
6.475864648818969727e-01
6.475864648818969727e-01
6.475864648818969727e-01
6.475864648818969727e-01
6.475864648818969727e-01
6.475864648818969727e-01
6.475864648818969727e-01
6.475864648818969727e-01
6.475864648818969727e-01
1.019388914108276367e+00
1.019388914108276367e+00
1.019388914108276367e+00
1.019388914108276367e+00
1.019388914108276367e+00
1.019388914108276367e+00
1.019388914108276367e+00
1.019388914108276367e+00
1.019388914108276367e+00
1.010827898979187012e+00
8.346210718154907227e-01
8.346210718154907227e-01
1.163241863250732422e+00
1.163241863250732422e+00
1.163241863250732422e+00
1.163241863250732422e+00
1.163241863250732422e+00
1.163241863250732422e+00
6.225668787956237793e-01
6.225668787956237793e-01
1.003676414489746094e+00
1.003676414489746094e+00
1.003676414489746094e+00
1.003676414489746094e+00
2.151492834091186523e-01
2.151492834091186523e-01
1.938356876373291016e+00
1.938356876373291016e+00
1.938356876373291016e+00
1.938356876373291016e+00
2.745419740676879883e-01
2.745419740676879883e-01
1.052633523941040039e+00
1.052633523941040039e+00
1.052633523941040039e+00
1.052633523941040039e+00
1.052633523941040039e+00
1.052633523941040039e+00
1.052633523941040039e+00
1.052633523941040039e+00
1.052633523941040039e+00
1.052633523941040039e+00
1.088111639022827148e+00
1.088111639022827148e+00
1.088111639022827148e+00
1.088111639022827148e+00
1.088111639022827148e+00
1.880822896957397461e+00
1.880822896957397461e+00
1.880822896957397461e+00
1.729549765586853027e+00
1.729549765586853027e+00
1.729549765586853027e+00
1.729549765586853027e+00
1.729549765586853027e+00
1.729549765586853027e+00
7.009668350219726562e-01
7.009668350219726562e-01
7.009668350219726562e-01
7.009668350219726562e-01
7.009668350219726562e-01
7.009668350219726562e-01
7.009668350219726562e-01
7.009668350219726562e-01
5.923486351966857910e-01
1.311239957809448242e+00
6.338929533958435059e-01
6.338929533958435059e-01
6.338929533958435059e-01
9.288675785064697266e-01
9.288675785064697266e-01
9.288675785064697266e-01
9.288675785064697266e-01
9.288675785064697266e-01
9.288675785064697266e-01
9.288675785064697266e-01
9.288675785064697266e-01
9.288675785064697266e-01
5.489015579223632812e-01
9.774351716041564941e-01
9.774351716041564941e-01
1.182026028633117676e+00
1.182026028633117676e+00
1.761841535568237305e+00
1.761841535568237305e+00
1.761841535568237305e+00
1.880446553230285645e+00
8.561867475509643555e-01
8.561867475509643555e-01
8.561867475509643555e-01
8.561867475509643555e-01
7.726361155509948730e-01
7.726361155509948730e-01
7.726361155509948730e-01
6.503083705902099609e-01
6.503083705902099609e-01
1.081178069114685059e+00
1.081178069114685059e+00
1.235042572021484375e+00
1.235042572021484375e+00
7.822197079658508301e-01
7.822197079658508301e-01
7.822197079658508301e-01
7.822197079658508301e-01
1.185254812240600586e+00
4.517534375190734863e-01
4.517534375190734863e-01
4.517534375190734863e-01
4.517534375190734863e-01
4.517534375190734863e-01
3.979165852069854736e-01
1.137941956520080566e+00
1.137941956520080566e+00
4.791008234024047852e-01
4.791008234024047852e-01
4.791008234024047852e-01
4.097640812397003174e-01
4.097640812397003174e-01
4.097640812397003174e-01
5.722284317016601562e-01
5.722284317016601562e-01
5.722284317016601562e-01
5.722284317016601562e-01
5.722284317016601562e-01
5.722284317016601562e-01
5.722284317016601562e-01
5.722284317016601562e-01
5.722284317016601562e-01
1.321355342864990234e+00
1.321355342864990234e+00
1.321355342864990234e+00
1.321355342864990234e+00
3.822923302650451660e-01
3.822923302650451660e-01
1.573746442794799805e+00
1.573746442794799805e+00
1.573746442794799805e+00
1.573746442794799805e+00
1.573746442794799805e+00
5.166525840759277344e-01
5.166525840759277344e-01
5.166525840759277344e-01
6.015556454658508301e-01
6.015556454658508301e-01
6.015556454658508301e-01
6.015556454658508301e-01
6.015556454658508301e-01
6.015556454658508301e-01
6.015556454658508301e-01
6.015556454658508301e-01
6.015556454658508301e-01
6.015556454658508301e-01
1.267003297805786133e+00
1.267003297805786133e+00
1.267003297805786133e+00
7.323669791221618652e-01
7.323669791221618652e-01
7.857517600059509277e-01
4.422082602977752686e-01
4.422082602977752686e-01
4.422082602977752686e-01
4.422082602977752686e-01
4.422082602977752686e-01
4.422082602977752686e-01
1.323299527168273926e+00
1.323299527168273926e+00
1.323299527168273926e+00
1.323299527168273926e+00
1.094521522521972656e+00
1.094521522521972656e+00
1.094521522521972656e+00
1.094521522521972656e+00
1.094521522521972656e+00
1.094521522521972656e+00
1.094521522521972656e+00
1.094521522521972656e+00
1.094521522521972656e+00
1.094521522521972656e+00
1.094521522521972656e+00
1.094521522521972656e+00
1.094521522521972656e+00
1.094521522521972656e+00
1.271722197532653809e+00
4.054741263389587402e-01
6.058647632598876953e-01
6.058647632598876953e-01
6.058647632598876953e-01
6.058647632598876953e-01
6.058647632598876953e-01
6.058647632598876953e-01
6.058647632598876953e-01
6.058647632598876953e-01
6.058647632598876953e-01
6.058647632598876953e-01
6.058647632598876953e-01
6.058647632598876953e-01
6.058647632598876953e-01
6.058647632598876953e-01
6.058647632598876953e-01
6.058647632598876953e-01
8.424101471900939941e-01
8.424101471900939941e-01
2.502887248992919922e-01
2.502887248992919922e-01
2.502887248992919922e-01
2.502887248992919922e-01
2.502887248992919922e-01
2.502887248992919922e-01
2.502887248992919922e-01
2.502887248992919922e-01
2.502887248992919922e-01
7.729435563087463379e-01
7.729435563087463379e-01
6.173067092895507812e-01
2.664675116539001465e-01
1.650179862976074219e+00
1.650179862976074219e+00
1.650179862976074219e+00
1.650179862976074219e+00
4.646573066711425781e-01
4.646573066711425781e-01
4.646573066711425781e-01
4.646573066711425781e-01
4.646573066711425781e-01
4.646573066711425781e-01
4.646573066711425781e-01
4.646573066711425781e-01
1.313186168670654297e+00
1.313186168670654297e+00
1.313186168670654297e+00
1.313186168670654297e+00
1.313186168670654297e+00
1.313186168670654297e+00
1.772467374801635742e+00
6.811159849166870117e-01
6.811159849166870117e-01
6.811159849166870117e-01
6.811159849166870117e-01
6.811159849166870117e-01
6.811159849166870117e-01
6.811159849166870117e-01
6.811159849166870117e-01
6.811159849166870117e-01
4.001974761486053467e-01
4.001974761486053467e-01
4.001974761486053467e-01
4.001974761486053467e-01
2.393739670515060425e-01
2.393739670515060425e-01
6.880542635917663574e-01
6.880542635917663574e-01
6.880542635917663574e-01
1.171731472015380859e+00
1.171731472015380859e+00
1.171731472015380859e+00
1.171731472015380859e+00
1.171731472015380859e+00
1.054399847984313965e+00
1.054399847984313965e+00
1.054399847984313965e+00
1.358118653297424316e+00
1.358118653297424316e+00
1.358118653297424316e+00
1.358118653297424316e+00
1.358118653297424316e+00
1.078006029129028320e+00
1.078006029129028320e+00
1.078006029129028320e+00
1.078006029129028320e+00
7.832796573638916016e-01
1.479809999465942383e+00
1.479809999465942383e+00
1.479809999465942383e+00
1.115189075469970703e+00
1.115189075469970703e+00
1.115189075469970703e+00
1.436024308204650879e+00
1.436024308204650879e+00
1.436024308204650879e+00
1.436024308204650879e+00
1.436024308204650879e+00
1.436024308204650879e+00
1.436024308204650879e+00
1.436024308204650879e+00
1.002848029136657715e+00
1.002848029136657715e+00
1.002848029136657715e+00
1.002848029136657715e+00
1.002848029136657715e+00
1.002848029136657715e+00
1.002848029136657715e+00
1.002848029136657715e+00
1.501493334770202637e+00
1.501493334770202637e+00
1.501493334770202637e+00
1.501493334770202637e+00
1.501493334770202637e+00
8.701443672180175781e-01
7.726684808731079102e-01
7.726684808731079102e-01
7.726684808731079102e-01
7.726684808731079102e-01
7.726684808731079102e-01
3.631826043128967285e-01
3.631826043128967285e-01
3.631826043128967285e-01
3.631826043128967285e-01
3.631826043128967285e-01
3.631826043128967285e-01
3.631826043128967285e-01
3.631826043128967285e-01
1.893640756607055664e-01
8.640193343162536621e-01
9.717481136322021484e-01
9.717481136322021484e-01
1.128030657768249512e+00
9.791921973228454590e-01
9.791921973228454590e-01
9.791921973228454590e-01
9.791921973228454590e-01
9.791921973228454590e-01
8.679324984550476074e-01
8.679324984550476074e-01
8.679324984550476074e-01
8.679324984550476074e-01
8.679324984550476074e-01
7.906305193901062012e-01
4.766988158226013184e-01
4.766988158226013184e-01
4.766988158226013184e-01
4.766988158226013184e-01
4.766988158226013184e-01
4.766988158226013184e-01
4.766988158226013184e-01
7.400372028350830078e-01
6.033411026000976562e-01
4.529520273208618164e-01
4.529520273208618164e-01
4.529520273208618164e-01
4.529520273208618164e-01
8.725427985191345215e-01
8.725427985191345215e-01
8.725427985191345215e-01
8.725427985191345215e-01
8.725427985191345215e-01
8.725427985191345215e-01
8.725427985191345215e-01
8.725427985191345215e-01
8.725427985191345215e-01
8.725427985191345215e-01
8.725427985191345215e-01
8.725427985191345215e-01
8.725427985191345215e-01
8.725427985191345215e-01
8.505274057388305664e-01
8.505274057388305664e-01
8.505274057388305664e-01
8.505274057388305664e-01
8.505274057388305664e-01
8.505274057388305664e-01
8.505274057388305664e-01
9.023898839950561523e-01
9.023898839950561523e-01
1.894417881965637207e+00
1.894417881965637207e+00
1.545955657958984375e+00
1.545955657958984375e+00
1.545955657958984375e+00
1.545955657958984375e+00
1.343351125717163086e+00
1.343351125717163086e+00
1.343351125717163086e+00
1.343351125717163086e+00
1.511573553085327148e+00
1.511573553085327148e+00
1.511573553085327148e+00
8.970188498497009277e-01
8.970188498497009277e-01
8.970188498497009277e-01
8.970188498497009277e-01
5.333936214447021484e-01
5.333936214447021484e-01
1.063896656036376953e+00
1.063896656036376953e+00
4.626184105873107910e-01
4.626184105873107910e-01
4.626184105873107910e-01
2.457149475812911987e-01
2.457149475812911987e-01
1.649487376213073730e+00
1.159832954406738281e+00
1.145764350891113281e+00
5.143136978149414062e-01
5.143136978149414062e-01
5.143136978149414062e-01
5.143136978149414062e-01
5.143136978149414062e-01
1.254265666007995605e+00
6.009042859077453613e-01
6.009042859077453613e-01
1.164225578308105469e+00
5.410063266754150391e-01
1.025980949401855469e+00
1.025980949401855469e+00
1.025980949401855469e+00
3.854314684867858887e-01
3.854314684867858887e-01
3.854314684867858887e-01
3.854314684867858887e-01
3.854314684867858887e-01
3.854314684867858887e-01
3.854314684867858887e-01
6.742123365402221680e-01
6.742123365402221680e-01
6.742123365402221680e-01
6.742123365402221680e-01
6.742123365402221680e-01
6.742123365402221680e-01
3.335578441619873047e-01
1.861096858978271484e+00
1.861096858978271484e+00
1.861096858978271484e+00
1.861096858978271484e+00
2.076574087142944336e+00
2.208522319793701172e+00
2.208522319793701172e+00
2.208522319793701172e+00
2.208522319793701172e+00
1.635921835899353027e+00
1.635921835899353027e+00
6.516504883766174316e-01
6.081875562667846680e-01
1.969831287860870361e-01
1.969831287860870361e-01
1.969831287860870361e-01
1.969831287860870361e-01
3.943039774894714355e-01
3.943039774894714355e-01
3.943039774894714355e-01
3.943039774894714355e-01
3.943039774894714355e-01
1.192329406738281250e+00
1.192329406738281250e+00
1.192329406738281250e+00
8.685721158981323242e-01
4.142031073570251465e-01
4.142031073570251465e-01
4.142031073570251465e-01
4.142031073570251465e-01
4.142031073570251465e-01
4.142031073570251465e-01
4.142031073570251465e-01
9.728167653083801270e-01
9.728167653083801270e-01
9.728167653083801270e-01
9.728167653083801270e-01
9.728167653083801270e-01
9.728167653083801270e-01
9.728167653083801270e-01
9.728167653083801270e-01
7.164799571037292480e-01
7.164799571037292480e-01
7.164799571037292480e-01
7.164799571037292480e-01
7.164799571037292480e-01
7.164799571037292480e-01
7.164799571037292480e-01
1.041783332824707031e+00
1.041783332824707031e+00
1.041783332824707031e+00
1.041783332824707031e+00
1.407106518745422363e-01
1.407106518745422363e-01
1.407106518745422363e-01
1.407106518745422363e-01
1.446635961532592773e+00
1.446635961532592773e+00
1.446635961532592773e+00
1.446635961532592773e+00
1.446635961532592773e+00
1.446635961532592773e+00
1.446635961532592773e+00
1.446635961532592773e+00
9.725039601325988770e-01
9.725039601325988770e-01
9.725039601325988770e-01
9.725039601325988770e-01
9.725039601325988770e-01
9.725039601325988770e-01
9.725039601325988770e-01
1.219994664192199707e+00
7.046158313751220703e-01
1.681191086769104004e+00
1.681191086769104004e+00
1.657534241676330566e+00
1.657534241676330566e+00
1.657534241676330566e+00
1.657534241676330566e+00
2.525306940078735352e-01
2.525306940078735352e-01
2.525306940078735352e-01
2.525306940078735352e-01
1.334624409675598145e+00
1.334624409675598145e+00
1.334624409675598145e+00
1.334624409675598145e+00
1.000759959220886230e+00
1.191784024238586426e+00
1.191784024238586426e+00
1.191784024238586426e+00
1.191784024238586426e+00
1.295008659362792969e+00
7.534572482109069824e-01
7.534572482109069824e-01
7.534572482109069824e-01
7.534572482109069824e-01
7.534572482109069824e-01
1.088037490844726562e+00
1.088037490844726562e+00
1.088037490844726562e+00
1.088037490844726562e+00
1.088037490844726562e+00
1.547316074371337891e+00
1.547316074371337891e+00
1.315552234649658203e+00
1.315552234649658203e+00
1.315552234649658203e+00
1.315552234649658203e+00
1.315552234649658203e+00
7.707753777503967285e-01
7.707753777503967285e-01
7.707753777503967285e-01
1.232119083404541016e+00
5.039064884185791016e-01
3.636150658130645752e-01
3.636150658130645752e-01
3.636150658130645752e-01
3.636150658130645752e-01
3.636150658130645752e-01
3.551406860351562500e-01
3.551406860351562500e-01
3.551406860351562500e-01
3.551406860351562500e-01
3.551406860351562500e-01
3.551406860351562500e-01
1.560544013977050781e+00
1.560544013977050781e+00
1.795742988586425781e+00
1.795742988586425781e+00
1.795742988586425781e+00
1.795742988586425781e+00
1.795742988586425781e+00
1.795742988586425781e+00
1.795742988586425781e+00
1.795742988586425781e+00
1.795742988586425781e+00
1.795742988586425781e+00
1.055300712585449219e+00
3.176249265670776367e-01
3.176249265670776367e-01
3.176249265670776367e-01
3.176249265670776367e-01
5.977709293365478516e-01
5.977709293365478516e-01
8.570234775543212891e-01
8.570234775543212891e-01
6.177748441696166992e-01
6.177748441696166992e-01
6.177748441696166992e-01
6.177748441696166992e-01
6.177748441696166992e-01
6.177748441696166992e-01
6.177748441696166992e-01
6.177748441696166992e-01
6.177748441696166992e-01
6.177748441696166992e-01
6.177748441696166992e-01
6.177748441696166992e-01
6.177748441696166992e-01
6.177748441696166992e-01
5.798190832138061523e-01
1.573857545852661133e+00
6.220308542251586914e-01
6.220308542251586914e-01
6.220308542251586914e-01
6.220308542251586914e-01
6.220308542251586914e-01
6.220308542251586914e-01
6.220308542251586914e-01
6.220308542251586914e-01
6.220308542251586914e-01
6.220308542251586914e-01
3.799059987068176270e-01
3.799059987068176270e-01
3.799059987068176270e-01
3.799059987068176270e-01
3.799059987068176270e-01
3.799059987068176270e-01
3.799059987068176270e-01
2.177871942520141602e+00
2.177871942520141602e+00
1.878191947937011719e+00
1.130461692810058594e-01
1.130461692810058594e-01
1.130461692810058594e-01
1.130461692810058594e-01
7.697960138320922852e-01
8.751816749572753906e-01
5.431670546531677246e-01
5.431670546531677246e-01
2.188992798328399658e-01
4.672695100307464600e-01
8.049598932266235352e-01
8.892070651054382324e-01
8.892070651054382324e-01
1.871815085411071777e+00
1.644428372383117676e+00
1.644428372383117676e+00
6.654902696609497070e-01
1.433506250381469727e+00
9.200837612152099609e-01
9.200837612152099609e-01
9.200837612152099609e-01
9.200837612152099609e-01
5.019463896751403809e-01
5.019463896751403809e-01
5.019463896751403809e-01
5.019463896751403809e-01
5.019463896751403809e-01
5.019463896751403809e-01
5.019463896751403809e-01
8.421522974967956543e-01
1.972503185272216797e+00
1.456647038459777832e+00
1.456647038459777832e+00
1.456647038459777832e+00
1.456647038459777832e+00
1.456647038459777832e+00
1.456647038459777832e+00
1.456647038459777832e+00
5.885505676269531250e-01
1.452955007553100586e+00
6.799033880233764648e-01
6.799033880233764648e-01
6.799033880233764648e-01
6.799033880233764648e-01
6.799033880233764648e-01
6.799033880233764648e-01
6.799033880233764648e-01
6.799033880233764648e-01
1.227798938751220703e+00
1.227798938751220703e+00
3.168513774871826172e-01
1.130643010139465332e+00
1.130643010139465332e+00
1.130643010139465332e+00
1.130643010139465332e+00
1.130643010139465332e+00
5.554279685020446777e-01
7.751764655113220215e-01
6.647285819053649902e-01
6.647285819053649902e-01
6.647285819053649902e-01
6.647285819053649902e-01
6.647285819053649902e-01
6.647285819053649902e-01
6.647285819053649902e-01
6.647285819053649902e-01
6.647285819053649902e-01
6.647285819053649902e-01
5.372813940048217773e-01
5.372813940048217773e-01
6.575546264648437500e-01
6.575546264648437500e-01
6.575546264648437500e-01
6.575546264648437500e-01
6.990628242492675781e-01
6.990628242492675781e-01
6.990628242492675781e-01
6.990628242492675781e-01
6.990628242492675781e-01
6.990628242492675781e-01
6.990628242492675781e-01
6.990628242492675781e-01
1.050708770751953125e+00
1.050708770751953125e+00
1.050708770751953125e+00
1.050708770751953125e+00
1.050708770751953125e+00
1.050708770751953125e+00
1.050708770751953125e+00
1.050708770751953125e+00
1.050708770751953125e+00
1.050708770751953125e+00
1.626246690750122070e+00
1.626246690750122070e+00
1.626246690750122070e+00
1.626246690750122070e+00
1.626246690750122070e+00
1.626246690750122070e+00
1.626246690750122070e+00
1.626246690750122070e+00
9.843946099281311035e-01
2.167383670806884766e+00
2.167383670806884766e+00
2.106839179992675781e+00
1.765448689460754395e+00
1.765448689460754395e+00
1.765448689460754395e+00
1.438788652420043945e+00
1.438788652420043945e+00
1.619757056236267090e+00
1.619757056236267090e+00
1.619757056236267090e+00
2.075062513351440430e+00
5.883665084838867188e-01
5.883665084838867188e-01
6.907402276992797852e-01
1.378269553184509277e+00
1.378269553184509277e+00
1.378269553184509277e+00
1.378269553184509277e+00
8.692942261695861816e-01
8.838410377502441406e-01
8.838410377502441406e-01
8.127079010009765625e-01
8.127079010009765625e-01
7.091080546379089355e-01
7.091080546379089355e-01
7.091080546379089355e-01
7.091080546379089355e-01
7.091080546379089355e-01
2.013946533203125000e+00
2.013946533203125000e+00
2.013946533203125000e+00
2.013946533203125000e+00
8.403136730194091797e-01
8.403136730194091797e-01
8.403136730194091797e-01
8.403136730194091797e-01
8.403136730194091797e-01
8.403136730194091797e-01
1.329892277717590332e+00
1.329892277717590332e+00
1.329892277717590332e+00
1.329892277717590332e+00
1.329892277717590332e+00
1.329892277717590332e+00
1.329892277717590332e+00
1.329892277717590332e+00
1.329892277717590332e+00
1.329892277717590332e+00
1.329892277717590332e+00
1.329892277717590332e+00
1.329892277717590332e+00
1.329892277717590332e+00
6.954675912857055664e-01
6.954675912857055664e-01
6.954675912857055664e-01
8.339599967002868652e-01
8.339599967002868652e-01
8.339599967002868652e-01
7.987102270126342773e-01
7.987102270126342773e-01
7.987102270126342773e-01
9.775233268737792969e-01
4.860262274742126465e-01
4.860262274742126465e-01
4.860262274742126465e-01
4.860262274742126465e-01
4.860262274742126465e-01
4.860262274742126465e-01
4.211117625236511230e-01
4.211117625236511230e-01
4.211117625236511230e-01
4.211117625236511230e-01
4.211117625236511230e-01
1.908169746398925781e+00
1.908169746398925781e+00
1.908169746398925781e+00
1.908169746398925781e+00
1.908169746398925781e+00
6.961033344268798828e-01
6.961033344268798828e-01
6.961033344268798828e-01
6.961033344268798828e-01
6.961033344268798828e-01
6.961033344268798828e-01
6.961033344268798828e-01
6.961033344268798828e-01
6.961033344268798828e-01
6.961033344268798828e-01
6.961033344268798828e-01
5.366151928901672363e-01
5.366151928901672363e-01
5.366151928901672363e-01
5.366151928901672363e-01
5.366151928901672363e-01
1.084422945976257324e+00
1.084422945976257324e+00
1.084422945976257324e+00
1.084422945976257324e+00
1.084422945976257324e+00
1.084422945976257324e+00
1.084422945976257324e+00
1.084422945976257324e+00
2.116671562194824219e+00
2.116671562194824219e+00
1.174597620964050293e+00
1.174597620964050293e+00
1.174597620964050293e+00
1.174597620964050293e+00
1.008198261260986328e+00
5.234189033508300781e-01
5.234189033508300781e-01
1.636088132858276367e+00
5.627205371856689453e-01
1.203849315643310547e+00
1.203849315643310547e+00
1.203849315643310547e+00
1.203849315643310547e+00
1.203849315643310547e+00
1.203849315643310547e+00
1.064439415931701660e+00
1.064439415931701660e+00
1.765280008316040039e+00
1.717569470405578613e+00
1.717569470405578613e+00
1.717569470405578613e+00
1.717569470405578613e+00
1.505686640739440918e+00
1.505686640739440918e+00
1.505686640739440918e+00
6.399633288383483887e-01
6.399633288383483887e-01
1.505261898040771484e+00
1.505261898040771484e+00
7.410975098609924316e-01
7.410975098609924316e-01
7.410975098609924316e-01
7.410975098609924316e-01
7.410975098609924316e-01
7.410975098609924316e-01
7.410975098609924316e-01
7.410975098609924316e-01
7.410975098609924316e-01
7.410975098609924316e-01
7.410975098609924316e-01
7.410975098609924316e-01
7.410975098609924316e-01
7.410975098609924316e-01
7.410975098609924316e-01
1.762433648109436035e-01
1.762433648109436035e-01
1.762433648109436035e-01
1.840751886367797852e+00
1.840751886367797852e+00
1.872661352157592773e+00
1.872661352157592773e+00
1.872661352157592773e+00
1.872661352157592773e+00
4.539304971694946289e-01
4.539304971694946289e-01
4.539304971694946289e-01
4.539304971694946289e-01
1.904951333999633789e-01
1.608954548835754395e+00
1.107596635818481445e+00
1.107596635818481445e+00
1.107596635818481445e+00
1.107596635818481445e+00
1.107596635818481445e+00
1.126641869544982910e+00
1.126641869544982910e+00
1.126641869544982910e+00
1.550936460494995117e+00
1.550936460494995117e+00
1.550936460494995117e+00
1.807425856590270996e+00
1.680864095687866211e+00
1.680864095687866211e+00
4.292286634445190430e-01
4.292286634445190430e-01
4.292286634445190430e-01
4.292286634445190430e-01
1.146934270858764648e+00
1.146934270858764648e+00
1.146934270858764648e+00
4.152148962020874023e-01
6.017810106277465820e-01
2.232122421264648438e-01
2.232122421264648438e-01
2.232122421264648438e-01
1.591064691543579102e+00
1.591064691543579102e+00
1.591064691543579102e+00
1.591064691543579102e+00
2.513344287872314453e-01
2.513344287872314453e-01
2.513344287872314453e-01
2.513344287872314453e-01
2.513344287872314453e-01
2.513344287872314453e-01
2.513344287872314453e-01
2.513344287872314453e-01
2.513344287872314453e-01
2.513344287872314453e-01
2.513344287872314453e-01
2.513344287872314453e-01
2.513344287872314453e-01
2.513344287872314453e-01
2.513344287872314453e-01
1.126583814620971680e+00
1.126583814620971680e+00
1.126583814620971680e+00
1.126583814620971680e+00
1.126583814620971680e+00
1.126583814620971680e+00
1.126583814620971680e+00
1.126583814620971680e+00
1.126583814620971680e+00
4.700616598129272461e-01
4.700616598129272461e-01
4.700616598129272461e-01
5.990247130393981934e-01
1.067548990249633789e+00
1.067548990249633789e+00
1.067548990249633789e+00
1.067548990249633789e+00
1.067548990249633789e+00
1.191741585731506348e+00
9.504173994064331055e-01
9.504173994064331055e-01
4.878266751766204834e-01
4.878266751766204834e-01
4.878266751766204834e-01
4.878266751766204834e-01
6.248813867568969727e-01
6.248813867568969727e-01
6.248813867568969727e-01
6.248813867568969727e-01
6.248813867568969727e-01
6.248813867568969727e-01
6.248813867568969727e-01
6.248813867568969727e-01
3.170020282268524170e-01
3.170020282268524170e-01
3.170020282268524170e-01
3.170020282268524170e-01
3.170020282268524170e-01
3.859708309173583984e-01
8.697728514671325684e-01
8.697728514671325684e-01
5.390396118164062500e-01
5.390396118164062500e-01
5.390396118164062500e-01
5.390396118164062500e-01
5.390396118164062500e-01
5.390396118164062500e-01
5.390396118164062500e-01
5.390396118164062500e-01
5.390396118164062500e-01
2.572290599346160889e-01
2.572290599346160889e-01
2.572290599346160889e-01
2.572290599346160889e-01
2.572290599346160889e-01
2.572290599346160889e-01
2.572290599346160889e-01
2.572290599346160889e-01
1.248756408691406250e+00
4.322420358657836914e-01
4.322420358657836914e-01
7.562595605850219727e-01
7.562595605850219727e-01
1.560454249382019043e+00
8.281762003898620605e-01
5.118006467819213867e-01
5.118006467819213867e-01
5.118006467819213867e-01
5.470454096794128418e-01
5.470454096794128418e-01
1.139756560325622559e+00
9.710866808891296387e-01
9.710866808891296387e-01
9.710866808891296387e-01
9.710866808891296387e-01
9.710866808891296387e-01
9.710866808891296387e-01
9.710866808891296387e-01
9.710866808891296387e-01
1.309745788574218750e+00
1.309745788574218750e+00
5.322033762931823730e-01
5.322033762931823730e-01
5.322033762931823730e-01
5.322033762931823730e-01
5.322033762931823730e-01
1.399944663047790527e+00
1.147998332977294922e+00
1.147998332977294922e+00
1.147998332977294922e+00
1.147998332977294922e+00
1.147998332977294922e+00
1.147998332977294922e+00
1.147998332977294922e+00
1.147998332977294922e+00
1.103279471397399902e+00
1.103279471397399902e+00
1.103279471397399902e+00
7.887685894966125488e-01
7.887685894966125488e-01
7.887685894966125488e-01
7.887685894966125488e-01
7.887685894966125488e-01
7.887685894966125488e-01
7.887685894966125488e-01
6.052280664443969727e-01
6.052280664443969727e-01
6.052280664443969727e-01
6.052280664443969727e-01
3.246782422065734863e-01
3.246782422065734863e-01
3.246782422065734863e-01
3.246782422065734863e-01
3.246782422065734863e-01
2.016510725021362305e+00
2.016510725021362305e+00
2.016510725021362305e+00
2.016510725021362305e+00
2.016510725021362305e+00
2.016510725021362305e+00
2.016510725021362305e+00
2.016510725021362305e+00
2.016510725021362305e+00
2.016510725021362305e+00
2.016510725021362305e+00
2.016510725021362305e+00
2.016510725021362305e+00
2.016510725021362305e+00
2.016510725021362305e+00
2.016510725021362305e+00
2.016510725021362305e+00
2.016510725021362305e+00
2.016510725021362305e+00
5.688687562942504883e-01
1.408695459365844727e+00
1.023252010345458984e+00
7.956870198249816895e-01
9.704977273941040039e-01
9.704977273941040039e-01
9.704977273941040039e-01
9.704977273941040039e-01
9.704977273941040039e-01
1.497107744216918945e-01
1.603909015655517578e+00
1.603909015655517578e+00
1.603909015655517578e+00
1.603909015655517578e+00
1.603909015655517578e+00
1.133193016052246094e+00
1.133193016052246094e+00
1.133193016052246094e+00
1.133193016052246094e+00
1.133193016052246094e+00
1.133193016052246094e+00
1.133193016052246094e+00
1.133193016052246094e+00
7.949340343475341797e-01
1.071773290634155273e+00
1.071773290634155273e+00
1.071773290634155273e+00
1.897673964500427246e+00
1.897673964500427246e+00
1.897673964500427246e+00
1.705190181732177734e+00
1.705190181732177734e+00
1.705190181732177734e+00
1.480100274085998535e+00
1.480100274085998535e+00
1.070545911788940430e+00
9.599494338035583496e-01
9.394774436950683594e-01
9.394774436950683594e-01
9.394774436950683594e-01
1.676270008087158203e+00
1.676270008087158203e+00
1.676270008087158203e+00
1.676270008087158203e+00
1.676270008087158203e+00
3.207055330276489258e-01
1.331052064895629883e+00
1.331052064895629883e+00
1.331052064895629883e+00
1.331052064895629883e+00
1.331052064895629883e+00
1.331052064895629883e+00
1.331052064895629883e+00
1.331052064895629883e+00
1.331052064895629883e+00
1.011898279190063477e+00
1.011898279190063477e+00
1.011898279190063477e+00
5.862641334533691406e-01
5.862641334533691406e-01
5.862641334533691406e-01
5.862641334533691406e-01
5.862641334533691406e-01
5.862641334533691406e-01
1.038567185401916504e+00
1.038567185401916504e+00
5.599383115768432617e-01
5.599383115768432617e-01
5.599383115768432617e-01
5.599383115768432617e-01
1.064490795135498047e+00
1.064490795135498047e+00
1.064490795135498047e+00
1.054588913917541504e+00
1.054588913917541504e+00
3.282020092010498047e-01
3.282020092010498047e-01
3.282020092010498047e-01
3.282020092010498047e-01
1.500308752059936523e+00
1.500308752059936523e+00
1.500308752059936523e+00
1.500308752059936523e+00
2.026813030242919922e+00
2.733256816864013672e+00
2.733256816864013672e+00
2.004913091659545898e+00
9.853836297988891602e-01
9.853836297988891602e-01
9.853836297988891602e-01
9.853836297988891602e-01
9.853836297988891602e-01
9.853836297988891602e-01
9.853836297988891602e-01
9.853836297988891602e-01
9.853836297988891602e-01
7.151700258255004883e-01
7.151700258255004883e-01
7.151700258255004883e-01
1.062201976776123047e+00
1.062201976776123047e+00
1.062201976776123047e+00
1.062201976776123047e+00
1.062201976776123047e+00
1.062201976776123047e+00
1.062201976776123047e+00
8.030847311019897461e-01
1.912362813949584961e+00
1.912362813949584961e+00
1.912362813949584961e+00
2.785508632659912109e-01
8.338103890419006348e-01
8.338103890419006348e-01
4.965443909168243408e-01
4.965443909168243408e-01
5.618004798889160156e-01
5.618004798889160156e-01
5.618004798889160156e-01
5.731385350227355957e-01
5.731385350227355957e-01
5.731385350227355957e-01
5.731385350227355957e-01
5.731385350227355957e-01
5.731385350227355957e-01
5.731385350227355957e-01
9.485435485839843750e-01
9.817563295364379883e-01
9.817563295364379883e-01
9.817563295364379883e-01
9.817563295364379883e-01
9.817563295364379883e-01
9.817563295364379883e-01
9.817563295364379883e-01
9.817563295364379883e-01
4.451450705528259277e-01
1.126884579658508301e+00
9.150366187095642090e-01
9.150366187095642090e-01
9.150366187095642090e-01
9.150366187095642090e-01
4.278424978256225586e-01
4.278424978256225586e-01
1.728305697441101074e+00
1.728305697441101074e+00
1.728305697441101074e+00
1.728305697441101074e+00
1.728305697441101074e+00
1.728305697441101074e+00
2.093632221221923828e-01
2.093632221221923828e-01
2.093632221221923828e-01
2.093632221221923828e-01
2.093632221221923828e-01
2.093632221221923828e-01
1.033023715019226074e+00
1.033023715019226074e+00
1.033023715019226074e+00
1.033023715019226074e+00
1.033023715019226074e+00
1.033023715019226074e+00
1.033023715019226074e+00
1.033023715019226074e+00
1.033023715019226074e+00
1.559943795204162598e+00
1.559943795204162598e+00
1.559943795204162598e+00
1.559943795204162598e+00
2.788779735565185547e-01
2.788779735565185547e-01
1.602949142456054688e+00
1.602949142456054688e+00
6.982341408729553223e-01
6.982341408729553223e-01
6.982341408729553223e-01
6.982341408729553223e-01
6.982341408729553223e-01
6.982341408729553223e-01
6.982341408729553223e-01
4.820618033409118652e-01
3.868445158004760742e-01
3.868445158004760742e-01
5.067429542541503906e-01
5.067429542541503906e-01
5.067429542541503906e-01
1.190508842468261719e+00
1.580901145935058594e-01
1.580901145935058594e-01
1.328048586845397949e+00
8.897067904472351074e-01
8.897067904472351074e-01
8.897067904472351074e-01
8.897067904472351074e-01
8.897067904472351074e-01
4.256549179553985596e-01
1.506757140159606934e+00
6.165537238121032715e-01
6.165537238121032715e-01
6.165537238121032715e-01
8.393108844757080078e-01
8.393108844757080078e-01
8.393108844757080078e-01
1.759985685348510742e-01
1.759985685348510742e-01
4.035145640373229980e-01
4.035145640373229980e-01
4.035145640373229980e-01
4.035145640373229980e-01
7.665724754333496094e-01
7.665724754333496094e-01
7.665724754333496094e-01
7.665724754333496094e-01
7.665724754333496094e-01
1.606009840965270996e+00
1.384135127067565918e+00
1.238038539886474609e+00
1.088108301162719727e+00
1.088108301162719727e+00
1.573492884635925293e+00
1.573492884635925293e+00
1.573492884635925293e+00
1.573492884635925293e+00
1.176160216331481934e+00
1.668862819671630859e+00
1.936564445495605469e-01
1.936564445495605469e-01
4.150864481925964355e-01
4.150864481925964355e-01
4.150864481925964355e-01
7.275797724723815918e-01
7.275797724723815918e-01
7.275797724723815918e-01
8.038535118103027344e-01
8.038535118103027344e-01
8.038535118103027344e-01
8.038535118103027344e-01
8.038535118103027344e-01
8.038535118103027344e-01
8.038535118103027344e-01
8.038535118103027344e-01
8.038535118103027344e-01
8.038535118103027344e-01
3.178304135799407959e-01
3.178304135799407959e-01
3.178304135799407959e-01
3.178304135799407959e-01
3.178304135799407959e-01
1.368706822395324707e+00
1.470313072204589844e+00
1.470313072204589844e+00
2.530684471130371094e+00
1.156214952468872070e+00
1.156214952468872070e+00
1.156214952468872070e+00
1.156214952468872070e+00
1.156214952468872070e+00
1.150840163230895996e+00
1.150840163230895996e+00
1.150840163230895996e+00
7.593071460723876953e-01
7.593071460723876953e-01
7.593071460723876953e-01
7.593071460723876953e-01
1.174581289291381836e+00
5.717568993568420410e-01
5.717568993568420410e-01
5.717568993568420410e-01
1.007731556892395020e+00
1.007731556892395020e+00
1.007731556892395020e+00
1.976672410964965820e-01
1.976672410964965820e-01
1.976672410964965820e-01
8.699527382850646973e-01
8.699527382850646973e-01
7.927018404006958008e-01
7.927018404006958008e-01
8.679677248001098633e-01
8.679677248001098633e-01
8.679677248001098633e-01
8.679677248001098633e-01
8.679677248001098633e-01
8.679677248001098633e-01
8.679677248001098633e-01
8.679677248001098633e-01
8.679677248001098633e-01
8.679677248001098633e-01
8.679677248001098633e-01
8.242236971855163574e-01
8.242236971855163574e-01
8.242236971855163574e-01
8.242236971855163574e-01
4.266320466995239258e-01
4.785047471523284912e-01
4.785047471523284912e-01
4.785047471523284912e-01
7.398687601089477539e-01
7.398687601089477539e-01
7.398687601089477539e-01
7.398687601089477539e-01
7.398687601089477539e-01
7.398687601089477539e-01
7.398687601089477539e-01
7.398687601089477539e-01
7.398687601089477539e-01
7.398687601089477539e-01
7.398687601089477539e-01
7.398687601089477539e-01
7.398687601089477539e-01
7.398687601089477539e-01
7.398687601089477539e-01
7.398687601089477539e-01
7.398687601089477539e-01
7.843806743621826172e-01
7.843806743621826172e-01
9.492686390876770020e-01
9.492686390876770020e-01
9.492686390876770020e-01
9.492686390876770020e-01
9.492686390876770020e-01
9.492686390876770020e-01
1.388345479965209961e+00
1.689423918724060059e+00
1.689423918724060059e+00
7.221890091896057129e-01
7.221890091896057129e-01
7.221890091896057129e-01
7.221890091896057129e-01
7.221890091896057129e-01
5.168832540512084961e-01
5.168832540512084961e-01
5.168832540512084961e-01
5.861859321594238281e-01
5.861859321594238281e-01
5.861859321594238281e-01
1.276507377624511719e+00
1.276507377624511719e+00
1.276507377624511719e+00
1.276507377624511719e+00
1.276507377624511719e+00
7.600230574607849121e-01
7.600230574607849121e-01
7.600230574607849121e-01
7.600230574607849121e-01
8.576055765151977539e-01
8.576055765151977539e-01
8.576055765151977539e-01
8.576055765151977539e-01
8.576055765151977539e-01
8.576055765151977539e-01
8.576055765151977539e-01
8.576055765151977539e-01
8.576055765151977539e-01
8.576055765151977539e-01
6.656295061111450195e-01
6.656295061111450195e-01
9.790732860565185547e-01
9.790732860565185547e-01
9.790732860565185547e-01
1.122575759887695312e+00
1.122575759887695312e+00
1.122575759887695312e+00
1.122575759887695312e+00
1.122575759887695312e+00
1.122575759887695312e+00
1.306623697280883789e+00
1.306623697280883789e+00
1.306623697280883789e+00
1.306623697280883789e+00
1.019709110260009766e+00
6.624578237533569336e-01
6.624578237533569336e-01
7.849562764167785645e-01
7.849562764167785645e-01
7.849562764167785645e-01
7.849562764167785645e-01
2.732187509536743164e-01
2.732187509536743164e-01
2.732187509536743164e-01
2.732187509536743164e-01
2.732187509536743164e-01
2.732187509536743164e-01
2.732187509536743164e-01
2.732187509536743164e-01
1.079532623291015625e+00
1.079532623291015625e+00
1.079532623291015625e+00
1.352977633476257324e+00
1.352977633476257324e+00
1.352977633476257324e+00
1.352977633476257324e+00
8.167598843574523926e-01
7.511956095695495605e-01
7.511956095695495605e-01
7.511956095695495605e-01
7.511956095695495605e-01
7.511956095695495605e-01
7.511956095695495605e-01
8.590690493583679199e-01
8.590690493583679199e-01
8.590690493583679199e-01
8.590690493583679199e-01
8.590690493583679199e-01
8.590690493583679199e-01
1.076147437095642090e+00
1.076147437095642090e+00
1.453871965408325195e+00
1.262323260307312012e+00
1.262323260307312012e+00
1.248257398605346680e+00
1.248257398605346680e+00
1.248257398605346680e+00
9.735800027847290039e-01
9.735800027847290039e-01
9.735800027847290039e-01
9.735800027847290039e-01
9.735800027847290039e-01
9.735800027847290039e-01
9.735800027847290039e-01
9.735800027847290039e-01
9.735800027847290039e-01
9.735800027847290039e-01
9.735800027847290039e-01
9.735800027847290039e-01
9.735800027847290039e-01
9.735800027847290039e-01
9.735800027847290039e-01
9.735800027847290039e-01
9.735800027847290039e-01
1.637510895729064941e+00
1.637510895729064941e+00
1.305896520614624023e+00
6.390959620475769043e-01
5.269696712493896484e-01
5.269696712493896484e-01
5.269696712493896484e-01
2.868026196956634521e-01
2.868026196956634521e-01
2.868026196956634521e-01
2.868026196956634521e-01
2.868026196956634521e-01
2.351856708526611328e+00
2.351856708526611328e+00
2.351856708526611328e+00
2.351856708526611328e+00
1.550085425376892090e+00
3.729114532470703125e-01
8.358545303344726562e-01
1.452728509902954102e+00
1.452728509902954102e+00
1.452728509902954102e+00
1.452728509902954102e+00
1.452728509902954102e+00
1.070773959159851074e+00
1.070773959159851074e+00
1.070773959159851074e+00
1.070773959159851074e+00
1.070773959159851074e+00
5.819431543350219727e-01
5.819431543350219727e-01
5.819431543350219727e-01
6.490457653999328613e-01
6.490457653999328613e-01
6.490457653999328613e-01
6.490457653999328613e-01
7.450622320175170898e-01
7.450622320175170898e-01
1.779183506965637207e+00
1.779183506965637207e+00
2.762686014175415039e-01
1.032001614570617676e+00
9.188672304153442383e-01
9.188672304153442383e-01
9.188672304153442383e-01
9.188672304153442383e-01
9.188672304153442383e-01
1.388849020004272461e+00
1.388849020004272461e+00
1.388849020004272461e+00
1.388849020004272461e+00
1.388849020004272461e+00
1.388849020004272461e+00
1.388849020004272461e+00
1.388849020004272461e+00
1.388849020004272461e+00
1.388849020004272461e+00
1.388849020004272461e+00
1.388849020004272461e+00
1.388849020004272461e+00
1.388849020004272461e+00
1.109020471572875977e+00
1.109020471572875977e+00
1.109020471572875977e+00
1.903680086135864258e+00
1.903680086135864258e+00
1.903680086135864258e+00
1.388480424880981445e+00
1.388480424880981445e+00
1.388480424880981445e+00
1.388480424880981445e+00
3.810817003250122070e-01
3.810817003250122070e-01
9.238189458847045898e-01
9.238189458847045898e-01
9.238189458847045898e-01
9.238189458847045898e-01
9.238189458847045898e-01
9.238189458847045898e-01
9.238189458847045898e-01
9.238189458847045898e-01
9.238189458847045898e-01
9.238189458847045898e-01
9.238189458847045898e-01
9.238189458847045898e-01
9.238189458847045898e-01
1.295591592788696289e+00
9.164656400680541992e-01
9.164656400680541992e-01
9.164656400680541992e-01
9.164656400680541992e-01
1.547906637191772461e+00
1.308113336563110352e+00
1.308113336563110352e+00
1.308113336563110352e+00
2.007203102111816406e+00
2.007203102111816406e+00
2.007203102111816406e+00
1.869021177291870117e+00
1.869021177291870117e+00
1.869021177291870117e+00
1.869021177291870117e+00
1.387095928192138672e+00
1.387095928192138672e+00
6.422917842864990234e-01
1.040849566459655762e+00
1.730938673019409180e+00
1.730938673019409180e+00
1.730938673019409180e+00
1.730938673019409180e+00
1.730938673019409180e+00
2.215245962142944336e+00
2.254499912261962891e+00
2.254499912261962891e+00
2.592105150222778320e+00
2.434476613998413086e+00
1.530555009841918945e+00
1.622286081314086914e+00
1.622286081314086914e+00
1.622286081314086914e+00
2.444950342178344727e-01
2.444950342178344727e-01
2.444950342178344727e-01
2.313861846923828125e-01
2.313861846923828125e-01
2.313861846923828125e-01
2.313861846923828125e-01
2.292208969593048096e-01
2.292208969593048096e-01
2.292208969593048096e-01
8.747622966766357422e-01
9.465969800949096680e-01
9.465969800949096680e-01
9.465969800949096680e-01
9.465969800949096680e-01
9.465969800949096680e-01
9.465969800949096680e-01
9.465969800949096680e-01
9.465969800949096680e-01
9.465969800949096680e-01
9.465969800949096680e-01
9.465969800949096680e-01
1.158365130424499512e+00
7.223436832427978516e-01
6.480245590209960938e-01
6.480245590209960938e-01
6.480245590209960938e-01
2.513389289379119873e-01
2.513389289379119873e-01
1.017108440399169922e+00
1.017108440399169922e+00
1.017108440399169922e+00
1.017108440399169922e+00
1.017108440399169922e+00
1.017108440399169922e+00
1.017108440399169922e+00
1.017108440399169922e+00
1.017108440399169922e+00
1.017108440399169922e+00
1.017108440399169922e+00
7.109534740447998047e-01
7.109534740447998047e-01
1.435373902320861816e+00
1.435373902320861816e+00
1.435373902320861816e+00
1.639670729637145996e+00
1.015072822570800781e+00
1.015072822570800781e+00
1.015072822570800781e+00
9.429301023483276367e-01
9.429301023483276367e-01
9.429301023483276367e-01
9.429301023483276367e-01
9.429301023483276367e-01
9.429301023483276367e-01
9.429301023483276367e-01
9.429301023483276367e-01
9.429301023483276367e-01
9.429301023483276367e-01
9.429301023483276367e-01
9.429301023483276367e-01
9.429301023483276367e-01
9.429301023483276367e-01
9.429301023483276367e-01
9.429301023483276367e-01
9.429301023483276367e-01
9.429301023483276367e-01
9.429301023483276367e-01
7.400494813919067383e-01
7.400494813919067383e-01
1.143496632575988770e+00
1.143496632575988770e+00
5.059794187545776367e-01
1.182826757431030273e+00
1.182826757431030273e+00
1.182826757431030273e+00
9.405034184455871582e-01
1.225720643997192383e-01
1.225720643997192383e-01
9.058271646499633789e-01
