5.180143117904663086e-01
5.180143117904663086e-01
5.180143117904663086e-01
3.354080915451049805e-01
3.354080915451049805e-01
3.354080915451049805e-01
3.354080915451049805e-01
3.354080915451049805e-01
3.354080915451049805e-01
6.083937883377075195e-01
6.083937883377075195e-01
6.083937883377075195e-01
6.083937883377075195e-01
1.049438476562500000e+00
5.806034207344055176e-01
5.806034207344055176e-01
5.806034207344055176e-01
5.806034207344055176e-01
5.806034207344055176e-01
5.806034207344055176e-01
5.806034207344055176e-01
5.806034207344055176e-01
5.806034207344055176e-01
5.806034207344055176e-01
7.441616058349609375e-02
2.331410169601440430e+00
1.268865346908569336e+00
1.268865346908569336e+00
1.560946583747863770e+00
1.560946583747863770e+00
1.560946583747863770e+00
1.560946583747863770e+00
3.752651214599609375e-01
3.752651214599609375e-01
3.752651214599609375e-01
3.752651214599609375e-01
1.342232704162597656e+00
1.342232704162597656e+00
1.342232704162597656e+00
3.859623670578002930e-01
3.859623670578002930e-01
7.145372629165649414e-01
7.829368114471435547e-02
7.829368114471435547e-02
5.734068155288696289e-01
5.734068155288696289e-01
4.781019687652587891e-01
4.781019687652587891e-01
4.781019687652587891e-01
4.781019687652587891e-01
4.781019687652587891e-01
4.781019687652587891e-01
4.781019687652587891e-01
9.659004807472229004e-01
1.040411353111267090e+00
1.231550931930541992e+00
1.231550931930541992e+00
1.231550931930541992e+00
1.231550931930541992e+00
1.231550931930541992e+00
1.231550931930541992e+00
1.334191560745239258e+00
1.334191560745239258e+00
1.334191560745239258e+00
1.334191560745239258e+00
1.406181335449218750e+00
1.406181335449218750e+00
1.406181335449218750e+00
1.406181335449218750e+00
1.406181335449218750e+00
1.909532070159912109e+00
1.412541866302490234e+00
6.773354411125183105e-01
4.986349344253540039e-01
4.986349344253540039e-01
4.986349344253540039e-01
4.986349344253540039e-01
4.986349344253540039e-01
4.986349344253540039e-01
4.986349344253540039e-01
4.986349344253540039e-01
4.986349344253540039e-01
4.609906673431396484e-01
4.609906673431396484e-01
7.138352394104003906e-01
7.138352394104003906e-01
7.138352394104003906e-01
7.138352394104003906e-01
7.138352394104003906e-01
7.138352394104003906e-01
7.138352394104003906e-01
7.138352394104003906e-01
7.138352394104003906e-01
7.138352394104003906e-01
7.138352394104003906e-01
7.138352394104003906e-01
7.138352394104003906e-01
7.138352394104003906e-01
7.138352394104003906e-01
7.138352394104003906e-01
7.138352394104003906e-01
7.138352394104003906e-01
7.463912963867187500e-01
7.463912963867187500e-01
7.463912963867187500e-01
7.463912963867187500e-01
7.463912963867187500e-01
7.463912963867187500e-01
7.463912963867187500e-01
7.463912963867187500e-01
7.463912963867187500e-01
1.493884921073913574e-01
1.493884921073913574e-01
1.493884921073913574e-01
3.550734519958496094e-01
1.485800147056579590e+00
1.150597095489501953e+00
1.150597095489501953e+00
1.150597095489501953e+00
5.653228163719177246e-01
5.653228163719177246e-01
5.653228163719177246e-01
5.653228163719177246e-01
1.633728265762329102e+00
1.633728265762329102e+00
7.738829255104064941e-01
7.738829255104064941e-01
7.738829255104064941e-01
7.687956690788269043e-01
7.687956690788269043e-01
7.687956690788269043e-01
9.983474612236022949e-01
9.983474612236022949e-01
1.463693737983703613e+00
1.463693737983703613e+00
1.463693737983703613e+00
1.997909069061279297e+00
1.436318397521972656e+00
1.436318397521972656e+00
1.436318397521972656e+00
1.735864400863647461e+00
1.735864400863647461e+00
1.735864400863647461e+00
1.735864400863647461e+00
1.735864400863647461e+00
6.255260705947875977e-01
6.255260705947875977e-01
6.255260705947875977e-01
6.255260705947875977e-01
1.165657758712768555e+00
9.661008119583129883e-01
9.661008119583129883e-01
9.661008119583129883e-01
9.661008119583129883e-01
9.661008119583129883e-01
9.661008119583129883e-01
9.661008119583129883e-01
9.661008119583129883e-01
8.490803241729736328e-01
8.490803241729736328e-01
8.490803241729736328e-01
8.490803241729736328e-01
8.490803241729736328e-01
1.222745776176452637e+00
1.222745776176452637e+00
8.034042119979858398e-01
4.478196203708648682e-01
4.478196203708648682e-01
6.802777647972106934e-01
4.450832009315490723e-01
4.450832009315490723e-01
4.450832009315490723e-01
4.450832009315490723e-01
4.450832009315490723e-01
4.450832009315490723e-01
6.569624543190002441e-01
6.569624543190002441e-01
6.569624543190002441e-01
6.569624543190002441e-01
8.152285218238830566e-01
8.152285218238830566e-01
8.152285218238830566e-01
8.152285218238830566e-01
9.181441068649291992e-01
9.181441068649291992e-01
9.181441068649291992e-01
9.181441068649291992e-01
9.181441068649291992e-01
9.181441068649291992e-01
9.181441068649291992e-01
9.181441068649291992e-01
9.181441068649291992e-01
9.181441068649291992e-01
9.181441068649291992e-01
1.330943465232849121e+00
1.330943465232849121e+00
8.681291341781616211e-01
4.420902729034423828e-01
6.754723191261291504e-01
5.142922401428222656e-01
5.142922401428222656e-01
5.142922401428222656e-01
5.142922401428222656e-01
5.142922401428222656e-01
5.142922401428222656e-01
5.932080745697021484e-01
5.932080745697021484e-01
5.932080745697021484e-01
5.932080745697021484e-01
5.932080745697021484e-01
5.932080745697021484e-01
5.932080745697021484e-01
5.932080745697021484e-01
5.932080745697021484e-01
7.440153956413269043e-01
7.440153956413269043e-01
7.440153956413269043e-01
1.514297962188720703e+00
1.514297962188720703e+00
1.514297962188720703e+00
2.757523059844970703e-01
2.757523059844970703e-01
2.757523059844970703e-01
2.757523059844970703e-01
4.203583002090454102e-01
4.203583002090454102e-01
4.203583002090454102e-01
4.203583002090454102e-01
4.203583002090454102e-01
1.076060771942138672e+00
1.076060771942138672e+00
1.076060771942138672e+00
1.076060771942138672e+00
1.076060771942138672e+00
1.076060771942138672e+00
1.076060771942138672e+00
9.848423600196838379e-01
9.848423600196838379e-01
9.848423600196838379e-01
9.848423600196838379e-01
2.833943367004394531e+00
5.099139213562011719e-01
5.099139213562011719e-01
1.393588066101074219e+00
1.393588066101074219e+00
7.291824221611022949e-01
7.291824221611022949e-01
6.123507022857666016e-02
6.123507022857666016e-02
6.123507022857666016e-02
6.123507022857666016e-02
6.123507022857666016e-02
6.123507022857666016e-02
4.456225633621215820e-01
1.250707626342773438e+00
1.250707626342773438e+00
1.250707626342773438e+00
1.250707626342773438e+00
9.115296602249145508e-01
9.115296602249145508e-01
9.115296602249145508e-01
9.115296602249145508e-01
1.692098140716552734e+00
1.692098140716552734e+00
1.692098140716552734e+00
1.929551362991333008e-01
1.885651469230651855e+00
1.885651469230651855e+00
1.885651469230651855e+00
1.885651469230651855e+00
2.201838493347167969e-01
2.201838493347167969e-01
2.201838493347167969e-01
2.201838493347167969e-01
2.201838493347167969e-01
2.201838493347167969e-01
2.201838493347167969e-01
2.201838493347167969e-01
2.201838493347167969e-01
2.201838493347167969e-01
2.201838493347167969e-01
2.201838493347167969e-01
2.201838493347167969e-01
5.367735624313354492e-01
5.367735624313354492e-01
5.834259986877441406e-01
5.834259986877441406e-01
9.052168130874633789e-01
9.052168130874633789e-01
1.686275482177734375e+00
1.686275482177734375e+00
1.686275482177734375e+00
1.686275482177734375e+00
1.686275482177734375e+00
1.686275482177734375e+00
1.686275482177734375e+00
2.036681652069091797e+00
1.661750078201293945e+00
1.661750078201293945e+00
1.661750078201293945e+00
1.661750078201293945e+00
1.661750078201293945e+00
1.661750078201293945e+00
1.661750078201293945e+00
1.661750078201293945e+00
9.047377109527587891e-01
1.770830392837524414e+00
1.770830392837524414e+00
1.770830392837524414e+00
1.132413387298583984e+00
1.132413387298583984e+00
1.132413387298583984e+00
1.132413387298583984e+00
1.293819904327392578e+00
1.293819904327392578e+00
1.293819904327392578e+00
1.293819904327392578e+00
1.293819904327392578e+00
1.293819904327392578e+00
1.293819904327392578e+00
3.612807393074035645e-01
3.612807393074035645e-01
3.612807393074035645e-01
3.612807393074035645e-01
1.302181631326675415e-01
7.728350162506103516e-02
1.734458208084106445e+00
1.562227010726928711e+00
1.562227010726928711e+00
1.247329950332641602e+00
1.247329950332641602e+00
1.247329950332641602e+00
1.247329950332641602e+00
1.247329950332641602e+00
1.247329950332641602e+00
1.247329950332641602e+00
1.247329950332641602e+00
1.247329950332641602e+00
1.247329950332641602e+00
1.247329950332641602e+00
1.247329950332641602e+00
1.247329950332641602e+00
1.247329950332641602e+00
9.633116722106933594e-01
9.633116722106933594e-01
1.311707615852355957e+00
1.311707615852355957e+00
4.221605062484741211e-01
4.221605062484741211e-01
4.221605062484741211e-01
4.221605062484741211e-01
4.221605062484741211e-01
4.221605062484741211e-01
4.221605062484741211e-01
4.221605062484741211e-01
4.221605062484741211e-01
8.746216297149658203e-01
8.746216297149658203e-01
8.746216297149658203e-01
8.746216297149658203e-01
8.746216297149658203e-01
8.746216297149658203e-01
8.746216297149658203e-01
2.211584448814392090e-01
2.211584448814392090e-01
2.211584448814392090e-01
2.211584448814392090e-01
2.211584448814392090e-01
1.555440187454223633e+00
1.555440187454223633e+00
1.377926707267761230e+00
7.090050578117370605e-01
7.090050578117370605e-01
1.496086359024047852e+00
1.004598140716552734e+00
1.004598140716552734e+00
1.004598140716552734e+00
1.004598140716552734e+00
1.004598140716552734e+00
1.332083702087402344e+00
1.332083702087402344e+00
3.583858013153076172e-01
3.583858013153076172e-01
1.292811393737792969e+00
1.292811393737792969e+00
2.759435653686523438e+00
3.122385978698730469e+00
2.556616067886352539e+00
2.556616067886352539e+00
2.025486230850219727e+00
2.025486230850219727e+00
2.025486230850219727e+00
1.769452691078186035e+00
2.070606470108032227e+00
2.070606470108032227e+00
2.070606470108032227e+00
6.623321771621704102e-01
6.623321771621704102e-01
6.623321771621704102e-01
6.623321771621704102e-01
6.623321771621704102e-01
6.623321771621704102e-01
2.154988765716552734e+00
2.154988765716552734e+00
2.154988765716552734e+00
2.154988765716552734e+00
2.154988765716552734e+00
2.154988765716552734e+00
2.154988765716552734e+00
2.154988765716552734e+00
2.154988765716552734e+00
2.154988765716552734e+00
1.199231505393981934e+00
1.199231505393981934e+00
5.620179772377014160e-01
5.620179772377014160e-01
5.620179772377014160e-01
5.620179772377014160e-01
5.620179772377014160e-01
5.620179772377014160e-01
5.620179772377014160e-01
5.620179772377014160e-01
5.620179772377014160e-01
5.620179772377014160e-01
5.620179772377014160e-01
5.620179772377014160e-01
5.620179772377014160e-01
5.620179772377014160e-01
5.620179772377014160e-01
5.620179772377014160e-01
5.620179772377014160e-01
1.436588525772094727e+00
1.436588525772094727e+00
1.436588525772094727e+00
1.436588525772094727e+00
6.042629480361938477e-01
6.042629480361938477e-01
6.042629480361938477e-01
6.042629480361938477e-01
6.042629480361938477e-01
6.042629480361938477e-01
6.042629480361938477e-01
6.042629480361938477e-01
6.042629480361938477e-01
6.042629480361938477e-01
6.042629480361938477e-01
6.042629480361938477e-01
6.042629480361938477e-01
6.042629480361938477e-01
6.042629480361938477e-01
6.042629480361938477e-01
6.042629480361938477e-01
6.042629480361938477e-01
6.042629480361938477e-01
6.042629480361938477e-01
2.623310685157775879e-01
2.623310685157775879e-01
2.623310685157775879e-01
7.680619955062866211e-01
7.680619955062866211e-01
7.680619955062866211e-01
7.680619955062866211e-01
6.515105962753295898e-01
7.783723473548889160e-01
7.783723473548889160e-01
7.783723473548889160e-01
8.563520908355712891e-01
1.461397409439086914e+00
1.461397409439086914e+00
1.461397409439086914e+00
1.461397409439086914e+00
4.911403059959411621e-01
4.911403059959411621e-01
4.911403059959411621e-01
9.969622492790222168e-01
1.309818506240844727e+00
1.309818506240844727e+00
1.309818506240844727e+00
1.771780252456665039e+00
1.833874821662902832e+00
1.833874821662902832e+00
1.833874821662902832e+00
1.833874821662902832e+00
1.833874821662902832e+00
7.352821826934814453e-01
7.352821826934814453e-01
7.352821826934814453e-01
7.352821826934814453e-01
7.352821826934814453e-01
7.352821826934814453e-01
7.352821826934814453e-01
7.352821826934814453e-01
7.352821826934814453e-01
7.352821826934814453e-01
7.352821826934814453e-01
2.217825889587402344e+00
2.217825889587402344e+00
1.312665462493896484e+00
1.318472146987915039e+00
1.318472146987915039e+00
1.318472146987915039e+00
1.318472146987915039e+00
1.318472146987915039e+00
1.318472146987915039e+00
1.318472146987915039e+00
1.318472146987915039e+00
1.318472146987915039e+00
3.467108011245727539e-01
3.467108011245727539e-01
3.467108011245727539e-01
2.845132350921630859e-01
6.106258630752563477e-01
7.223011851310729980e-01
7.223011851310729980e-01
7.223011851310729980e-01
7.223011851310729980e-01
7.223011851310729980e-01
7.223011851310729980e-01
7.223011851310729980e-01
7.223011851310729980e-01
7.223011851310729980e-01
1.448408961296081543e-01
1.448408961296081543e-01
6.428990364074707031e-01
6.428990364074707031e-01
6.428990364074707031e-01
6.428990364074707031e-01
8.004259467124938965e-01
8.004259467124938965e-01
8.004259467124938965e-01
8.004259467124938965e-01
8.004259467124938965e-01
8.004259467124938965e-01
8.004259467124938965e-01
8.004259467124938965e-01
1.810925006866455078e+00
1.283051490783691406e+00
1.283051490783691406e+00
1.283051490783691406e+00
4.696313142776489258e-01
4.696313142776489258e-01
4.696313142776489258e-01
4.696313142776489258e-01
4.696313142776489258e-01
4.696313142776489258e-01
8.466212153434753418e-01
1.410909652709960938e+00
1.410909652709960938e+00
1.484084606170654297e+00
1.484084606170654297e+00
1.484084606170654297e+00
1.484084606170654297e+00
1.484084606170654297e+00
1.418678998947143555e+00
1.418678998947143555e+00
9.935343265533447266e-02
9.935343265533447266e-02
1.074859619140625000e+00
1.074859619140625000e+00
1.074859619140625000e+00
1.504632830619812012e+00
1.504632830619812012e+00
1.504632830619812012e+00
2.855571508407592773e-01
2.855571508407592773e-01
2.855571508407592773e-01
9.435557126998901367e-01
9.435557126998901367e-01
9.435557126998901367e-01
9.435557126998901367e-01
9.435557126998901367e-01
9.435557126998901367e-01
9.435557126998901367e-01
5.749199986457824707e-01
5.749199986457824707e-01
4.525986909866333008e-01
4.525986909866333008e-01
4.525986909866333008e-01
4.525986909866333008e-01
4.525986909866333008e-01
2.075999528169631958e-01
2.075999528169631958e-01
2.075999528169631958e-01
4.068378806114196777e-01
4.068378806114196777e-01
4.068378806114196777e-01
6.872624158859252930e-01
6.872624158859252930e-01
6.872624158859252930e-01
6.872624158859252930e-01
6.872624158859252930e-01
6.872624158859252930e-01
6.872624158859252930e-01
6.872624158859252930e-01
4.915129542350769043e-01
1.115594387054443359e+00
1.115594387054443359e+00
1.115594387054443359e+00
1.115594387054443359e+00
6.782306432723999023e-01
6.782306432723999023e-01
6.782306432723999023e-01
1.212897658348083496e+00
1.212897658348083496e+00
1.212897658348083496e+00
1.212897658348083496e+00
1.212897658348083496e+00
8.406189084053039551e-01
8.406189084053039551e-01
8.406189084053039551e-01
8.406189084053039551e-01
8.406189084053039551e-01
8.406189084053039551e-01
8.406189084053039551e-01
8.406189084053039551e-01
4.981326758861541748e-01
4.981326758861541748e-01
9.148892760276794434e-01
9.148892760276794434e-01
9.148892760276794434e-01
9.148892760276794434e-01
9.148892760276794434e-01
9.148892760276794434e-01
7.445468902587890625e-01
7.445468902587890625e-01
7.445468902587890625e-01
7.445468902587890625e-01
7.445468902587890625e-01
7.445468902587890625e-01
2.197940349578857422e-01
2.197940349578857422e-01
2.197940349578857422e-01
2.197940349578857422e-01
5.967136621475219727e-01
5.967136621475219727e-01
5.967136621475219727e-01
8.985202312469482422e-01
4.915604293346405029e-01
1.285067796707153320e+00
1.285067796707153320e+00
1.285067796707153320e+00
1.285067796707153320e+00
1.285067796707153320e+00
1.285067796707153320e+00
1.838011264801025391e+00
1.838011264801025391e+00
1.182950735092163086e-01
1.182950735092163086e-01
1.182950735092163086e-01
1.182950735092163086e-01
8.439478874206542969e-01
8.439478874206542969e-01
8.439478874206542969e-01
8.439478874206542969e-01
8.439478874206542969e-01
8.439478874206542969e-01
8.439478874206542969e-01
8.439478874206542969e-01
8.439478874206542969e-01
8.439478874206542969e-01
8.439478874206542969e-01
8.439478874206542969e-01
8.439478874206542969e-01
8.439478874206542969e-01
8.439478874206542969e-01
8.439478874206542969e-01
8.439478874206542969e-01
8.439478874206542969e-01
8.439478874206542969e-01
8.314366936683654785e-01
8.314366936683654785e-01
8.314366936683654785e-01
1.044765472412109375e+00
1.044765472412109375e+00
1.433107614517211914e+00
1.175106525421142578e+00
1.175106525421142578e+00
1.175106525421142578e+00
1.175106525421142578e+00
1.175106525421142578e+00
1.696770191192626953e-01
4.821692407131195068e-01
4.821692407131195068e-01
4.821692407131195068e-01
4.821692407131195068e-01
4.821692407131195068e-01
4.821692407131195068e-01
4.821692407131195068e-01
4.821692407131195068e-01
4.821692407131195068e-01
4.821692407131195068e-01
4.821692407131195068e-01
4.821692407131195068e-01
4.821692407131195068e-01
9.151953458786010742e-01
9.151953458786010742e-01
9.151953458786010742e-01
9.151953458786010742e-01
1.464326977729797363e+00
1.760366916656494141e+00
1.760366916656494141e+00
1.402874827384948730e+00
1.288132190704345703e+00
1.242336988449096680e+00
1.242336988449096680e+00
1.242336988449096680e+00
1.242336988449096680e+00
1.242336988449096680e+00
1.242336988449096680e+00
1.242336988449096680e+00
1.242336988449096680e+00
1.242336988449096680e+00
1.242336988449096680e+00
1.242336988449096680e+00
1.242336988449096680e+00
1.242336988449096680e+00
3.336081504821777344e-01
3.336081504821777344e-01
6.222989559173583984e-01
6.222989559173583984e-01
6.222989559173583984e-01
6.222989559173583984e-01
6.222989559173583984e-01
6.222989559173583984e-01
6.222989559173583984e-01
6.222989559173583984e-01
9.727514982223510742e-01
9.727514982223510742e-01
9.727514982223510742e-01
9.727514982223510742e-01
9.727514982223510742e-01
9.727514982223510742e-01
9.727514982223510742e-01
9.727514982223510742e-01
9.727514982223510742e-01
9.727514982223510742e-01
9.727514982223510742e-01
9.727514982223510742e-01
9.727514982223510742e-01
9.727514982223510742e-01
9.727514982223510742e-01
9.727514982223510742e-01
9.727514982223510742e-01
1.442886471748352051e+00
1.583606719970703125e+00
1.583606719970703125e+00
1.583606719970703125e+00
1.583606719970703125e+00
1.179644823074340820e+00
1.179644823074340820e+00
1.889094829559326172e+00
1.889094829559326172e+00
1.889094829559326172e+00
1.557887554168701172e+00
1.557887554168701172e+00
1.557887554168701172e+00
1.557887554168701172e+00
1.870967149734497070e+00
1.870967149734497070e+00
1.870967149734497070e+00
1.870967149734497070e+00
1.745058655738830566e+00
1.745058655738830566e+00
1.411891698837280273e+00
4.748787283897399902e-01
4.748787283897399902e-01
1.621278524398803711e+00
3.290467262268066406e-01
1.813467144966125488e+00
1.813467144966125488e+00
1.813467144966125488e+00
1.331927776336669922e+00
6.284241080284118652e-01
6.284241080284118652e-01
6.284241080284118652e-01
6.284241080284118652e-01
6.284241080284118652e-01
2.753734290599822998e-01
2.753734290599822998e-01
2.753734290599822998e-01
7.332469820976257324e-01
7.332469820976257324e-01
7.332469820976257324e-01
7.332469820976257324e-01
7.332469820976257324e-01
7.332469820976257324e-01
7.332469820976257324e-01
7.332469820976257324e-01
7.332469820976257324e-01
7.332469820976257324e-01
7.332469820976257324e-01
1.749331474304199219e+00
1.749331474304199219e+00
1.749331474304199219e+00
1.262843847274780273e+00
1.494051575660705566e+00
7.107252478599548340e-01
7.107252478599548340e-01
7.107252478599548340e-01
7.107252478599548340e-01
7.107252478599548340e-01
7.107252478599548340e-01
7.107252478599548340e-01
7.107252478599548340e-01
7.107252478599548340e-01
7.107252478599548340e-01
7.107252478599548340e-01
7.107252478599548340e-01
1.018820285797119141e+00
1.018820285797119141e+00
1.018820285797119141e+00
1.018820285797119141e+00
1.018820285797119141e+00
1.018820285797119141e+00
1.164836287498474121e+00
8.622565269470214844e-01
9.494931697845458984e-01
1.171877264976501465e+00
8.097367286682128906e-01
8.097367286682128906e-01
8.097367286682128906e-01
8.097367286682128906e-01
8.529468774795532227e-01
8.529468774795532227e-01
8.529468774795532227e-01
8.529468774795532227e-01
8.529468774795532227e-01
1.302541732788085938e+00
1.302541732788085938e+00
7.333536744117736816e-01
7.333536744117736816e-01
7.333536744117736816e-01
4.177594780921936035e-01
4.177594780921936035e-01
4.177594780921936035e-01
4.177594780921936035e-01
5.689370632171630859e-01
7.307645678520202637e-01
1.755799293518066406e+00
6.537362337112426758e-01
6.537362337112426758e-01
6.537362337112426758e-01
6.537362337112426758e-01
6.537362337112426758e-01
6.537362337112426758e-01
1.650933504104614258e+00
1.102933406829833984e+00
1.102933406829833984e+00
1.102933406829833984e+00
1.102933406829833984e+00
1.102933406829833984e+00
1.511765718460083008e+00
1.511765718460083008e+00
5.597061514854431152e-01
5.597061514854431152e-01
6.175519824028015137e-01
6.175519824028015137e-01
6.175519824028015137e-01
6.175519824028015137e-01
6.175519824028015137e-01
1.682847023010253906e+00
1.682847023010253906e+00
2.087826251983642578e+00
8.157563209533691406e-02
8.157563209533691406e-02
8.157563209533691406e-02
8.157563209533691406e-02
8.157563209533691406e-02
8.157563209533691406e-02
1.170141577720642090e+00
1.170141577720642090e+00
1.170141577720642090e+00
1.170141577720642090e+00
2.459270358085632324e-01
2.459270358085632324e-01
1.039868593215942383e+00
1.039868593215942383e+00
1.039868593215942383e+00
1.039868593215942383e+00
7.873804569244384766e-01
5.944311022758483887e-01
5.944311022758483887e-01
5.944311022758483887e-01
5.944311022758483887e-01
5.944311022758483887e-01
5.944311022758483887e-01
5.944311022758483887e-01
5.944311022758483887e-01
5.944311022758483887e-01
9.152654409408569336e-01
9.152654409408569336e-01
9.152654409408569336e-01
1.508126258850097656e+00
1.508126258850097656e+00
1.706668138504028320e-01
1.706668138504028320e-01
1.706668138504028320e-01
1.706668138504028320e-01
1.348320007324218750e+00
1.348320007324218750e+00
1.348320007324218750e+00
1.348320007324218750e+00
1.348320007324218750e+00
1.348320007324218750e+00
1.348320007324218750e+00
1.348320007324218750e+00
1.348320007324218750e+00
1.961630582809448242e-01
1.961630582809448242e-01
1.961630582809448242e-01
1.961630582809448242e-01
1.961630582809448242e-01
1.961630582809448242e-01
1.961630582809448242e-01
1.961630582809448242e-01
3.413474559783935547e-01
3.413474559783935547e-01
1.230592012405395508e+00
1.230592012405395508e+00
1.230592012405395508e+00
1.251641511917114258e+00
8.607660531997680664e-01
8.607660531997680664e-01
8.607660531997680664e-01
1.131550908088684082e+00
1.131550908088684082e+00
1.131550908088684082e+00
1.131550908088684082e+00
1.787018179893493652e-01
1.787018179893493652e-01
1.787018179893493652e-01
1.787018179893493652e-01
1.787018179893493652e-01
1.787018179893493652e-01
8.497106432914733887e-01
8.497106432914733887e-01
8.497106432914733887e-01
8.497106432914733887e-01
8.497106432914733887e-01
8.497106432914733887e-01
8.497106432914733887e-01
5.205774307250976562e-01
5.205774307250976562e-01
5.205774307250976562e-01
3.693113923072814941e-01
3.693113923072814941e-01
4.193322062492370605e-01
2.024289608001708984e+00
2.024289608001708984e+00
1.694867134094238281e+00
1.694867134094238281e+00
1.056856513023376465e+00
8.133718967437744141e-01
8.133718967437744141e-01
1.399871110916137695e+00
1.399871110916137695e+00
1.399871110916137695e+00
1.399871110916137695e+00
1.399871110916137695e+00
1.477400779724121094e+00
1.477400779724121094e+00
1.477400779724121094e+00
1.477400779724121094e+00
1.477400779724121094e+00
1.477400779724121094e+00
1.004125475883483887e+00
6.941845417022705078e-01
3.630915582180023193e-01
4.161452054977416992e-01
4.207151830196380615e-01
4.207151830196380615e-01
4.207151830196380615e-01
4.207151830196380615e-01
2.511898279190063477e-01
9.707716107368469238e-01
9.707716107368469238e-01
9.707716107368469238e-01
9.976981282234191895e-01
9.976981282234191895e-01
9.976981282234191895e-01
9.976981282234191895e-01
9.976981282234191895e-01
9.976981282234191895e-01
9.976981282234191895e-01
9.976981282234191895e-01
9.976981282234191895e-01
9.976981282234191895e-01
9.976981282234191895e-01
9.976981282234191895e-01
9.976981282234191895e-01
9.976981282234191895e-01
9.976981282234191895e-01
1.150233387947082520e+00
1.150233387947082520e+00
1.150233387947082520e+00
1.150233387947082520e+00
5.462470054626464844e-01
5.462470054626464844e-01
5.379920601844787598e-01
5.379920601844787598e-01
5.379920601844787598e-01
5.379920601844787598e-01
5.379920601844787598e-01
5.379920601844787598e-01
5.379920601844787598e-01
9.477249383926391602e-01
9.477249383926391602e-01
1.243557929992675781e+00
2.680510282516479492e-01
2.680510282516479492e-01
2.680510282516479492e-01
2.680510282516479492e-01
2.680510282516479492e-01
2.680510282516479492e-01
2.680510282516479492e-01
2.680510282516479492e-01
1.158112525939941406e+00
1.291059494018554688e+00
1.647327423095703125e+00
1.647327423095703125e+00
1.647327423095703125e+00
1.577264070510864258e-01
1.577264070510864258e-01
1.577264070510864258e-01
1.577264070510864258e-01
1.577264070510864258e-01
9.478997588157653809e-01
9.478997588157653809e-01
9.478997588157653809e-01
9.478997588157653809e-01
9.478997588157653809e-01
3.250676989555358887e-01
1.412981510162353516e+00
1.412981510162353516e+00
1.412981510162353516e+00
1.412981510162353516e+00
1.412981510162353516e+00
1.412981510162353516e+00
1.412981510162353516e+00
3.466227054595947266e-01
3.158223628997802734e-01
2.021695673465728760e-01
2.021695673465728760e-01
2.021695673465728760e-01
2.021695673465728760e-01
2.021695673465728760e-01
2.021695673465728760e-01
2.021695673465728760e-01
2.021695673465728760e-01
2.021695673465728760e-01
1.101976871490478516e+00
1.101976871490478516e+00
1.101976871490478516e+00
9.690303206443786621e-01
9.690303206443786621e-01
9.690303206443786621e-01
1.374755382537841797e+00
8.281632065773010254e-01
8.281632065773010254e-01
8.281632065773010254e-01
1.928017854690551758e+00
1.928017854690551758e+00
1.928017854690551758e+00
2.103443622589111328e+00
2.103443622589111328e+00
2.103443622589111328e+00
1.589759588241577148e+00
1.654332876205444336e-01
1.654332876205444336e-01
1.654332876205444336e-01
1.654332876205444336e-01
2.597761452198028564e-01
2.597761452198028564e-01
2.597761452198028564e-01
4.599701166152954102e-01
4.599701166152954102e-01
7.700276374816894531e-01
7.700276374816894531e-01
7.700276374816894531e-01
7.700276374816894531e-01
7.700276374816894531e-01
7.700276374816894531e-01
7.700276374816894531e-01
1.142452955245971680e+00
1.142452955245971680e+00
1.142452955245971680e+00
1.142452955245971680e+00
1.142452955245971680e+00
2.625438570976257324e-01
2.625438570976257324e-01
1.131476640701293945e+00
1.131476640701293945e+00
8.860773444175720215e-01
8.860773444175720215e-01
8.860773444175720215e-01
8.860773444175720215e-01
8.860773444175720215e-01
8.860773444175720215e-01
8.860773444175720215e-01
1.087922811508178711e+00
1.087922811508178711e+00
8.077614307403564453e-01
5.649227499961853027e-01
5.649227499961853027e-01
5.649227499961853027e-01
5.649227499961853027e-01
5.649227499961853027e-01
5.649227499961853027e-01
5.649227499961853027e-01
5.649227499961853027e-01
1.062133073806762695e+00
1.062133073806762695e+00
1.093744039535522461e+00
1.093744039535522461e+00
1.093744039535522461e+00
7.637512683868408203e-01
7.637512683868408203e-01
7.637512683868408203e-01
7.637512683868408203e-01
7.637512683868408203e-01
7.637512683868408203e-01
7.637512683868408203e-01
7.637512683868408203e-01
9.034153819084167480e-01
8.465616703033447266e-01
8.465616703033447266e-01
8.465616703033447266e-01
8.465616703033447266e-01
8.465616703033447266e-01
8.465616703033447266e-01
8.465616703033447266e-01
8.465616703033447266e-01
8.465616703033447266e-01
8.465616703033447266e-01
8.465616703033447266e-01
8.465616703033447266e-01
8.465616703033447266e-01
8.465616703033447266e-01
8.465616703033447266e-01
8.465616703033447266e-01
8.465616703033447266e-01
8.465616703033447266e-01
8.465616703033447266e-01
8.465616703033447266e-01
8.465616703033447266e-01
8.465616703033447266e-01
8.465616703033447266e-01
8.465616703033447266e-01
1.758896827697753906e+00
1.758896827697753906e+00
1.758896827697753906e+00
1.758896827697753906e+00
1.758896827697753906e+00
1.758896827697753906e+00
1.758896827697753906e+00
1.350965023040771484e+00
1.350965023040771484e+00
1.444384336471557617e+00
1.562961101531982422e+00
1.562961101531982422e+00
1.562961101531982422e+00
1.562961101531982422e+00
1.562961101531982422e+00
1.562961101531982422e+00
1.562961101531982422e+00
4.670606851577758789e-01
4.670606851577758789e-01
4.670606851577758789e-01
4.670606851577758789e-01
6.408776640892028809e-01
4.709776639938354492e-01
1.102106571197509766e+00
1.102106571197509766e+00
8.577547073364257812e-01
2.016196489334106445e+00
2.016196489334106445e+00
2.016196489334106445e+00
8.408792018890380859e-01
8.408792018890380859e-01
2.296825647354125977e-01
4.593608379364013672e-01
1.189447402954101562e+00
2.113479137420654297e+00
2.030894994735717773e+00
2.030020952224731445e+00
2.030020952224731445e+00
2.030020952224731445e+00
2.030020952224731445e+00
2.030020952224731445e+00
2.030020952224731445e+00
1.377091765403747559e+00
1.377091765403747559e+00
1.165835261344909668e+00
1.165835261344909668e+00
1.165835261344909668e+00
1.165835261344909668e+00
6.520113348960876465e-01
3.455801308155059814e-01
1.197084069252014160e+00
3.260380029678344727e-01
3.260380029678344727e-01
3.260380029678344727e-01
3.260380029678344727e-01
3.260380029678344727e-01
3.260380029678344727e-01
3.260380029678344727e-01
3.260380029678344727e-01
3.260380029678344727e-01
5.741204023361206055e-01
5.741204023361206055e-01
1.398411035537719727e+00
1.734356880187988281e+00
1.734356880187988281e+00
1.734356880187988281e+00
1.734356880187988281e+00
1.734356880187988281e+00
1.734356880187988281e+00
1.734356880187988281e+00
1.734356880187988281e+00
1.734356880187988281e+00
1.253787517547607422e+00
8.954254388809204102e-01
2.685292363166809082e-01
4.844287633895874023e-01
4.844287633895874023e-01
4.844287633895874023e-01
4.844287633895874023e-01
4.844287633895874023e-01
3.138401508331298828e-01
3.385460972785949707e-01
3.385460972785949707e-01
3.385460972785949707e-01
3.385460972785949707e-01
3.385460972785949707e-01
4.413127303123474121e-01
4.413127303123474121e-01
4.413127303123474121e-01
4.413127303123474121e-01
4.413127303123474121e-01
4.413127303123474121e-01
4.413127303123474121e-01
4.413127303123474121e-01
4.413127303123474121e-01
4.413127303123474121e-01
4.413127303123474121e-01
4.413127303123474121e-01
4.413127303123474121e-01
4.413127303123474121e-01
4.413127303123474121e-01
4.413127303123474121e-01
1.123992204666137695e+00
1.945163846015930176e+00
1.945163846015930176e+00
7.877233028411865234e-01
7.877233028411865234e-01
7.877233028411865234e-01
7.877233028411865234e-01
7.877233028411865234e-01
7.877233028411865234e-01
7.877233028411865234e-01
7.877233028411865234e-01
7.877233028411865234e-01
7.877233028411865234e-01
7.877233028411865234e-01
7.877233028411865234e-01
7.877233028411865234e-01
7.877233028411865234e-01
7.877233028411865234e-01
1.756501674652099609e+00
1.756501674652099609e+00
1.756501674652099609e+00
1.006491661071777344e+00
1.006491661071777344e+00
1.006491661071777344e+00
1.108109951019287109e+00
1.108109951019287109e+00
1.108109951019287109e+00
1.108109951019287109e+00
1.108109951019287109e+00
1.108109951019287109e+00
1.108109951019287109e+00
1.108109951019287109e+00
1.108109951019287109e+00
2.628114700317382812e+00
2.168901920318603516e+00
1.862199902534484863e+00
1.862199902534484863e+00
2.231312513351440430e+00
2.226525545120239258e+00
2.226525545120239258e+00
5.603740215301513672e-01
6.811087131500244141e-01
2.583975791931152344e-01
2.583975791931152344e-01
2.583975791931152344e-01
8.853328227996826172e-01
8.853328227996826172e-01
8.853328227996826172e-01
8.853328227996826172e-01
8.853328227996826172e-01
8.853328227996826172e-01
8.853328227996826172e-01
8.853328227996826172e-01
7.203407883644104004e-01
7.203407883644104004e-01
7.203407883644104004e-01
9.316967725753784180e-01
9.316967725753784180e-01
9.316967725753784180e-01
1.920112371444702148e+00
1.291913628578186035e+00
2.149523496627807617e+00
2.149523496627807617e+00
2.149523496627807617e+00
1.347751617431640625e-01
4.587150514125823975e-01
4.587150514125823975e-01
4.587150514125823975e-01
6.001317501068115234e-01
1.199557185173034668e+00
1.199557185173034668e+00
1.199557185173034668e+00
1.050417661666870117e+00
1.050417661666870117e+00
8.616778850555419922e-01
8.908267021179199219e-01
1.803471803665161133e+00
5.516102313995361328e-01
5.516102313995361328e-01
5.516102313995361328e-01
5.516102313995361328e-01
5.516102313995361328e-01
5.516102313995361328e-01
5.431446433067321777e-01
5.431446433067321777e-01
5.431446433067321777e-01
4.319452047348022461e-01
6.441967487335205078e-01
6.441967487335205078e-01
6.441967487335205078e-01
6.441967487335205078e-01
6.441967487335205078e-01
1.168742179870605469e+00
1.168742179870605469e+00
1.168742179870605469e+00
1.168742179870605469e+00
7.066959142684936523e-01
7.066959142684936523e-01
7.066959142684936523e-01
7.066959142684936523e-01
7.066959142684936523e-01
5.583618879318237305e-01
5.583618879318237305e-01
5.583618879318237305e-01
5.583618879318237305e-01
4.285861849784851074e-01
4.285861849784851074e-01
4.897769689559936523e-01
4.897769689559936523e-01
4.897769689559936523e-01
6.217635273933410645e-01
6.217635273933410645e-01
6.217635273933410645e-01
6.217635273933410645e-01
1.630663573741912842e-01
1.630663573741912842e-01
1.630663573741912842e-01
7.416911423206329346e-02
7.416911423206329346e-02
7.416911423206329346e-02
7.416911423206329346e-02
7.416911423206329346e-02
7.416911423206329346e-02
5.715310573577880859e-01
5.715310573577880859e-01
5.715310573577880859e-01
5.715310573577880859e-01
4.562027156352996826e-01
4.562027156352996826e-01
3.229852318763732910e-01
3.229852318763732910e-01
3.229852318763732910e-01
1.109876871109008789e+00
1.109876871109008789e+00
1.109876871109008789e+00
1.109876871109008789e+00
1.264848470687866211e+00
3.079988956451416016e-01
3.079988956451416016e-01
3.079988956451416016e-01
3.079988956451416016e-01
3.079988956451416016e-01
8.999814391136169434e-01
8.999814391136169434e-01
8.999814391136169434e-01
9.072343707084655762e-01
9.072343707084655762e-01
9.072343707084655762e-01
9.072343707084655762e-01
9.072343707084655762e-01
9.072343707084655762e-01
9.072343707084655762e-01
6.909533143043518066e-01
6.909533143043518066e-01
6.909533143043518066e-01
6.909533143043518066e-01
1.044242501258850098e+00
1.044242501258850098e+00
1.044242501258850098e+00
1.044242501258850098e+00
6.309762001037597656e-01
6.424973011016845703e-01
6.424973011016845703e-01
6.424973011016845703e-01
6.424973011016845703e-01
6.424973011016845703e-01
6.424973011016845703e-01
6.424973011016845703e-01
9.888722896575927734e-01
8.846848607063293457e-01
4.376214742660522461e-01
4.376214742660522461e-01
4.376214742660522461e-01
4.376214742660522461e-01
4.376214742660522461e-01
4.376214742660522461e-01
4.376214742660522461e-01
4.376214742660522461e-01
6.254888772964477539e-01
6.254888772964477539e-01
6.254888772964477539e-01
8.232271671295166016e-01
8.232271671295166016e-01
8.232271671295166016e-01
8.232271671295166016e-01
1.339818954467773438e+00
1.339818954467773438e+00
1.339818954467773438e+00
1.339818954467773438e+00
1.339818954467773438e+00
1.339818954467773438e+00
1.339818954467773438e+00
4.611265659332275391e-01
4.611265659332275391e-01
1.233421564102172852e+00
1.233421564102172852e+00
1.233421564102172852e+00
1.233421564102172852e+00
1.233421564102172852e+00
1.233421564102172852e+00
1.233421564102172852e+00
1.233421564102172852e+00
1.233421564102172852e+00
1.225509285926818848e+00
1.225509285926818848e+00
1.225509285926818848e+00
1.225509285926818848e+00
1.225509285926818848e+00
1.225509285926818848e+00
1.225509285926818848e+00
1.225509285926818848e+00
1.225509285926818848e+00
1.225509285926818848e+00
1.225509285926818848e+00
1.225509285926818848e+00
1.225509285926818848e+00
1.225509285926818848e+00
1.225509285926818848e+00
1.225509285926818848e+00
4.443121552467346191e-01
4.443121552467346191e-01
4.443121552467346191e-01
4.443121552467346191e-01
4.443121552467346191e-01
4.443121552467346191e-01
4.443121552467346191e-01
4.443121552467346191e-01
4.443121552467346191e-01
2.198829889297485352e+00
3.655209541320800781e-01
3.655209541320800781e-01
3.655209541320800781e-01
3.655209541320800781e-01
3.655209541320800781e-01
4.210886359214782715e-01
2.716339230537414551e-01
8.350193500518798828e-01
8.350193500518798828e-01
8.350193500518798828e-01
8.350193500518798828e-01
8.350193500518798828e-01
8.350193500518798828e-01
8.350193500518798828e-01
1.489135980606079102e+00
1.489135980606079102e+00
1.489135980606079102e+00
4.101818799972534180e-01
2.492657601833343506e-01
2.492657601833343506e-01
2.492657601833343506e-01
2.492657601833343506e-01
2.492657601833343506e-01
2.492657601833343506e-01
2.492657601833343506e-01
1.599139928817749023e+00
1.478322744369506836e+00
2.089269876480102539e+00
2.706990242004394531e-01
1.501027226448059082e+00
6.982883810997009277e-01
6.982883810997009277e-01
6.982883810997009277e-01
7.908261418342590332e-01
7.908261418342590332e-01
7.908261418342590332e-01
7.908261418342590332e-01
7.908261418342590332e-01
7.908261418342590332e-01
7.735897898674011230e-01
7.735897898674011230e-01
7.735897898674011230e-01
7.735897898674011230e-01
7.735897898674011230e-01
7.735897898674011230e-01
7.735897898674011230e-01
7.735897898674011230e-01
9.551314115524291992e-01
9.551314115524291992e-01
9.551314115524291992e-01
5.275841951370239258e-01
1.781208634376525879e+00
7.727007865905761719e-01
7.727007865905761719e-01
7.727007865905761719e-01
7.727007865905761719e-01
7.727007865905761719e-01
7.727007865905761719e-01
7.727007865905761719e-01
7.727007865905761719e-01
8.148356676101684570e-01
8.148356676101684570e-01
8.148356676101684570e-01
8.148356676101684570e-01
8.148356676101684570e-01
8.148356676101684570e-01
8.148356676101684570e-01
8.148356676101684570e-01
8.148356676101684570e-01
8.148356676101684570e-01
8.148356676101684570e-01
8.148356676101684570e-01
8.148356676101684570e-01
1.255911350250244141e+00
1.255911350250244141e+00
1.255911350250244141e+00
1.255911350250244141e+00
1.255911350250244141e+00
1.627713918685913086e+00
1.627713918685913086e+00
1.627713918685913086e+00
1.627713918685913086e+00
6.949464082717895508e-01
6.949464082717895508e-01
6.949464082717895508e-01
6.949464082717895508e-01
6.949464082717895508e-01
6.949464082717895508e-01
6.949464082717895508e-01
6.863853931427001953e-01
5.101785659790039062e-01
5.101785659790039062e-01
5.101785659790039062e-01
5.101785659790039062e-01
5.101785659790039062e-01
5.101785659790039062e-01
5.101785659790039062e-01
5.101785659790039062e-01
1.596959948539733887e+00
1.056284904479980469e+00
1.056284904479980469e+00
1.056284904479980469e+00
1.056284904479980469e+00
1.056284904479980469e+00
1.056284904479980469e+00
2.677577733993530273e-01
2.677577733993530273e-01
1.990965366363525391e+00
1.990965366363525391e+00
1.990965366363525391e+00
1.990965366363525391e+00
3.271504640579223633e-01
7.947698235511779785e-02
8.575685024261474609e-01
8.575685024261474609e-01
8.575685024261474609e-01
3.715723752975463867e-01
1.042145013809204102e+00
1.042145013809204102e+00
1.042145013809204102e+00
1.042145013809204102e+00
1.042145013809204102e+00
1.042145013809204102e+00
1.077623128890991211e+00
1.077623128890991211e+00
1.077623128890991211e+00
1.077623128890991211e+00
1.077623128890991211e+00
1.870334386825561523e+00
1.870334386825561523e+00
1.870334386825561523e+00
1.719061255455017090e+00
1.719061255455017090e+00
1.719061255455017090e+00
1.719061255455017090e+00
1.719061255455017090e+00
1.719061255455017090e+00
6.904783248901367188e-01
6.904783248901367188e-01
6.904783248901367188e-01
6.904783248901367188e-01
6.904783248901367188e-01
6.904783248901367188e-01
6.904783248901367188e-01
6.904783248901367188e-01
5.818601250648498535e-01
1.300751447677612305e+00
6.234044432640075684e-01
6.234044432640075684e-01
6.234044432640075684e-01
6.234044432640075684e-01
6.234044432640075684e-01
6.234044432640075684e-01
1.661477565765380859e+00
1.661477565765380859e+00
1.661477565765380859e+00
1.661477565765380859e+00
1.661477565765380859e+00
1.661477565765380859e+00
1.661477565765380859e+00
1.281511545181274414e+00
1.281511545181274414e+00
1.281511545181274414e+00
1.486102342605590820e+00
1.486102342605590820e+00
2.190070390701293945e+00
2.190070390701293945e+00
2.190070390701293945e+00
2.190070390701293945e+00
2.308675527572631836e+00
1.284415721893310547e+00
1.560828804969787598e+00
1.560828804969787598e+00
1.560828804969787598e+00
1.477278232574462891e+00
1.477278232574462891e+00
4.631738662719726562e-01
4.631738662719726562e-01
3.408461213111877441e-01
3.408461213111877441e-01
3.408461213111877441e-01
3.408461213111877441e-01
3.408461213111877441e-01
3.408461213111877441e-01
3.408461213111877441e-01
3.408461213111877441e-01
3.408461213111877441e-01
3.301804661750793457e-01
3.301804661750793457e-01
3.898593187332153320e-01
7.293102741241455078e-01
7.293102741241455078e-01
7.293102741241455078e-01
7.293102741241455078e-01
6.754734516143798828e-01
6.754734516143798828e-01
6.754734516143798828e-01
1.348385930061340332e+00
1.348385930061340332e+00
1.348385930061340332e+00
1.754384040832519531e-01
1.754384040832519531e-01
1.754384040832519531e-01
1.754384040832519531e-01
1.754384040832519531e-01
1.754384040832519531e-01
1.746443510055541992e+00
1.746443510055541992e+00
8.372671604156494141e-01
8.372671604156494141e-01
8.372671604156494141e-01
8.372671604156494141e-01
8.372671604156494141e-01
8.372671604156494141e-01
8.372671604156494141e-01
8.372671604156494141e-01
8.372671604156494141e-01
1.509808301925659180e+00
8.238309621810913086e-01
8.238309621810913086e-01
8.238309621810913086e-01
8.238309621810913086e-01
8.238309621810913086e-01
8.238309621810913086e-01
8.238309621810913086e-01
8.238309621810913086e-01
8.238309621810913086e-01
8.238309621810913086e-01
9.087340235710144043e-01
9.087340235710144043e-01
9.087340235710144043e-01
9.087340235710144043e-01
9.087340235710144043e-01
9.087340235710144043e-01
3.633472323417663574e-01
5.959926247596740723e-01
5.959926247596740723e-01
5.959926247596740723e-01
5.959926247596740723e-01
5.959926247596740723e-01
1.261440277099609375e+00
1.261440277099609375e+00
1.261440277099609375e+00
7.268039584159851074e-01
7.268039584159851074e-01
7.268039584159851074e-01
7.268039584159851074e-01
7.268039584159851074e-01
7.268039584159851074e-01
8.878654241561889648e-02
1.937503814697265625e+00
9.306391477584838867e-01
9.306391477584838867e-01
9.306391477584838867e-01
9.306391477584838867e-01
7.018610835075378418e-01
7.018610835075378418e-01
7.018610835075378418e-01
7.018610835075378418e-01
7.018610835075378418e-01
7.018610835075378418e-01
7.018610835075378418e-01
7.018610835075378418e-01
7.018610835075378418e-01
7.018610835075378418e-01
7.018610835075378418e-01
7.018610835075378418e-01
7.018610835075378418e-01
1.528710365295410156e+00
1.528710365295410156e+00
1.528710365295410156e+00
1.528710365295410156e+00
1.528710365295410156e+00
1.528710365295410156e+00
1.528710365295410156e+00
1.528710365295410156e+00
3.300337791442871094e-01
3.782260417938232422e-01
3.782260417938232422e-01
3.782260417938232422e-01
3.782260417938232422e-01
3.782260417938232422e-01
3.782260417938232422e-01
3.782260417938232422e-01
3.782260417938232422e-01
3.782260417938232422e-01
3.782260417938232422e-01
1.504073977470397949e+00
1.504073977470397949e+00
1.504073977470397949e+00
9.119525551795959473e-01
4.813530743122100830e-01
4.813530743122100830e-01
4.813530743122100830e-01
7.186527848243713379e-01
7.186527848243713379e-01
7.186527848243713379e-01
7.186527848243713379e-01
7.186527848243713379e-01
1.241307616233825684e+00
1.241307616233825684e+00
1.085670828819274902e+00
7.348316311836242676e-01
2.118544101715087891e+00
2.118544101715087891e+00
2.118544101715087891e+00
2.118544101715087891e+00
2.118544101715087891e+00
9.330215454101562500e-01
9.330215454101562500e-01
1.742255449295043945e+00
6.525784730911254883e-01
6.525784730911254883e-01
3.803034126758575439e-01
3.803034126758575439e-01
3.803034126758575439e-01
3.803034126758575439e-01
1.228832244873046875e+00
1.228832244873046875e+00
1.228832244873046875e+00
1.228832244873046875e+00
1.228832244873046875e+00
1.228832244873046875e+00
1.688113451004028320e+00
1.688113451004028320e+00
5.967620611190795898e-01
5.967620611190795898e-01
5.967620611190795898e-01
5.967620611190795898e-01
5.967620611190795898e-01
5.967620611190795898e-01
5.967620611190795898e-01
5.967620611190795898e-01
5.967620611190795898e-01
5.967620611190795898e-01
5.967620611190795898e-01
3.158435523509979248e-01
3.158435523509979248e-01
3.158435523509979248e-01
3.158435523509979248e-01
1.053023934364318848e+00
1.053023934364318848e+00
1.053023934364318848e+00
5.881187915802001953e-01
1.388398647308349609e+00
9.800769090652465820e-01
9.800769090652465820e-01
9.800769090652465820e-01
9.800769090652465820e-01
9.800769090652465820e-01
9.800769090652465820e-01
8.627452850341796875e-01
8.627452850341796875e-01
8.627452850341796875e-01
1.166464090347290039e+00
1.166464090347290039e+00
1.166464090347290039e+00
1.166464090347290039e+00
1.166464090347290039e+00
1.166464090347290039e+00
1.166464090347290039e+00
1.166464090347290039e+00
1.166464090347290039e+00
1.166464090347290039e+00
8.717377185821533203e-01
1.568268060684204102e+00
1.568268060684204102e+00
1.568268060684204102e+00
1.203647136688232422e+00
1.203647136688232422e+00
1.203647136688232422e+00
1.524482369422912598e+00
1.524482369422912598e+00
1.524482369422912598e+00
1.524482369422912598e+00
1.524482369422912598e+00
1.524482369422912598e+00
1.524482369422912598e+00
7.800898551940917969e-01
7.800898551940917969e-01
3.469135761260986328e-01
3.469135761260986328e-01
5.880049467086791992e-01
5.880049467086791992e-01
5.880049467086791992e-01
5.880049467086791992e-01
5.880049467086791992e-01
5.880049467086791992e-01
1.086650252342224121e+00
1.086650252342224121e+00
1.086650252342224121e+00
5.152804255485534668e-01
1.212861061096191406e+00
5.815120935440063477e-01
4.840362071990966797e-01
4.840362071990966797e-01
4.840362071990966797e-01
4.840362071990966797e-01
4.840362071990966797e-01
4.840362071990966797e-01
4.840362071990966797e-01
4.840362071990966797e-01
4.840362071990966797e-01
4.840362071990966797e-01
4.840362071990966797e-01
4.840362071990966797e-01
4.840362071990966797e-01
3.102176785469055176e-01
9.848729372024536133e-01
9.848729372024536133e-01
9.848729372024536133e-01
9.848729372024536133e-01
8.360344767570495605e-01
8.360344767570495605e-01
8.360344767570495605e-01
8.360344767570495605e-01
8.360344767570495605e-01
8.360344767570495605e-01
8.360344767570495605e-01
1.354145526885986328e+00
1.242885828018188477e+00
1.242885828018188477e+00
1.242885828018188477e+00
1.242885828018188477e+00
1.242885828018188477e+00
1.242885828018188477e+00
1.242885828018188477e+00
1.242885828018188477e+00
1.242885828018188477e+00
3.920408487319946289e-01
3.920408487319946289e-01
3.920408487319946289e-01
3.920408487319946289e-01
3.920408487319946289e-01
3.920408487319946289e-01
3.920408487319946289e-01
3.920408487319946289e-01
3.920408487319946289e-01
3.920408487319946289e-01
3.920408487319946289e-01
3.920408487319946289e-01
1.811534523963928223e+00
1.035146713256835938e-01
1.035146713256835938e-01
1.593411445617675781e+00
1.593411445617675781e+00
1.622778177261352539e-01
1.622778177261352539e-01
1.622778177261352539e-01
9.880962967872619629e-01
9.880962967872619629e-01
9.880962967872619629e-01
9.880962967872619629e-01
4.115021228790283203e-01
4.115021228790283203e-01
4.115021228790283203e-01
4.115021228790283203e-01
9.306495189666748047e-01
9.306495189666748047e-01
9.306495189666748047e-01
9.306495189666748047e-01
9.306495189666748047e-01
9.306495189666748047e-01
9.306495189666748047e-01
9.306495189666748047e-01
1.922677516937255859e+00
1.922677516937255859e+00
1.922677516937255859e+00
3.602371215820312500e-01
3.602371215820312500e-01
1.576325595378875732e-01
9.092981815338134766e-01
9.092981815338134766e-01
9.092981815338134766e-01
9.092981815338134766e-01
9.092981815338134766e-01
9.092981815338134766e-01
9.092981815338134766e-01
2.947434782981872559e-01
2.947434782981872559e-01
2.947434782981872559e-01
2.947434782981872559e-01
2.947434782981872559e-01
2.947434782981872559e-01
3.159790635108947754e-01
1.493617057800292969e+00
8.923388123512268066e-01
8.923388123512268066e-01
8.923388123512268066e-01
6.754353642463684082e-01
6.754353642463684082e-01
2.079207897186279297e+00
1.589553475379943848e+00
1.589553475379943848e+00
9.581028223037719727e-01
9.581028223037719727e-01
9.581028223037719727e-01
1.619982123374938965e-01
1.619982123374938965e-01
1.216247558593750000e+00
1.216247558593750000e+00
5.628861784934997559e-01
5.628861784934997559e-01
1.126207351684570312e+00
5.029881000518798828e-01
9.879627227783203125e-01
1.321120262145996094e+00
1.591930031776428223e+00
1.669410467147827148e-01
1.669410467147827148e-01
1.669410467147827148e-01
1.669410467147827148e-01
1.669410467147827148e-01
1.669410467147827148e-01
1.669410467147827148e-01
1.669410467147827148e-01
1.669410467147827148e-01
4.557219147682189941e-01
4.557219147682189941e-01
4.557219147682189941e-01
4.557219147682189941e-01
4.557219147682189941e-01
4.557219147682189941e-01
1.150674223899841309e-01
1.642606496810913086e+00
1.642606496810913086e+00
1.642606496810913086e+00
1.642606496810913086e+00
1.858083724975585938e+00
1.990031957626342773e+00
1.990031957626342773e+00
1.990031957626342773e+00
1.990031957626342773e+00
1.417431473731994629e+00
1.417431473731994629e+00
4.331601262092590332e-01
4.331601262092590332e-01
4.331601262092590332e-01
4.331601262092590332e-01
3.755060136318206787e-01
3.755060136318206787e-01
5.728268623352050781e-01
5.728268623352050781e-01
5.728268623352050781e-01
5.728268623352050781e-01
5.728268623352050781e-01
5.728268623352050781e-01
1.010286450386047363e+00
1.010286450386047363e+00
6.865291595458984375e-01
6.865291595458984375e-01
6.865291595458984375e-01
6.865291595458984375e-01
6.865291595458984375e-01
6.865291595458984375e-01
6.865291595458984375e-01
6.865291595458984375e-01
6.865291595458984375e-01
6.865291595458984375e-01
6.865291595458984375e-01
6.865291595458984375e-01
6.865291595458984375e-01
6.865291595458984375e-01
6.865291595458984375e-01
6.865291595458984375e-01
6.865291595458984375e-01
6.865291595458984375e-01
6.865291595458984375e-01
6.865291595458984375e-01
6.865291595458984375e-01
6.865291595458984375e-01
6.865291595458984375e-01
6.865291595458984375e-01
6.865291595458984375e-01
1.011832475662231445e+00
1.011832475662231445e+00
1.011832475662231445e+00
1.011832475662231445e+00
1.011832475662231445e+00
1.011832475662231445e+00
1.066886305809020996e+00
1.066886305809020996e+00
1.066886305809020996e+00
1.066886305809020996e+00
1.066886305809020996e+00
1.066886305809020996e+00
1.066886305809020996e+00
1.066886305809020996e+00
1.066886305809020996e+00
1.066886305809020996e+00
1.066886305809020996e+00
1.066886305809020996e+00
3.237053751945495605e-01
3.237053751945495605e-01
3.237053751945495605e-01
3.237053751945495605e-01
3.237053751945495605e-01
3.237053751945495605e-01
3.237053751945495605e-01
9.257306456565856934e-01
9.257306456565856934e-01
9.257306456565856934e-01
7.977301478385925293e-01
7.977301478385925293e-01
7.977301478385925293e-01
2.536381483078002930e-01
3.013389408588409424e-01
3.013389408588409424e-01
3.013389408588409424e-01
3.013389408588409424e-01
3.013389408588409424e-01
3.013389408588409424e-01
3.013389408588409424e-01
3.013389408588409424e-01
3.013389408588409424e-01
3.013389408588409424e-01
3.013389408588409424e-01
3.013389408588409424e-01
3.013389408588409424e-01
3.013389408588409424e-01
3.013389408588409424e-01
3.013389408588409424e-01
4.724853336811065674e-01
4.724853336811065674e-01
4.724853336811065674e-01
4.724853336811065674e-01
1.596621394157409668e+00
8.564066886901855469e-02
8.564066886901855469e-02
8.564066886901855469e-02
4.202209115028381348e-01
2.112571954727172852e+00
2.112571954727172852e+00
1.188232898712158203e+00
1.188232898712158203e+00
1.647511482238769531e+00
1.647511482238769531e+00
1.415747642517089844e+00
1.415747642517089844e+00
1.415747642517089844e+00
8.486490845680236816e-01
8.486490845680236816e-01
8.486490845680236816e-01
8.486490845680236816e-01
8.486490845680236816e-01
8.486490845680236816e-01
2.786575555801391602e-01
2.786575555801391602e-01
2.786575555801391602e-01
2.786575555801391602e-01
2.786575555801391602e-01
2.786575555801391602e-01
2.786575555801391602e-01
2.701831758022308350e-01
2.701831758022308350e-01
2.701831758022308350e-01
2.701831758022308350e-01
2.701831758022308350e-01
2.701831758022308350e-01
9.153119325637817383e-01
2.903593778610229492e-01
2.903593778610229492e-01
2.903593778610229492e-01
2.903593778610229492e-01
2.903593778610229492e-01
2.903593778610229492e-01
2.903593778610229492e-01
2.903593778610229492e-01
2.903593778610229492e-01
6.737476587295532227e-01
6.737476587295532227e-01
6.737476587295532227e-01
6.737476587295532227e-01
6.737476587295532227e-01
6.737476587295532227e-01
6.737476587295532227e-01
6.737476587295532227e-01
6.737476587295532227e-01
6.737476587295532227e-01
9.330002069473266602e-01
1.616382718086242676e+00
1.377134084701538086e+00
5.026009082794189453e-01
5.026009082794189453e-01
5.026009082794189453e-01
5.026009082794189453e-01
5.026009082794189453e-01
5.026009082794189453e-01
5.026009082794189453e-01
1.193726181983947754e+00
1.193726181983947754e+00
1.793523907661437988e+00
1.793523907661437988e+00
1.793523907661437988e+00
1.213324785232543945e+00
1.425950646400451660e+00
1.425950646400451660e+00
1.425950646400451660e+00
4.741239547729492188e-01
4.741239547729492188e-01
4.741239547729492188e-01
4.665177464485168457e-01
7.176796793937683105e-01
6.013524532318115234e-01
6.013524532318115234e-01
1.230890512466430664e+00
1.230890512466430664e+00
7.085064053535461426e-01
7.085064053535461426e-01
4.663815498352050781e-01
4.663815498352050781e-01
4.663815498352050781e-01
4.663815498352050781e-01
4.663815498352050781e-01
4.663815498352050781e-01
2.264347553253173828e+00
2.264347553253173828e+00
1.964667558670043945e+00
1.995217800140380859e-01
1.995217800140380859e-01
1.995217800140380859e-01
1.995217800140380859e-01
1.995217800140380859e-01
1.995217800140380859e-01
1.995217800140380859e-01
1.995217800140380859e-01
1.995217800140380859e-01
1.995217800140380859e-01
1.995217800140380859e-01
1.995217800140380859e-01
9.774814248085021973e-01
9.774814248085021973e-01
1.960089445114135742e+00
1.732702732086181641e+00
1.732702732086181641e+00
7.537646293640136719e-01
1.521780729293823242e+00
1.008358240127563477e+00
1.008358240127563477e+00
1.008358240127563477e+00
1.008358240127563477e+00
5.902208685874938965e-01
5.902208685874938965e-01
5.902208685874938965e-01
5.902208685874938965e-01
5.902208685874938965e-01
5.902208685874938965e-01
5.902208685874938965e-01
5.902208685874938965e-01
5.902208685874938965e-01
5.902208685874938965e-01
1.148179650306701660e+00
1.148179650306701660e+00
1.148179650306701660e+00
1.148179650306701660e+00
1.148179650306701660e+00
1.148179650306701660e+00
1.148179650306701660e+00
2.800831794738769531e-01
1.144487619400024414e+00
3.714359998703002930e-01
3.714359998703002930e-01
3.714359998703002930e-01
3.714359998703002930e-01
3.714359998703002930e-01
3.714359998703002930e-01
3.714359998703002930e-01
2.132445335388183594e+00
2.132445335388183594e+00
2.132445335388183594e+00
9.942461252212524414e-01
9.942461252212524414e-01
9.942461252212524414e-01
9.942461252212524414e-01
9.942461252212524414e-01
9.942461252212524414e-01
9.942461252212524414e-01
1.324607133865356445e+00
7.493920922279357910e-01
9.691405892372131348e-01
8.586927056312561035e-01
8.586927056312561035e-01
8.586927056312561035e-01
8.586927056312561035e-01
4.925774335861206055e-01
4.925774335861206055e-01
4.727331995964050293e-01
4.727331995964050293e-01
4.727331995964050293e-01
4.727331995964050293e-01
4.727331995964050293e-01
4.727331995964050293e-01
4.727331995964050293e-01
4.727331995964050293e-01
4.727331995964050293e-01
4.727331995964050293e-01
4.727331995964050293e-01
1.192263722419738770e+00
1.873725652694702148e+00
7.965197563171386719e-01
7.965197563171386719e-01
1.083620309829711914e+00
1.083620309829711914e+00
1.976225137710571289e+00
2.327871084213256836e+00
2.327871084213256836e+00
1.033599376678466797e-01
1.247296333312988281e+00
1.247296333312988281e+00
1.247296333312988281e+00
3.881464004516601562e-01
3.942356407642364502e-01
3.942356407642364502e-01
3.942356407642364502e-01
3.942356407642364502e-01
3.942356407642364502e-01
3.942356407642364502e-01
3.942356407642364502e-01
3.942356407642364502e-01
3.942356407642364502e-01
1.666265726089477539e+00
1.666265726089477539e+00
1.673914194107055664e-01
1.673914194107055664e-01
1.673914194107055664e-01
1.673914194107055664e-01
1.040415406227111816e+00
1.040415406227111816e+00
1.040415406227111816e+00
1.040415406227111816e+00
5.409211516380310059e-01
3.809739053249359131e-01
5.619422793388366699e-01
5.619422793388366699e-01
5.619422793388366699e-01
1.017247676849365234e+00
1.017247676849365234e+00
1.017247676849365234e+00
1.017247676849365234e+00
1.119621396064758301e+00
1.807150721549987793e+00
1.807150721549987793e+00
1.807150721549987793e+00
1.807150721549987793e+00
1.807150721549987793e+00
1.250153660774230957e+00
5.825995802879333496e-01
5.825995802879333496e-01
5.114664435386657715e-01
5.114664435386657715e-01
4.078665673732757568e-01
4.078665673732757568e-01
4.078665673732757568e-01
4.115943908691406250e-01
4.115943908691406250e-01
4.115943908691406250e-01
1.716432809829711914e+00
1.716432809829711914e+00
1.716432809829711914e+00
1.716432809829711914e+00
5.427999496459960938e-01
5.427999496459960938e-01
5.427999496459960938e-01
5.427999496459960938e-01
5.427999496459960938e-01
5.427999496459960938e-01
5.427999496459960938e-01
5.427999496459960938e-01
5.427999496459960938e-01
5.427999496459960938e-01
5.427999496459960938e-01
5.427999496459960938e-01
1.004725813865661621e+00
1.004725813865661621e+00
1.004725813865661621e+00
6.929268240928649902e-01
6.929268240928649902e-01
6.929268240928649902e-01
6.929268240928649902e-01
6.929268240928649902e-01
6.929268240928649902e-01
6.929268240928649902e-01
6.929268240928649902e-01
6.929268240928649902e-01
8.314192295074462891e-01
1.055902361869812012e+00
1.055902361869812012e+00
7.981220483779907227e-01
7.981220483779907227e-01
7.981220483779907227e-01
7.981220483779907227e-01
1.744430422782897949e+00
1.744430422782897949e+00
1.744430422782897949e+00
1.340974569320678711e+00
1.340974569320678711e+00
3.045325279235839844e-01
3.045325279235839844e-01
3.045325279235839844e-01
3.045325279235839844e-01
3.045325279235839844e-01
3.045325279235839844e-01
2.292672693729400635e-01
2.292672693729400635e-01
3.121265172958374023e-01
3.121265172958374023e-01
3.121265172958374023e-01
3.121265172958374023e-01
3.121265172958374023e-01
3.121265172958374023e-01
3.121265172958374023e-01
1.928340435028076172e+00
6.187283992767333984e-01
6.187283992767333984e-01
6.187283992767333984e-01
6.187283992767333984e-01
6.187283992767333984e-01
6.187283992767333984e-01
6.187283992767333984e-01
6.187283992767333984e-01
4.592402577400207520e-01
4.592402577400207520e-01
4.592402577400207520e-01
4.592402577400207520e-01
4.592402577400207520e-01
1.007048010826110840e+00
1.007048010826110840e+00
1.007048010826110840e+00
1.007048010826110840e+00
4.270878434181213379e-01
4.270878434181213379e-01
4.270878434181213379e-01
4.270878434181213379e-01
4.270878434181213379e-01
4.270878434181213379e-01
4.270878434181213379e-01
4.270878434181213379e-01
1.491662740707397461e+00
1.491662740707397461e+00
1.415436029434204102e+00
1.249036550521850586e+00
7.642571926116943359e-01
1.221915483474731445e-01
1.234860777854919434e+00
1.614931821823120117e-01
8.026219606399536133e-01
8.026219606399536133e-01
8.026219606399536133e-01
8.026219606399536133e-01
8.026219606399536133e-01
8.026219606399536133e-01
6.632120609283447266e-01
6.632120609283447266e-01
1.364052653312683105e+00
1.316342115402221680e+00
1.316342115402221680e+00
1.316342115402221680e+00
1.316342115402221680e+00
1.104459285736083984e+00
1.104459285736083984e+00
1.104459285736083984e+00
2.387359738349914551e-01
2.387359738349914551e-01
1.104034543037414551e+00
1.104034543037414551e+00
3.398701548576354980e-01
3.398701548576354980e-01
3.398701548576354980e-01
3.398701548576354980e-01
3.398701548576354980e-01
3.398701548576354980e-01
3.398701548576354980e-01
3.398701548576354980e-01
3.398701548576354980e-01
3.398701548576354980e-01
3.398701548576354980e-01
3.398701548576354980e-01
3.398701548576354980e-01
3.398701548576354980e-01
3.398701548576354980e-01
3.398701548576354980e-01
3.398701548576354980e-01
3.398701548576354980e-01
3.398701548576354980e-01
3.398701548576354980e-01
3.398701548576354980e-01
3.717796504497528076e-01
3.717796504497528076e-01
3.717796504497528076e-01
3.717796504497528076e-01
3.717796504497528076e-01
3.717796504497528076e-01
5.635818243026733398e-01
5.635818243026733398e-01
5.635818243026733398e-01
5.635818243026733398e-01
6.222391128540039062e-02
6.222391128540039062e-02
8.724133372306823730e-01
8.724133372306823730e-01
8.724133372306823730e-01
8.914585709571838379e-01
8.914585709571838379e-01
8.914585709571838379e-01
1.315753221511840820e+00
1.315753221511840820e+00
2.264233112335205078e+00
2.520722389221191406e+00
2.394160747528076172e+00
7.627344131469726562e-02
1.596387743949890137e+00
1.596387743949890137e+00
1.596387743949890137e+00
1.596387743949890137e+00
1.596387743949890137e+00
1.596387743949890137e+00
1.596387743949890137e+00
1.596387743949890137e+00
4.867117404937744141e-01
4.867117404937744141e-01
4.867117404937744141e-01
4.867117404937744141e-01
4.867117404937744141e-01
4.867117404937744141e-01
4.867117404937744141e-01
4.867117404937744141e-01
4.867117404937744141e-01
4.867117404937744141e-01
4.867117404937744141e-01
4.867117404937744141e-01
4.867117404937744141e-01
4.867117404937744141e-01
4.867117404937744141e-01
4.867117404937744141e-01
4.867117404937744141e-01
4.867117404937744141e-01
4.867117404937744141e-01
1.278453350067138672e+00
1.278453350067138672e+00
7.767090797424316406e-01
7.767090797424316406e-01
7.767090797424316406e-01
7.767090797424316406e-01
7.767090797424316406e-01
7.767090797424316406e-01
7.767090797424316406e-01
7.767090797424316406e-01
2.276861190795898438e+00
2.276861190795898438e+00
2.276861190795898438e+00
1.620339035987854004e+00
1.085080623626708984e+00
1.085080623626708984e+00
1.214043617248535156e+00
1.214043617248535156e+00
1.214043617248535156e+00
1.214043617248535156e+00
1.214043617248535156e+00
1.214043617248535156e+00
1.338236212730407715e+00
1.338236212730407715e+00
1.422133088111877441e+00
4.669655561447143555e-01
4.669655561447143555e-01
4.669655561447143555e-01
6.040202379226684570e-01
6.040202379226684570e-01
6.040202379226684570e-01
6.040202379226684570e-01
6.040202379226684570e-01
6.040202379226684570e-01
6.040202379226684570e-01
1.365540742874145508e+00
1.365540742874145508e+00
1.365540742874145508e+00
1.365540742874145508e+00
1.365540742874145508e+00
2.105520963668823242e-01
2.105520963668823242e-01
6.943541169166564941e-01
6.943541169166564941e-01
1.079828977584838867e+00
1.079828977584838867e+00
8.603392839431762695e-01
8.476897478103637695e-01
8.476897478103637695e-01
8.476897478103637695e-01
8.476897478103637695e-01
8.476897478103637695e-01
8.476897478103637695e-01
5.658792257308959961e-01
5.658792257308959961e-01
5.658792257308959961e-01
5.658792257308959961e-01
5.658792257308959961e-01
5.658792257308959961e-01
5.658792257308959961e-01
5.658792257308959961e-01
5.658792257308959961e-01
5.658792257308959961e-01
5.658792257308959961e-01
5.658792257308959961e-01
8.898967504501342773e-01
3.981497287750244141e-01
1.202344417572021484e+00
4.700663685798645020e-01
1.536908447742462158e-01
1.536908447742462158e-01
1.536908447742462158e-01
1.889355778694152832e-01
1.889355778694152832e-01
7.816467285156250000e-01
6.129768490791320801e-01
1.265241861343383789e+00
1.265241861343383789e+00
1.265241861343383789e+00
1.442381143569946289e-01
1.442381143569946289e-01
1.442381143569946289e-01
1.442381143569946289e-01
4.828972518444061279e-01
4.828972518444061279e-01
4.828972518444061279e-01
4.828972518444061279e-01
7.214001417160034180e-01
7.214001417160034180e-01
7.214001417160034180e-01
7.214001417160034180e-01
7.214001417160034180e-01
7.214001417160034180e-01
7.214001417160034180e-01
4.514628052711486816e-01
4.514628052711486816e-01
9.825327992439270020e-01
9.825327992439270020e-01
9.825327992439270020e-01
1.178182244300842285e+00
1.178182244300842285e+00
1.178182244300842285e+00
1.133463382720947266e+00
1.133463382720947266e+00
1.133463382720947266e+00
8.189525008201599121e-01
8.189525008201599121e-01
8.189525008201599121e-01
8.189525008201599121e-01
8.189525008201599121e-01
8.189525008201599121e-01
8.189525008201599121e-01
8.189525008201599121e-01
8.189525008201599121e-01
8.189525008201599121e-01
8.189525008201599121e-01
5.384026765823364258e-01
5.384026765823364258e-01
5.384026765823364258e-01
5.384026765823364258e-01
5.384026765823364258e-01
5.384026765823364258e-01
5.384026765823364258e-01
5.384026765823364258e-01
5.384026765823364258e-01
9.103254675865173340e-01
9.103254675865173340e-01
9.103254675865173340e-01
9.103254675865173340e-01
1.738427877426147461e+00
1.738427877426147461e+00
2.249070405960083008e+00
2.249070405960083008e+00
1.427881717681884766e-01
1.427881717681884766e-01
1.427881717681884766e-01
2.853323817253112793e-01
2.853323817253112793e-01
1.274008512496948242e+00
1.274008512496948242e+00
2.178404331207275391e-01
1.057667255401611328e+00
6.722237467765808105e-01
4.446587562561035156e-01
6.194694638252258301e-01
6.194694638252258301e-01
6.194694638252258301e-01
6.194694638252258301e-01
6.194694638252258301e-01
6.194694638252258301e-01
6.194694638252258301e-01
9.454979896545410156e-01
9.454979896545410156e-01
9.454979896545410156e-01
9.454979896545410156e-01
9.454979896545410156e-01
9.454979896545410156e-01
9.454979896545410156e-01
4.747819602489471436e-01
4.747819602489471436e-01
4.747819602489471436e-01
4.747819602489471436e-01
4.747819602489471436e-01
4.747819602489471436e-01
4.747819602489471436e-01
4.747819602489471436e-01
1.365229785442352295e-01
1.365229785442352295e-01
1.365229785442352295e-01
1.528252124786376953e+00
1.528252124786376953e+00
1.528252124786376953e+00
1.528252124786376953e+00
1.335768342018127441e+00
1.335768342018127441e+00
1.335768342018127441e+00
1.110678434371948242e+00
1.110678434371948242e+00
7.011240720748901367e-01
5.905275940895080566e-01
5.700556039810180664e-01
5.700556039810180664e-01
5.700556039810180664e-01
1.306848049163818359e+00
1.306848049163818359e+00
1.306848049163818359e+00
1.306848049163818359e+00
1.306848049163818359e+00
1.306848049163818359e+00
1.306848049163818359e+00
1.306848049163818359e+00
1.973972320556640625e-01
1.973972320556640625e-01
1.755744099617004395e+00
1.755744099617004395e+00
3.484647274017333984e-01
3.484647274017333984e-01
3.484647274017333984e-01
3.484647274017333984e-01
3.484647274017333984e-01
3.484647274017333984e-01
3.484647274017333984e-01
3.484647274017333984e-01
3.484647274017333984e-01
3.484647274017333984e-01
3.484647274017333984e-01
3.484647274017333984e-01
2.164819002151489258e+00
2.617121934890747070e+00
2.617121934890747070e+00
3.003266096115112305e+00
3.003266096115112305e+00
9.627912044525146484e-01
2.991206049919128418e-01
2.991206049919128418e-01
1.983419418334960938e+00
1.983419418334960938e+00
1.538253784179687500e+00
1.538253784179687500e+00
1.538253784179687500e+00
8.118668794631958008e-01
8.118668794631958008e-01
8.118668794631958008e-01
8.118668794631958008e-01
1.983973622322082520e+00
1.983973622322082520e+00
1.983973622322082520e+00
7.922427654266357422e-01
1.966457486152648926e+00
2.492961883544921875e+00
3.199405670166015625e+00
3.199405670166015625e+00
2.471061944961547852e+00
2.760352134704589844e+00
2.760352134704589844e+00
2.116198778152465820e+00
2.116198778152465820e+00
2.068378210067749023e+00
2.068378210067749023e+00
2.068378210067749023e+00
2.223742961883544922e+00
1.542673587799072266e+00
1.542673587799072266e+00
1.404946208000183105e+00
1.404946208000183105e+00
1.404946208000183105e+00
1.404946208000183105e+00
1.776013493537902832e+00
2.249355316162109375e-01
2.249355316162109375e-01
8.000374436378479004e-01
8.000374436378479004e-01
8.951619267463684082e-01
1.323846817016601562e+00
1.323846817016601562e+00
2.433125019073486328e+00
2.433125019073486328e+00
2.433125019073486328e+00
7.993130683898925781e-01
7.993130683898925781e-01
7.993130683898925781e-01
4.620470702648162842e-01
4.620470702648162842e-01
5.273031592369079590e-01
5.273031592369079590e-01
5.273031592369079590e-01
5.386412143707275391e-01
5.386412143707275391e-01
5.386412143707275391e-01
5.386412143707275391e-01
5.386412143707275391e-01
5.386412143707275391e-01
5.386412143707275391e-01
1.734186887741088867e+00
1.734186887741088867e+00
1.734186887741088867e+00
1.734186887741088867e+00
9.007490277290344238e-01
9.007490277290344238e-01
9.007490277290344238e-01
9.007490277290344238e-01
9.007490277290344238e-01
3.641377687454223633e-01
1.045877218246459961e+00
8.340292572975158691e-01
8.340292572975158691e-01
8.340292572975158691e-01
8.340292572975158691e-01
3.468351364135742188e-01
3.468351364135742188e-01
1.647298336029052734e+00
1.647298336029052734e+00
1.647298336029052734e+00
1.647298336029052734e+00
1.647298336029052734e+00
1.647298336029052734e+00
1.283558607101440430e-01
1.283558607101440430e-01
6.721252799034118652e-01
6.721252799034118652e-01
6.721252799034118652e-01
3.216802775859832764e-01
1.454307794570922852e+00
1.454307794570922852e+00
1.454307794570922852e+00
1.454307794570922852e+00
1.454307794570922852e+00
1.454307794570922852e+00
1.454307794570922852e+00
5.028644800186157227e-01
1.029784560203552246e+00
1.029784560203552246e+00
1.029784560203552246e+00
1.029784560203552246e+00
1.029784560203552246e+00
5.823511481285095215e-01
1.906422376632690430e+00
1.906422376632690430e+00
1.001707315444946289e+00
1.001707315444946289e+00
1.001707315444946289e+00
1.001707315444946289e+00
1.001707315444946289e+00
1.001707315444946289e+00
1.001707315444946289e+00
7.855349779129028320e-01
6.903176903724670410e-01
6.903176903724670410e-01
8.102161288261413574e-01
8.102161288261413574e-01
8.102161288261413574e-01
8.102161288261413574e-01
1.493982076644897461e+00
4.615633487701416016e-01
4.615633487701416016e-01
1.631521821022033691e+00
1.193180084228515625e+00
1.193180084228515625e+00
2.241730690002441406e-02
2.241730690002441406e-02
2.241730690002441406e-02
1.808685183525085449e+00
1.808685183525085449e+00
1.808685183525085449e+00
9.184817671775817871e-01
9.184817671775817871e-01
8.683785796165466309e-01
1.091135740280151367e+00
1.091135740280151367e+00
1.091135740280151367e+00
4.278234243392944336e-01
1.431166231632232666e-01
1.431166231632232666e-01
1.431166231632232666e-01
1.431166231632232666e-01
5.061745047569274902e-01
5.061745047569274902e-01
8.018012046813964844e-01
5.665498971939086914e-01
5.665498971939086914e-01
1.405987262725830078e+00
1.184112548828125000e+00
1.038015961647033691e+00
8.880857229232788086e-01
8.880857229232788086e-01
1.373470306396484375e+00
1.373470306396484375e+00
1.373470306396484375e+00
1.373470306396484375e+00
9.761376380920410156e-01
1.468840241432189941e+00
1.468840241432189941e+00
6.891670227050781250e-01
9.105970263481140137e-01
9.105970263481140137e-01
9.105970263481140137e-01
9.105970263481140137e-01
9.105970263481140137e-01
9.105970263481140137e-01
9.868707656860351562e-01
7.698960304260253906e-01
4.504551291465759277e-01
4.504551291465759277e-01
4.504551291465759277e-01
4.504551291465759277e-01
4.504551291465759277e-01
9.453516006469726562e-01
9.453516006469726562e-01
9.453516006469726562e-01
9.453516006469726562e-01
9.453516006469726562e-01
4.593285024166107178e-01
4.593285024166107178e-01
4.593285024166107178e-01
1.474799871444702148e+00
9.161838293075561523e-01
9.161838293075561523e-01
9.161838293075561523e-01
1.976555109024047852e+00
1.654045104980468750e+00
1.654045104980468750e+00
1.654045104980468750e+00
1.654045104980468750e+00
9.963747859001159668e-01
9.910000562667846680e-01
9.910000562667846680e-01
9.910000562667846680e-01
5.994670391082763672e-01
5.994670391082763672e-01
5.994670391082763672e-01
5.994670391082763672e-01
9.042948484420776367e-01
9.042948484420776367e-01
9.746092557907104492e-01
9.746092557907104492e-01
9.746092557907104492e-01
9.746092557907104492e-01
9.746092557907104492e-01
3.240921497344970703e-01
3.240921497344970703e-01
1.253622055053710938e+00
5.928304791450500488e-01
5.928304791450500488e-01
5.928304791450500488e-01
5.155795812606811523e-01
1.089962720870971680e+00
1.089962720870971680e+00
1.089962720870971680e+00
1.089962720870971680e+00
1.089962720870971680e+00
1.089962720870971680e+00
1.103177070617675781e+00
1.015156984329223633e+00
1.015156984329223633e+00
1.015156984329223633e+00
1.180070042610168457e+00
1.180070042610168457e+00
1.136325955390930176e+00
1.136325955390930176e+00
1.136325955390930176e+00
1.136325955390930176e+00
7.387343049049377441e-01
7.906070351600646973e-01
7.906070351600646973e-01
2.410840988159179688e-01
2.410840988159179688e-01
2.410840988159179688e-01
2.410840988159179688e-01
2.410840988159179688e-01
2.410840988159179688e-01
2.410840988159179688e-01
2.410840988159179688e-01
2.410840988159179688e-01
6.838260889053344727e-01
6.838260889053344727e-01
6.838260889053344727e-01
6.838260889053344727e-01
6.838260889053344727e-01
6.838260889053344727e-01
6.838260889053344727e-01
6.838260889053344727e-01
6.838260889053344727e-01
7.283380031585693359e-01
7.283380031585693359e-01
8.932259678840637207e-01
8.932259678840637207e-01
8.932259678840637207e-01
8.932259678840637207e-01
8.932259678840637207e-01
8.932259678840637207e-01
8.932259678840637207e-01
8.932259678840637207e-01
7.746324539184570312e-01
7.746324539184570312e-01
3.288299739360809326e-01
3.288299739360809326e-01
4.918180108070373535e-01
1.664963722229003906e+00
1.664963722229003906e+00
1.459657907485961914e+00
1.459657907485961914e+00
1.459657907485961914e+00
7.908722758293151855e-01
1.638052701950073242e+00
