7.784337997436523438e-01
7.784337997436523438e-01
7.784337997436523438e-01
5.958275794982910156e-01
5.958275794982910156e-01
5.958275794982910156e-01
5.958275794982910156e-01
5.958275794982910156e-01
5.958275794982910156e-01
8.688132762908935547e-01
1.119304299354553223e-01
1.119304299354553223e-01
1.119304299354553223e-01
5.529750585556030273e-01
5.529750585556030273e-01
5.529750585556030273e-01
5.529750585556030273e-01
5.529750585556030273e-01
5.529750585556030273e-01
5.529750585556030273e-01
5.529750585556030273e-01
5.529750585556030273e-01
5.529750585556030273e-01
5.529750585556030273e-01
5.529750585556030273e-01
5.529750585556030273e-01
5.529750585556030273e-01
5.529750585556030273e-01
5.529750585556030273e-01
5.529750585556030273e-01
5.529750585556030273e-01
5.529750585556030273e-01
5.529750585556030273e-01
9.116241931915283203e-01
9.116241931915283203e-01
9.116241931915283203e-01
9.116241931915283203e-01
9.116241931915283203e-01
9.116241931915283203e-01
9.116241931915283203e-01
9.116241931915283203e-01
9.116241931915283203e-01
9.116241931915283203e-01
9.116241931915283203e-01
9.116241931915283203e-01
9.116241931915283203e-01
8.163193464279174805e-01
8.163193464279174805e-01
8.163193464279174805e-01
8.163193464279174805e-01
8.163193464279174805e-01
8.163193464279174805e-01
8.163193464279174805e-01
8.163193464279174805e-01
8.163193464279174805e-01
8.908301591873168945e-01
1.081969738006591797e+00
1.081969738006591797e+00
1.081969738006591797e+00
1.081969738006591797e+00
1.081969738006591797e+00
1.081969738006591797e+00
1.184610366821289062e+00
1.184610366821289062e+00
1.184610366821289062e+00
1.184610366821289062e+00
1.256600141525268555e+00
1.256600141525268555e+00
1.256600141525268555e+00
1.256600141525268555e+00
1.256600141525268555e+00
1.759950876235961914e+00
1.262960672378540039e+00
5.277542471885681152e-01
3.490537405014038086e-01
3.490537405014038086e-01
3.490537405014038086e-01
3.490537405014038086e-01
3.490537405014038086e-01
3.490537405014038086e-01
3.490537405014038086e-01
3.490537405014038086e-01
3.490537405014038086e-01
3.490537405014038086e-01
3.490537405014038086e-01
6.018983125686645508e-01
6.018983125686645508e-01
6.018983125686645508e-01
6.018983125686645508e-01
6.018983125686645508e-01
6.018983125686645508e-01
6.018983125686645508e-01
6.018983125686645508e-01
6.018983125686645508e-01
6.018983125686645508e-01
6.018983125686645508e-01
6.018983125686645508e-01
5.239298343658447266e-01
5.239298343658447266e-01
5.239298343658447266e-01
5.239298343658447266e-01
5.239298343658447266e-01
5.239298343658447266e-01
8.755041956901550293e-01
8.755041956901550293e-01
8.755041956901550293e-01
8.755041956901550293e-01
8.755041956901550293e-01
8.755041956901550293e-01
8.755041956901550293e-01
8.755041956901550293e-01
2.785013914108276367e-01
2.785013914108276367e-01
2.785013914108276367e-01
4.841863512992858887e-01
1.614912986755371094e+00
7.748872041702270508e-01
7.748872041702270508e-01
7.748872041702270508e-01
1.896129250526428223e-01
1.896129250526428223e-01
1.030060291290283203e+00
2.098465919494628906e+00
2.098465919494628906e+00
1.238620519638061523e+00
1.238620519638061523e+00
1.238620519638061523e+00
1.233533263206481934e+00
1.233533263206481934e+00
6.129633784294128418e-01
6.129633784294128418e-01
1.102063655853271484e+00
1.567409992218017578e+00
1.567409992218017578e+00
1.567409992218017578e+00
2.101625204086303711e+00
1.540034532546997070e+00
1.540034532546997070e+00
1.540034532546997070e+00
1.839580535888671875e+00
1.839580535888671875e+00
7.473492622375488281e-02
9.016230106353759766e-01
9.016230106353759766e-01
9.016230106353759766e-01
9.016230106353759766e-01
9.016230106353759766e-01
9.016230106353759766e-01
9.016230106353759766e-01
1.441754579544067383e+00
1.242197632789611816e+00
1.242197632789611816e+00
1.242197632789611816e+00
1.242197632789611816e+00
1.242197632789611816e+00
5.399398803710937500e-01
5.399398803710937500e-01
5.399398803710937500e-01
4.229193925857543945e-01
4.229193925857543945e-01
4.229193925857543945e-01
4.229193925857543945e-01
4.229193925857543945e-01
1.392315387725830078e+00
9.729738235473632812e-01
6.173892021179199219e-01
6.173892021179199219e-01
8.498473167419433594e-01
6.146527528762817383e-01
6.146527528762817383e-01
6.146527528762817383e-01
6.146527528762817383e-01
6.146527528762817383e-01
6.146527528762817383e-01
6.146527528762817383e-01
6.146527528762817383e-01
6.146527528762817383e-01
6.146527528762817383e-01
7.729188203811645508e-01
7.729188203811645508e-01
7.729188203811645508e-01
7.729188203811645508e-01
8.758344650268554688e-01
8.758344650268554688e-01
8.758344650268554688e-01
8.758344650268554688e-01
8.758344650268554688e-01
8.758344650268554688e-01
8.758344650268554688e-01
8.758344650268554688e-01
8.758344650268554688e-01
8.758344650268554688e-01
8.758344650268554688e-01
1.288633823394775391e+00
1.288633823394775391e+00
8.258194923400878906e-01
3.997806310653686523e-01
6.331626772880554199e-01
4.719825983047485352e-01
4.719825983047485352e-01
4.719825983047485352e-01
4.719825983047485352e-01
1.716733336448669434e+00
1.716733336448669434e+00
1.795649170875549316e+00
1.795649170875549316e+00
1.795649170875549316e+00
1.213085651397705078e+00
1.213085651397705078e+00
1.213085651397705078e+00
2.538908123970031738e-01
2.538908123970031738e-01
9.703992009162902832e-01
9.703992009162902832e-01
5.234596729278564453e-01
5.234596729278564453e-01
5.234596729278564453e-01
5.234596729278564453e-01
5.234596729278564453e-01
5.234596729278564453e-01
8.874671459197998047e-01
8.874671459197998047e-01
8.874671459197998047e-01
8.874671459197998047e-01
8.874671459197998047e-01
8.874671459197998047e-01
8.874671459197998047e-01
8.874671459197998047e-01
8.874671459197998047e-01
8.874671459197998047e-01
8.874671459197998047e-01
8.874671459197998047e-01
8.874671459197998047e-01
7.962487339973449707e-01
7.962487339973449707e-01
7.962487339973449707e-01
7.962487339973449707e-01
2.645349740982055664e+00
3.213202953338623047e-01
3.213202953338623047e-01
1.204994440078735352e+00
1.204994440078735352e+00
5.405887961387634277e-01
5.405887961387634277e-01
5.405887961387634277e-01
7.980912923812866211e-01
7.980912923812866211e-01
7.980912923812866211e-01
7.980912923812866211e-01
7.980912923812866211e-01
1.182478785514831543e+00
1.987563848495483398e+00
1.987563848495483398e+00
1.987563848495483398e+00
1.987563848495483398e+00
1.648385882377624512e+00
1.648385882377624512e+00
1.648385882377624512e+00
1.648385882377624512e+00
1.648385882377624512e+00
1.648385882377624512e+00
1.648385882377624512e+00
1.492428779602050781e-01
1.841939210891723633e+00
1.841939210891723633e+00
1.841939210891723633e+00
1.841939210891723633e+00
1.764715909957885742e-01
1.764715909957885742e-01
1.764715909957885742e-01
2.378576755523681641e+00
2.118054151535034180e+00
2.118054151535034180e+00
2.757921934127807617e+00
8.975121974945068359e-01
8.975121974945068359e-01
8.975121974945068359e-01
8.975121974945068359e-01
8.975121974945068359e-01
8.975121974945068359e-01
8.975121974945068359e-01
1.214101910591125488e+00
1.214101910591125488e+00
1.260754346847534180e+00
1.260754346847534180e+00
1.260754346847534180e+00
1.260754346847534180e+00
1.260754346847534180e+00
1.260754346847534180e+00
1.260754346847534180e+00
1.260754346847534180e+00
1.260754346847534180e+00
1.260754346847534180e+00
1.260754346847534180e+00
1.611160516738891602e+00
1.236228942871093750e+00
1.236228942871093750e+00
1.236228942871093750e+00
9.237890243530273438e-01
9.237890243530273438e-01
9.237890243530273438e-01
9.237890243530273438e-01
9.237890243530273438e-01
9.237890243530273438e-01
1.667766571044921875e-01
1.032869338989257812e+00
1.032869338989257812e+00
1.032869338989257812e+00
3.944523334503173828e-01
3.944523334503173828e-01
3.944523334503173828e-01
3.944523334503173828e-01
3.944523334503173828e-01
3.944523334503173828e-01
7.372026443481445312e-01
7.372026443481445312e-01
7.372026443481445312e-01
7.372026443481445312e-01
7.372026443481445312e-01
7.372026443481445312e-01
7.372026443481445312e-01
7.372026443481445312e-01
5.061400532722473145e-01
4.532054066658020020e-01
4.532054066658020020e-01
2.809742093086242676e-01
2.809742093086242676e-01
2.809742093086242676e-01
2.809742093086242676e-01
6.900432109832763672e-01
6.900432109832763672e-01
7.113124728202819824e-01
7.113124728202819824e-01
7.113124728202819824e-01
7.113124728202819824e-01
1.574803233146667480e+00
6.222041845321655273e-01
6.222041845321655273e-01
6.222041845321655273e-01
9.722286462783813477e-01
9.722286462783813477e-01
1.350517272949218750e+00
1.066498994827270508e+00
1.066498994827270508e+00
1.414894938468933105e+00
1.414894938468933105e+00
5.253478288650512695e-01
5.253478288650512695e-01
5.253478288650512695e-01
5.253478288650512695e-01
5.253478288650512695e-01
5.253478288650512695e-01
5.253478288650512695e-01
5.253478288650512695e-01
5.253478288650512695e-01
5.253478288650512695e-01
5.253478288650512695e-01
1.199296236038208008e+00
8.286224603652954102e-01
8.286224603652954102e-01
1.751592755317687988e-01
1.751592755317687988e-01
1.751592755317687988e-01
1.751592755317687988e-01
1.751592755317687988e-01
1.509440898895263672e+00
1.509440898895263672e+00
1.331927418708801270e+00
1.331927418708801270e+00
1.331927418708801270e+00
1.331927418708801270e+00
1.331927418708801270e+00
8.404392004013061523e-01
8.404392004013061523e-01
8.404392004013061523e-01
8.404392004013061523e-01
8.404392004013061523e-01
1.167924880981445312e+00
1.167924880981445312e+00
2.181673645973205566e-01
2.181673645973205566e-01
2.181673645973205566e-01
2.181673645973205566e-01
2.181673645973205566e-01
5.811178088188171387e-01
5.811178088188171387e-01
5.811178088188171387e-01
5.811178088188171387e-01
5.811178088188171387e-01
5.811178088188171387e-01
5.811178088188171387e-01
8.822716474533081055e-01
8.822716474533081055e-01
8.822716474533081055e-01
8.822716474533081055e-01
8.822716474533081055e-01
8.822716474533081055e-01
8.822716474533081055e-01
8.822716474533081055e-01
8.822716474533081055e-01
2.374927997589111328e+00
2.374927997589111328e+00
2.374927997589111328e+00
2.374927997589111328e+00
2.374927997589111328e+00
2.374927997589111328e+00
2.374927997589111328e+00
2.374927997589111328e+00
2.374927997589111328e+00
2.374927997589111328e+00
1.419170737266540527e+00
1.419170737266540527e+00
7.819572091102600098e-01
7.819572091102600098e-01
7.819572091102600098e-01
7.819572091102600098e-01
7.819572091102600098e-01
7.819572091102600098e-01
7.819572091102600098e-01
2.704173922538757324e-01
2.704173922538757324e-01
2.704173922538757324e-01
2.704173922538757324e-01
2.704173922538757324e-01
2.704173922538757324e-01
1.252007484436035156e+00
1.252007484436035156e+00
1.252007484436035156e+00
1.252007484436035156e+00
1.252007484436035156e+00
1.252007484436035156e+00
1.252007484436035156e+00
4.196819067001342773e-01
4.196819067001342773e-01
4.196819067001342773e-01
4.196819067001342773e-01
4.196819067001342773e-01
1.066294193267822266e+00
1.066294193267822266e+00
1.066294193267822266e+00
1.066294193267822266e+00
1.066294193267822266e+00
1.066294193267822266e+00
1.066294193267822266e+00
1.066294193267822266e+00
1.066294193267822266e+00
1.066294193267822266e+00
1.663895606994628906e+00
1.663895606994628906e+00
1.663895606994628906e+00
1.663895606994628906e+00
1.321963787078857422e+00
1.321963787078857422e+00
1.321963787078857422e+00
1.101095438003540039e+00
1.101095438003540039e+00
1.101095438003540039e+00
1.101095438003540039e+00
9.845440387725830078e-01
9.845440387725830078e-01
9.845440387725830078e-01
9.845440387725830078e-01
9.845440387725830078e-01
9.845440387725830078e-01
9.845440387725830078e-01
9.845440387725830078e-01
9.845440387725830078e-01
9.845440387725830078e-01
4.733525514602661133e-01
4.733525514602661133e-01
8.175970315933227539e-01
8.175970315933227539e-01
1.279558777809143066e+00
1.341653347015380859e+00
1.341653347015380859e+00
1.341653347015380859e+00
1.341653347015380859e+00
1.341653347015380859e+00
2.430607080459594727e-01
2.430607080459594727e-01
1.784557342529296875e+00
1.784557342529296875e+00
1.784557342529296875e+00
1.784557342529296875e+00
1.784557342529296875e+00
7.003539800643920898e-01
7.003539800643920898e-01
7.003539800643920898e-01
2.182897567749023438e+00
2.182897567749023438e+00
1.277737140655517578e+00
1.283543825149536133e+00
1.283543825149536133e+00
1.283543825149536133e+00
1.283543825149536133e+00
1.283543825149536133e+00
1.283543825149536133e+00
1.283543825149536133e+00
1.283543825149536133e+00
1.283543825149536133e+00
3.117824792861938477e-01
3.117824792861938477e-01
3.117824792861938477e-01
2.495848983526229858e-01
5.756975412368774414e-01
6.873728632926940918e-01
6.873728632926940918e-01
7.524368762969970703e-01
3.080126047134399414e-01
2.310089021921157837e-01
1.092783689498901367e+00
1.092783689498901367e+00
1.092783689498901367e+00
1.092783689498901367e+00
5.153234004974365234e-01
5.153234004974365234e-01
1.013381481170654297e+00
1.013381481170654297e+00
1.013381481170654297e+00
1.013381481170654297e+00
1.170908451080322266e+00
1.170908451080322266e+00
1.170908451080322266e+00
1.170908451080322266e+00
1.170908451080322266e+00
1.170908451080322266e+00
1.170908451080322266e+00
1.170908451080322266e+00
1.262361288070678711e+00
1.901235580444335938e+00
1.901235580444335938e+00
1.901235580444335938e+00
1.677624940872192383e+00
1.677624940872192383e+00
1.677624940872192383e+00
1.677624940872192383e+00
1.677624940872192383e+00
2.241913318634033203e+00
2.241913318634033203e+00
2.315088272094726562e+00
2.315088272094726562e+00
2.315088272094726562e+00
2.315088272094726562e+00
2.315088272094726562e+00
2.315088272094726562e+00
2.315088272094726562e+00
1.361037135124206543e+00
1.361037135124206543e+00
1.126084685325622559e+00
1.126084685325622559e+00
1.126084685325622559e+00
1.215074777603149414e+00
1.215074777603149414e+00
1.215074777603149414e+00
7.241792678833007812e-01
7.241792678833007812e-01
7.241792678833007812e-01
7.241792678833007812e-01
7.241792678833007812e-01
7.241792678833007812e-01
7.241792678833007812e-01
8.707090020179748535e-01
1.002833008766174316e+00
1.002833008766174316e+00
1.002833008766174316e+00
1.002833008766174316e+00
6.341972947120666504e-01
6.341972947120666504e-01
5.118759870529174805e-01
5.118759870529174805e-01
5.118759870529174805e-01
5.118759870529174805e-01
5.118759870529174805e-01
2.668772339820861816e-01
2.668772339820861816e-01
2.668772339820861816e-01
4.661151766777038574e-01
4.661151766777038574e-01
4.661151766777038574e-01
7.465397119522094727e-01
7.465397119522094727e-01
7.465397119522094727e-01
7.465397119522094727e-01
7.465397119522094727e-01
7.465397119522094727e-01
7.465397119522094727e-01
7.465397119522094727e-01
7.465397119522094727e-01
1.370621204376220703e+00
1.370621204376220703e+00
1.370621204376220703e+00
1.370621204376220703e+00
9.332574605941772461e-01
9.332574605941772461e-01
9.332574605941772461e-01
9.332574605941772461e-01
9.332574605941772461e-01
9.332574605941772461e-01
9.332574605941772461e-01
9.332574605941772461e-01
5.609787106513977051e-01
5.609787106513977051e-01
5.609787106513977051e-01
5.609787106513977051e-01
5.609787106513977051e-01
1.394669532775878906e+00
1.394669532775878906e+00
1.394669532775878906e+00
1.052183270454406738e+00
1.052183270454406738e+00
1.468939900398254395e+00
1.468939900398254395e+00
1.468939900398254395e+00
1.468939900398254395e+00
1.468939900398254395e+00
1.468939900398254395e+00
1.298597574234008789e+00
1.298597574234008789e+00
1.298597574234008789e+00
1.298597574234008789e+00
1.298597574234008789e+00
1.298597574234008789e+00
7.738447189331054688e-01
7.738447189331054688e-01
7.738447189331054688e-01
7.738447189331054688e-01
7.738447189331054688e-01
7.738447189331054688e-01
7.738447189331054688e-01
7.738447189331054688e-01
3.668849170207977295e-01
1.160392284393310547e+00
1.160392284393310547e+00
1.160392284393310547e+00
1.856644749641418457e+00
1.856644749641418457e+00
1.856644749641418457e+00
2.409588336944580078e+00
2.409588336944580078e+00
6.898721456527709961e-01
2.821196615695953369e-01
2.821196615695953369e-01
2.821196615695953369e-01
2.821196615695953369e-01
2.821196615695953369e-01
2.821196615695953369e-01
2.821196615695953369e-01
2.821196615695953369e-01
2.821196615695953369e-01
2.821196615695953369e-01
2.821196615695953369e-01
2.821196615695953369e-01
2.821196615695953369e-01
1.023716807365417480e+00
1.023716807365417480e+00
1.023716807365417480e+00
1.023716807365417480e+00
1.023716807365417480e+00
1.023716807365417480e+00
1.023716807365417480e+00
1.023716807365417480e+00
1.011205673217773438e+00
1.011205673217773438e+00
1.011205673217773438e+00
1.224534511566162109e+00
1.224534511566162109e+00
1.612876653671264648e+00
1.354875564575195312e+00
1.354875564575195312e+00
1.354875564575195312e+00
1.354875564575195312e+00
3.247703313827514648e-01
3.247703313827514648e-01
3.247703313827514648e-01
3.247703313827514648e-01
3.247703313827514648e-01
3.247703313827514648e-01
3.247703313827514648e-01
3.247703313827514648e-01
3.247703313827514648e-01
3.247703313827514648e-01
3.247703313827514648e-01
3.247703313827514648e-01
3.247703313827514648e-01
3.247703313827514648e-01
3.247703313827514648e-01
3.247703313827514648e-01
7.577964067459106445e-01
7.577964067459106445e-01
7.577964067459106445e-01
7.577964067459106445e-01
1.306928038597106934e+00
1.602967977523803711e+00
1.602967977523803711e+00
1.245475888252258301e+00
1.130733251571655273e+00
1.084938049316406250e+00
1.084938049316406250e+00
1.084938049316406250e+00
1.084938049316406250e+00
1.084938049316406250e+00
1.084938049316406250e+00
1.084938049316406250e+00
1.084938049316406250e+00
1.084938049316406250e+00
1.084938049316406250e+00
1.084938049316406250e+00
1.084938049316406250e+00
1.084938049316406250e+00
1.762092113494873047e-01
1.762092113494873047e-01
1.762092113494873047e-01
1.762092113494873047e-01
1.762092113494873047e-01
1.762092113494873047e-01
1.762092113494873047e-01
1.762092113494873047e-01
1.762092113494873047e-01
1.762092113494873047e-01
5.266617536544799805e-01
5.266617536544799805e-01
5.266617536544799805e-01
5.266617536544799805e-01
5.266617536544799805e-01
5.266617536544799805e-01
5.266617536544799805e-01
5.266617536544799805e-01
5.266617536544799805e-01
5.266617536544799805e-01
5.266617536544799805e-01
5.266617536544799805e-01
5.266617536544799805e-01
5.266617536544799805e-01
4.962821006774902344e-01
4.962821006774902344e-01
7.814567089080810547e-01
7.814567089080810547e-01
1.251591682434082031e+00
1.392311930656433105e+00
1.392311930656433105e+00
1.392311930656433105e+00
1.392311930656433105e+00
9.883500337600708008e-01
9.883500337600708008e-01
9.883500337600708008e-01
8.275682926177978516e-01
8.275682926177978516e-01
4.963610768318176270e-01
4.963610768318176270e-01
4.963610768318176270e-01
4.963610768318176270e-01
8.094406127929687500e-01
8.094406127929687500e-01
8.094406127929687500e-01
8.094406127929687500e-01
6.835321784019470215e-01
6.835321784019470215e-01
6.835321784019470215e-01
6.835321784019470215e-01
6.835321784019470215e-01
6.835321784019470215e-01
6.835321784019470215e-01
6.835321784019470215e-01
6.835321784019470215e-01
6.835321784019470215e-01
2.019928693771362305e-01
2.019928693771362305e-01
2.803566753864288330e-01
2.803566753864288330e-01
2.803566753864288330e-01
2.803566753864288330e-01
2.803566753864288330e-01
2.803566753864288330e-01
1.218733906745910645e+00
1.676607489585876465e+00
1.676607489585876465e+00
1.676607489585876465e+00
1.676607489585876465e+00
1.676607489585876465e+00
1.676607489585876465e+00
1.676607489585876465e+00
1.676607489585876465e+00
1.332153439521789551e+00
1.332153439521789551e+00
1.332153439521789551e+00
1.332153439521789551e+00
1.332153439521789551e+00
1.332153439521789551e+00
8.456658124923706055e-01
1.076873540878295898e+00
1.076873540878295898e+00
1.076873540878295898e+00
1.076873540878295898e+00
1.076873540878295898e+00
1.076873540878295898e+00
1.076873540878295898e+00
1.076873540878295898e+00
1.076873540878295898e+00
1.076873540878295898e+00
1.076873540878295898e+00
1.076873540878295898e+00
1.384968519210815430e+00
1.384968519210815430e+00
2.179311513900756836e-01
9.348437786102294922e-01
9.348437786102294922e-01
1.080859780311584473e+00
7.782800197601318359e-01
8.655166625976562500e-01
1.087900757789611816e+00
7.257602214813232422e-01
7.257602214813232422e-01
7.257602214813232422e-01
7.257602214813232422e-01
7.689703702926635742e-01
7.689703702926635742e-01
7.689703702926635742e-01
7.689703702926635742e-01
7.689703702926635742e-01
1.218565225601196289e+00
1.218565225601196289e+00
1.218565225601196289e+00
8.055855035781860352e-01
1.935928225517272949e+00
1.503797531127929688e+00
1.503797531127929688e+00
1.503797531127929688e+00
1.503797531127929688e+00
1.503797531127929688e+00
1.503797531127929688e+00
1.503797531127929688e+00
1.503797531127929688e+00
1.503797531127929688e+00
1.147620320320129395e+00
5.581550598144531250e-01
1.555352449417114258e+00
1.007352352142333984e+00
1.007352352142333984e+00
1.007352352142333984e+00
1.007352352142333984e+00
1.007352352142333984e+00
1.416184663772583008e+00
1.416184663772583008e+00
4.641250967979431152e-01
4.641250967979431152e-01
5.219709277153015137e-01
5.219709277153015137e-01
5.219709277153015137e-01
5.219709277153015137e-01
5.219709277153015137e-01
1.587265968322753906e+00
1.587265968322753906e+00
1.992245316505432129e+00
1.992245316505432129e+00
1.290473461151123047e+00
1.290473461151123047e+00
6.202692389488220215e-01
4.545361995697021484e-01
4.545361995697021484e-01
4.545361995697021484e-01
2.988836050033569336e+00
2.988836050033569336e+00
2.064621448516845703e+00
2.064621448516845703e+00
2.064621448516845703e+00
2.064621448516845703e+00
3.053449392318725586e-01
3.053449392318725586e-01
7.803120613098144531e-01
5.873627066612243652e-01
5.873627066612243652e-01
5.873627066612243652e-01
5.873627066612243652e-01
5.873627066612243652e-01
5.873627066612243652e-01
5.873627066612243652e-01
5.873627066612243652e-01
5.873627066612243652e-01
9.081970453262329102e-01
9.081970453262329102e-01
9.081970453262329102e-01
1.501057863235473633e+00
1.501057863235473633e+00
1.635984182357788086e-01
1.635984182357788086e-01
1.635984182357788086e-01
1.834967136383056641e+00
1.834967136383056641e+00
1.834967136383056641e+00
1.834967136383056641e+00
1.834967136383056641e+00
1.791542768478393555e-01
1.718957066535949707e+00
1.435438871383666992e+00
1.435438871383666992e+00
7.643452882766723633e-01
7.643452882766723633e-01
7.643452882766723633e-01
7.643452882766723633e-01
7.643452882766723633e-01
2.766525149345397949e-01
2.766525149345397949e-01
2.766525149345397949e-01
2.766525149345397949e-01
4.218369126319885254e-01
4.218369126319885254e-01
1.311081409454345703e+00
1.311081409454345703e+00
1.311081409454345703e+00
1.332130908966064453e+00
9.412554502487182617e-01
9.412554502487182617e-01
9.412554502487182617e-01
1.029989957809448242e+00
1.029989957809448242e+00
1.029989957809448242e+00
1.029989957809448242e+00
1.029989957809448242e+00
1.029989957809448242e+00
1.029989957809448242e+00
1.029989957809448242e+00
1.392729759216308594e+00
1.392729759216308594e+00
1.392729759216308594e+00
1.607070088386535645e+00
1.607070088386535645e+00
1.607070088386535645e+00
1.607070088386535645e+00
1.607070088386535645e+00
1.455804109573364258e+00
4.088560342788696289e-01
4.088560342788696289e-01
4.088560342788696289e-01
6.557765603065490723e-01
3.263541460037231445e-01
1.458541512489318848e+00
8.205308914184570312e-01
5.770462751388549805e-01
1.259808182716369629e+00
1.259808182716369629e+00
1.259808182716369629e+00
1.259808182716369629e+00
1.259808182716369629e+00
1.259808182716369629e+00
1.337337851524353027e+00
1.337337851524353027e+00
1.337337851524353027e+00
1.337337851524353027e+00
1.337337851524353027e+00
1.337337851524353027e+00
8.640625476837158203e-01
5.541216135025024414e-01
2.230286300182342529e-01
2.760822772979736328e-01
2.806522548198699951e-01
2.806522548198699951e-01
2.806522548198699951e-01
2.806522548198699951e-01
1.111268848180770874e-01
8.307086825370788574e-01
8.307086825370788574e-01
8.307086825370788574e-01
8.576352000236511230e-01
8.576352000236511230e-01
8.576352000236511230e-01
8.576352000236511230e-01
8.576352000236511230e-01
8.576352000236511230e-01
8.576352000236511230e-01
8.576352000236511230e-01
8.576352000236511230e-01
8.576352000236511230e-01
8.576352000236511230e-01
8.576352000236511230e-01
2.887912273406982422e+00
1.864997982978820801e+00
1.864997982978820801e+00
1.864997982978820801e+00
5.761840343475341797e-01
5.761840343475341797e-01
1.645963549613952637e+00
1.645963549613952637e+00
1.645963549613952637e+00
1.224481463432312012e+00
1.216226577758789062e+00
1.216226577758789062e+00
1.216226577758789062e+00
5.966291427612304688e-01
5.966291427612304688e-01
5.966291427612304688e-01
5.966291427612304688e-01
5.966291427612304688e-01
5.966291427612304688e-01
3.120471537113189697e-01
6.078801751136779785e-01
6.078801751136779785e-01
6.078801751136779785e-01
6.078801751136779785e-01
6.078801751136779785e-01
6.078801751136779785e-01
6.078801751136779785e-01
6.078801751136779785e-01
6.078801751136779785e-01
1.497941732406616211e+00
1.630888700485229492e+00
1.630888700485229492e+00
1.630888700485229492e+00
1.630888700485229492e+00
1.412876844406127930e-01
1.412876844406127930e-01
1.412876844406127930e-01
1.412876844406127930e-01
1.412876844406127930e-01
1.412876844406127930e-01
1.412876844406127930e-01
1.412876844406127930e-01
1.412876844406127930e-01
1.412876844406127930e-01
1.347501993179321289e+00
1.347501993179321289e+00
1.347501993179321289e+00
1.347501993179321289e+00
1.347501993179321289e+00
1.347501993179321289e+00
1.347501993179321289e+00
1.347501993179321289e+00
1.347501993179321289e+00
2.811431884765625000e-01
2.503428459167480469e-01
1.366900503635406494e-01
2.115393400192260742e+00
2.115393400192260742e+00
1.529699802398681641e+00
1.529699802398681641e+00
1.529699802398681641e+00
1.529699802398681641e+00
1.529699802398681641e+00
1.529699802398681641e+00
8.751287460327148438e-01
1.342903494834899902e+00
1.181483268737792969e-01
3.979068100452423096e-01
2.649602293968200684e-01
1.783524274826049805e+00
1.783524274826049805e+00
1.716573715209960938e+00
1.169981479644775391e+00
3.629005551338195801e-01
3.629005551338195801e-01
1.462755203247070312e+00
1.462755203247070312e+00
1.462755203247070312e+00
1.638180971145629883e+00
1.638180971145629883e+00
2.345141410827636719e+00
2.345141410827636719e+00
2.345141410827636719e+00
1.888425827026367188e+00
1.264766216278076172e+00
1.264766216278076172e+00
1.264766216278076172e+00
1.264766216278076172e+00
1.574823737144470215e+00
1.574823737144470215e+00
1.574823737144470215e+00
1.574823737144470215e+00
1.574823737144470215e+00
1.574823737144470215e+00
1.319961309432983398e+00
1.692386627197265625e+00
1.692386627197265625e+00
1.692386627197265625e+00
1.692386627197265625e+00
3.106409311294555664e-01
3.106409311294555664e-01
3.106409311294555664e-01
3.106409311294555664e-01
3.106409311294555664e-01
1.123915433883666992e+00
1.123915433883666992e+00
1.123915433883666992e+00
1.123915433883666992e+00
1.123915433883666992e+00
1.123915433883666992e+00
1.325760841369628906e+00
1.325760841369628906e+00
1.045599460601806641e+00
8.027607798576354980e-01
8.027607798576354980e-01
8.027607798576354980e-01
8.027607798576354980e-01
8.027607798576354980e-01
8.027607798576354980e-01
8.027607798576354980e-01
8.027607798576354980e-01
8.027607798576354980e-01
8.027607798576354980e-01
8.343717455863952637e-01
8.343717455863952637e-01
8.343717455863952637e-01
5.043789744377136230e-01
5.043789744377136230e-01
5.043789744377136230e-01
5.043789744377136230e-01
9.477003812789916992e-01
9.477003812789916992e-01
9.477003812789916992e-01
9.477003812789916992e-01
9.477003812789916992e-01
9.477003812789916992e-01
8.908466696739196777e-01
8.908466696739196777e-01
8.908466696739196777e-01
8.908466696739196777e-01
8.908466696739196777e-01
8.908466696739196777e-01
8.908466696739196777e-01
8.908466696739196777e-01
8.908466696739196777e-01
8.908466696739196777e-01
8.908466696739196777e-01
8.908466696739196777e-01
8.908466696739196777e-01
8.908466696739196777e-01
8.908466696739196777e-01
8.908466696739196777e-01
5.720164179801940918e-01
5.720164179801940918e-01
5.720164179801940918e-01
5.720164179801940918e-01
5.720164179801940918e-01
5.720164179801940918e-01
5.720164179801940918e-01
1.484351634979248047e+00
2.011398315429687500e+00
2.011398315429687500e+00
2.011398315429687500e+00
2.011398315429687500e+00
2.011398315429687500e+00
2.011398315429687500e+00
1.603466510772705078e+00
1.603466510772705078e+00
1.696885824203491211e+00
1.815462589263916016e+00
1.815462589263916016e+00
1.815462589263916016e+00
1.815462589263916016e+00
1.815462589263916016e+00
1.815462589263916016e+00
1.815462589263916016e+00
7.195621728897094727e-01
7.195621728897094727e-01
7.195621728897094727e-01
7.195621728897094727e-01
8.933791518211364746e-01
7.234791517257690430e-01
1.354608058929443359e+00
1.354608058929443359e+00
1.110256195068359375e+00
2.268697977066040039e+00
2.268697977066040039e+00
2.268697977066040039e+00
1.093380689620971680e+00
1.093380689620971680e+00
4.821840524673461914e-01
7.118623256683349609e-01
7.118623256683349609e-01
1.635894060134887695e+00
1.553309798240661621e+00
1.552435874938964844e+00
1.552435874938964844e+00
1.552435874938964844e+00
1.546403288841247559e+00
1.546403288841247559e+00
1.546403288841247559e+00
8.934741020202636719e-01
8.934741020202636719e-01
6.822175979614257812e-01
6.822175979614257812e-01
6.822175979614257812e-01
6.822175979614257812e-01
6.822175979614257812e-01
3.757863938808441162e-01
1.227290272712707520e+00
3.562442064285278320e-01
3.562442064285278320e-01
3.562442064285278320e-01
3.562442064285278320e-01
3.562442064285278320e-01
3.562442064285278320e-01
3.562442064285278320e-01
3.562442064285278320e-01
3.562442064285278320e-01
6.043266057968139648e-01
6.043266057968139648e-01
1.428617238998413086e+00
1.764563083648681641e+00
1.764563083648681641e+00
1.764563083648681641e+00
1.764563083648681641e+00
1.764563083648681641e+00
1.764563083648681641e+00
1.764563083648681641e+00
1.764563083648681641e+00
1.764563083648681641e+00
1.283993721008300781e+00
9.256316423416137695e-01
9.256316423416137695e-01
9.256316423416137695e-01
9.256316423416137695e-01
9.256316423416137695e-01
9.256316423416137695e-01
9.256316423416137695e-01
9.256316423416137695e-01
9.256316423416137695e-01
9.256316423416137695e-01
6.662989854812622070e-01
6.662989854812622070e-01
7.690656185150146484e-01
7.690656185150146484e-01
7.690656185150146484e-01
7.690656185150146484e-01
7.690656185150146484e-01
7.690656185150146484e-01
7.690656185150146484e-01
7.690656185150146484e-01
7.690656185150146484e-01
7.690656185150146484e-01
7.690656185150146484e-01
7.690656185150146484e-01
7.690656185150146484e-01
7.690656185150146484e-01
7.690656185150146484e-01
7.690656185150146484e-01
7.690656185150146484e-01
1.590237259864807129e+00
1.590237259864807129e+00
4.327967166900634766e-01
4.327967166900634766e-01
5.765460729598999023e-01
5.765460729598999023e-01
5.765460729598999023e-01
5.765460729598999023e-01
5.765460729598999023e-01
5.765460729598999023e-01
5.765460729598999023e-01
5.765460729598999023e-01
5.765460729598999023e-01
5.765460729598999023e-01
5.765460729598999023e-01
5.765460729598999023e-01
1.545324563980102539e+00
1.545324563980102539e+00
1.545324563980102539e+00
7.953146100044250488e-01
7.953146100044250488e-01
7.953146100044250488e-01
8.969328403472900391e-01
8.969328403472900391e-01
8.969328403472900391e-01
5.479563474655151367e-01
5.479563474655151367e-01
5.479563474655151367e-01
1.549432396888732910e+00
1.549432396888732910e+00
1.549432396888732910e+00
1.549432396888732910e+00
4.970997571945190430e-01
4.970997571945190430e-01
4.970997571945190430e-01
8.662122488021850586e-01
8.662122488021850586e-01
3.223950266838073730e-01
6.554452180862426758e-01
7.761799097061157227e-01
3.534687757492065430e-01
3.534687757492065430e-01
3.534687757492065430e-01
9.804040193557739258e-01
9.804040193557739258e-01
9.804040193557739258e-01
9.804040193557739258e-01
9.804040193557739258e-01
9.804040193557739258e-01
9.804040193557739258e-01
9.804040193557739258e-01
8.154119849205017090e-01
8.154119849205017090e-01
8.154119849205017090e-01
1.026767969131469727e+00
1.026767969131469727e+00
1.026767969131469727e+00
2.015183448791503906e+00
1.386984705924987793e+00
2.244594573974609375e+00
2.244594573974609375e+00
2.244594573974609375e+00
2.298462390899658203e-01
5.537861585617065430e-01
1.733379960060119629e-01
1.733379960060119629e-01
1.733379960060119629e-01
1.547415256500244141e+00
1.315358757972717285e+00
1.315358757972717285e+00
8.468497395515441895e-01
1.061444163322448730e+00
8.727043867111206055e-01
9.018532037734985352e-01
1.814498305320739746e+00
5.626367330551147461e-01
5.626367330551147461e-01
5.626367330551147461e-01
5.626367330551147461e-01
5.626367330551147461e-01
5.626367330551147461e-01
5.626367330551147461e-01
5.626367330551147461e-01
5.626367330551147461e-01
5.626367330551147461e-01
4.514372944831848145e-01
6.636887788772583008e-01
6.636887788772583008e-01
6.636887788772583008e-01
6.636887788772583008e-01
6.636887788772583008e-01
6.636887788772583008e-01
6.636887788772583008e-01
6.636887788772583008e-01
1.569335818290710449e+00
2.074849128723144531e+00
2.074849128723144531e+00
1.567059993743896484e+00
1.567059993743896484e+00
1.567059993743896484e+00
1.714874744415283203e+00
7.956460118293762207e-01
7.956460118293762207e-01
7.956460118293762207e-01
7.956460118293762207e-01
7.956460118293762207e-01
6.658703088760375977e-01
6.658703088760375977e-01
7.270610928535461426e-01
7.270610928535461426e-01
7.270610928535461426e-01
8.590476512908935547e-01
8.590476512908935547e-01
8.590476512908935547e-01
3.707857131958007812e-01
3.707857131958007812e-01
3.707857131958007812e-01
3.707857131958007812e-01
1.412115812301635742e+00
1.412115812301635742e+00
1.412115812301635742e+00
1.412115812301635742e+00
1.412115812301635742e+00
1.412115812301635742e+00
1.457657694816589355e+00
1.457657694816589355e+00
1.457657694816589355e+00
1.457657694816589355e+00
1.342329382896423340e+00
1.342329382896423340e+00
1.209111928939819336e+00
1.209111928939819336e+00
1.209111928939819336e+00
1.209111928939819336e+00
1.209111928939819336e+00
8.109565973281860352e-01
8.109565973281860352e-01
8.109565973281860352e-01
8.109565973281860352e-01
8.109565973281860352e-01
8.109565973281860352e-01
8.109565973281860352e-01
8.109565973281860352e-01
8.109565973281860352e-01
8.109565973281860352e-01
3.504296243190765381e-01
3.504296243190765381e-01
3.576825857162475586e-01
3.576825857162475586e-01
3.576825857162475586e-01
3.576825857162475586e-01
3.576825857162475586e-01
9.912365078926086426e-01
7.749554514884948730e-01
7.749554514884948730e-01
7.749554514884948730e-01
7.749554514884948730e-01
1.128244638442993164e+00
1.128244638442993164e+00
1.128244638442993164e+00
1.128244638442993164e+00
7.149783372879028320e-01
7.264994382858276367e-01
7.717715501785278320e-01
9.854720234870910645e-01
9.854720234870910645e-01
9.854720234870910645e-01
9.854720234870910645e-01
9.854720234870910645e-01
1.331846952438354492e+00
1.227659583091735840e+00
7.805961966514587402e-01
7.805961966514587402e-01
7.805961966514587402e-01
7.805961966514587402e-01
7.805961966514587402e-01
7.805961966514587402e-01
7.805961966514587402e-01
9.684635996818542480e-01
9.684635996818542480e-01
9.684635996818542480e-01
1.166201829910278320e+00
3.974356651306152344e-01
3.974356651306152344e-01
3.974356651306152344e-01
9.140275120735168457e-01
9.140275120735168457e-01
9.140275120735168457e-01
9.140275120735168457e-01
9.140275120735168457e-01
9.140275120735168457e-01
9.140275120735168457e-01
9.140275120735168457e-01
7.121953964233398438e-01
7.121953964233398438e-01
9.198879599571228027e-01
1.077096104621887207e+00
1.077096104621887207e+00
1.077096104621887207e+00
1.077096104621887207e+00
1.077096104621887207e+00
2.093474149703979492e+00
2.085561990737915039e+00
8.525955677032470703e-01
1.035228729248046875e+00
1.035228729248046875e+00
7.747493982315063477e-01
7.747493982315063477e-01
7.747493982315063477e-01
7.747493982315063477e-01
7.747493982315063477e-01
7.747493982315063477e-01
7.747493982315063477e-01
7.747493982315063477e-01
7.747493982315063477e-01
7.747493982315063477e-01
7.747493982315063477e-01
7.747493982315063477e-01
7.747493982315063477e-01
9.405539035797119141e-01
5.054605007171630859e-01
5.054605007171630859e-01
5.054605007171630859e-01
5.054605007171630859e-01
5.054605007171630859e-01
5.054605007171630859e-01
5.054605007171630859e-01
5.054605007171630859e-01
5.054605007171630859e-01
5.054605007171630859e-01
5.610281825065612793e-01
4.115734696388244629e-01
9.749588966369628906e-01
9.749588966369628906e-01
9.749588966369628906e-01
9.749588966369628906e-01
5.328749418258666992e-01
5.328749418258666992e-01
5.328749418258666992e-01
4.593280553817749023e-01
4.593280553817749023e-01
4.593280553817749023e-01
4.593280553817749023e-01
2.358941882848739624e-01
2.358941882848739624e-01
9.199711680412292480e-01
9.199711680412292480e-01
9.199711680412292480e-01
9.199711680412292480e-01
9.199711680412292480e-01
9.199711680412292480e-01
5.935792922973632812e-01
5.935792922973632812e-01
5.935792922973632812e-01
1.204526424407958984e+00
1.204526424407958984e+00
8.364807367324829102e-01
8.364807367324829102e-01
8.364807367324829102e-01
5.078405141830444336e-01
6.003782749176025391e-01
6.003782749176025391e-01
6.003782749176025391e-01
6.003782749176025391e-01
6.003782749176025391e-01
6.003782749176025391e-01
5.831419229507446289e-01
5.831419229507446289e-01
5.831419229507446289e-01
5.831419229507446289e-01
3.070435822010040283e-01
3.070435822010040283e-01
3.070435822010040283e-01
4.885852336883544922e-01
4.885852336883544922e-01
4.885852336883544922e-01
4.885852336883544922e-01
4.885852336883544922e-01
4.885852336883544922e-01
2.658843994140625000e-01
2.658843994140625000e-01
2.658843994140625000e-01
2.658843994140625000e-01
9.939979910850524902e-01
9.939979910850524902e-01
1.036132812500000000e+00
1.036132812500000000e+00
1.036132812500000000e+00
1.828616857528686523e-01
1.828616857528686523e-01
1.828616857528686523e-01
1.828616857528686523e-01
1.828616857528686523e-01
1.269635677337646484e+00
6.708767414093017578e-01
6.708767414093017578e-01
6.708767414093017578e-01
6.708767414093017578e-01
6.708767414093017578e-01
6.708767414093017578e-01
6.708767414093017578e-01
6.708767414093017578e-01
6.708767414093017578e-01
1.042679309844970703e+00
1.042679309844970703e+00
1.042679309844970703e+00
1.042679309844970703e+00
1.042679309844970703e+00
1.042679309844970703e+00
1.042679309844970703e+00
1.042679309844970703e+00
1.042679309844970703e+00
1.042679309844970703e+00
1.042679309844970703e+00
1.034118294715881348e+00
8.579114675521850586e-01
2.087830305099487305e-01
2.087830305099487305e-01
2.087830305099487305e-01
2.087830305099487305e-01
2.087830305099487305e-01
1.475460648536682129e+00
1.475460648536682129e+00
9.347856640815734863e-01
9.347856640815734863e-01
9.347856640815734863e-01
9.347856640815734863e-01
9.347856640815734863e-01
9.347856640815734863e-01
1.462585330009460449e-01
1.462585330009460449e-01
1.869466066360473633e+00
1.869466066360473633e+00
1.869466066360473633e+00
1.869466066360473633e+00
2.056511640548706055e-01
2.056511640548706055e-01
1.861265897750854492e+00
1.861265897750854492e+00
1.861265897750854492e+00
2.243071794509887695e-01
2.243071794509887695e-01
9.802419543266296387e-01
9.802419543266296387e-01
9.802419543266296387e-01
9.802419543266296387e-01
9.802419543266296387e-01
1.015720009803771973e+00
1.015720009803771973e+00
1.015720009803771973e+00
1.015720009803771973e+00
1.015720009803771973e+00
1.015720009803771973e+00
1.015720009803771973e+00
1.015720009803771973e+00
8.644468784332275391e-01
8.644468784332275391e-01
8.644468784332275391e-01
8.644468784332275391e-01
8.644468784332275391e-01
8.644468784332275391e-01
8.644468784332275391e-01
3.184860944747924805e-01
3.184860944747924805e-01
3.184860944747924805e-01
3.184860944747924805e-01
3.184860944747924805e-01
3.184860944747924805e-01
5.611829757690429688e-01
5.611829757690429688e-01
5.611829757690429688e-01
5.611829757690429688e-01
1.325721979141235352e+00
1.325721979141235352e+00
1.173939943313598633e+00
1.173939943313598633e+00
1.468914508819580078e+00
1.468914508819580078e+00
9.536788463592529297e-01
9.536788463592529297e-01
9.536788463592529297e-01
9.536788463592529297e-01
5.834534168243408203e-01
5.834534168243408203e-01
5.834534168243408203e-01
5.834534168243408203e-01
1.011986970901489258e+00
1.011986970901489258e+00
1.216577768325805664e+00
1.216577768325805664e+00
1.920545816421508789e+00
1.920545816421508789e+00
1.920545816421508789e+00
1.920545816421508789e+00
2.039150953292846680e+00
1.014891147613525391e+00
1.291304230690002441e+00
1.291304230690002441e+00
1.291304230690002441e+00
1.207753658294677734e+00
1.207753658294677734e+00
1.936492919921875000e-01
1.936492919921875000e-01
7.132155448198318481e-02
7.132155448198318481e-02
7.132155448198318481e-02
1.006305575370788574e+00
1.006305575370788574e+00
1.006305575370788574e+00
1.006305575370788574e+00
1.006305575370788574e+00
1.006305575370788574e+00
9.956399202346801758e-01
9.956399202346801758e-01
1.055318713188171387e+00
1.055318713188171387e+00
1.055318713188171387e+00
1.055318713188171387e+00
1.055318713188171387e+00
1.001481890678405762e+00
1.001481890678405762e+00
1.001481890678405762e+00
1.001481890678405762e+00
1.001481890678405762e+00
1.001481890678405762e+00
1.001481890678405762e+00
9.321451783180236816e-01
9.321451783180236816e-01
9.321451783180236816e-01
1.094609498977661133e+00
8.171374797821044922e-01
8.171374797821044922e-01
1.475068926811218262e-01
2.101612985134124756e-01
2.101612985134124756e-01
2.101612985134124756e-01
2.101612985134124756e-01
2.101612985134124756e-01
2.101612985134124756e-01
9.592881202697753906e-01
9.592881202697753906e-01
9.592881202697753906e-01
9.592881202697753906e-01
1.631829261779785156e+00
9.458519220352172852e-01
9.458519220352172852e-01
9.458519220352172852e-01
9.458519220352172852e-01
9.458519220352172852e-01
9.458519220352172852e-01
9.458519220352172852e-01
9.458519220352172852e-01
9.458519220352172852e-01
9.458519220352172852e-01
1.030755043029785156e+00
1.030755043029785156e+00
1.030755043029785156e+00
1.030755043029785156e+00
1.030755043029785156e+00
1.030755043029785156e+00
4.853682518005371094e-01
7.180136442184448242e-01
7.180136442184448242e-01
7.180136442184448242e-01
7.180136442184448242e-01
7.180136442184448242e-01
1.383461236953735352e+00
1.383461236953735352e+00
1.383461236953735352e+00
8.488249182701110840e-01
8.488249182701110840e-01
8.488249182701110840e-01
8.488249182701110840e-01
8.488249182701110840e-01
8.488249182701110840e-01
2.108075022697448730e-01
2.108075022697448730e-01
2.108075022697448730e-01
2.108075022697448730e-01
9.683617949485778809e-01
1.595996022224426270e+00
1.595996022224426270e+00
1.595996022224426270e+00
1.595996022224426270e+00
1.595996022224426270e+00
1.595996022224426270e+00
1.595996022224426270e+00
1.595996022224426270e+00
1.595996022224426270e+00
1.595996022224426270e+00
1.595996022224426270e+00
1.595996022224426270e+00
1.595996022224426270e+00
1.595996022224426270e+00
1.595996022224426270e+00
1.595996022224426270e+00
1.595996022224426270e+00
1.595996022224426270e+00
1.595996022224426270e+00
1.595996022224426270e+00
1.595996022224426270e+00
1.595996022224426270e+00
1.595996022224426270e+00
3.973194360733032227e-01
4.455116987228393555e-01
4.455116987228393555e-01
4.455116987228393555e-01
4.455116987228393555e-01
4.455116987228393555e-01
4.455116987228393555e-01
4.455116987228393555e-01
4.455116987228393555e-01
8.361690044403076172e-01
8.361690044403076172e-01
8.361690044403076172e-01
8.361690044403076172e-01
2.440475821495056152e-01
2.440475821495056152e-01
1.657140493392944336e+00
1.657140493392944336e+00
1.657140493392944336e+00
1.657140493392944336e+00
1.657140493392944336e+00
1.657140493392944336e+00
7.062780857086181641e-01
6.525777578353881836e-01
6.574247479438781738e-01
5.017879009246826172e-01
1.509487032890319824e-01
1.534661054611206055e+00
1.534661054611206055e+00
1.534661054611206055e+00
1.534661054611206055e+00
1.534661054611206055e+00
3.491384983062744141e-01
3.491384983062744141e-01
1.158372402191162109e+00
1.158372402191162109e+00
4.638395905494689941e-01
4.638395905494689941e-01
4.638395905494689941e-01
4.638395905494689941e-01
1.312368392944335938e+00
1.312368392944335938e+00
1.312368392944335938e+00
1.312368392944335938e+00
1.312368392944335938e+00
1.312368392944335938e+00
1.771649599075317383e+00
1.771649599075317383e+00
6.802982091903686523e-01
6.802982091903686523e-01
6.802982091903686523e-01
6.802982091903686523e-01
6.802982091903686523e-01
6.802982091903686523e-01
6.802982091903686523e-01
6.802982091903686523e-01
6.802982091903686523e-01
6.802982091903686523e-01
6.802982091903686523e-01
3.993797004222869873e-01
3.993797004222869873e-01
3.993797004222869873e-01
3.993797004222869873e-01
2.385561913251876831e-01
2.385561913251876831e-01
6.872364878654479980e-01
6.872364878654479980e-01
6.872364878654479980e-01
1.170913696289062500e+00
1.170913696289062500e+00
1.170913696289062500e+00
1.170913696289062500e+00
1.170913696289062500e+00
1.170913696289062500e+00
1.170913696289062500e+00
1.170913696289062500e+00
1.170913696289062500e+00
1.474632501602172852e+00
1.474632501602172852e+00
1.474632501602172852e+00
1.474632501602172852e+00
1.474632501602172852e+00
1.474632501602172852e+00
1.474632501602172852e+00
1.474632501602172852e+00
1.101878881454467773e-01
1.102180480957031250e+00
1.102180480957031250e+00
1.102180480957031250e+00
9.103472232818603516e-01
9.103472232818603516e-01
9.103472232818603516e-01
9.103472232818603516e-01
9.103472232818603516e-01
9.103472232818603516e-01
1.231182456016540527e+00
1.231182456016540527e+00
1.231182456016540527e+00
1.231182456016540527e+00
1.231182456016540527e+00
1.231182456016540527e+00
1.231182456016540527e+00
1.231182456016540527e+00
7.980061769485473633e-01
7.980061769485473633e-01
1.039097547531127930e+00
1.039097547531127930e+00
1.039097547531127930e+00
1.039097547531127930e+00
1.039097547531127930e+00
1.039097547531127930e+00
1.039097547531127930e+00
1.039097547531127930e+00
1.039097547531127930e+00
4.677277207374572754e-01
1.165308356285095215e+00
5.339593887329101562e-01
4.364835023880004883e-01
4.364835023880004883e-01
4.364835023880004883e-01
4.364835023880004883e-01
4.364835023880004883e-01
4.364835023880004883e-01
4.364835023880004883e-01
4.364835023880004883e-01
4.364835023880004883e-01
4.364835023880004883e-01
4.364835023880004883e-01
4.364835023880004883e-01
4.364835023880004883e-01
4.364835023880004883e-01
2.626649737358093262e-01
9.373202323913574219e-01
9.373202323913574219e-01
9.373202323913574219e-01
9.373202323913574219e-01
7.884817719459533691e-01
7.884817719459533691e-01
7.884817719459533691e-01
7.884817719459533691e-01
7.884817719459533691e-01
7.884817719459533691e-01
1.306592941284179688e+00
1.195333242416381836e+00
1.195333242416381836e+00
1.195333242416381836e+00
1.195333242416381836e+00
1.195333242416381836e+00
1.195333242416381836e+00
1.118031263351440430e+00
8.040995597839355469e-01
8.040995597839355469e-01
8.040995597839355469e-01
5.019201040267944336e-01
1.487553834915161133e+00
1.998798131942749023e+00
1.998798131942749023e+00
1.998798131942749023e+00
1.998798131942749023e+00
1.998798131942749023e+00
1.998798131942749023e+00
1.425555944442749023e-01
1.425555944442749023e-01
5.621463656425476074e-01
5.621463656425476074e-01
5.621463656425476074e-01
1.432888269424438477e+00
1.432888269424438477e+00
1.432888269424438477e+00
1.174396634101867676e+00
1.174396634101867676e+00
1.174396634101867676e+00
1.174396634101867676e+00
1.174396634101867676e+00
5.978024601936340332e-01
5.978024601936340332e-01
5.978024601936340332e-01
5.978024601936340332e-01
1.116949796676635742e+00
1.116949796676635742e+00
1.116949796676635742e+00
1.116949796676635742e+00
1.116949796676635742e+00
1.116949796676635742e+00
1.116949796676635742e+00
1.116949796676635742e+00
2.108977794647216797e+00
2.108977794647216797e+00
2.108977794647216797e+00
5.465373992919921875e-01
5.465373992919921875e-01
3.439328372478485107e-01
1.095598459243774414e+00
1.095598459243774414e+00
1.411257147789001465e+00
1.579479575157165527e+00
1.579479575157165527e+00
1.579479575157165527e+00
9.649248719215393066e-01
9.649248719215393066e-01
9.649248719215393066e-01
9.649248719215393066e-01
6.012996435165405273e-01
6.012996435165405273e-01
6.012996435165405273e-01
6.012996435165405273e-01
6.012996435165405273e-01
6.012996435165405273e-01
6.012996435165405273e-01
3.843961954116821289e-01
3.843961954116821289e-01
1.788168668746948242e+00
1.298514246940612793e+00
1.284445643424987793e+00
6.529949903488159180e-01
6.529949903488159180e-01
6.529949903488159180e-01
6.529949903488159180e-01
6.529949903488159180e-01
6.529949903488159180e-01
4.881763458251953125e-01
4.881763458251953125e-01
4.881763458251953125e-01
1.051497578620910645e+00
4.282783269882202148e-01
9.132529497146606445e-01
1.246410369873046875e+00
1.517220139503479004e+00
1.517220139503479004e+00
4.509770870208740234e-01
4.509770870208740234e-01
4.509770870208740234e-01
3.433141410350799561e-01
3.433141410350799561e-01
3.433141410350799561e-01
3.433141410350799561e-01
6.320949792861938477e-01
6.320949792861938477e-01
6.320949792861938477e-01
6.320949792861938477e-01
6.320949792861938477e-01
6.320949792861938477e-01
2.914404869079589844e-01
1.818979501724243164e+00
1.818979501724243164e+00
1.818979501724243164e+00
1.818979501724243164e+00
2.034456729888916016e+00
2.166404962539672852e+00
2.166404962539672852e+00
2.166404962539672852e+00
2.166404962539672852e+00
1.593804478645324707e+00
1.593804478645324707e+00
6.095331311225891113e-01
6.095331311225891113e-01
6.095331311225891113e-01
6.095331311225891113e-01
5.518789887428283691e-01
5.518789887428283691e-01
7.491998672485351562e-01
7.491998672485351562e-01
7.491998672485351562e-01
7.491998672485351562e-01
7.491998672485351562e-01
7.491998672485351562e-01
1.186659455299377441e+00
1.186659455299377441e+00
8.629021644592285156e-01
8.629021644592285156e-01
8.629021644592285156e-01
3.011815547943115234e-01
3.011815547943115234e-01
3.011815547943115234e-01
3.011815547943115234e-01
3.011815547943115234e-01
3.011815547943115234e-01
3.011815547943115234e-01
3.011815547943115234e-01
3.011815547943115234e-01
3.011815547943115234e-01
3.011815547943115234e-01
3.011815547943115234e-01
9.105138182640075684e-01
9.105138182640075684e-01
9.105138182640075684e-01
9.105138182640075684e-01
9.105138182640075684e-01
9.105138182640075684e-01
9.105138182640075684e-01
9.105138182640075684e-01
9.105138182640075684e-01
9.105138182640075684e-01
1.235817193984985352e+00
1.235817193984985352e+00
1.235817193984985352e+00
1.235817193984985352e+00
1.235817193984985352e+00
1.235817193984985352e+00
1.290871024131774902e+00
1.290871024131774902e+00
1.290871024131774902e+00
1.290871024131774902e+00
1.290871024131774902e+00
1.290871024131774902e+00
3.774702548980712891e-01
3.774702548980712891e-01
9.153960347175598145e-01
9.153960347175598145e-01
9.153960347175598145e-01
9.153960347175598145e-01
9.153960347175598145e-01
9.153960347175598145e-01
7.082584500312805176e-01
7.082584500312805176e-01
7.082584500312805176e-01
7.082584500312805176e-01
7.082584500312805176e-01
7.082584500312805176e-01
7.082584500312805176e-01
7.082584500312805176e-01
5.802579522132873535e-01
5.802579522132873535e-01
5.802579522132873535e-01
5.802579522132873535e-01
6.279587745666503906e-01
6.279587745666503906e-01
6.279587745666503906e-01
6.279587745666503906e-01
6.279587745666503906e-01
6.279587745666503906e-01
6.279587745666503906e-01
6.279587745666503906e-01
6.279587745666503906e-01
6.279587745666503906e-01
6.279587745666503906e-01
8.189828395843505859e-01
8.189828395843505859e-01
8.189828395843505859e-01
4.229080677032470703e-01
4.229080677032470703e-01
5.940544605255126953e-01
5.940544605255126953e-01
5.940544605255126953e-01
5.940544605255126953e-01
5.940544605255126953e-01
5.940544605255126953e-01
5.940544605255126953e-01
9.286347031593322754e-01
9.286347031593322754e-01
9.286347031593322754e-01
9.286347031593322754e-01
9.286347031593322754e-01
1.387913227081298828e+00
1.387913227081298828e+00
1.156149387359619141e+00
1.156149387359619141e+00
1.156149387359619141e+00
5.890508294105529785e-01
5.890508294105529785e-01
5.890508294105529785e-01
5.890508294105529785e-01
5.890508294105529785e-01
5.890508294105529785e-01
5.890508294105529785e-01
5.890508294105529785e-01
5.890508294105529785e-01
5.890508294105529785e-01
5.890508294105529785e-01
5.890508294105529785e-01
5.890508294105529785e-01
5.805764794349670410e-01
5.805764794349670410e-01
5.805764794349670410e-01
5.805764794349670410e-01
5.805764794349670410e-01
5.805764794349670410e-01
1.785979747772216797e+00
1.785979747772216797e+00
2.021178722381591797e+00
2.021178722381591797e+00
2.021178722381591797e+00
6.416002511978149414e-01
1.692808508872985840e+00
1.692808508872985840e+00
1.692808508872985840e+00
1.692808508872985840e+00
1.692808508872985840e+00
1.692808508872985840e+00
9.523662328720092773e-01
2.146904468536376953e-01
2.146904468536376953e-01
2.146904468536376953e-01
2.146904468536376953e-01
2.146904468536376953e-01
2.146904468536376953e-01
4.739429950714111328e-01
1.157325506210327148e+00
9.180768728256225586e-01
9.180768728256225586e-01
9.180768728256225586e-01
9.180768728256225586e-01
9.180768728256225586e-01
9.180768728256225586e-01
9.180768728256225586e-01
9.180768728256225586e-01
9.180768728256225586e-01
9.180768728256225586e-01
1.517874598503112793e+00
1.517874598503112793e+00
1.517874598503112793e+00
9.376754760742187500e-01
1.150301337242126465e+00
1.150301337242126465e+00
2.144339799880981445e+00
1.192513108253479004e+00
1.192513108253479004e+00
1.192513108253479004e+00
1.184906959533691406e+00
1.436068892478942871e+00
1.319741725921630859e+00
8.282344341278076172e-01
1.457772493362426758e+00
1.457772493362426758e+00
9.353883862495422363e-01
9.353883862495422363e-01
6.932635307312011719e-01
6.932635307312011719e-01
6.932635307312011719e-01
6.932635307312011719e-01
6.932635307312011719e-01
6.932635307312011719e-01
2.491229534149169922e+00
2.097470760345458984e-01
2.097470760345458984e-01
5.672698020935058594e-01
5.672698020935058594e-01
5.672698020935058594e-01
5.672698020935058594e-01
5.672698020935058594e-01
5.672698020935058594e-01
5.672698020935058594e-01
5.672698020935058594e-01
2.430020272731781006e-01
4.913722574710845947e-01
8.290627002716064453e-01
9.133098721504211426e-01
9.133098721504211426e-01
1.895917892456054688e+00
1.668531179428100586e+00
1.668531179428100586e+00
6.895930767059326172e-01
1.457609176635742188e+00
9.441866874694824219e-01
9.441866874694824219e-01
9.441866874694824219e-01
9.441866874694824219e-01
5.260493159294128418e-01
5.260493159294128418e-01
5.260493159294128418e-01
5.260493159294128418e-01
5.260493159294128418e-01
5.260493159294128418e-01
5.260493159294128418e-01
5.260493159294128418e-01
5.260493159294128418e-01
5.260493159294128418e-01
1.084008097648620605e+00
1.084008097648620605e+00
1.084008097648620605e+00
1.084008097648620605e+00
1.084008097648620605e+00
1.084008097648620605e+00
1.084008097648620605e+00
2.159116268157958984e-01
1.080316066741943359e+00
3.072644472122192383e-01
3.072644472122192383e-01
3.072644472122192383e-01
3.072644472122192383e-01
3.072644472122192383e-01
3.072644472122192383e-01
3.072644472122192383e-01
2.068273544311523438e+00
2.068273544311523438e+00
2.068273544311523438e+00
9.300743341445922852e-01
9.300743341445922852e-01
9.300743341445922852e-01
9.300743341445922852e-01
9.300743341445922852e-01
9.300743341445922852e-01
9.300743341445922852e-01
1.260435342788696289e+00
6.852203011512756348e-01
9.049687981605529785e-01
7.945209145545959473e-01
7.945209145545959473e-01
7.945209145545959473e-01
7.945209145545959473e-01
4.284056425094604492e-01
4.284056425094604492e-01
4.085614085197448730e-01
4.085614085197448730e-01
4.085614085197448730e-01
4.085614085197448730e-01
4.085614085197448730e-01
4.085614085197448730e-01
4.085614085197448730e-01
4.085614085197448730e-01
4.085614085197448730e-01
4.085614085197448730e-01
4.085614085197448730e-01
1.128091931343078613e+00
1.809553861618041992e+00
7.323479652404785156e-01
7.323479652404785156e-01
1.019448518753051758e+00
1.019448518753051758e+00
1.912053346633911133e+00
2.263699293136596680e+00
2.263699293136596680e+00
2.263699293136596680e+00
2.263699293136596680e+00
2.263699293136596680e+00
2.263699293136596680e+00
1.404549360275268555e+00
1.410638570785522461e+00
3.828283548355102539e-01
3.828283548355102539e-01
9.583663344383239746e-01
9.583663344383239746e-01
1.963312387466430664e+00
5.679976940155029297e-02
1.234737038612365723e+00
1.234737038612365723e+00
1.234737038612365723e+00
1.234737038612365723e+00
8.929749727249145508e-01
6.946936845779418945e-01
6.946936845779418945e-01
2.021651983261108398e+00
1.961107611656188965e+00
1.619717121124267578e+00
1.619717121124267578e+00
1.619717121124267578e+00
1.293057084083557129e+00
1.293057084083557129e+00
1.474025487899780273e+00
1.474025487899780273e+00
1.474025487899780273e+00
1.474025487899780273e+00
1.474025487899780273e+00
1.474025487899780273e+00
1.474025487899780273e+00
1.576399207115173340e+00
2.263928413391113281e+00
2.263928413391113281e+00
2.263928413391113281e+00
2.263928413391113281e+00
2.263928413391113281e+00
1.706931352615356445e+00
1.039377212524414062e+00
2.525429129600524902e-01
2.525429129600524902e-01
2.525429129600524902e-01
2.525429129600524902e-01
1.162415742874145508e+00
1.162415742874145508e+00
1.162415742874145508e+00
1.162415742874145508e+00
1.162415742874145508e+00
1.162415742874145508e+00
1.162415742874145508e+00
1.162415742874145508e+00
1.162415742874145508e+00
6.176647543907165527e-01
8.795255422592163086e-01
8.795255422592163086e-01
8.795255422592163086e-01
8.795255422592163086e-01
1.369104146957397461e+00
1.369104146957397461e+00
1.369104146957397461e+00
6.110170483589172363e-01
1.072942972183227539e+00
1.072942972183227539e+00
1.072942972183227539e+00
7.611439824104309082e-01
7.611439824104309082e-01
7.611439824104309082e-01
7.611439824104309082e-01
7.611439824104309082e-01
7.611439824104309082e-01
7.611439824104309082e-01
7.611439824104309082e-01
7.611439824104309082e-01
8.996363878250122070e-01
1.124119520187377930e+00
1.124119520187377930e+00
8.663392066955566406e-01
8.663392066955566406e-01
8.663392066955566406e-01
1.045152306556701660e+00
5.536552071571350098e-01
5.536552071571350098e-01
5.536552071571350098e-01
5.536552071571350098e-01
5.536552071571350098e-01
5.536552071571350098e-01
4.887407422065734863e-01
4.887407422065734863e-01
4.887407422065734863e-01
4.887407422065734863e-01
4.887407422065734863e-01
4.887407422065734863e-01
4.134754836559295654e-01
9.520728588104248047e-01
7.391000986099243164e-01
7.391000986099243164e-01
7.391000986099243164e-01
7.391000986099243164e-01
1.362019777297973633e-01
1.362019777297973633e-01
1.362019777297973633e-01
1.752415895462036133e+00
4.428038597106933594e-01
4.428038597106933594e-01
4.428038597106933594e-01
4.428038597106933594e-01
4.428038597106933594e-01
4.428038597106933594e-01
4.428038597106933594e-01
4.428038597106933594e-01
4.428038597106933594e-01
4.428038597106933594e-01
4.428038597106933594e-01
4.428038597106933594e-01
4.428038597106933594e-01
9.906116127967834473e-01
9.906116127967834473e-01
9.906116127967834473e-01
9.906116127967834473e-01
4.106514453887939453e-01
4.106514453887939453e-01
4.106514453887939453e-01
4.106514453887939453e-01
4.106514453887939453e-01
4.106514453887939453e-01
4.106514453887939453e-01
4.106514453887939453e-01
1.475226283073425293e+00
1.475226283073425293e+00
1.398999571800231934e+00
1.232600212097167969e+00
7.478208541870117188e-01
7.478208541870117188e-01
1.860490083694458008e+00
7.871224880218505859e-01
1.428251266479492188e+00
3.019144535064697266e-01
3.019144535064697266e-01
3.019144535064697266e-01
3.019144535064697266e-01
3.019144535064697266e-01
1.625045537948608398e-01
1.625045537948608398e-01
8.633451461791992188e-01
8.156346678733825684e-01
8.156346678733825684e-01
8.156346678733825684e-01
8.156346678733825684e-01
6.037518382072448730e-01
6.037518382072448730e-01
6.037518382072448730e-01
6.037518382072448730e-01
6.037518382072448730e-01
1.469050407409667969e+00
1.469050407409667969e+00
7.048860192298889160e-01
7.048860192298889160e-01
7.048860192298889160e-01
7.048860192298889160e-01
7.048860192298889160e-01
7.048860192298889160e-01
7.048860192298889160e-01
7.048860192298889160e-01
7.048860192298889160e-01
7.048860192298889160e-01
7.048860192298889160e-01
7.048860192298889160e-01
7.048860192298889160e-01
7.048860192298889160e-01
7.048860192298889160e-01
1.400318741798400879e-01
1.400318741798400879e-01
1.994654655456542969e+00
1.994654655456542969e+00
1.994654655456542969e+00
2.026564121246337891e+00
7.443432807922363281e-01
7.443432807922363281e-01
7.443432807922363281e-01
7.443432807922363281e-01
7.443432807922363281e-01
7.443432807922363281e-01
9.361454248428344727e-01
9.361454248428344727e-01
9.361454248428344727e-01
9.361454248428344727e-01
4.347875118255615234e-01
4.347875118255615234e-01
1.244976997375488281e+00
1.244976997375488281e+00
1.244976997375488281e+00
1.264022231101989746e+00
1.264022231101989746e+00
1.264022231101989746e+00
1.688316822052001953e+00
1.688316822052001953e+00
1.688316822052001953e+00
1.944806218147277832e+00
1.818244457244873047e+00
1.818244457244873047e+00
5.666090250015258789e-01
5.666090250015258789e-01
5.666090250015258789e-01
5.666090250015258789e-01
1.284314632415771484e+00
1.284314632415771484e+00
1.284314632415771484e+00
5.525952577590942383e-01
5.525952577590942383e-01
5.525952577590942383e-01
2.336455881595611572e-01
2.336455881595611572e-01
1.601498007774353027e+00
1.601498007774353027e+00
1.601498007774353027e+00
1.601498007774353027e+00
2.617677450180053711e-01
2.617677450180053711e-01
2.617677450180053711e-01
2.617677450180053711e-01
2.617677450180053711e-01
2.617677450180053711e-01
2.617677450180053711e-01
2.617677450180053711e-01
2.617677450180053711e-01
2.617677450180053711e-01
2.617677450180053711e-01
2.617677450180053711e-01
1.053509235382080078e+00
1.053509235382080078e+00
5.517649650573730469e-01
5.517649650573730469e-01
5.517649650573730469e-01
5.517649650573730469e-01
5.517649650573730469e-01
5.517649650573730469e-01
5.517649650573730469e-01
2.064503669738769531e+00
2.064503669738769531e+00
2.064503669738769531e+00
1.407981514930725098e+00
8.727231621742248535e-01
8.727231621742248535e-01
1.001686215400695801e+00
1.001686215400695801e+00
1.001686215400695801e+00
1.001686215400695801e+00
1.001686215400695801e+00
1.001686215400695801e+00
1.125878810882568359e+00
1.125878810882568359e+00
1.209775686264038086e+00
2.546081542968750000e-01
2.546081542968750000e-01
2.546081542968750000e-01
3.916628360748291016e-01
3.916628360748291016e-01
3.916628360748291016e-01
3.916628360748291016e-01
3.916628360748291016e-01
3.916628360748291016e-01
3.916628360748291016e-01
3.916628360748291016e-01
3.916628360748291016e-01
3.916628360748291016e-01
3.916628360748291016e-01
3.916628360748291016e-01
3.916628360748291016e-01
3.916628360748291016e-01
4.606316387653350830e-01
9.444336891174316406e-01
9.444336891174316406e-01
1.329908609390258789e+00
1.329908609390258789e+00
1.110418915748596191e+00
1.097769379615783691e+00
1.097769379615783691e+00
1.097769379615783691e+00
1.097769379615783691e+00
1.097769379615783691e+00
1.097769379615783691e+00
8.159588575363159180e-01
8.159588575363159180e-01
8.159588575363159180e-01
8.159588575363159180e-01
8.159588575363159180e-01
8.159588575363159180e-01
8.159588575363159180e-01
8.159588575363159180e-01
8.159588575363159180e-01
8.159588575363159180e-01
1.139976382255554199e+00
6.482293605804443359e-01
1.452424049377441406e+00
7.201460003852844238e-01
4.037704765796661377e-01
4.037704765796661377e-01
4.037704765796661377e-01
4.390152096748352051e-01
4.390152096748352051e-01
1.031726360321044922e+00
8.630564808845520020e-01
8.630564808845520020e-01
1.424747824668884277e+00
1.424747824668884277e+00
3.037440776824951172e-01
3.037440776824951172e-01
3.037440776824951172e-01
3.037440776824951172e-01
6.424032449722290039e-01
6.424032449722290039e-01
6.424032449722290039e-01
6.424032449722290039e-01
8.809061646461486816e-01
8.809061646461486816e-01
8.809061646461486816e-01
8.809061646461486816e-01
8.809061646461486816e-01
8.809061646461486816e-01
8.809061646461486816e-01
6.109688282012939453e-01
6.109688282012939453e-01
1.142038822174072266e+00
1.142038822174072266e+00
1.142038822174072266e+00
1.337688207626342773e+00
1.337688207626342773e+00
1.337688207626342773e+00
1.292969346046447754e+00
1.292969346046447754e+00
1.292969346046447754e+00
9.784584641456604004e-01
9.784584641456604004e-01
9.784584641456604004e-01
9.784584641456604004e-01
9.784584641456604004e-01
9.784584641456604004e-01
9.784584641456604004e-01
9.784584641456604004e-01
9.784584641456604004e-01
9.784584641456604004e-01
9.784584641456604004e-01
6.979086399078369141e-01
6.979086399078369141e-01
6.979086399078369141e-01
6.979086399078369141e-01
6.979086399078369141e-01
6.979086399078369141e-01
6.979086399078369141e-01
6.979086399078369141e-01
6.979086399078369141e-01
1.069831371307373047e+00
1.069831371307373047e+00
1.069831371307373047e+00
1.069831371307373047e+00
1.897933721542358398e+00
1.897933721542358398e+00
2.408576250076293945e+00
2.408576250076293945e+00
3.022940158843994141e-01
3.022940158843994141e-01
3.022940158843994141e-01
4.448382258415222168e-01
4.448382258415222168e-01
1.433514356613159180e+00
1.433514356613159180e+00
3.773462772369384766e-01
1.217173099517822266e+00
8.317295908927917480e-01
6.041646003723144531e-01
7.789753079414367676e-01
7.789753079414367676e-01
7.789753079414367676e-01
7.789753079414367676e-01
7.789753079414367676e-01
7.789753079414367676e-01
7.789753079414367676e-01
1.105003833770751953e+00
1.510646939277648926e+00
6.969685554504394531e-01
6.969685554504394531e-01
6.969685554504394531e-01
6.969685554504394531e-01
2.155735254287719727e+00
1.685019254684448242e+00
1.685019254684448242e+00
1.685019254684448242e+00
1.685019254684448242e+00
1.685019254684448242e+00
1.685019254684448242e+00
2.498720884323120117e-01
6.971545219421386719e-01
3.588955402374267578e-01
6.357347965240478516e-01
6.357347965240478516e-01
6.357347965240478516e-01
6.357347965240478516e-01
1.065684795379638672e+00
1.065684795379638672e+00
8.732010126113891602e-01
8.732010126113891602e-01
8.732010126113891602e-01
6.481111049652099609e-01
6.481111049652099609e-01
6.481111049652099609e-01
5.375146269798278809e-01
5.170426368713378906e-01
5.170426368713378906e-01
5.170426368713378906e-01
1.253835201263427734e+00
1.253835201263427734e+00
1.253835201263427734e+00
1.253835201263427734e+00
1.253835201263427734e+00
6.524158716201782227e-01
6.524158716201782227e-01
6.524158716201782227e-01
6.524158716201782227e-01
6.524158716201782227e-01
2.231055259704589844e+00
2.231055259704589844e+00
2.231055259704589844e+00
6.296403408050537109e-01
6.296403408050537109e-01
6.296403408050537109e-01
6.296403408050537109e-01
6.296403408050537109e-01
6.296403408050537109e-01
6.296403408050537109e-01
2.040061950683593750e-01
2.040061950683593750e-01
2.040061950683593750e-01
2.040061950683593750e-01
2.040061950683593750e-01
2.020360469818115234e+00
2.472663402557373047e+00
2.472663402557373047e+00
2.858807563781738281e+00
2.858807563781738281e+00
8.183326721191406250e-01
8.183326721191406250e-01
8.183326721191406250e-01
8.183326721191406250e-01
1.149140000343322754e+00
1.149140000343322754e+00
1.149140000343322754e+00
1.149140000343322754e+00
4.227530956268310547e-01
4.227530956268310547e-01
4.227530956268310547e-01
4.227530956268310547e-01
1.594859838485717773e+00
1.594859838485717773e+00
1.594859838485717773e+00
1.594859838485717773e+00
2.121364116668701172e+00
2.827807903289794922e+00
2.827807903289794922e+00
2.099464178085327148e+00
2.388754367828369141e+00
2.388754367828369141e+00
4.353246688842773438e-01
4.353246688842773438e-01
4.353246688842773438e-01
4.353246688842773438e-01
4.353246688842773438e-01
5.906893014907836914e-01
5.906893014907836914e-01
5.906893014907836914e-01
4.529619216918945312e-01
4.529619216918945312e-01
4.529619216918945312e-01
4.529619216918945312e-01
8.240292072296142578e-01
8.240292072296142578e-01
8.240292072296142578e-01
8.240292072296142578e-01
8.240292072296142578e-01
8.240292072296142578e-01
5.649119615554809570e-01
1.674190044403076172e+00
1.674190044403076172e+00
2.032425403594970703e+00
3.986134529113769531e-01
9.538729786872863770e-01
9.538729786872863770e-01
6.166069507598876953e-01
6.166069507598876953e-01
6.818630695343017578e-01
6.818630695343017578e-01
6.818630695343017578e-01
6.932011246681213379e-01
6.932011246681213379e-01
6.932011246681213379e-01
6.932011246681213379e-01
6.932011246681213379e-01
6.932011246681213379e-01
6.932011246681213379e-01
1.888746738433837891e+00
1.888746738433837891e+00
1.888746738433837891e+00
1.888746738433837891e+00
1.055308818817138672e+00
1.055308818817138672e+00
1.055308818817138672e+00
1.055308818817138672e+00
1.055308818817138672e+00
5.186975598335266113e-01
5.186975598335266113e-01
3.068495988845825195e-01
3.068495988845825195e-01
3.068495988845825195e-01
3.068495988845825195e-01
3.068495988845825195e-01
1.607312798500061035e+00
1.607312798500061035e+00
1.607312798500061035e+00
1.607312798500061035e+00
1.884821891784667969e+00
1.884821891784667969e+00
3.658794164657592773e-01
3.658794164657592773e-01
9.096488356590270996e-01
9.096488356590270996e-01
4.153179228305816650e-01
1.238978385925292969e+00
1.238978385925292969e+00
1.238978385925292969e+00
1.238978385925292969e+00
1.238978385925292969e+00
1.238978385925292969e+00
1.238978385925292969e+00
1.238978385925292969e+00
2.875350713729858398e-01
8.144551515579223633e-01
8.144551515579223633e-01
8.144551515579223633e-01
8.144551515579223633e-01
8.144551515579223633e-01
3.670217394828796387e-01
1.691092967987060547e+00
1.691092967987060547e+00
7.863779664039611816e-01
7.863779664039611816e-01
7.863779664039611816e-01
7.863779664039611816e-01
7.863779664039611816e-01
7.863779664039611816e-01
7.863779664039611816e-01
5.702056288719177246e-01
4.749883413314819336e-01
4.749883413314819336e-01
5.948867797851562500e-01
5.948867797851562500e-01
5.948867797851562500e-01
1.278652667999267578e+00
2.462339401245117188e-01
2.462339401245117188e-01
1.416192412376403809e+00
9.778506159782409668e-01
9.778506159782409668e-01
9.778506159782409668e-01
9.778506159782409668e-01
9.778506159782409668e-01
5.137987136840820312e-01
5.137987136840820312e-01
5.137987136840820312e-01
5.137987136840820312e-01
4.636955559253692627e-01
6.864527463912963867e-01
2.352425098419189453e+00
2.352425098419189453e+00
1.689112782478332520e+00
1.404405951499938965e+00
4.679329991340637207e-01
4.679329991340637207e-01
4.679329991340637207e-01
8.309909105300903320e-01
8.309909105300903320e-01
1.126617670059204102e+00
8.913663625717163086e-01
8.913663625717163086e-01
1.730803728103637695e+00
1.508929014205932617e+00
1.362832427024841309e+00
1.212902188301086426e+00
1.212902188301086426e+00
1.698286771774291992e+00
1.698286771774291992e+00
1.698286771774291992e+00
1.698286771774291992e+00
1.300954103469848633e+00
1.793656706809997559e+00
3.184503316879272461e-01
3.184503316879272461e-01
3.184503316879272461e-01
3.184503316879272461e-01
3.184503316879272461e-01
6.309436559677124023e-01
6.309436559677124023e-01
6.309436559677124023e-01
7.072174549102783203e-01
7.072174549102783203e-01
7.072174549102783203e-01
7.072174549102783203e-01
7.072174549102783203e-01
7.072174549102783203e-01
7.072174549102783203e-01
7.072174549102783203e-01
7.072174549102783203e-01
7.072174549102783203e-01
2.211943566799163818e-01
2.211943566799163818e-01
2.211943566799163818e-01
1.236665725708007812e+00
6.780496835708618164e-01
6.780496835708618164e-01
6.780496835708618164e-01
1.738420963287353516e+00
3.639514446258544922e-01
3.639514446258544922e-01
2.004253387451171875e+00
2.004253387451171875e+00
1.346583127975463867e+00
1.341208338737487793e+00
1.341208338737487793e+00
1.341208338737487793e+00
9.496753215789794922e-01
4.336443543434143066e-01
4.336443543434143066e-01
4.336443543434143066e-01
7.384721040725708008e-01
7.384721040725708008e-01
8.087865114212036133e-01
8.087865114212036133e-01
8.087865114212036133e-01
1.244761228561401367e+00
1.244761228561401367e+00
5.942441225051879883e-01
5.942441225051879883e-01
5.942441225051879883e-01
5.942441225051879883e-01
1.266529560089111328e+00
1.266529560089111328e+00
1.189278721809387207e+00
1.189278721809387207e+00
1.264544606208801270e+00
1.264544606208801270e+00
1.264544606208801270e+00
1.264544606208801270e+00
1.264544606208801270e+00
5.407084226608276367e-01
8.988824486732482910e-01
8.988824486732482910e-01
8.988824486732482910e-01
8.988824486732482910e-01
8.988824486732482910e-01
8.551384210586547852e-01
8.551384210586547852e-01
8.551384210586547852e-01
8.551384210586547852e-01
4.575467705726623535e-01
5.094195008277893066e-01
5.094195008277893066e-01
5.094195008277893066e-01
7.707834839820861816e-01
7.707834839820861816e-01
3.572302460670471191e-01
3.572302460670471191e-01
3.572302460670471191e-01
3.572302460670471191e-01
3.572302460670471191e-01
3.572302460670471191e-01
7.999721765518188477e-01
7.999721765518188477e-01
7.999721765518188477e-01
7.999721765518188477e-01
7.999721765518188477e-01
7.999721765518188477e-01
7.999721765518188477e-01
7.999721765518188477e-01
7.999721765518188477e-01
8.444840908050537109e-01
8.444840908050537109e-01
8.444840908050537109e-01
6.690135598182678223e-01
6.690135598182678223e-01
6.690135598182678223e-01
6.690135598182678223e-01
6.690135598182678223e-01
6.690135598182678223e-01
6.690135598182678223e-01
6.690135598182678223e-01
5.504200458526611328e-01
5.504200458526611328e-01
1.046175658702850342e-01
1.046175658702850342e-01
2.676056027412414551e-01
1.440751314163208008e+00
1.440751314163208008e+00
1.235445499420166016e+00
1.235445499420166016e+00
1.235445499420166016e+00
5.666598677635192871e-01
1.413840293884277344e+00
1.413840293884277344e+00
2.104161739349365234e+00
2.104161739349365234e+00
2.104161739349365234e+00
2.104161739349365234e+00
4.877864122390747070e-01
4.877864122390747070e-01
4.877864122390747070e-01
4.877864122390747070e-01
9.719121456146240234e-01
1.069494605064392090e+00
1.069494605064392090e+00
1.069494605064392090e+00
1.069494605064392090e+00
1.069494605064392090e+00
1.069494605064392090e+00
1.069494605064392090e+00
1.069494605064392090e+00
1.069494605064392090e+00
1.069494605064392090e+00
8.775185346603393555e-01
8.775185346603393555e-01
1.190962314605712891e+00
1.190962314605712891e+00
1.190962314605712891e+00
1.334464788436889648e+00
1.334464788436889648e+00
1.334464788436889648e+00
4.359320402145385742e-01
4.359320402145385742e-01
4.359320402145385742e-01
4.359320402145385742e-01
6.199800372123718262e-01
6.199800372123718262e-01
