6.556700468063354492e-01
6.556700468063354492e-01
6.556700468063354492e-01
6.556700468063354492e-01
6.556700468063354492e-01
6.556700468063354492e-01
2.833682298660278320e-02
1.435559988021850586e+00
1.435559988021850586e+00
1.435559988021850586e+00
1.435559988021850586e+00
1.629471302032470703e+00
1.629471302032470703e+00
1.629471302032470703e+00
1.629471302032470703e+00
1.629471302032470703e+00
1.467383623123168945e+00
1.739594459533691406e+00
1.739594459533691406e+00
1.255380272865295410e+00
1.255380272865295410e+00
1.255380272865295410e+00
1.255380272865295410e+00
1.255380272865295410e+00
1.255380272865295410e+00
6.027457714080810547e-01
6.027457714080810547e-01
6.027457714080810547e-01
4.201395511627197266e-01
4.201395511627197266e-01
4.201395511627197266e-01
4.201395511627197266e-01
4.201395511627197266e-01
4.201395511627197266e-01
6.931252479553222656e-01
6.931252479553222656e-01
6.931252479553222656e-01
1.306677341461181641e+00
1.306677341461181641e+00
8.378422856330871582e-01
8.378422856330871582e-01
8.378422856330871582e-01
8.378422856330871582e-01
8.378422856330871582e-01
8.378422856330871582e-01
8.378422856330871582e-01
8.378422856330871582e-01
8.378422856330871582e-01
8.378422856330871582e-01
3.316550254821777344e-01
3.316550254821777344e-01
3.316550254821777344e-01
1.354756712913513184e+00
1.354756712913513184e+00
1.354756712913513184e+00
1.354756712913513184e+00
1.354756712913513184e+00
1.690752506256103516e-01
1.690752506256103516e-01
2.237997293472290039e+00
2.237997293472290039e+00
2.237997293472290039e+00
8.805303573608398438e-01
6.842474341392517090e-01
6.842474341392517090e-01
6.842474341392517090e-01
1.012822270393371582e+00
3.765786886215209961e-01
3.765786886215209961e-01
8.716918230056762695e-01
7.493339180946350098e-01
7.493339180946350098e-01
7.493339180946350098e-01
7.493339180946350098e-01
7.493339180946350098e-01
7.493339180946350098e-01
7.493339180946350098e-01
7.493339180946350098e-01
7.493339180946350098e-01
8.238447308540344238e-01
1.014984250068664551e+00
1.630512475967407227e+00
1.630512475967407227e+00
1.630512475967407227e+00
1.630512475967407227e+00
1.630512475967407227e+00
1.630512475967407227e+00
1.630512475967407227e+00
1.630512475967407227e+00
1.630512475967407227e+00
1.630512475967407227e+00
1.630512475967407227e+00
1.630512475967407227e+00
1.630512475967407227e+00
1.307655572891235352e-01
1.307655572891235352e-01
1.307655572891235352e-01
1.307655572891235352e-01
1.034406900405883789e+00
6.109483242034912109e-01
6.109483242034912109e-01
6.109483242034912109e-01
6.109483242034912109e-01
6.109483242034912109e-01
6.109483242034912109e-01
6.109483242034912109e-01
6.109483242034912109e-01
5.733040571212768555e-01
5.733040571212768555e-01
8.261486291885375977e-01
8.261486291885375977e-01
8.261486291885375977e-01
8.261486291885375977e-01
8.261486291885375977e-01
8.856209516525268555e-01
8.856209516525268555e-01
8.856209516525268555e-01
8.856209516525268555e-01
8.856209516525268555e-01
8.856209516525268555e-01
8.856209516525268555e-01
2.838873267173767090e-01
2.838873267173767090e-01
2.838873267173767090e-01
2.838873267173767090e-01
2.838873267173767090e-01
6.354616880416870117e-01
6.354616880416870117e-01
6.354616880416870117e-01
6.354616880416870117e-01
2.000276088714599609e+00
2.000276088714599609e+00
1.213663697242736816e+00
1.213663697242736816e+00
1.213663697242736816e+00
1.213663697242736816e+00
1.213663697242736816e+00
6.580266356468200684e-01
6.580266356468200684e-01
6.580266356468200684e-01
6.580266356468200684e-01
6.580266356468200684e-01
6.580266356468200684e-01
6.580266356468200684e-01
6.580266356468200684e-01
6.580266356468200684e-01
6.580266356468200684e-01
1.726432085037231445e+00
1.726432085037231445e+00
8.665867447853088379e-01
8.665867447853088379e-01
8.665867447853088379e-01
8.614994883537292480e-01
8.614994883537292480e-01
8.614994883537292480e-01
1.091051340103149414e+00
1.091051340103149414e+00
1.556397676467895508e+00
1.556397676467895508e+00
1.556397676467895508e+00
2.090612888336181641e+00
1.529022216796875000e+00
1.529022216796875000e+00
1.529022216796875000e+00
1.828568220138549805e+00
1.828568220138549805e+00
1.828568220138549805e+00
1.828568220138549805e+00
1.828568220138549805e+00
7.182298898696899414e-01
7.182298898696899414e-01
7.182298898696899414e-01
7.182298898696899414e-01
1.258361577987670898e+00
1.058804631233215332e+00
1.058804631233215332e+00
1.058804631233215332e+00
1.058804631233215332e+00
1.058804631233215332e+00
3.565468788146972656e-01
3.565468788146972656e-01
3.565468788146972656e-01
2.395263761281967163e-01
2.395263761281967163e-01
2.395263761281967163e-01
2.395263761281967163e-01
2.395263761281967163e-01
6.131918430328369141e-01
1.582587718963623047e+00
1.163246154785156250e+00
8.076615333557128906e-01
8.076615333557128906e-01
1.040119647979736328e+00
8.049250841140747070e-01
8.049250841140747070e-01
8.049250841140747070e-01
8.049250841140747070e-01
8.049250841140747070e-01
2.207346558570861816e-01
2.207346558570861816e-01
2.207346558570861816e-01
2.207346558570861816e-01
2.207346558570861816e-01
3.790007233619689941e-01
3.790007233619689941e-01
3.790007233619689941e-01
3.790007233619689941e-01
4.819163382053375244e-01
4.819163382053375244e-01
4.819163382053375244e-01
4.819163382053375244e-01
4.819163382053375244e-01
4.819163382053375244e-01
4.819163382053375244e-01
4.819163382053375244e-01
4.819163382053375244e-01
4.819163382053375244e-01
4.819163382053375244e-01
6.633515357971191406e-01
6.633515357971191406e-01
6.633515357971191406e-01
6.633515357971191406e-01
6.633515357971191406e-01
8.967335820198059082e-01
7.355535030364990234e-01
7.355535030364990234e-01
7.355535030364990234e-01
7.355535030364990234e-01
7.355535030364990234e-01
7.355535030364990234e-01
8.144693374633789062e-01
8.144693374633789062e-01
8.144693374633789062e-01
8.144693374633789062e-01
8.144693374633789062e-01
8.144693374633789062e-01
8.144693374633789062e-01
8.144693374633789062e-01
8.144693374633789062e-01
9.652766585350036621e-01
9.652766585350036621e-01
5.183371305465698242e-01
1.288619637489318848e+00
1.288619637489318848e+00
1.288619637489318848e+00
1.288619637489318848e+00
1.288619637489318848e+00
1.288619637489318848e+00
1.288619637489318848e+00
1.433225631713867188e+00
1.433225631713867188e+00
1.433225631713867188e+00
1.433225631713867188e+00
1.433225631713867188e+00
1.433225631713867188e+00
1.433225631713867188e+00
1.433225631713867188e+00
1.433225631713867188e+00
1.433225631713867188e+00
1.433225631713867188e+00
3.525562286376953125e-01
3.525562286376953125e-01
3.525562286376953125e-01
7.035351991653442383e-01
7.035351991653442383e-01
2.552636146545410156e+00
2.286067008972167969e-01
2.286067008972167969e-01
1.112280845642089844e+00
1.112280845642089844e+00
4.478752017021179199e-01
2.485284566879272461e+00
1.817337274551391602e+00
1.817337274551391602e+00
2.199714183807373047e-01
2.199714183807373047e-01
4.885048568248748779e-01
1.096682906150817871e+00
1.096682906150817871e+00
1.481070399284362793e+00
1.481070399284362793e+00
1.481070399284362793e+00
1.481070399284362793e+00
1.481070399284362793e+00
1.481070399284362793e+00
1.481070399284362793e+00
1.481070399284362793e+00
1.905912399291992188e+00
1.804508686065673828e+00
6.712893247604370117e-01
6.712893247604370117e-01
6.712893247604370117e-01
6.712893247604370117e-01
6.712893247604370117e-01
6.712893247604370117e-01
6.712893247604370117e-01
6.712893247604370117e-01
6.712893247604370117e-01
6.712893247604370117e-01
6.712893247604370117e-01
6.712893247604370117e-01
4.107666611671447754e-01
4.107666611671447754e-01
1.050634384155273438e+00
1.050634384155273438e+00
7.204764485359191895e-01
5.680528283119201660e-01
5.680528283119201660e-01
5.680528283119201660e-01
5.680528283119201660e-01
5.680528283119201660e-01
8.846424818038940430e-01
8.846424818038940430e-01
9.312949180603027344e-01
9.312949180603027344e-01
9.312949180603027344e-01
9.312949180603027344e-01
1.712353467941284180e+00
1.712353467941284180e+00
1.712353467941284180e+00
1.712353467941284180e+00
1.712353467941284180e+00
1.712353467941284180e+00
1.712353467941284180e+00
2.062759637832641602e+00
1.687828063964843750e+00
1.687828063964843750e+00
1.687828063964843750e+00
1.687828063964843750e+00
1.687828063964843750e+00
1.687828063964843750e+00
1.687828063964843750e+00
1.687828063964843750e+00
9.308156967163085938e-01
1.796908378601074219e+00
1.796908378601074219e+00
1.796908378601074219e+00
1.158491373062133789e+00
1.158491373062133789e+00
1.158491373062133789e+00
1.158491373062133789e+00
1.158491373062133789e+00
1.158491373062133789e+00
1.158491373062133789e+00
1.158491373062133789e+00
1.158491373062133789e+00
1.158491373062133789e+00
1.158491373062133789e+00
2.259522080421447754e-01
2.259522080421447754e-01
2.259522080421447754e-01
2.259522080421447754e-01
2.259522080421447754e-01
2.259522080421447754e-01
2.259522080421447754e-01
2.259522080421447754e-01
1.338816404342651367e+00
1.338816404342651367e+00
1.338816404342651367e+00
1.338816404342651367e+00
1.338816404342651367e+00
1.338816404342651367e+00
1.338816404342651367e+00
1.338816404342651367e+00
1.338816404342651367e+00
1.338816404342651367e+00
1.338816404342651367e+00
1.338816404342651367e+00
1.338816404342651367e+00
1.462142229080200195e+00
1.462142229080200195e+00
1.462142229080200195e+00
1.810538172721862793e+00
1.810538172721862793e+00
1.810538172721862793e+00
1.810538172721862793e+00
6.014268398284912109e-01
6.014268398284912109e-01
6.014268398284912109e-01
6.014268398284912109e-01
6.014268398284912109e-01
6.014268398284912109e-01
6.014268398284912109e-01
6.014268398284912109e-01
6.014268398284912109e-01
6.014268398284912109e-01
1.275375247001647949e+00
9.047014713287353516e-01
9.047014713287353516e-01
2.512382864952087402e-01
2.512382864952087402e-01
2.512382864952087402e-01
2.512382864952087402e-01
2.512382864952087402e-01
1.585520029067993164e+00
1.585520029067993164e+00
1.408006548881530762e+00
1.408006548881530762e+00
1.408006548881530762e+00
1.408006548881530762e+00
1.408006548881530762e+00
9.165183305740356445e-01
9.165183305740356445e-01
9.165183305740356445e-01
9.165183305740356445e-01
9.165183305740356445e-01
1.244004011154174805e+00
1.244004011154174805e+00
2.942464947700500488e-01
2.942464947700500488e-01
2.942464947700500488e-01
2.942464947700500488e-01
6.571969389915466309e-01
6.571969389915466309e-01
6.571969389915466309e-01
1.260671615600585938e-01
1.260671615600585938e-01
1.260671615600585938e-01
1.260671615600585938e-01
1.260671615600585938e-01
1.260671615600585938e-01
1.260671615600585938e-01
1.260671615600585938e-01
7.563170790672302246e-01
7.563170790672302246e-01
7.563170790672302246e-01
7.563170790672302246e-01
7.563170790672302246e-01
7.563170790672302246e-01
2.248973608016967773e+00
2.248973608016967773e+00
2.248973608016967773e+00
2.248973608016967773e+00
2.248973608016967773e+00
2.248973608016967773e+00
2.248973608016967773e+00
2.248973608016967773e+00
2.248973608016967773e+00
2.248973608016967773e+00
1.293216347694396973e+00
1.293216347694396973e+00
1.293216347694396973e+00
1.293216347694396973e+00
1.293216347694396973e+00
1.293216347694396973e+00
1.293216347694396973e+00
1.293216347694396973e+00
1.293216347694396973e+00
7.816765308380126953e-01
7.816765308380126953e-01
7.816765308380126953e-01
7.816765308380126953e-01
7.816765308380126953e-01
7.816765308380126953e-01
7.816765308380126953e-01
7.816765308380126953e-01
7.816765308380126953e-01
7.816765308380126953e-01
1.656247138977050781e+00
1.656247138977050781e+00
1.656247138977050781e+00
1.656247138977050781e+00
8.239215612411499023e-01
8.239215612411499023e-01
1.911003589630126953e-01
1.911003589630126953e-01
1.911003589630126953e-01
6.117947101593017578e-01
6.117947101593017578e-01
6.117947101593017578e-01
6.117947101593017578e-01
6.117947101593017578e-01
6.117947101593017578e-01
6.117947101593017578e-01
6.117947101593017578e-01
6.117947101593017578e-01
6.117947101593017578e-01
1.788938522338867188e+00
3.223132610321044922e+00
3.223132610321044922e+00
3.223132610321044922e+00
3.223132610321044922e+00
2.881200790405273438e+00
2.154337882995605469e+00
1.933469533920288086e+00
6.763625144958496094e-02
6.763625144958496094e-02
8.078720569610595703e-01
8.078720569610595703e-01
8.078720569610595703e-01
8.078720569610595703e-01
8.078720569610595703e-01
8.078720569610595703e-01
8.078720569610595703e-01
8.078720569610595703e-01
8.078720569610595703e-01
8.078720569610595703e-01
8.078720569610595703e-01
8.078720569610595703e-01
1.313694000244140625e+00
1.313694000244140625e+00
1.313694000244140625e+00
1.313694000244140625e+00
1.775655746459960938e+00
1.837750315666198730e+00
1.837750315666198730e+00
1.837750315666198730e+00
1.837750315666198730e+00
1.837750315666198730e+00
7.391576766967773438e-01
7.391576766967773438e-01
7.391576766967773438e-01
7.391576766967773438e-01
7.391576766967773438e-01
1.120374202728271484e+00
1.120374202728271484e+00
1.120374202728271484e+00
1.120374202728271484e+00
1.120374202728271484e+00
1.120374202728271484e+00
9.339823722839355469e-01
9.339823722839355469e-01
9.339823722839355469e-01
9.339823722839355469e-01
9.339823722839355469e-01
9.339823722839355469e-01
9.339823722839355469e-01
9.339823722839355469e-01
9.339823722839355469e-01
9.339823722839355469e-01
9.339823722839355469e-01
9.339823722839355469e-01
9.339823722839355469e-01
9.339823722839355469e-01
9.339823722839355469e-01
8.717848062515258789e-01
1.197897434234619141e+00
1.309572696685791016e+00
2.742477655410766602e-01
3.393117487430572510e-01
3.393117487430572510e-01
3.393117487430572510e-01
1.201086521148681641e+00
1.201086521148681641e+00
1.201086521148681641e+00
1.201086521148681641e+00
6.236262321472167969e-01
6.236262321472167969e-01
1.121684312820434570e+00
1.121684312820434570e+00
1.121684312820434570e+00
1.121684312820434570e+00
1.279211282730102539e+00
1.279211282730102539e+00
1.279211282730102539e+00
1.279211282730102539e+00
1.279211282730102539e+00
1.279211282730102539e+00
1.279211282730102539e+00
1.279211282730102539e+00
2.289710521697998047e+00
1.761837005615234375e+00
1.761837005615234375e+00
1.761837005615234375e+00
9.484168291091918945e-01
1.046243309974670410e-01
1.268783330917358398e+00
1.268783330917358398e+00
1.268783330917358398e+00
1.268783330917358398e+00
1.160727381706237793e+00
1.160727381706237793e+00
1.233902335166931152e+00
1.233902335166931152e+00
1.233902335166931152e+00
1.233902335166931152e+00
1.233902335166931152e+00
1.233902335166931152e+00
1.233902335166931152e+00
2.798511981964111328e-01
8.125088214874267578e-01
5.775563716888427734e-01
5.775563716888427734e-01
5.775563716888427734e-01
6.665464639663696289e-01
6.665464639663696289e-01
6.665464639663696289e-01
6.665464639663696289e-01
6.665464639663696289e-01
6.665464639663696289e-01
6.665464639663696289e-01
6.665464639663696289e-01
1.324545025825500488e+00
1.324545025825500488e+00
1.324545025825500488e+00
1.324545025825500488e+00
1.324545025825500488e+00
1.324545025825500488e+00
1.324545025825500488e+00
9.559093117713928223e-01
9.559093117713928223e-01
8.335880041122436523e-01
8.335880041122436523e-01
8.335880041122436523e-01
8.335880041122436523e-01
8.335880041122436523e-01
5.885892510414123535e-01
5.885892510414123535e-01
5.885892510414123535e-01
7.878271937370300293e-01
7.878271937370300293e-01
7.878271937370300293e-01
1.068251729011535645e+00
6.330007314682006836e-01
6.330007314682006836e-01
6.330007314682006836e-01
6.330007314682006836e-01
6.330007314682006836e-01
6.330007314682006836e-01
6.330007314682006836e-01
6.330007314682006836e-01
1.257082223892211914e+00
1.257082223892211914e+00
1.257082223892211914e+00
1.257082223892211914e+00
8.197184801101684570e-01
8.197184801101684570e-01
8.197184801101684570e-01
8.197184801101684570e-01
8.197184801101684570e-01
8.197184801101684570e-01
8.197184801101684570e-01
8.197184801101684570e-01
4.474397301673889160e-01
4.474397301673889160e-01
4.474397301673889160e-01
4.474397301673889160e-01
4.474397301673889160e-01
1.281130552291870117e+00
1.281130552291870117e+00
1.281130552291870117e+00
9.386442899703979492e-01
9.386442899703979492e-01
1.355400919914245605e+00
1.355400919914245605e+00
1.355400919914245605e+00
1.355400919914245605e+00
1.355400919914245605e+00
1.355400919914245605e+00
1.185058593750000000e+00
1.185058593750000000e+00
1.525948882102966309e+00
5.202732086181640625e-01
5.202732086181640625e-01
1.525532960891723633e+00
1.000780105590820312e+00
1.000780105590820312e+00
1.000780105590820312e+00
1.000780105590820312e+00
1.377699732780456543e+00
1.377699732780456543e+00
1.377699732780456543e+00
1.377699732780456543e+00
9.707399606704711914e-01
1.764247298240661621e+00
1.764247298240661621e+00
1.764247298240661621e+00
1.764247298240661621e+00
1.764247298240661621e+00
1.764247298240661621e+00
2.317190885543823242e+00
2.317190885543823242e+00
5.974746942520141602e-01
1.897222101688385010e-01
1.897222101688385010e-01
1.220189094543457031e+00
1.220189094543457031e+00
7.912011146545410156e-01
7.912011146545410156e-01
7.912011146545410156e-01
7.912011146545410156e-01
7.912011146545410156e-01
7.912011146545410156e-01
7.912011146545410156e-01
7.912011146545410156e-01
7.912011146545410156e-01
7.912011146545410156e-01
7.912011146545410156e-01
7.912011146545410156e-01
7.912011146545410156e-01
7.912011146545410156e-01
7.912011146545410156e-01
7.912011146545410156e-01
7.912011146545410156e-01
7.912011146545410156e-01
1.126837730407714844e-01
1.126837730407714844e-01
2.341637462377548218e-01
2.341637462377548218e-01
6.583131551742553711e-01
4.003121256828308105e-01
1.041710019111633301e+00
1.041710019111633301e+00
1.041710019111633301e+00
1.041710019111633301e+00
1.041710019111633301e+00
1.041710019111633301e+00
1.041710019111633301e+00
1.041710019111633301e+00
8.316093683242797852e-01
3.019143939018249512e-01
1.626350402832031250e+00
1.626350402832031250e+00
8.298127055168151855e-01
8.298127055168151855e-01
8.298127055168151855e-01
8.298127055168151855e-01
1.793653488159179688e+00
1.793653488159179688e+00
1.241646289825439453e+00
1.241646289825439453e+00
1.211221098899841309e+00
1.211221098899841309e+00
1.211221098899841309e+00
1.507261037826538086e+00
1.507261037826538086e+00
1.149768948554992676e+00
1.035026311874389648e+00
9.892311692237854004e-01
9.892311692237854004e-01
9.892311692237854004e-01
9.892311692237854004e-01
9.892311692237854004e-01
9.892311692237854004e-01
9.892311692237854004e-01
9.892311692237854004e-01
9.892311692237854004e-01
9.892311692237854004e-01
9.892311692237854004e-01
9.892311692237854004e-01
9.892311692237854004e-01
9.892311692237854004e-01
7.580401301383972168e-01
1.046730995178222656e+00
1.046730995178222656e+00
1.046730995178222656e+00
1.046730995178222656e+00
1.046730995178222656e+00
1.046730995178222656e+00
1.046730995178222656e+00
1.046730995178222656e+00
1.046730995178222656e+00
1.046730995178222656e+00
1.046730995178222656e+00
1.046730995178222656e+00
1.046730995178222656e+00
1.046730995178222656e+00
1.046730995178222656e+00
1.046730995178222656e+00
1.046730995178222656e+00
3.202986121177673340e-01
3.202986121177673340e-01
3.202986121177673340e-01
2.118813097476959229e-01
8.270978927612304688e-01
8.270978927612304688e-01
8.270978927612304688e-01
8.270978927612304688e-01
1.297232866287231445e+00
1.437953114509582520e+00
1.437953114509582520e+00
1.437953114509582520e+00
1.437953114509582520e+00
1.033991217613220215e+00
1.033991217613220215e+00
1.033991217613220215e+00
1.033991217613220215e+00
7.027840018272399902e-01
7.027840018272399902e-01
7.027840018272399902e-01
7.027840018272399902e-01
1.015863537788391113e+00
1.015863537788391113e+00
1.015863537788391113e+00
1.015863537788391113e+00
8.899551033973693848e-01
8.899551033973693848e-01
5.567881464958190918e-01
5.567881464958190918e-01
5.567881464958190918e-01
1.091297388076782227e+00
1.091297388076782227e+00
1.091297388076782227e+00
1.091297388076782227e+00
1.091297388076782227e+00
6.097580790519714355e-01
6.097580790519714355e-01
6.881219148635864258e-01
6.881219148635864258e-01
6.881219148635864258e-01
6.881219148635864258e-01
3.350712358951568604e-01
3.350712358951568604e-01
3.350712358951568604e-01
7.929447889328002930e-01
7.929447889328002930e-01
7.929447889328002930e-01
7.929447889328002930e-01
7.929447889328002930e-01
7.929447889328002930e-01
7.929447889328002930e-01
7.929447889328002930e-01
7.929447889328002930e-01
7.929447889328002930e-01
7.929447889328002930e-01
1.809029340744018555e+00
1.809029340744018555e+00
1.809029340744018555e+00
1.322541713714599609e+00
1.553749442100524902e+00
7.704231142997741699e-01
7.704231142997741699e-01
7.704231142997741699e-01
7.704231142997741699e-01
7.704231142997741699e-01
7.704231142997741699e-01
7.704231142997741699e-01
7.704231142997741699e-01
7.704231142997741699e-01
7.704231142997741699e-01
7.704231142997741699e-01
7.704231142997741699e-01
1.078518152236938477e+00
1.078518152236938477e+00
1.078518152236938477e+00
1.078518152236938477e+00
1.078518152236938477e+00
1.078518152236938477e+00
1.224534153938293457e+00
9.219543933868408203e-01
1.009191036224365234e+00
1.231575131416320801e+00
8.694345951080322266e-01
8.694345951080322266e-01
8.694345951080322266e-01
8.694345951080322266e-01
9.126447439193725586e-01
9.126447439193725586e-01
9.126447439193725586e-01
9.126447439193725586e-01
9.126447439193725586e-01
1.362239599227905273e+00
1.362239599227905273e+00
1.362239599227905273e+00
1.183458328247070312e+00
8.678641319274902344e-01
8.678641319274902344e-01
8.678641319274902344e-01
8.678641319274902344e-01
1.019041776657104492e+00
1.019041776657104492e+00
2.044076442718505859e+00
9.420133829116821289e-01
9.420133829116821289e-01
9.420133829116821289e-01
9.420133829116821289e-01
9.420133829116821289e-01
9.420133829116821289e-01
1.939210653305053711e+00
1.391210556030273438e+00
1.391210556030273438e+00
1.391210556030273438e+00
1.391210556030273438e+00
1.391210556030273438e+00
3.048214912414550781e-01
3.048214912414550781e-01
3.048214912414550781e-01
3.048214912414550781e-01
3.626673519611358643e-01
1.115559339523315430e+00
1.115559339523315430e+00
1.115559339523315430e+00
1.115559339523315430e+00
1.115559339523315430e+00
1.115559339523315430e+00
1.520538687705993652e+00
1.520538687705993652e+00
8.187667727470397949e-01
8.187667727470397949e-01
1.485625505447387695e-01
1.485625505447387695e-01
1.237128496170043945e+00
1.237128496170043945e+00
1.237128496170043945e+00
1.237128496170043945e+00
3.129139542579650879e-01
3.129139542579650879e-01
1.106855630874633789e+00
1.106855630874633789e+00
1.106855630874633789e+00
1.106855630874633789e+00
8.543674945831298828e-01
6.614181399345397949e-01
6.614181399345397949e-01
6.614181399345397949e-01
6.614181399345397949e-01
6.614181399345397949e-01
6.614181399345397949e-01
6.614181399345397949e-01
6.614181399345397949e-01
6.614181399345397949e-01
9.822524785995483398e-01
9.822524785995483398e-01
9.822524785995483398e-01
1.575113296508789062e+00
1.575113296508789062e+00
2.376538515090942383e-01
2.376538515090942383e-01
2.376538515090942383e-01
2.376538515090942383e-01
1.415307044982910156e+00
1.415307044982910156e+00
1.415307044982910156e+00
1.415307044982910156e+00
1.415307044982910156e+00
1.415307044982910156e+00
1.131788849830627441e+00
1.131788849830627441e+00
1.131788849830627441e+00
1.131788849830627441e+00
1.131788849830627441e+00
1.131788849830627441e+00
1.131788849830627441e+00
6.440960764884948730e-01
3.930095136165618896e-01
3.930095136165618896e-01
3.930095136165618896e-01
5.381938815116882324e-01
3.064498603343963623e-01
1.195694446563720703e+00
1.195694446563720703e+00
1.195694446563720703e+00
1.216743946075439453e+00
8.258684873580932617e-01
8.258684873580932617e-01
8.258684873580932617e-01
1.096653342247009277e+00
1.491049289703369141e+00
1.491049289703369141e+00
1.491049289703369141e+00
5.382001996040344238e-01
5.382001996040344238e-01
5.382001996040344238e-01
5.382001996040344238e-01
5.382001996040344238e-01
5.382001996040344238e-01
5.382001996040344238e-01
5.382001996040344238e-01
5.382001996040344238e-01
1.571787118911743164e+00
1.786127448081970215e+00
1.786127448081970215e+00
1.786127448081970215e+00
1.786127448081970215e+00
1.786127448081970215e+00
1.634861469268798828e+00
5.879133939743041992e-01
5.879133939743041992e-01
5.879133939743041992e-01
8.348339200019836426e-01
5.054115056991577148e-01
5.054115056991577148e-01
5.054115056991577148e-01
5.054115056991577148e-01
5.054115056991577148e-01
5.054115056991577148e-01
1.514361381530761719e+00
1.514361381530761719e+00
1.514361381530761719e+00
1.514361381530761719e+00
1.591891050338745117e+00
1.591891050338745117e+00
1.591891050338745117e+00
1.591891050338745117e+00
1.591891050338745117e+00
1.591891050338745117e+00
1.118615746498107910e+00
8.086748123168945312e-01
4.775818288326263428e-01
5.306354761123657227e-01
5.352054834365844727e-01
5.352054834365844727e-01
5.352054834365844727e-01
5.352054834365844727e-01
3.656800985336303711e-01
1.085261821746826172e+00
1.085261821746826172e+00
1.085261821746826172e+00
1.112188339233398438e+00
1.112188339233398438e+00
1.112188339233398438e+00
1.112188339233398438e+00
1.112188339233398438e+00
1.112188339233398438e+00
1.112188339233398438e+00
1.112188339233398438e+00
1.112188339233398438e+00
1.112188339233398438e+00
1.112188339233398438e+00
3.074044585227966309e-01
2.337681531906127930e+00
1.314767241477966309e+00
1.314767241477966309e+00
1.314767241477966309e+00
1.314767241477966309e+00
1.314767241477966309e+00
1.314767241477966309e+00
1.314767241477966309e+00
1.314767241477966309e+00
7.107808589935302734e-01
7.107808589935302734e-01
7.025259137153625488e-01
7.025259137153625488e-01
7.025259137153625488e-01
7.025259137153625488e-01
7.025259137153625488e-01
7.025259137153625488e-01
7.025259137153625488e-01
7.025259137153625488e-01
7.025259137153625488e-01
4.179439246654510498e-01
4.179439246654510498e-01
4.505104422569274902e-01
4.505104422569274902e-01
4.505104422569274902e-01
4.505104422569274902e-01
4.505104422569274902e-01
4.505104422569274902e-01
4.505104422569274902e-01
4.505104422569274902e-01
1.340571880340576172e+00
1.473518848419189453e+00
1.473518848419189453e+00
1.473518848419189453e+00
1.473518848419189453e+00
1.473518848419189453e+00
1.473518848419189453e+00
1.473518848419189453e+00
1.216720104217529297e+00
1.216720104217529297e+00
1.216720104217529297e+00
1.216720104217529297e+00
1.216720104217529297e+00
1.216720104217529297e+00
4.134442210197448730e-01
4.134442210197448730e-01
4.134442210197448730e-01
4.134442210197448730e-01
4.134442210197448730e-01
4.134442210197448730e-01
4.134442210197448730e-01
4.134442210197448730e-01
9.986303448677062988e-01
9.986303448677062988e-01
9.986303448677062988e-01
9.986303448677062988e-01
9.986303448677062988e-01
9.986303448677062988e-01
9.986303448677062988e-01
9.986303448677062988e-01
8.579799532890319824e-01
8.579799532890319824e-01
8.579799532890319824e-01
8.579799532890319824e-01
2.034088969230651855e-01
6.711836457252502441e-01
6.711836457252502441e-01
6.711836457252502441e-01
5.382370948791503906e-01
5.382370948791503906e-01
5.382370948791503906e-01
5.382370948791503906e-01
5.382370948791503906e-01
5.382370948791503906e-01
3.529233336448669434e-01
1.452778100967407227e+00
1.452778100967407227e+00
1.452778100967407227e+00
1.628203868865966797e+00
1.628203868865966797e+00
2.335164308547973633e+00
2.335164308547973633e+00
2.335164308547973633e+00
1.878448724746704102e+00
1.254789113998413086e+00
1.254789113998413086e+00
1.254789113998413086e+00
1.254789113998413086e+00
1.564846634864807129e+00
1.564846634864807129e+00
1.564846634864807129e+00
1.564846634864807129e+00
1.564846634864807129e+00
1.564846634864807129e+00
1.309984207153320312e+00
1.682409524917602539e+00
1.682409524917602539e+00
1.682409524917602539e+00
1.682409524917602539e+00
3.006638288497924805e-01
3.006638288497924805e-01
3.006638288497924805e-01
3.006638288497924805e-01
3.006638288497924805e-01
1.113938331604003906e+00
1.113938331604003906e+00
1.113938331604003906e+00
1.113938331604003906e+00
1.113938331604003906e+00
1.113938331604003906e+00
1.315783739089965820e+00
1.315783739089965820e+00
1.035622358322143555e+00
7.927836775779724121e-01
7.927836775779724121e-01
7.927836775779724121e-01
7.927836775779724121e-01
7.927836775779724121e-01
7.927836775779724121e-01
7.927836775779724121e-01
7.927836775779724121e-01
7.927836775779724121e-01
7.927836775779724121e-01
8.243946433067321777e-01
8.243946433067321777e-01
8.243946433067321777e-01
4.944018721580505371e-01
4.944018721580505371e-01
4.944018721580505371e-01
4.944018721580505371e-01
4.944018721580505371e-01
4.944018721580505371e-01
4.944018721580505371e-01
4.944018721580505371e-01
4.944018721580505371e-01
4.375481605529785156e-01
4.375481605529785156e-01
4.375481605529785156e-01
4.375481605529785156e-01
4.375481605529785156e-01
4.375481605529785156e-01
1.118665218353271484e+00
1.118665218353271484e+00
1.118665218353271484e+00
1.118665218353271484e+00
1.118665218353271484e+00
1.118665218353271484e+00
1.118665218353271484e+00
1.118665218353271484e+00
1.118665218353271484e+00
2.608703374862670898e-01
2.608703374862670898e-01
2.608703374862670898e-01
2.608703374862670898e-01
1.416578292846679688e+00
1.311812281608581543e+00
1.311812281608581543e+00
1.311812281608581543e+00
1.050029277801513672e+00
1.050029277801513672e+00
1.050029277801513672e+00
3.651289939880371094e-01
3.651289939880371094e-01
1.062620043754577637e+00
1.062620043754577637e+00
6.546881794929504395e-01
6.546881794929504395e-01
7.481074333190917969e-01
8.666841983795166016e-01
8.666841983795166016e-01
8.666841983795166016e-01
8.666841983795166016e-01
8.666841983795166016e-01
8.666841983795166016e-01
8.666841983795166016e-01
8.666841983795166016e-01
8.666841983795166016e-01
8.666841983795166016e-01
8.666841983795166016e-01
8.666841983795166016e-01
1.040501236915588379e+00
8.706012368202209473e-01
1.501730203628540039e+00
1.501730203628540039e+00
1.257378339767456055e+00
2.415820121765136719e+00
2.415820121765136719e+00
2.415820121765136719e+00
2.415820121765136719e+00
1.804623484611511230e+00
1.804623484611511230e+00
1.804623484611511230e+00
1.804623484611511230e+00
1.722039222717285156e+00
1.721165299415588379e+00
1.721165299415588379e+00
1.721165299415588379e+00
1.715132713317871094e+00
1.715132713317871094e+00
1.715132713317871094e+00
1.062203526496887207e+00
1.062203526496887207e+00
8.509470224380493164e-01
8.509470224380493164e-01
8.509470224380493164e-01
8.509470224380493164e-01
3.371230959892272949e-01
3.371230959892272949e-01
1.188627004623413086e+00
3.175809383392333984e-01
3.175809383392333984e-01
3.175809383392333984e-01
3.175809383392333984e-01
3.175809383392333984e-01
3.175809383392333984e-01
3.175809383392333984e-01
3.175809383392333984e-01
3.175809383392333984e-01
5.656633377075195312e-01
5.656633377075195312e-01
1.389953851699829102e+00
1.725899696350097656e+00
1.725899696350097656e+00
1.725899696350097656e+00
1.725899696350097656e+00
1.725899696350097656e+00
1.725899696350097656e+00
1.725899696350097656e+00
1.725899696350097656e+00
1.725899696350097656e+00
1.245330333709716797e+00
8.869682550430297852e-01
8.869682550430297852e-01
8.869682550430297852e-01
8.869682550430297852e-01
8.869682550430297852e-01
8.869682550430297852e-01
8.869682550430297852e-01
8.869682550430297852e-01
8.869682550430297852e-01
8.869682550430297852e-01
6.547746062278747559e-01
3.954419493675231934e-01
3.954419493675231934e-01
4.982085824012756348e-01
4.982085824012756348e-01
4.982085824012756348e-01
4.982085824012756348e-01
4.982085824012756348e-01
4.982085824012756348e-01
4.982085824012756348e-01
4.982085824012756348e-01
4.982085824012756348e-01
4.982085824012756348e-01
4.982085824012756348e-01
4.982085824012756348e-01
4.982085824012756348e-01
4.982085824012756348e-01
1.136405229568481445e+00
1.136405229568481445e+00
1.957576870918273926e+00
1.957576870918273926e+00
8.001363277435302734e-01
8.001363277435302734e-01
8.001363277435302734e-01
8.001363277435302734e-01
8.001363277435302734e-01
8.001363277435302734e-01
8.001363277435302734e-01
8.001363277435302734e-01
8.001363277435302734e-01
8.001363277435302734e-01
8.001363277435302734e-01
8.001363277435302734e-01
8.001363277435302734e-01
8.001363277435302734e-01
1.768914699554443359e+00
1.768914699554443359e+00
1.768914699554443359e+00
1.018904685974121094e+00
1.018904685974121094e+00
1.018904685974121094e+00
1.120522975921630859e+00
1.120522975921630859e+00
1.120522975921630859e+00
1.120522975921630859e+00
1.120522975921630859e+00
1.120522975921630859e+00
1.120522975921630859e+00
1.120522975921630859e+00
1.120522975921630859e+00
2.640527725219726562e+00
1.588195085525512695e+00
1.588195085525512695e+00
1.588195085525512695e+00
1.957307577133178711e+00
1.952520608901977539e+00
1.952520608901977539e+00
2.863690853118896484e-01
4.071037769317626953e-01
4.071037769317626953e-01
4.071037769317626953e-01
9.840857982635498047e-01
9.840857982635498047e-01
9.840857982635498047e-01
9.840857982635498047e-01
9.840857982635498047e-01
9.840857982635498047e-01
9.840857982635498047e-01
9.840857982635498047e-01
9.840857982635498047e-01
9.840857982635498047e-01
8.190937638282775879e-01
8.190937638282775879e-01
8.190937638282775879e-01
1.030449748039245605e+00
1.030449748039245605e+00
1.030449748039245605e+00
2.018865346908569336e+00
1.390666604042053223e+00
2.248276472091674805e+00
2.248276472091674805e+00
2.248276472091674805e+00
2.335281372070312500e-01
5.574680566787719727e-01
1.770198941230773926e-01
1.770198941230773926e-01
1.236205250024795532e-01
1.236205250024795532e-01
1.236205250024795532e-01
1.236205250024795532e-01
5.155882835388183594e-01
5.155882835388183594e-01
5.155882835388183594e-01
2.313001155853271484e-01
4.256035387516021729e-02
7.170920073986053467e-02
9.843543171882629395e-01
9.843543171882629395e-01
7.606582641601562500e-01
7.606582641601562500e-01
7.606582641601562500e-01
7.606582641601562500e-01
7.606582641601562500e-01
7.606582641601562500e-01
7.606582641601562500e-01
1.093010067939758301e+00
1.093010067939758301e+00
1.305261611938476562e+00
6.377022862434387207e-01
6.377022862434387207e-01
6.377022862434387207e-01
6.377022862434387207e-01
6.377022862434387207e-01
6.377022862434387207e-01
6.377022862434387207e-01
1.543349266052246094e+00
2.048862457275390625e+00
2.048862457275390625e+00
1.541073322296142578e+00
1.541073322296142578e+00
1.541073322296142578e+00
1.688888072967529297e+00
1.688888072967529297e+00
6.114175319671630859e-01
6.114175319671630859e-01
6.114175319671630859e-01
4.816418290138244629e-01
4.816418290138244629e-01
5.428326129913330078e-01
5.428326129913330078e-01
1.485875368118286133e+00
1.485875368118286133e+00
1.617861866950988770e+00
1.617861866950988770e+00
1.617861866950988770e+00
1.129599928855895996e+00
6.709027290344238281e-01
6.709027290344238281e-01
6.709027290344238281e-01
5.820055007934570312e-01
5.820055007934570312e-01
5.820055007934570312e-01
5.820055007934570312e-01
5.820055007934570312e-01
5.820055007934570312e-01
1.079367399215698242e+00
1.079367399215698242e+00
1.079367399215698242e+00
1.079367399215698242e+00
9.640390276908874512e-01
9.640390276908874512e-01
8.308215141296386719e-01
8.308215141296386719e-01
8.308215141296386719e-01
1.617713212966918945e+00
1.617713212966918945e+00
1.617713212966918945e+00
1.617713212966918945e+00
1.772684812545776367e+00
8.158352375030517578e-01
8.158352375030517578e-01
8.158352375030517578e-01
8.158352375030517578e-01
8.158352375030517578e-01
3.553082644939422607e-01
3.553082644939422607e-01
3.625612258911132812e-01
3.625612258911132812e-01
3.625612258911132812e-01
3.625612258911132812e-01
3.625612258911132812e-01
9.961151480674743652e-01
7.798340916633605957e-01
7.798340916633605957e-01
7.798340916633605957e-01
7.798340916633605957e-01
1.133123278617858887e+00
1.133123278617858887e+00
1.133123278617858887e+00
1.133123278617858887e+00
7.198569774627685547e-01
7.313780784606933594e-01
7.766501903533935547e-01
9.903506636619567871e-01
9.903506636619567871e-01
9.903506636619567871e-01
9.903506636619567871e-01
9.903506636619567871e-01
1.336725711822509766e+00
1.232538342475891113e+00
7.854749560356140137e-01
7.854749560356140137e-01
7.854749560356140137e-01
7.854749560356140137e-01
7.854749560356140137e-01
7.854749560356140137e-01
1.425963401794433594e+00
1.613830804824829102e+00
1.613830804824829102e+00
1.613830804824829102e+00
1.811569094657897949e+00
1.042802929878234863e+00
1.042802929878234863e+00
1.042802929878234863e+00
1.559394836425781250e+00
1.559394836425781250e+00
1.559394836425781250e+00
1.559394836425781250e+00
1.559394836425781250e+00
1.559394836425781250e+00
1.559394836425781250e+00
6.807024478912353516e-01
4.788703322410583496e-01
9.705701470375061035e-01
1.178262710571289062e+00
1.335470795631408691e+00
1.335470795631408691e+00
1.335470795631408691e+00
1.335470795631408691e+00
3.916025161743164062e-02
3.916025161743164062e-02
3.916025161743164062e-02
1.913194656372070312e+00
1.913194656372070312e+00
8.009421825408935547e-01
8.009421825408935547e-01
8.009421825408935547e-01
8.009421825408935547e-01
8.009421825408935547e-01
8.009421825408935547e-01
8.009421825408935547e-01
8.009421825408935547e-01
8.009421825408935547e-01
8.009421825408935547e-01
8.009421825408935547e-01
8.009421825408935547e-01
8.009421825408935547e-01
8.009421825408935547e-01
8.009421825408935547e-01
8.009421825408935547e-01
8.009421825408935547e-01
8.009421825408935547e-01
8.009421825408935547e-01
8.009421825408935547e-01
8.009421825408935547e-01
8.009421825408935547e-01
8.009421825408935547e-01
8.009421825408935547e-01
8.009421825408935547e-01
4.694377183914184570e-01
5.250054001808166504e-01
3.755506873130798340e-01
9.389361143112182617e-01
9.389361143112182617e-01
9.389361143112182617e-01
9.389361143112182617e-01
9.389361143112182617e-01
9.389361143112182617e-01
9.389361143112182617e-01
1.593052744865417480e+00
1.593052744865417480e+00
1.593052744865417480e+00
5.140986442565917969e-01
3.531825244426727295e-01
3.531825244426727295e-01
3.531825244426727295e-01
3.531825244426727295e-01
3.531825244426727295e-01
3.531825244426727295e-01
3.531825244426727295e-01
1.703056693077087402e+00
1.582239508628845215e+00
2.193186759948730469e+00
3.746159076690673828e-01
3.746159076690673828e-01
3.746159076690673828e-01
3.746159076690673828e-01
3.746159076690673828e-01
4.671536684036254883e-01
4.671536684036254883e-01
4.671536684036254883e-01
4.671536684036254883e-01
4.671536684036254883e-01
4.671536684036254883e-01
4.499173462390899658e-01
4.499173462390899658e-01
4.499173462390899658e-01
4.499173462390899658e-01
4.499173462390899658e-01
4.499173462390899658e-01
4.499173462390899658e-01
6.314589977264404297e-01
6.314589977264404297e-01
6.314589977264404297e-01
6.314589977264404297e-01
6.314589977264404297e-01
6.314589977264404297e-01
4.087581634521484375e-01
4.087581634521484375e-01
4.087581634521484375e-01
4.087581634521484375e-01
4.087581634521484375e-01
1.908614277839660645e+00
1.950749158859252930e+00
1.950749158859252930e+00
5.040242671966552734e-01
5.040242671966552734e-01
1.190519571304321289e+00
1.190519571304321289e+00
1.190519571304321289e+00
1.190519571304321289e+00
1.190519571304321289e+00
5.917606353759765625e-01
5.917606353759765625e-01
5.917606353759765625e-01
5.917606353759765625e-01
1.032836437225341797e+00
1.032836437225341797e+00
1.032836437225341797e+00
1.032836437225341797e+00
1.032836437225341797e+00
1.404639005661010742e+00
1.404639005661010742e+00
2.338062524795532227e-01
2.338062524795532227e-01
2.338062524795532227e-01
2.338062524795532227e-01
2.338062524795532227e-01
2.338062524795532227e-01
2.338062524795532227e-01
1.237729072570800781e+00
1.229168057441711426e+00
1.052961230278015137e+00
4.038327932357788086e-01
4.038327932357788086e-01
4.038327932357788086e-01
4.038327932357788086e-01
4.038327932357788086e-01
4.038327932357788086e-01
1.490614175796508789e+00
9.499391913414001465e-01
9.499391913414001465e-01
9.499391913414001465e-01
9.499391913414001465e-01
9.499391913414001465e-01
9.499391913414001465e-01
1.614120602607727051e-01
1.614120602607727051e-01
1.884619712829589844e+00
1.884619712829589844e+00
2.195852518081665039e+00
2.195852518081665039e+00
5.320376157760620117e-01
2.843641340732574463e-01
1.062455654144287109e+00
1.062455654144287109e+00
1.062455654144287109e+00
1.062455654144287109e+00
1.062455654144287109e+00
1.062455654144287109e+00
1.062455654144287109e+00
1.062455654144287109e+00
1.062455654144287109e+00
1.062455654144287109e+00
1.097933769226074219e+00
1.097933769226074219e+00
1.097933769226074219e+00
1.097933769226074219e+00
1.097933769226074219e+00
1.890645027160644531e+00
1.890645027160644531e+00
1.890645027160644531e+00
1.739371895790100098e+00
1.739371895790100098e+00
1.739371895790100098e+00
1.739371895790100098e+00
1.739371895790100098e+00
3.759746551513671875e-01
3.759746551513671875e-01
3.759746551513671875e-01
3.759746551513671875e-01
3.759746551513671875e-01
3.759746551513671875e-01
3.759746551513671875e-01
6.186715364456176758e-01
6.186715364456176758e-01
6.186715364456176758e-01
6.186715364456176758e-01
1.383210539817810059e+00
1.383210539817810059e+00
1.383210539817810059e+00
1.383210539817810059e+00
1.678185224533081055e+00
1.678185224533081055e+00
1.162949562072753906e+00
1.162949562072753906e+00
1.162949562072753906e+00
1.162949562072753906e+00
1.162949562072753906e+00
1.162949562072753906e+00
1.162949562072753906e+00
7.829835414886474609e-01
1.211517095565795898e+00
1.211517095565795898e+00
1.416107892990112305e+00
1.416107892990112305e+00
2.120075941085815430e+00
2.120075941085815430e+00
2.120075941085815430e+00
2.120075941085815430e+00
2.238681077957153320e+00
1.214421272277832031e+00
1.490834355354309082e+00
1.490834355354309082e+00
1.490834355354309082e+00
1.407283782958984375e+00
1.407283782958984375e+00
3.931794166564941406e-01
3.931794166564941406e-01
2.708516716957092285e-01
2.708516716957092285e-01
2.708516716957092285e-01
1.205835700035095215e+00
1.205835700035095215e+00
1.205835700035095215e+00
1.205835700035095215e+00
1.205835700035095215e+00
1.205835700035095215e+00
1.195170044898986816e+00
1.195170044898986816e+00
1.254848837852478027e+00
1.254848837852478027e+00
1.254848837852478027e+00
1.254848837852478027e+00
1.254848837852478027e+00
1.201012015342712402e+00
1.201012015342712402e+00
1.201012015342712402e+00
5.421708822250366211e-01
5.421708822250366211e-01
5.421708822250366211e-01
5.421708822250366211e-01
5.421708822250366211e-01
4.417240023612976074e-01
4.417240023612976074e-01
4.417240023612976074e-01
4.417240023612976074e-01
4.417240023612976074e-01
4.417240023612976074e-01
4.417240023612976074e-01
4.417240023612976074e-01
4.417240023612976074e-01
4.417240023612976074e-01
4.417240023612976074e-01
1.190850853919982910e+00
1.190850853919982910e+00
1.190850853919982910e+00
1.190850853919982910e+00
2.517878413200378418e-01
2.517878413200378418e-01
1.443242073059082031e+00
1.443242073059082031e+00
1.443242073059082031e+00
1.443242073059082031e+00
1.443242073059082031e+00
3.861482143402099609e-01
3.861482143402099609e-01
3.861482143402099609e-01
4.710513055324554443e-01
4.710513055324554443e-01
4.710513055324554443e-01
4.710513055324554443e-01
4.710513055324554443e-01
4.710513055324554443e-01
4.710513055324554443e-01
4.710513055324554443e-01
4.710513055324554443e-01
4.710513055324554443e-01
4.710513055324554443e-01
4.710513055324554443e-01
1.136498928070068359e+00
1.136498928070068359e+00
1.136498928070068359e+00
6.018626093864440918e-01
6.018626093864440918e-01
6.552473902702331543e-01
6.552473902702331543e-01
6.552473902702331543e-01
1.503980875015258789e+00
2.320738554000854492e+00
1.764587402343750000e+00
1.764587402343750000e+00
1.764587402343750000e+00
1.764587402343750000e+00
1.764587402343750000e+00
1.764587402343750000e+00
1.535809278488159180e+00
1.535809278488159180e+00
1.535809278488159180e+00
1.535809278488159180e+00
1.535809278488159180e+00
1.535809278488159180e+00
1.535809278488159180e+00
1.535809278488159180e+00
1.535809278488159180e+00
1.535809278488159180e+00
1.535809278488159180e+00
1.535809278488159180e+00
1.535809278488159180e+00
1.535809278488159180e+00
1.535809278488159180e+00
1.535809278488159180e+00
1.535809278488159180e+00
1.535809278488159180e+00
1.535809278488159180e+00
1.535809278488159180e+00
3.371326923370361328e-01
3.853249549865722656e-01
3.853249549865722656e-01
3.853249549865722656e-01
3.853249549865722656e-01
3.853249549865722656e-01
3.853249549865722656e-01
3.853249549865722656e-01
3.853249549865722656e-01
3.853249549865722656e-01
7.759822607040405273e-01
7.759822607040405273e-01
7.759822607040405273e-01
1.012527704238891602e+00
1.012527704238891602e+00
4.204062819480895996e-01
4.204062819480895996e-01
4.204062819480895996e-01
4.204062819480895996e-01
6.577060222625732422e-01
6.577060222625732422e-01
6.577060222625732422e-01
6.577060222625732422e-01
6.577060222625732422e-01
1.180360794067382812e+00
1.180360794067382812e+00
1.024724006652832031e+00
6.738848090171813965e-01
2.057597160339355469e+00
2.057597160339355469e+00
2.057597160339355469e+00
2.057597160339355469e+00
2.057597160339355469e+00
8.720746040344238281e-01
8.720746040344238281e-01
8.720746040344238281e-01
3.698984980583190918e-01
3.698984980583190918e-01
3.698984980583190918e-01
3.698984980583190918e-01
3.698984980583190918e-01
3.698984980583190918e-01
1.218427300453186035e+00
1.218427300453186035e+00
1.218427300453186035e+00
1.218427300453186035e+00
1.218427300453186035e+00
1.218427300453186035e+00
1.677708506584167480e+00
1.677708506584167480e+00
5.863571166992187500e-01
5.863571166992187500e-01
5.863571166992187500e-01
5.863571166992187500e-01
1.105228900909423828e+00
1.105228900909423828e+00
1.105228900909423828e+00
1.105228900909423828e+00
1.105228900909423828e+00
1.105228900909423828e+00
1.105228900909423828e+00
8.243104219436645508e-01
3.206101059913635254e-01
3.206101059913635254e-01
8.249270915985107422e-01
8.249270915985107422e-01
8.249270915985107422e-01
3.600219786167144775e-01
1.160301923751831055e+00
7.519801855087280273e-01
1.235657453536987305e+00
1.235657453536987305e+00
1.235657453536987305e+00
1.235657453536987305e+00
1.235657453536987305e+00
1.118325829505920410e+00
1.118325829505920410e+00
1.118325829505920410e+00
1.422044634819030762e+00
1.422044634819030762e+00
1.422044634819030762e+00
1.422044634819030762e+00
1.422044634819030762e+00
1.141932010650634766e+00
1.141932010650634766e+00
1.141932010650634766e+00
1.141932010650634766e+00
8.472056388854980469e-01
1.543735980987548828e+00
1.543735980987548828e+00
1.543735980987548828e+00
1.179115056991577148e+00
1.179115056991577148e+00
1.179115056991577148e+00
1.499950289726257324e+00
1.499950289726257324e+00
1.499950289726257324e+00
1.499950289726257324e+00
1.499950289726257324e+00
1.499950289726257324e+00
1.499950289726257324e+00
1.499950289726257324e+00
1.066774010658264160e+00
1.066774010658264160e+00
1.066774010658264160e+00
1.066774010658264160e+00
1.066774010658264160e+00
1.066774010658264160e+00
1.066774010658264160e+00
1.066774010658264160e+00
1.066774010658264160e+00
1.066774010658264160e+00
1.066774010658264160e+00
4.954041838645935059e-01
1.192984819412231445e+00
5.616358518600463867e-01
4.641599655151367188e-01
4.641599655151367188e-01
4.641599655151367188e-01
4.641599655151367188e-01
4.641599655151367188e-01
4.641599655151367188e-01
4.641599655151367188e-01
4.641599655151367188e-01
4.641599655151367188e-01
4.641599655151367188e-01
4.641599655151367188e-01
4.641599655151367188e-01
4.641599655151367188e-01
4.641599655151367188e-01
2.903414368629455566e-01
9.649966955184936523e-01
9.649966955184936523e-01
9.649966955184936523e-01
9.649966955184936523e-01
8.161582350730895996e-01
8.161582350730895996e-01
8.161582350730895996e-01
8.161582350730895996e-01
8.161582350730895996e-01
8.161582350730895996e-01
1.334269285202026367e+00
1.223009586334228516e+00
1.223009586334228516e+00
1.223009586334228516e+00
1.223009586334228516e+00
1.223009586334228516e+00
1.223009586334228516e+00
1.145707607269287109e+00
8.317759037017822266e-01
8.317759037017822266e-01
8.317759037017822266e-01
5.295964479446411133e-01
1.515230178833007812e+00
2.026474475860595703e+00
2.026474475860595703e+00
2.026474475860595703e+00
2.026474475860595703e+00
2.026474475860595703e+00
2.026474475860595703e+00
1.702319383621215820e-01
1.702319383621215820e-01
5.898227095603942871e-01
5.898227095603942871e-01
5.898227095603942871e-01
1.460564613342285156e+00
2.943098545074462891e-02
2.943098545074462891e-02
2.943098545074462891e-02
8.552494645118713379e-01
8.552494645118713379e-01
8.552494645118713379e-01
8.552494645118713379e-01
8.552494645118713379e-01
8.552494645118713379e-01
8.552494645118713379e-01
8.260913491249084473e-01
1.152502775192260742e+00
1.152502775192260742e+00
9.333037137985229492e-01
9.333037137985229492e-01
9.333037137985229492e-01
9.333037137985229492e-01
9.333037137985229492e-01
9.333037137985229492e-01
1.925331711769104004e+00
1.925331711769104004e+00
2.763002395629882812e+00
1.200562000274658203e+00
5.533915758132934570e-01
5.533915758132934570e-01
5.533915758132934570e-01
5.533915758132934570e-01
5.533915758132934570e-01
7.216140031814575195e-01
7.216140031814575195e-01
7.216140031814575195e-01
7.216140031814575195e-01
7.216140031814575195e-01
7.216140031814575195e-01
7.216140031814575195e-01
3.579888045787811279e-01
3.579888045787811279e-01
8.884918689727783203e-01
8.884918689727783203e-01
2.872136235237121582e-01
2.872136235237121582e-01
2.872136235237121582e-01
7.031016051769256592e-02
2.350697040557861328e+00
2.350697040557861328e+00
1.861042618751525879e+00
1.861042618751525879e+00
1.229591965675354004e+00
1.229591965675354004e+00
1.229591965675354004e+00
4.334873557090759277e-01
4.334873557090759277e-01
4.334873557090759277e-01
4.334873557090759277e-01
4.334873557090759277e-01
4.334873557090759277e-01
4.334873557090759277e-01
4.334873557090759277e-01
4.334873557090759277e-01
4.334873557090759277e-01
4.334873557090759277e-01
4.334873557090759277e-01
1.203113079071044922e+00
1.203113079071044922e+00
1.203113079071044922e+00
1.203113079071044922e+00
1.095450162887573242e+00
1.095450162887573242e+00
1.095450162887573242e+00
1.095450162887573242e+00
1.384231090545654297e+00
1.384231090545654297e+00
6.071059107780456543e-01
6.071059107780456543e-01
6.071059107780456543e-01
6.071059107780456543e-01
2.664514183998107910e-01
1.793990373611450195e+00
1.793990373611450195e+00
1.793990373611450195e+00
1.793990373611450195e+00
1.793990373611450195e+00
2.534257173538208008e-01
5.834838151931762695e-01
2.729903161525726318e-01
2.729903161525726318e-01
2.729903161525726318e-01
2.729903161525726318e-01
1.480586767196655273e+00
4.246144294738769531e-01
4.246144294738769531e-01
4.246144294738769531e-01
4.246144294738769531e-01
2.574613094329833984e-01
1.989322185516357422e+00
1.989322185516357422e+00
1.989322185516357422e+00
1.049124479293823242e+00
1.049124479293823242e+00
1.049124479293823242e+00
1.049124479293823242e+00
7.253671884536743164e-01
7.253671884536743164e-01
7.253671884536743164e-01
7.253671884536743164e-01
7.253671884536743164e-01
7.253671884536743164e-01
7.253671884536743164e-01
7.253671884536743164e-01
7.253671884536743164e-01
7.253671884536743164e-01
7.253671884536743164e-01
7.253671884536743164e-01
7.253671884536743164e-01
7.253671884536743164e-01
7.253671884536743164e-01
7.253671884536743164e-01
7.253671884536743164e-01
7.253671884536743164e-01
7.253671884536743164e-01
7.253671884536743164e-01
7.253671884536743164e-01
7.253671884536743164e-01
7.253671884536743164e-01
7.253671884536743164e-01
7.253671884536743164e-01
1.050670504570007324e+00
1.050670504570007324e+00
1.050670504570007324e+00
1.050670504570007324e+00
1.050670504570007324e+00
1.050670504570007324e+00
1.105724334716796875e+00
1.105724334716796875e+00
1.105724334716796875e+00
2.411649703979492188e+00
2.411649703979492188e+00
2.411649703979492188e+00
1.498248934745788574e+00
1.498248934745788574e+00
1.498248934745788574e+00
1.498248934745788574e+00
1.498248934745788574e+00
1.024116992950439453e+00
1.024116992950439453e+00
1.024116992950439453e+00
1.024116992950439453e+00
1.024116992950439453e+00
1.024116992950439453e+00
1.024116992950439453e+00
1.024116992950439453e+00
1.024116992950439453e+00
1.024116992950439453e+00
8.961164951324462891e-01
8.961164951324462891e-01
8.961164951324462891e-01
8.961164951324462891e-01
9.438172578811645508e-01
9.438172578811645508e-01
9.438172578811645508e-01
9.438172578811645508e-01
9.438172578811645508e-01
9.438172578811645508e-01
9.438172578811645508e-01
9.438172578811645508e-01
9.438172578811645508e-01
6.099528074264526367e-01
6.099528074264526367e-01
2.477483451366424561e-01
2.477483451366424561e-01
2.477483451366424561e-01
2.477483451366424561e-01
4.188947379589080811e-01
4.188947379589080811e-01
4.188947379589080811e-01
4.188947379589080811e-01
1.543030858039855957e+00
3.205013275146484375e-02
3.205013275146484375e-02
3.205013275146484375e-02
3.666303753852844238e-01
2.058981418609619141e+00
2.058981418609619141e+00
1.134642362594604492e+00
1.134642362594604492e+00
1.593920946121215820e+00
1.593920946121215820e+00
1.362157106399536133e+00
1.362157106399536133e+00
1.362157106399536133e+00
7.950585484504699707e-01
7.950585484504699707e-01
7.950585484504699707e-01
7.950585484504699707e-01
7.950585484504699707e-01
7.950585484504699707e-01
2.250670194625854492e-01
2.250670194625854492e-01
2.250670194625854492e-01
2.250670194625854492e-01
2.250670194625854492e-01
2.250670194625854492e-01
2.250670194625854492e-01
2.165926545858383179e-01
2.165926545858383179e-01
1.665683865547180176e+00
1.665683865547180176e+00
7.150065302848815918e-01
7.150065302848815918e-01
1.920409917831420898e+00
1.920409917831420898e+00
2.155608892440795898e+00
2.155608892440795898e+00
2.155608892440795898e+00
7.760304212570190430e-01
7.760304212570190430e-01
7.760304212570190430e-01
7.760304212570190430e-01
1.159418702125549316e+00
1.159418702125549316e+00
1.159418702125549316e+00
4.189764261245727539e-01
4.189764261245727539e-01
4.191026091575622559e-01
4.191026091575622559e-01
9.285959005355834961e-01
9.285959005355834961e-01
9.285959005355834961e-01
9.285959005355834961e-01
9.285959005355834961e-01
6.893472671508789062e-01
6.893472671508789062e-01
6.893472671508789062e-01
6.893472671508789062e-01
6.893472671508789062e-01
6.893472671508789062e-01
6.893472671508789062e-01
1.380472540855407715e+00
1.380472540855407715e+00
1.980270266532897949e+00
1.980270266532897949e+00
1.980270266532897949e+00
1.400071144104003906e+00
1.612697005271911621e+00
1.612697005271911621e+00
1.612697005271911621e+00
6.608703136444091797e-01
6.608703136444091797e-01
6.608703136444091797e-01
6.532641053199768066e-01
9.044260382652282715e-01
7.880988121032714844e-01
7.880988121032714844e-01
1.417636871337890625e+00
1.417636871337890625e+00
8.952527642250061035e-01
8.952527642250061035e-01
6.531279087066650391e-01
6.531279087066650391e-01
6.531279087066650391e-01
6.531279087066650391e-01
6.531279087066650391e-01
6.531279087066650391e-01
2.451093912124633789e+00
1.696114540100097656e-01
1.696114540100097656e-01
5.271341800689697266e-01
5.271341800689697266e-01
5.271341800689697266e-01
5.271341800689697266e-01
5.271341800689697266e-01
5.271341800689697266e-01
5.271341800689697266e-01
5.271341800689697266e-01
2.028664052486419678e-01
4.512366354465484619e-01
7.889270782470703125e-01
8.731742501258850098e-01
8.731742501258850098e-01
1.855782270431518555e+00
1.628395557403564453e+00
1.628395557403564453e+00
6.494574546813964844e-01
1.417473554611206055e+00
9.040510654449462891e-01
9.040510654449462891e-01
9.040510654449462891e-01
9.040510654449462891e-01
4.859136939048767090e-01
4.859136939048767090e-01
4.859136939048767090e-01
1.096003413200378418e+00
1.096003413200378418e+00
1.096003413200378418e+00
1.096003413200378418e+00
1.096003413200378418e+00
3.777614235877990723e-01
1.495247840881347656e+00
1.034837961196899414e+00
2.135052680969238281e+00
2.135052680969238281e+00
2.169886827468872070e-01
2.169886827468872070e-01
2.169886827468872070e-01
2.169886827468872070e-01
2.169886827468872070e-01
2.169886827468872070e-01
2.169886827468872070e-01
8.166432976722717285e-01
7.019659876823425293e-01
7.019659876823425293e-01
7.019659876823425293e-01
7.019659876823425293e-01
7.019659876823425293e-01
7.019659876823425293e-01
7.019659876823425293e-01
7.019659876823425293e-01
7.019659876823425293e-01
7.019659876823425293e-01
7.019659876823425293e-01
7.019659876823425293e-01
7.019659876823425293e-01
2.211609482765197754e-01
2.211609482765197754e-01
3.783170878887176514e-01
3.783170878887176514e-01
3.783170878887176514e-01
3.703795671463012695e-01
3.703795671463012695e-01
5.840388536453247070e-01
5.840388536453247070e-01
5.840388536453247070e-01
2.179235816001892090e-01
1.031196355819702148e+00
1.031196355819702148e+00
3.666134476661682129e-01
3.666134476661682129e-01
1.046752452850341797e+00
9.193052649497985840e-01
9.193052649497985840e-01
9.193052649497985840e-01
9.193052649497985840e-01
9.193052649497985840e-01
9.193052649497985840e-01
1.638835787773132324e+00
2.320297718048095703e+00
1.243091821670532227e+00
1.243091821670532227e+00
1.243091821670532227e+00
1.243091821670532227e+00
1.243091821670532227e+00
1.594737768173217773e+00
1.594737768173217773e+00
1.594737768173217773e+00
1.594737768173217773e+00
1.594737768173217773e+00
1.594737768173217773e+00
1.594737768173217773e+00
1.594737768173217773e+00
1.600826978683471680e+00
5.730167627334594727e-01
5.730167627334594727e-01
1.148554801940917969e+00
1.148554801940917969e+00
2.153500795364379883e+00
2.469881772994995117e-01
1.424925446510314941e+00
1.424925446510314941e+00
1.424925446510314941e+00
1.424925446510314941e+00
1.083163380622863770e+00
8.848820924758911133e-01
8.848820924758911133e-01
2.211840391159057617e+00
2.151295900344848633e+00
1.809905409812927246e+00
1.809905409812927246e+00
1.809905409812927246e+00
1.483245372772216797e+00
1.483245372772216797e+00
1.664213776588439941e+00
1.664213776588439941e+00
1.664213776588439941e+00
1.664213776588439941e+00
1.775177717208862305e-01
1.775177717208862305e-01
2.798914909362792969e-01
9.674208164215087891e-01
9.674208164215087891e-01
9.674208164215087891e-01
9.674208164215087891e-01
9.674208164215087891e-01
4.104237556457519531e-01
4.104237556457519531e-01
4.104237556457519531e-01
3.392906188964843750e-01
3.392906188964843750e-01
2.356907427310943604e-01
1.145563602447509766e+00
1.145563602447509766e+00
1.145563602447509766e+00
1.145563602447509766e+00
2.450402021408081055e+00
2.450402021408081055e+00
2.450402021408081055e+00
2.450402021408081055e+00
1.276769161224365234e+00
1.276769161224365234e+00
1.276769161224365234e+00
1.276769161224365234e+00
5.473668575286865234e-01
5.473668575286865234e-01
1.036945462226867676e+00
1.036945462226867676e+00
1.036945462226867676e+00
1.036945462226867676e+00
1.036945462226867676e+00
1.036945462226867676e+00
1.036945462226867676e+00
1.036945462226867676e+00
7.251464724540710449e-01
7.251464724540710449e-01
7.251464724540710449e-01
7.251464724540710449e-01
7.251464724540710449e-01
7.251464724540710449e-01
7.251464724540710449e-01
7.251464724540710449e-01
7.251464724540710449e-01
8.636388778686523438e-01
1.088122010231018066e+00
1.088122010231018066e+00
8.303416967391967773e-01
8.303416967391967773e-01
8.303416967391967773e-01
8.303416967391967773e-01
1.776650071144104004e+00
1.776650071144104004e+00
1.776650071144104004e+00
1.373194217681884766e+00
1.373194217681884766e+00
3.367521762847900391e-01
3.367521762847900391e-01
3.367521762847900391e-01
3.367521762847900391e-01
3.367521762847900391e-01
3.367521762847900391e-01
2.614869177341461182e-01
8.000842332839965820e-01
5.871114730834960938e-01
5.871114730834960938e-01
5.871114730834960938e-01
5.871114730834960938e-01
5.871114730834960938e-01
5.871114730834960938e-01
2.008572518825531006e-01
2.008572518825531006e-01
9.339367151260375977e-01
9.339367151260375977e-01
1.816167593002319336e+00
1.143323183059692383e+00
1.143323183059692383e+00
1.143323183059692383e+00
8.394867181777954102e-01
8.394867181777954102e-01
1.883592247962951660e+00
1.198556184768676758e+00
1.198556184768676758e+00
1.198556184768676758e+00
1.198556184768676758e+00
1.198556184768676758e+00
1.198556184768676758e+00
1.198556184768676758e+00
1.198556184768676758e+00
6.185960173606872559e-01
6.185960173606872559e-01
1.659715890884399414e+00
9.132453203201293945e-01
9.132453203201293945e-01
7.099756002426147461e-01
5.507019758224487305e-01
5.507019758224487305e-01
5.507019758224487305e-01
5.507019758224487305e-01
5.507019758224487305e-01
8.014767169952392578e-01
8.014767169952392578e-01
8.014767169952392578e-01
1.594110727310180664e-01
1.272080302238464355e+00
1.987127065658569336e-01
8.398414850234985352e-01
8.398414850234985352e-01
8.398414850234985352e-01
8.398414850234985352e-01
8.398414850234985352e-01
8.398414850234985352e-01
8.398414850234985352e-01
7.004315853118896484e-01
7.004315853118896484e-01
1.401272177696228027e+00
1.353561639785766602e+00
1.353561639785766602e+00
1.353561639785766602e+00
1.353561639785766602e+00
1.141678810119628906e+00
1.141678810119628906e+00
1.141678810119628906e+00
1.141678810119628906e+00
1.141678810119628906e+00
1.141678810119628906e+00
1.141678810119628906e+00
3.775144219398498535e-01
3.775144219398498535e-01
3.775144219398498535e-01
3.775144219398498535e-01
3.775144219398498535e-01
3.775144219398498535e-01
3.775144219398498535e-01
3.775144219398498535e-01
3.775144219398498535e-01
3.775144219398498535e-01
3.775144219398498535e-01
3.775144219398498535e-01
3.775144219398498535e-01
3.775144219398498535e-01
3.775144219398498535e-01
3.775144219398498535e-01
3.775144219398498535e-01
3.775144219398498535e-01
3.775144219398498535e-01
3.775144219398498535e-01
3.775144219398498535e-01
4.094239175319671631e-01
4.094239175319671631e-01
1.435877084732055664e+00
1.435877084732055664e+00
1.218688488006591797e+00
1.061390876770019531e+00
1.061390876770019531e+00
1.061390876770019531e+00
6.640893220901489258e-01
6.640893220901489258e-01
6.640893220901489258e-01
6.640893220901489258e-01
6.640893220901489258e-01
1.627314090728759766e-01
1.627314090728759766e-01
9.729208350181579590e-01
9.729208350181579590e-01
9.729208350181579590e-01
9.919660687446594238e-01
9.919660687446594238e-01
9.919660687446594238e-01
1.416260719299316406e+00
1.416260719299316406e+00
2.364740610122680664e+00
2.621229887008666992e+00
2.494668245315551758e+00
1.767809391021728516e-01
1.696895241737365723e+00
1.696895241737365723e+00
1.696895241737365723e+00
1.696895241737365723e+00
1.696895241737365723e+00
1.696895241737365723e+00
1.696895241737365723e+00
1.696895241737365723e+00
5.872192382812500000e-01
5.872192382812500000e-01
5.872192382812500000e-01
5.872192382812500000e-01
5.872192382812500000e-01
5.872192382812500000e-01
5.872192382812500000e-01
5.872192382812500000e-01
5.872192382812500000e-01
5.872192382812500000e-01
5.872192382812500000e-01
5.872192382812500000e-01
5.872192382812500000e-01
5.872192382812500000e-01
5.872192382812500000e-01
5.872192382812500000e-01
5.872192382812500000e-01
5.872192382812500000e-01
5.872192382812500000e-01
1.378960847854614258e+00
1.378960847854614258e+00
8.772165775299072266e-01
8.772165775299072266e-01
8.772165775299072266e-01
8.772165775299072266e-01
8.772165775299072266e-01
8.772165775299072266e-01
8.772165775299072266e-01
8.772165775299072266e-01
8.772165775299072266e-01
8.772165775299072266e-01
8.772165775299072266e-01
3.419582247734069824e-01
3.419582247734069824e-01
4.709212779998779297e-01
9.394455552101135254e-01
9.394455552101135254e-01
9.394455552101135254e-01
9.394455552101135254e-01
9.394455552101135254e-01
1.063638091087341309e+00
1.063638091087341309e+00
1.147534966468811035e+00
1.923674345016479492e-01
1.923674345016479492e-01
1.923674345016479492e-01
3.294221162796020508e-01
3.294221162796020508e-01
3.294221162796020508e-01
3.294221162796020508e-01
3.294221162796020508e-01
3.294221162796020508e-01
3.294221162796020508e-01
3.294221162796020508e-01
3.294221162796020508e-01
3.294221162796020508e-01
3.294221162796020508e-01
3.294221162796020508e-01
3.294221162796020508e-01
3.294221162796020508e-01
3.983909189701080322e-01
8.821929693222045898e-01
8.821929693222045898e-01
1.267667889595031738e+00
1.267667889595031738e+00
1.267667889595031738e+00
1.267667889595031738e+00
1.255018353462219238e+00
1.255018353462219238e+00
1.255018353462219238e+00
1.255018353462219238e+00
1.255018353462219238e+00
1.255018353462219238e+00
9.732078313827514648e-01
9.732078313827514648e-01
9.732078313827514648e-01
2.699413299560546875e-01
2.699413299560546875e-01
1.994652390480041504e+00
6.514413356781005859e-01
6.514413356781005859e-01
6.514413356781005859e-01
6.514413356781005859e-01
6.324868798255920410e-01
6.324868798255920410e-01
6.324868798255920410e-01
3.161113560199737549e-01
3.161113560199737549e-01
3.161113560199737549e-01
3.513560891151428223e-01
3.513560891151428223e-01
9.440672397613525391e-01
7.753973603248596191e-01
7.753973603248596191e-01
1.337088704109191895e+00
1.337088704109191895e+00
2.160849571228027344e-01
2.160849571228027344e-01
2.160849571228027344e-01
2.160849571228027344e-01
5.547441244125366211e-01
5.547441244125366211e-01
5.547441244125366211e-01
5.547441244125366211e-01
7.932470440864562988e-01
7.932470440864562988e-01
7.932470440864562988e-01
7.932470440864562988e-01
7.932470440864562988e-01
7.932470440864562988e-01
7.932470440864562988e-01
7.932470440864562988e-01
7.932470440864562988e-01
7.932470440864562988e-01
7.932470440864562988e-01
7.932470440864562988e-01
7.932470440864562988e-01
7.932470440864562988e-01
7.932470440864562988e-01
7.485282421112060547e-01
7.485282421112060547e-01
7.485282421112060547e-01
4.340173602104187012e-01
4.340173602104187012e-01
4.340173602104187012e-01
6.976066827774047852e-01
6.976066827774047852e-01
6.976066827774047852e-01
6.976066827774047852e-01
5.140661597251892090e-01
5.140661597251892090e-01
5.140661597251892090e-01
5.140661597251892090e-01
2.335163354873657227e-01
2.335163354873657227e-01
1.442023754119873047e+00
1.442023754119873047e+00
6.857587099075317383e-01
2.377591133117675781e+00
2.377591133117675781e+00
2.377591133117675781e+00
2.377591133117675781e+00
2.377591133117675781e+00
2.377591133117675781e+00
2.377591133117675781e+00
2.377591133117675781e+00
2.377591133117675781e+00
2.377591133117675781e+00
2.888233661651611328e+00
2.888233661651611328e+00
7.819514274597167969e-01
7.819514274597167969e-01
7.819514274597167969e-01
9.244956374168395996e-01
7.520010471343994141e-01
1.740677237510681152e+00
2.930352687835693359e-01
1.132862091064453125e+00
7.474185824394226074e-01
5.198535919189453125e-01
6.946642994880676270e-01
6.946642994880676270e-01
6.946642994880676270e-01
6.946642994880676270e-01
6.946642994880676270e-01
6.946642994880676270e-01
6.946642994880676270e-01
1.020692825317382812e+00
1.426335930824279785e+00
6.126575469970703125e-01
6.126575469970703125e-01
6.126575469970703125e-01
6.126575469970703125e-01
2.071424245834350586e+00
1.600708246231079102e+00
1.600708246231079102e+00
1.600708246231079102e+00
1.600708246231079102e+00
1.600708246231079102e+00
1.600708246231079102e+00
1.655610799789428711e-01
6.128435134887695312e-01
6.128435134887695312e-01
8.896827697753906250e-01
8.896827697753906250e-01
8.896827697753906250e-01
8.896827697753906250e-01
1.319632768630981445e+00
1.319632768630981445e+00
1.127148985862731934e+00
1.127148985862731934e+00
1.127148985862731934e+00
9.020590782165527344e-01
9.020590782165527344e-01
4.925047457218170166e-01
3.819082379341125488e-01
3.614362180233001709e-01
3.614362180233001709e-01
3.614362180233001709e-01
1.098228693008422852e+00
1.098228693008422852e+00
5.848599076271057129e-01
1.090974569320678711e+00
1.090974569320678711e+00
1.090974569320678711e+00
1.090974569320678711e+00
1.090974569320678711e+00
1.090974569320678711e+00
1.090974569320678711e+00
1.090974569320678711e+00
1.090974569320678711e+00
1.504355430603027344e+00
1.504355430603027344e+00
1.504355430603027344e+00
1.185201644897460938e+00
1.185201644897460938e+00
1.185201644897460938e+00
7.595674991607666016e-01
7.595674991607666016e-01
7.595674991607666016e-01
7.595674991607666016e-01
7.595674991607666016e-01
7.595674991607666016e-01
1.211870551109313965e+00
1.211870551109313965e+00
1.598014593124389648e+00
1.598014593124389648e+00
1.598014593124389648e+00
1.598014593124389648e+00
1.598014593124389648e+00
1.598014593124389648e+00
1.598014593124389648e+00
1.598014593124389648e+00
1.588112711906433105e+00
1.588112711906433105e+00
8.617258071899414062e-01
8.617258071899414062e-01
8.617258071899414062e-01
8.617258071899414062e-01
2.033832550048828125e+00
2.033832550048828125e+00
2.033832550048828125e+00
8.421016931533813477e-01
2.016316413879394531e+00
2.542820692062377930e+00
3.249264478683471680e+00
3.249264478683471680e+00
2.520920753479003906e+00
2.810210943222045898e+00
2.810210943222045898e+00
2.166057586669921875e+00
2.166057586669921875e+00
2.118237018585205078e+00
2.118237018585205078e+00
2.118237018585205078e+00
2.273601770401000977e+00
1.592532396316528320e+00
1.592532396316528320e+00
1.454805016517639160e+00
1.454805016517639160e+00
1.454805016517639160e+00
1.454805016517639160e+00
1.825872302055358887e+00
2.747943401336669922e-01
2.747943401336669922e-01
8.498962521553039551e-01
8.498962521553039551e-01
9.450207352638244629e-01
1.373705625534057617e+00
1.373705625534057617e+00
9.797574877738952637e-01
9.797574877738952637e-01
9.797574877738952637e-01
9.797574877738952637e-01
1.072381019592285156e+00
7.351150512695312500e-01
7.351150512695312500e-01
8.003711700439453125e-01
8.003711700439453125e-01
8.003711700439453125e-01
1.392945528030395508e+00
4.800972342491149902e-01
4.800972342491149902e-01
4.800972342491149902e-01
4.800972342491149902e-01
4.800972342491149902e-01
4.800972342491149902e-01
1.675642967224121094e+00
1.675642967224121094e+00
1.675642967224121094e+00
1.675642967224121094e+00
8.422051072120666504e-01
8.422051072120666504e-01
8.422051072120666504e-01
8.422051072120666504e-01
8.422051072120666504e-01
3.055938482284545898e-01
9.873333573341369629e-01
7.754853963851928711e-01
7.754853963851928711e-01
7.754853963851928711e-01
7.754853963851928711e-01
2.882912755012512207e-01
2.882912755012512207e-01
1.588754415512084961e+00
1.588754415512084961e+00
1.588754415512084961e+00
1.588754415512084961e+00
1.588754415512084961e+00
1.588754415512084961e+00
1.588754415512084961e+00
1.588754415512084961e+00
8.710700869560241699e-01
3.879700899124145508e-01
1.537223696708679199e+00
1.649292707443237305e-01
1.649292707443237305e-01
7.604629993438720703e-01
7.604629993438720703e-01
7.604629993438720703e-01
7.604629993438720703e-01
7.604629993438720703e-01
7.604629993438720703e-01
7.604629993438720703e-01
7.604629993438720703e-01
7.604629993438720703e-01
7.604629993438720703e-01
7.604629993438720703e-01
7.604629993438720703e-01
7.604629993438720703e-01
3.130295872688293457e-01
1.637100696563720703e+00
1.637100696563720703e+00
7.323856949806213379e-01
7.323856949806213379e-01
7.323856949806213379e-01
7.323856949806213379e-01
7.323856949806213379e-01
7.323856949806213379e-01
7.323856949806213379e-01
5.162133574485778809e-01
4.209960699081420898e-01
4.209960699081420898e-01
5.408945083618164062e-01
5.408945083618164062e-01
5.408945083618164062e-01
5.408945083618164062e-01
1.224660396575927734e+00
1.922416687011718750e-01
1.922416687011718750e-01
1.362200140953063965e+00
9.238583445549011230e-01
9.238583445549011230e-01
9.238583445549011230e-01
9.238583445549011230e-01
9.238583445549011230e-01
4.598064720630645752e-01
4.598064720630645752e-01
4.598064720630645752e-01
4.598064720630645752e-01
4.097033143043518066e-01
6.324604749679565430e-01
2.298432826995849609e+00
2.298432826995849609e+00
1.635120511054992676e+00
1.635120511054992676e+00
6.986475586891174316e-01
6.986475586891174316e-01
6.986475586891174316e-01
6.986475586891174316e-01
6.986475586891174316e-01
9.942742586135864258e-01
7.590229511260986328e-01
7.590229511260986328e-01
1.598460316658020020e+00
1.376585602760314941e+00
1.230489015579223633e+00
1.080558776855468750e+00
1.080558776855468750e+00
1.565943360328674316e+00
1.565943360328674316e+00
1.565943360328674316e+00
1.565943360328674316e+00
1.168610692024230957e+00
1.661313295364379883e+00
1.861069202423095703e-01
1.861069202423095703e-01
1.861069202423095703e-01
1.861069202423095703e-01
1.861069202423095703e-01
1.861069202423095703e-01
8.001391887664794922e-01
8.001391887664794922e-01
8.764129877090454102e-01
6.594382524490356445e-01
3.399973511695861816e-01
3.399973511695861816e-01
3.399973511695861816e-01
3.399973511695861816e-01
1.500416517257690430e+00
1.500416517257690430e+00
1.500416517257690430e+00
1.500416517257690430e+00
1.500416517257690430e+00
1.014393448829650879e+00
1.014393448829650879e+00
1.014393448829650879e+00
1.014393448829650879e+00
4.557774066925048828e-01
4.557774066925048828e-01
4.557774066925048828e-01
1.516148686408996582e+00
1.193638563156127930e+00
1.193638563156127930e+00
1.193638563156127930e+00
1.193638563156127930e+00
5.359682440757751465e-01
5.305935144424438477e-01
5.305935144424438477e-01
5.305935144424438477e-01
5.305935144424438477e-01
5.305935144424438477e-01
5.305935144424438477e-01
5.305935144424438477e-01
8.354213237762451172e-01
8.354213237762451172e-01
9.057357311248779297e-01
9.057357311248779297e-01
9.057357311248779297e-01
1.341710329055786133e+00
1.341710329055786133e+00
6.911932229995727539e-01
6.911932229995727539e-01
6.911932229995727539e-01
6.911932229995727539e-01
6.911932229995727539e-01
6.911932229995727539e-01
6.139423251152038574e-01
1.188325405120849609e+00
1.188325405120849609e+00
1.188325405120849609e+00
1.188325405120849609e+00
1.188325405120849609e+00
1.188325405120849609e+00
1.201539754867553711e+00
1.113519668579101562e+00
1.113519668579101562e+00
1.113519668579101562e+00
1.278432726860046387e+00
1.278432726860046387e+00
1.234688639640808105e+00
1.234688639640808105e+00
1.234688639640808105e+00
1.234688639640808105e+00
8.370969891548156738e-01
8.889697194099426270e-01
8.889697194099426270e-01
3.394467830657958984e-01
3.394467830657958984e-01
3.394467830657958984e-01
3.394467830657958984e-01
3.394467830657958984e-01
3.394467830657958984e-01
3.394467830657958984e-01
3.394467830657958984e-01
3.394467830657958984e-01
7.821887731552124023e-01
7.821887731552124023e-01
7.821887731552124023e-01
7.821887731552124023e-01
7.821887731552124023e-01
7.821887731552124023e-01
7.821887731552124023e-01
7.821887731552124023e-01
7.821887731552124023e-01
8.267006874084472656e-01
8.267006874084472656e-01
9.915886521339416504e-01
9.915886521339416504e-01
9.915886521339416504e-01
9.915886521339416504e-01
9.915886521339416504e-01
9.915886521339416504e-01
9.915886521339416504e-01
9.915886521339416504e-01
8.729951381683349609e-01
8.729951381683349609e-01
4.271926581859588623e-01
4.271926581859588623e-01
5.901806950569152832e-01
1.763326406478881836e+00
1.763326406478881836e+00
1.558020591735839844e+00
1.558020591735839844e+00
1.558020591735839844e+00
8.892349600791931152e-01
1.736415386199951172e+00
1.736415386199951172e+00
2.426736831665039062e+00
