9.715080261230468750e-01
9.715080261230468750e-01
9.715080261230468750e-01
9.715080261230468750e-01
6.209937334060668945e-01
6.209937334060668945e-01
6.209937334060668945e-01
7.009714245796203613e-01
7.009714245796203613e-01
7.959310412406921387e-01
7.959310412406921387e-01
7.959310412406921387e-01
7.789399027824401855e-01
7.789399027824401855e-01
8.406893014907836914e-01
8.406893014907836914e-01
8.406893014907836914e-01
8.406893014907836914e-01
8.406893014907836914e-01
8.406893014907836914e-01
8.406893014907836914e-01
8.406893014907836914e-01
8.406893014907836914e-01
8.406893014907836914e-01
8.406893014907836914e-01
8.406893014907836914e-01
8.406893014907836914e-01
5.630006790161132812e-01
5.630006790161132812e-01
7.030299305915832520e-01
6.063218712806701660e-01
6.063218712806701660e-01
1.469750881195068359e+00
1.469750881195068359e+00
1.469750881195068359e+00
1.469750881195068359e+00
1.517100334167480469e+00
4.683783054351806641e-01
4.683783054351806641e-01
4.683783054351806641e-01
4.683783054351806641e-01
4.683783054351806641e-01
4.683783054351806641e-01
8.988717794418334961e-01
9.893561601638793945e-01
9.893561601638793945e-01
9.893561601638793945e-01
1.451525688171386719e+00
1.451525688171386719e+00
1.451525688171386719e+00
7.083982825279235840e-01
7.083982825279235840e-01
7.083982825279235840e-01
7.083982825279235840e-01
7.951618432998657227e-01
7.951618432998657227e-01
7.951618432998657227e-01
7.951618432998657227e-01
7.951618432998657227e-01
7.951618432998657227e-01
7.951618432998657227e-01
1.454376935958862305e+00
1.454376935958862305e+00
1.454376935958862305e+00
1.454376935958862305e+00
8.059752583503723145e-01
8.059752583503723145e-01
8.059752583503723145e-01
8.059752583503723145e-01
1.915435791015625000e+00
5.210181474685668945e-01
5.210181474685668945e-01
5.210181474685668945e-01
5.210181474685668945e-01
5.210181474685668945e-01
5.308029651641845703e-01
1.530606746673583984e-01
3.075621724128723145e-01
3.075621724128723145e-01
3.075621724128723145e-01
3.075621724128723145e-01
3.075621724128723145e-01
5.381946563720703125e-01
1.021245718002319336e+00
1.021245718002319336e+00
1.021245718002319336e+00
1.021245718002319336e+00
5.183391571044921875e-01
5.183391571044921875e-01
5.183391571044921875e-01
5.183391571044921875e-01
9.866802692413330078e-01
1.889486312866210938e+00
1.889486312866210938e+00
9.900004863739013672e-01
9.900004863739013672e-01
9.900004863739013672e-01
1.611332893371582031e+00
1.611332893371582031e+00
6.120523214340209961e-01
6.120523214340209961e-01
6.120523214340209961e-01
1.933315515518188477e+00
1.777001857757568359e+00
1.777001857757568359e+00
2.160922527313232422e+00
2.160922527313232422e+00
2.160922527313232422e+00
7.453783750534057617e-01
8.274693489074707031e-01
2.676553130149841309e-01
2.676553130149841309e-01
3.579559922218322754e-01
3.579559922218322754e-01
3.579559922218322754e-01
5.510304570198059082e-01
5.510304570198059082e-01
1.019665598869323730e+00
1.019665598869323730e+00
1.019665598869323730e+00
1.019665598869323730e+00
1.019665598869323730e+00
1.019665598869323730e+00
1.019665598869323730e+00
1.229909300804138184e+00
1.004950404167175293e+00
1.004950404167175293e+00
1.004950404167175293e+00
1.004950404167175293e+00
1.004950404167175293e+00
1.004950404167175293e+00
1.004950404167175293e+00
1.004950404167175293e+00
5.507429838180541992e-01
1.070398569107055664e+00
1.070398569107055664e+00
1.070398569107055664e+00
6.873483657836914062e-01
6.873483657836914062e-01
6.873483657836914062e-01
6.873483657836914062e-01
7.841923236846923828e-01
7.841923236846923828e-01
7.841923236846923828e-01
7.841923236846923828e-01
7.841923236846923828e-01
7.841923236846923828e-01
7.841923236846923828e-01
7.841923236846923828e-01
5.944021940231323242e-01
5.944021940231323242e-01
4.557646512985229492e-01
4.240038394927978516e-01
1.418308734893798828e+00
1.314970016479492188e+00
1.314970016479492188e+00
1.126031875610351562e+00
1.126031875610351562e+00
1.126031875610351562e+00
1.126031875610351562e+00
1.126031875610351562e+00
1.126031875610351562e+00
1.126031875610351562e+00
5.544724464416503906e-01
5.544724464416503906e-01
5.544724464416503906e-01
5.544724464416503906e-01
5.544724464416503906e-01
6.284679174423217773e-01
6.284679174423217773e-01
6.284679174423217773e-01
8.375055193901062012e-01
8.375055193901062012e-01
8.375055193901062012e-01
8.375055193901062012e-01
8.375055193901062012e-01
8.375055193901062012e-01
8.375055193901062012e-01
8.375055193901062012e-01
1.463207244873046875e+00
1.463207244873046875e+00
1.463207244873046875e+00
1.463207244873046875e+00
1.463207244873046875e+00
1.409199953079223633e+00
1.409199953079223633e+00
1.186795711517333984e+00
1.186795711517333984e+00
7.947177886962890625e-01
7.947177886962890625e-01
9.049329161643981934e-01
9.817364215850830078e-01
9.817364215850830078e-01
9.817364215850830078e-01
9.817364215850830078e-01
8.752282857894897461e-01
4.738753139972686768e-01
4.738753139972686768e-01
9.461240768432617188e-01
6.512311697006225586e-01
6.512311697006225586e-01
6.512311697006225586e-01
6.512311697006225586e-01
6.512311697006225586e-01
8.477225303649902344e-01
8.477225303649902344e-01
8.477225303649902344e-01
8.477225303649902344e-01
8.477225303649902344e-01
8.477225303649902344e-01
8.477225303649902344e-01
1.065492749214172363e+00
7.260308265686035156e-01
7.260308265686035156e-01
4.073529541492462158e-01
4.073529541492462158e-01
4.073529541492462158e-01
4.073529541492462158e-01
5.880452394485473633e-01
5.880452394485473633e-01
5.880452394485473633e-01
5.880452394485473633e-01
8.395860195159912109e-01
8.395860195159912109e-01
8.395860195159912109e-01
8.395860195159912109e-01
8.395860195159912109e-01
1.735179901123046875e+00
1.735179901123046875e+00
1.735179901123046875e+00
1.735179901123046875e+00
1.735179901123046875e+00
1.735179901123046875e+00
1.735179901123046875e+00
1.735179901123046875e+00
1.735179901123046875e+00
1.735179901123046875e+00
1.161725521087646484e+00
1.161725521087646484e+00
7.793973684310913086e-01
7.793973684310913086e-01
7.793973684310913086e-01
7.793973684310913086e-01
7.793973684310913086e-01
7.793973684310913086e-01
7.793973684310913086e-01
4.724734723567962646e-01
4.724734723567962646e-01
4.724734723567962646e-01
4.724734723567962646e-01
4.724734723567962646e-01
4.724734723567962646e-01
1.061427593231201172e+00
1.061427593231201172e+00
1.061427593231201172e+00
1.061427593231201172e+00
1.061427593231201172e+00
1.061427593231201172e+00
1.061427593231201172e+00
5.620322227478027344e-01
5.620322227478027344e-01
1.823394894599914551e-01
1.823394894599914551e-01
1.157943964004516602e+00
1.111444950103759766e+00
1.111444950103759766e+00
1.111444950103759766e+00
1.111444950103759766e+00
1.111444950103759766e+00
1.111444950103759766e+00
5.758881568908691406e-01
5.758881568908691406e-01
5.758881568908691406e-01
9.344490766525268555e-01
9.344490766525268555e-01
9.344490766525268555e-01
9.344490766525268555e-01
9.344490766525268555e-01
9.344490766525268555e-01
1.655610322952270508e+00
1.523089289665222168e+00
4.035892486572265625e-01
4.035892486572265625e-01
1.128714561462402344e+00
1.128714561462402344e+00
1.128714561462402344e+00
1.128714561462402344e+00
6.010222434997558594e-01
6.010222434997558594e-01
6.010222434997558594e-01
6.010222434997558594e-01
6.010222434997558594e-01
2.529653310775756836e-01
2.529653310775756836e-01
2.529653310775756836e-01
4.595119953155517578e-01
4.595119953155517578e-01
7.366890907287597656e-01
7.739458084106445312e-01
1.217406749725341797e+00
1.217406749725341797e+00
1.217406749725341797e+00
1.217406749725341797e+00
5.582511425018310547e-01
5.582511425018310547e-01
5.582511425018310547e-01
5.582511425018310547e-01
5.582511425018310547e-01
5.582511425018310547e-01
5.582511425018310547e-01
5.582511425018310547e-01
5.582511425018310547e-01
5.582511425018310547e-01
9.058870077133178711e-01
1.795413255691528320e+00
1.795413255691528320e+00
1.252316951751708984e+00
1.255800962448120117e+00
1.255800962448120117e+00
1.218457460403442383e+00
1.218457460403442383e+00
1.548231959342956543e+00
6.158797144889831543e-01
1.061335563659667969e+00
1.599804878234863281e+00
1.599804878234863281e+00
1.599804878234863281e+00
1.599804878234863281e+00
1.651433944702148438e+00
2.009563207626342773e+00
6.383311748504638672e-01
5.377703905105590820e-01
5.377703905105590820e-01
5.377703905105590820e-01
5.377703905105590820e-01
5.377703905105590820e-01
4.915681779384613037e-01
1.008633017539978027e+00
1.008633017539978027e+00
1.008633017539978027e+00
1.008633017539978027e+00
6.621568202972412109e-01
6.621568202972412109e-01
9.609916806221008301e-01
9.609916806221008301e-01
9.609916806221008301e-01
9.609916806221008301e-01
9.609916806221008301e-01
9.609916806221008301e-01
9.609916806221008301e-01
9.609916806221008301e-01
9.609916806221008301e-01
9.609916806221008301e-01
9.609916806221008301e-01
1.567291140556335449e+00
1.250567078590393066e+00
1.250567078590393066e+00
1.250567078590393066e+00
7.625149488449096680e-01
2.562394142150878906e-01
9.547348022460937500e-01
9.547348022460937500e-01
1.697374582290649414e-01
3.959313929080963135e-01
7.345044612884521484e-01
1.544956564903259277e+00
1.588861584663391113e+00
1.588861584663391113e+00
1.588861584663391113e+00
1.588861584663391113e+00
1.588861584663391113e+00
1.588861584663391113e+00
1.588861584663391113e+00
6.380499601364135742e-01
9.576445817947387695e-01
8.166730999946594238e-01
8.166730999946594238e-01
8.166730999946594238e-01
8.700671792030334473e-01
8.700671792030334473e-01
8.700671792030334473e-01
8.700671792030334473e-01
8.700671792030334473e-01
2.531298398971557617e-01
1.113568544387817383e+00
1.113568544387817383e+00
1.113568544387817383e+00
1.113568544387817383e+00
1.088176965713500977e-01
3.980785906314849854e-01
5.623248815536499023e-01
5.623248815536499023e-01
5.623248815536499023e-01
4.562662541866302490e-01
4.562662541866302490e-01
3.828734755516052246e-01
1.790999412536621094e+00
9.329981207847595215e-01
1.263022899627685547e+00
1.179759502410888672e+00
1.179759502410888672e+00
4.423066973686218262e-01
4.423066973686218262e-01
4.423066973686218262e-01
4.423066973686218262e-01
6.105613708496093750e-01
6.105613708496093750e-01
6.105613708496093750e-01
6.105613708496093750e-01
6.105613708496093750e-01
6.105613708496093750e-01
1.031457781791687012e+00
9.140080809593200684e-01
1.288456916809082031e+00
1.288456916809082031e+00
7.247521281242370605e-01
9.811767339706420898e-01
6.113924980163574219e-01
2.436216771602630615e-01
5.644218921661376953e-01
5.644218921661376953e-01
5.644218921661376953e-01
5.644218921661376953e-01
5.644218921661376953e-01
3.410546183586120605e-01
3.410546183586120605e-01
1.276939868927001953e+00
1.276939868927001953e+00
1.276939868927001953e+00
1.276939868927001953e+00
1.276939868927001953e+00
1.276939868927001953e+00
1.071448087692260742e+00
1.071448087692260742e+00
1.321502089500427246e+00
3.479213714599609375e-01
3.479213714599609375e-01
8.327114582061767578e-01
8.327114582061767578e-01
8.327114582061767578e-01
7.305060625076293945e-01
7.305060625076293945e-01
7.305060625076293945e-01
7.305060625076293945e-01
7.305060625076293945e-01
1.333661913871765137e+00
1.018810272216796875e+00
1.018810272216796875e+00
1.018810272216796875e+00
1.018810272216796875e+00
1.018810272216796875e+00
1.018810272216796875e+00
1.125631451606750488e+00
1.125631451606750488e+00
8.814555406570434570e-01
1.357559919357299805e+00
1.357559919357299805e+00
1.357559919357299805e+00
1.775311470031738281e+00
1.775311470031738281e+00
1.775311470031738281e+00
1.083885192871093750e+00
1.288027524948120117e+00
1.052774310111999512e+00
7.250239849090576172e-01
7.250239849090576172e-01
7.250239849090576172e-01
4.676311910152435303e-01
4.676311910152435303e-01
4.676311910152435303e-01
4.676311910152435303e-01
4.676311910152435303e-01
4.676311910152435303e-01
4.676311910152435303e-01
4.676311910152435303e-01
1.092979192733764648e+00
1.092979192733764648e+00
1.092979192733764648e+00
5.779826045036315918e-01
3.740392327308654785e-01
3.740392327308654785e-01
3.740392327308654785e-01
8.136861324310302734e-01
8.136861324310302734e-01
8.061794042587280273e-01
1.112206935882568359e+00
4.064340591430664062e-01
6.942086815834045410e-01
4.596334695816040039e-01
4.596334695816040039e-01
1.070707798004150391e+00
1.070707798004150391e+00
4.526446461677551270e-01
4.526446461677551270e-01
4.526446461677551270e-01
4.526446461677551270e-01
4.526446461677551270e-01
4.526446461677551270e-01
4.526446461677551270e-01
4.526446461677551270e-01
4.526446461677551270e-01
4.526446461677551270e-01
4.526446461677551270e-01
4.526446461677551270e-01
4.526446461677551270e-01
4.526446461677551270e-01
1.030949115753173828e+00
1.030949115753173828e+00
6.997447609901428223e-01
1.289896011352539062e+00
1.271640896797180176e+00
1.271640896797180176e+00
1.271640896797180176e+00
4.612119197845458984e-01
4.612119197845458984e-01
2.467166483402252197e-01
2.467166483402252197e-01
2.192395627498626709e-01
1.838625907897949219e+00
1.838625907897949219e+00
1.838625907897949219e+00
1.193646073341369629e+00
1.193646073341369629e+00
1.405225872993469238e+00
1.405225872993469238e+00
1.405225872993469238e+00
1.405225872993469238e+00
2.392795085906982422e-01
3.825663924217224121e-01
3.825663924217224121e-01
3.825663924217224121e-01
3.825663924217224121e-01
5.557808876037597656e-01
5.557808876037597656e-01
5.557808876037597656e-01
5.557808876037597656e-01
5.557808876037597656e-01
5.557808876037597656e-01
5.557808876037597656e-01
5.557808876037597656e-01
7.660523653030395508e-01
7.660523653030395508e-01
1.606055736541748047e+00
1.606055736541748047e+00
1.606055736541748047e+00
1.606055736541748047e+00
9.718537926673889160e-01
7.861320376396179199e-01
7.861320376396179199e-01
7.861320376396179199e-01
1.069344639778137207e+00
1.069344639778137207e+00
1.069344639778137207e+00
1.051116824150085449e+00
9.861812591552734375e-01
1.157286047935485840e+00
1.157286047935485840e+00
1.439367055892944336e+00
1.523799180984497070e+00
1.523799180984497070e+00
1.523799180984497070e+00
1.523799180984497070e+00
1.281422019004821777e+00
1.281422019004821777e+00
1.707092046737670898e+00
1.600799560546875000e-01
1.600799560546875000e-01
1.600799560546875000e-01
1.600799560546875000e-01
1.600799560546875000e-01
1.600799560546875000e-01
1.477323651313781738e+00
1.477323651313781738e+00
1.477323651313781738e+00
1.401778578758239746e+00
1.401778578758239746e+00
1.201878428459167480e+00
6.396706104278564453e-01
6.396706104278564453e-01
6.396706104278564453e-01
6.396706104278564453e-01
6.396706104278564453e-01
6.396706104278564453e-01
1.903048455715179443e-01
1.903048455715179443e-01
1.903048455715179443e-01
2.373231351375579834e-01
2.373231351375579834e-01
2.373231351375579834e-01
2.373231351375579834e-01
2.373231351375579834e-01
2.373231351375579834e-01
1.382692694664001465e+00
1.443737268447875977e+00
2.884916067123413086e-01
2.884916067123413086e-01
1.220183134078979492e+00
1.220183134078979492e+00
1.220183134078979492e+00
1.220183134078979492e+00
1.220183134078979492e+00
1.220183134078979492e+00
1.220183134078979492e+00
1.220183134078979492e+00
1.220183134078979492e+00
1.220183134078979492e+00
1.220183134078979492e+00
1.358907818794250488e+00
8.889120221138000488e-01
8.889120221138000488e-01
8.889120221138000488e-01
8.889120221138000488e-01
8.889120221138000488e-01
1.450948715209960938e+00
7.868160009384155273e-01
1.318068027496337891e+00
1.318068027496337891e+00
1.318068027496337891e+00
1.502925038337707520e+00
1.502925038337707520e+00
8.027026653289794922e-01
1.232850193977355957e+00
1.232850193977355957e+00
1.320459842681884766e+00
1.138911962509155273e+00
1.191253900527954102e+00
1.324684381484985352e+00
1.107400059700012207e+00
1.107400059700012207e+00
2.350593566894531250e+00
2.350593566894531250e+00
2.350593566894531250e+00
2.350593566894531250e+00
2.350593566894531250e+00
5.170035362243652344e-01
1.403468608856201172e+00
1.276069641113281250e+00
1.276069641113281250e+00
1.276069641113281250e+00
1.168800830841064453e+00
9.794443249702453613e-01
9.794443249702453613e-01
9.794443249702453613e-01
9.794443249702453613e-01
1.070150852203369141e+00
1.167247295379638672e+00
1.167247295379638672e+00
1.167247295379638672e+00
1.167247295379638672e+00
1.167247295379638672e+00
1.167247295379638672e+00
1.167247295379638672e+00
1.167247295379638672e+00
1.167247295379638672e+00
1.765565633773803711e+00
1.436765551567077637e+00
2.366085767745971680e+00
6.271435022354125977e-01
6.271435022354125977e-01
8.734085559844970703e-01
8.734085559844970703e-01
8.734085559844970703e-01
8.734085559844970703e-01
9.081161022186279297e-01
9.081161022186279297e-01
9.081161022186279297e-01
9.081161022186279297e-01
9.081161022186279297e-01
9.081161022186279297e-01
9.081161022186279297e-01
1.151103734970092773e+00
1.151103734970092773e+00
7.300406098365783691e-01
7.300406098365783691e-01
3.279180824756622314e-01
2.284782528877258301e-01
1.353270769119262695e+00
1.353270769119262695e+00
1.353270769119262695e+00
1.353270769119262695e+00
7.987420558929443359e-01
7.987420558929443359e-01
1.275107026100158691e+00
1.275107026100158691e+00
2.195411920547485352e-01
2.195411920547485352e-01
5.045214891433715820e-01
3.887518644332885742e-01
3.887518644332885742e-01
3.887518644332885742e-01
3.887518644332885742e-01
6.595797538757324219e-01
6.595797538757324219e-01
6.595797538757324219e-01
6.595797538757324219e-01
6.595797538757324219e-01
8.520803451538085938e-01
8.520803451538085938e-01
8.520803451538085938e-01
1.207796812057495117e+00
1.207796812057495117e+00
4.053211212158203125e-01
4.053211212158203125e-01
4.053211212158203125e-01
1.408142328262329102e+00
1.408142328262329102e+00
1.408142328262329102e+00
1.408142328262329102e+00
1.408142328262329102e+00
1.408142328262329102e+00
1.408142328262329102e+00
1.238031387329101562e+00
1.238031387329101562e+00
2.384069561958312988e-01
2.384069561958312988e-01
2.384069561958312988e-01
2.384069561958312988e-01
2.384069561958312988e-01
2.384069561958312988e-01
2.384069561958312988e-01
2.384069561958312988e-01
2.384069561958312988e-01
2.384069561958312988e-01
3.255175948143005371e-01
3.255175948143005371e-01
8.590643405914306641e-01
8.590643405914306641e-01
8.590643405914306641e-01
8.716940283775329590e-01
6.371687650680541992e-01
1.131356000900268555e+00
5.729371905326843262e-01
6.261779069900512695e-01
6.261779069900512695e-01
6.261779069900512695e-01
6.261779069900512695e-01
6.261779069900512695e-01
6.261779069900512695e-01
6.261779069900512695e-01
6.261779069900512695e-01
8.438218235969543457e-01
8.438218235969543457e-01
1.463973999023437500e+00
5.529381036758422852e-01
5.529381036758422852e-01
7.605904936790466309e-01
1.249197006225585938e+00
1.249197006225585938e+00
4.945114850997924805e-01
4.945114850997924805e-01
5.245239734649658203e-01
1.487498283386230469e+00
1.487498283386230469e+00
1.289844870567321777e+00
1.289844870567321777e+00
8.182916641235351562e-01
8.182916641235351562e-01
1.227948784828186035e+00
1.227948784828186035e+00
1.833318710327148438e+00
9.710627198219299316e-01
1.566996216773986816e+00
1.566996216773986816e+00
1.613513946533203125e+00
1.460623502731323242e+00
7.695440053939819336e-01
1.092538595199584961e+00
1.092538595199584961e+00
1.092538595199584961e+00
8.085734248161315918e-01
6.226089000701904297e-01
4.239531159400939941e-01
1.582990169525146484e+00
1.582990169525146484e+00
9.043395519256591797e-01
9.043395519256591797e-01
9.043395519256591797e-01
8.026243448257446289e-01
1.234373450279235840e+00
1.234373450279235840e+00
5.056369900703430176e-01
5.056369900703430176e-01
1.403833389282226562e+00
1.403833389282226562e+00
1.403833389282226562e+00
1.403833389282226562e+00
1.403833389282226562e+00
4.716849327087402344e-01
1.339531540870666504e+00
5.739533305168151855e-01
5.739533305168151855e-01
9.325060844421386719e-01
9.325060844421386719e-01
9.325060844421386719e-01
1.024027228355407715e+00
1.024027228355407715e+00
1.024027228355407715e+00
1.024027228355407715e+00
6.616353988647460938e-01
6.616353988647460938e-01
6.566824316978454590e-01
1.284976482391357422e+00
1.284976482391357422e+00
9.132180213928222656e-01
9.132180213928222656e-01
9.132180213928222656e-01
4.608831107616424561e-01
4.608831107616424561e-01
2.901339232921600342e-01
4.676337242126464844e-01
4.676337242126464844e-01
4.676337242126464844e-01
4.676337242126464844e-01
4.676337242126464844e-01
7.225525975227355957e-01
7.225525975227355957e-01
7.225525975227355957e-01
1.256589531898498535e+00
1.336357712745666504e+00
1.550118565559387207e+00
1.550118565559387207e+00
1.550118565559387207e+00
6.563580036163330078e-01
6.563580036163330078e-01
6.563580036163330078e-01
6.563580036163330078e-01
6.563580036163330078e-01
6.563580036163330078e-01
6.563580036163330078e-01
6.563580036163330078e-01
6.563580036163330078e-01
6.563580036163330078e-01
6.563580036163330078e-01
1.309106230735778809e+00
1.309106230735778809e+00
1.309106230735778809e+00
1.922984123229980469e-01
5.434100627899169922e-01
5.434100627899169922e-01
5.434100627899169922e-01
5.434100627899169922e-01
1.022117018699645996e+00
1.022117018699645996e+00
1.022117018699645996e+00
1.022117018699645996e+00
9.377267956733703613e-01
9.377267956733703613e-01
9.377267956733703613e-01
9.377267956733703613e-01
9.377267956733703613e-01
9.377267956733703613e-01
1.105581879615783691e+00
1.025813937187194824e+00
1.025813937187194824e+00
1.025813937187194824e+00
1.269248962402343750e+00
9.412936568260192871e-01
9.412936568260192871e-01
9.412936568260192871e-01
1.601206541061401367e+00
1.601206541061401367e+00
1.601206541061401367e+00
1.706461906433105469e+00
1.706461906433105469e+00
2.130638122558593750e+00
2.130638122558593750e+00
2.130638122558593750e+00
1.856608748435974121e+00
1.482413053512573242e+00
3.398424386978149414e-01
4.599588215351104736e-01
4.599588215351104736e-01
6.459932923316955566e-01
6.459932923316955566e-01
1.912699699401855469e+00
1.912699699401855469e+00
1.912699699401855469e+00
1.912699699401855469e+00
4.971005916595458984e-01
4.971005916595458984e-01
1.015048027038574219e+00
1.015048027038574219e+00
1.015048027038574219e+00
1.860005855560302734e-01
8.627182245254516602e-01
8.627182245254516602e-01
8.627182245254516602e-01
7.154786586761474609e-01
7.154786586761474609e-01
7.154786586761474609e-01
7.154786586761474609e-01
7.154786586761474609e-01
7.154786586761474609e-01
7.154786586761474609e-01
8.365859389305114746e-01
8.365859389305114746e-01
6.684890985488891602e-01
6.684890985488891602e-01
6.684890985488891602e-01
6.684890985488891602e-01
6.684890985488891602e-01
6.684890985488891602e-01
6.684890985488891602e-01
6.684890985488891602e-01
6.684890985488891602e-01
6.684890985488891602e-01
6.684890985488891602e-01
6.874557137489318848e-01
6.874557137489318848e-01
6.874557137489318848e-01
4.894600510597229004e-01
4.894600510597229004e-01
9.257864952087402344e-01
9.257864952087402344e-01
9.257864952087402344e-01
9.257864952087402344e-01
9.257864952087402344e-01
9.257864952087402344e-01
8.916742801666259766e-01
8.916742801666259766e-01
8.916742801666259766e-01
8.916742801666259766e-01
8.916742801666259766e-01
8.916742801666259766e-01
8.916742801666259766e-01
8.916742801666259766e-01
8.916742801666259766e-01
8.916742801666259766e-01
8.916742801666259766e-01
8.916742801666259766e-01
1.441419363021850586e+00
1.441419363021850586e+00
1.441419363021850586e+00
9.267424345016479492e-01
7.354443073272705078e-01
7.354443073272705078e-01
7.354443073272705078e-01
1.174913644790649414e+00
1.174913644790649414e+00
1.174913644790649414e+00
1.174913644790649414e+00
1.722314715385437012e+00
2.038542747497558594e+00
2.038542747497558594e+00
2.038542747497558594e+00
2.038542747497558594e+00
2.038542747497558594e+00
2.038542747497558594e+00
1.793783664703369141e+00
1.793783664703369141e+00
1.849835276603698730e+00
1.920981287956237793e+00
1.934591293334960938e+00
1.566360473632812500e+00
1.566360473632812500e+00
1.566360473632812500e+00
1.566360473632812500e+00
1.566360473632812500e+00
1.566360473632812500e+00
1.566360473632812500e+00
7.641640305519104004e-01
4.541727900505065918e-01
4.541727900505065918e-01
5.584629774093627930e-01
4.565230011940002441e-01
8.352003693580627441e-01
8.352003693580627441e-01
6.885892748832702637e-01
1.383654356002807617e+00
1.383654356002807617e+00
1.383654356002807617e+00
1.383654356002807617e+00
1.016936302185058594e+00
1.016936302185058594e+00
1.016936302185058594e+00
1.016936302185058594e+00
1.571355342864990234e+00
1.521804809570312500e+00
1.521804809570312500e+00
1.101863026618957520e+00
1.101863026618957520e+00
1.101863026618957520e+00
1.101863026618957520e+00
7.101055383682250977e-01
7.101055383682250977e-01
5.833516120910644531e-01
5.833516120910644531e-01
9.858058691024780273e-01
9.858058691024780273e-01
6.775115132331848145e-01
4.936527907848358154e-01
1.004555106163024902e+00
4.819274544715881348e-01
4.819274544715881348e-01
4.913833737373352051e-01
1.286456465721130371e+00
1.286456465721130371e+00
1.286456465721130371e+00
1.286456465721130371e+00
1.286456465721130371e+00
1.286456465721130371e+00
1.435305953025817871e+00
1.435305953025817871e+00
1.435305953025817871e+00
1.636873483657836914e+00
1.636873483657836914e+00
5.158730745315551758e-01
5.158730745315551758e-01
5.158730745315551758e-01
5.158730745315551758e-01
5.158730745315551758e-01
5.158730745315551758e-01
9.420413970947265625e-01
6.536997556686401367e-01
4.386824965476989746e-01
4.386824965476989746e-01
5.682221651077270508e-01
5.682221651077270508e-01
1.863725185394287109e+00
8.489627838134765625e-01
8.489627838134765625e-01
8.489627838134765625e-01
8.489627838134765625e-01
7.096465826034545898e-01
5.540469884872436523e-01
5.540469884872436523e-01
6.157069802284240723e-01
6.157069802284240723e-01
6.157069802284240723e-01
1.034203171730041504e+00
1.034203171730041504e+00
1.034203171730041504e+00
1.034203171730041504e+00
1.034203171730041504e+00
1.034203171730041504e+00
1.550587177276611328e+00
1.367335438728332520e+00
1.367335438728332520e+00
1.367335438728332520e+00
3.854266405105590820e-01
3.854266405105590820e-01
3.854266405105590820e-01
7.950342893600463867e-01
1.287737250328063965e+00
1.665804862976074219e+00
9.713405370712280273e-01
4.028237462043762207e-01
1.397257804870605469e+00
1.397257804870605469e+00
3.996652960777282715e-01
3.996652960777282715e-01
3.996652960777282715e-01
3.996652960777282715e-01
3.996652960777282715e-01
3.996652960777282715e-01
3.996652960777282715e-01
3.996652960777282715e-01
3.996652960777282715e-01
9.809323549270629883e-01
9.809323549270629883e-01
9.809323549270629883e-01
5.309263467788696289e-01
5.309263467788696289e-01
5.309263467788696289e-01
5.918973088264465332e-01
9.818680286407470703e-01
9.818680286407470703e-01
9.818680286407470703e-01
9.818680286407470703e-01
9.818680286407470703e-01
9.818680286407470703e-01
9.818680286407470703e-01
8.900452852249145508e-01
8.900452852249145508e-01
8.900452852249145508e-01
8.900452852249145508e-01
1.111512780189514160e+00
1.111512780189514160e+00
7.852224111557006836e-01
9.850525259971618652e-01
1.057493329048156738e+00
8.038666248321533203e-01
8.038666248321533203e-01
8.038666248321533203e-01
1.180027723312377930e+00
1.180027723312377930e+00
2.590898871421813965e-01
2.590898871421813965e-01
2.590898871421813965e-01
1.140302419662475586e+00
5.104635953903198242e-01
5.104635953903198242e-01
4.114683866500854492e-01
4.114683866500854492e-01
4.114683866500854492e-01
5.382819771766662598e-01
5.382819771766662598e-01
5.382819771766662598e-01
1.131331324577331543e+00
1.131331324577331543e+00
7.212424278259277344e-01
1.278282403945922852e-01
1.278282403945922852e-01
1.556075096130371094e+00
3.472260236740112305e-01
5.415899753570556641e-01
3.133210539817810059e-01
3.133210539817810059e-01
3.981710672378540039e-01
7.578263282775878906e-01
7.578263282775878906e-01
7.578263282775878906e-01
6.683425903320312500e-01
6.683425903320312500e-01
5.550987124443054199e-01
5.725880265235900879e-01
1.120175123214721680e+00
3.690581917762756348e-01
3.690581917762756348e-01
3.690581917762756348e-01
3.690581917762756348e-01
3.690581917762756348e-01
3.690581917762756348e-01
3.639788329601287842e-01
3.639788329601287842e-01
5.633898973464965820e-01
5.633898973464965820e-01
6.907408237457275391e-01
2.902052402496337891e-01
2.902052402496337891e-01
2.902052402496337891e-01
2.902052402496337891e-01
2.902052402496337891e-01
2.902052402496337891e-01
2.902052402496337891e-01
8.335934281349182129e-01
1.136901378631591797e+00
1.136901378631591797e+00
8.322279453277587891e-01
1.626792192459106445e+00
1.626792192459106445e+00
1.715481042861938477e+00
1.715481042861938477e+00
1.068998694419860840e+00
5.370585918426513672e-01
2.096993923187255859e-01
2.096993923187255859e-01
2.096993923187255859e-01
1.191876888275146484e+00
1.191876888275146484e+00
1.191876888275146484e+00
1.191876888275146484e+00
8.989197015762329102e-01
6.237013936042785645e-01
6.237013936042785645e-01
1.248499393463134766e+00
1.248499393463134766e+00
6.151382923126220703e-01
6.151382923126220703e-01
6.151382923126220703e-01
6.151382923126220703e-01
9.135554432868957520e-01
9.135554432868957520e-01
1.924000740051269531e+00
3.697792291641235352e-01
3.697792291641235352e-01
3.697792291641235352e-01
2.898487448692321777e-01
2.898487448692321777e-01
2.898487448692321777e-01
7.619837522506713867e-01
9.729897379875183105e-01
9.729897379875183105e-01
9.729897379875183105e-01
1.065972685813903809e+00
4.918629527091979980e-01
4.918629527091979980e-01
4.918629527091979980e-01
4.918629527091979980e-01
4.918629527091979980e-01
4.918629527091979980e-01
4.918629527091979980e-01
4.962147176265716553e-01
4.962147176265716553e-01
4.962147176265716553e-01
4.962147176265716553e-01
4.962147176265716553e-01
8.763470649719238281e-01
7.465784549713134766e-01
7.465784549713134766e-01
7.465784549713134766e-01
7.465784549713134766e-01
4.487513303756713867e-01
4.487513303756713867e-01
4.487513303756713867e-01
1.551618218421936035e+00
1.551618218421936035e+00
1.558530807495117188e+00
1.558530807495117188e+00
1.558530807495117188e+00
1.558530807495117188e+00
1.558530807495117188e+00
1.558530807495117188e+00
1.558530807495117188e+00
1.766355752944946289e+00
1.703843355178833008e+00
1.435605287551879883e+00
6.786545515060424805e-01
6.786545515060424805e-01
6.786545515060424805e-01
6.786545515060424805e-01
2.093099057674407959e-01
2.093099057674407959e-01
3.220303356647491455e-01
1.086308717727661133e+00
1.086308717727661133e+00
1.204951643943786621e+00
7.436919212341308594e-01
7.436919212341308594e-01
7.436919212341308594e-01
1.053647041320800781e+00
1.053647041320800781e+00
1.053647041320800781e+00
1.053647041320800781e+00
1.053647041320800781e+00
1.053647041320800781e+00
1.053647041320800781e+00
5.264316201210021973e-01
5.264316201210021973e-01
8.214515447616577148e-01
9.460670948028564453e-01
1.040391921997070312e+00
1.040391921997070312e+00
1.040391921997070312e+00
1.040391921997070312e+00
1.040391921997070312e+00
1.040391921997070312e+00
1.040391921997070312e+00
1.149971842765808105e+00
4.826203584671020508e-01
1.036043405532836914e+00
1.036043405532836914e+00
1.036043405532836914e+00
1.036043405532836914e+00
1.036043405532836914e+00
1.036043405532836914e+00
1.036043405532836914e+00
1.036043405532836914e+00
1.036043405532836914e+00
1.036043405532836914e+00
1.567375898361206055e+00
1.098657608032226562e+00
1.098657608032226562e+00
1.098657608032226562e+00
1.098657608032226562e+00
1.098657608032226562e+00
1.098657608032226562e+00
6.618710756301879883e-01
6.618710756301879883e-01
1.122274756431579590e+00
3.483529090881347656e-01
3.483529090881347656e-01
3.483529090881347656e-01
3.483529090881347656e-01
3.483529090881347656e-01
3.483529090881347656e-01
8.646748065948486328e-01
8.646748065948486328e-01
7.750020027160644531e-01
1.113033294677734375e+00
1.113033294677734375e+00
5.288596749305725098e-01
7.299671173095703125e-01
4.647167623043060303e-01
1.672890186309814453e+00
1.247387647628784180e+00
1.639857649803161621e+00
3.956739902496337891e-01
1.182307720184326172e+00
9.119818210601806641e-01
5.088441371917724609e-01
5.088441371917724609e-01
5.088441371917724609e-01
5.088441371917724609e-01
5.088441371917724609e-01
5.088441371917724609e-01
5.088441371917724609e-01
1.318768620491027832e+00
1.246278285980224609e+00
1.612846612930297852e+00
5.217040777206420898e-01
1.259901046752929688e+00
7.782577276229858398e-01
7.782577276229858398e-01
7.782577276229858398e-01
7.782577276229858398e-01
7.782577276229858398e-01
6.982582211494445801e-01
6.982582211494445801e-01
6.982582211494445801e-01
6.982582211494445801e-01
6.982582211494445801e-01
6.982582211494445801e-01
1.242922306060791016e+00
1.242922306060791016e+00
1.242922306060791016e+00
7.016881704330444336e-01
7.016881704330444336e-01
7.016881704330444336e-01
7.016881704330444336e-01
1.453862786293029785e+00
8.487581014633178711e-01
8.487581014633178711e-01
8.487581014633178711e-01
8.487581014633178711e-01
8.487581014633178711e-01
8.487581014633178711e-01
1.748671770095825195e+00
1.773952722549438477e+00
1.773952722549438477e+00
9.059177637100219727e-01
5.265818238258361816e-01
5.265818238258361816e-01
5.265818238258361816e-01
5.265818238258361816e-01
5.265818238258361816e-01
1.178646326065063477e+00
8.193910121917724609e-01
8.193910121917724609e-01
8.193910121917724609e-01
8.193910121917724609e-01
8.193910121917724609e-01
8.193910121917724609e-01
8.193910121917724609e-01
8.193910121917724609e-01
8.193910121917724609e-01
1.042472481727600098e+00
1.042472481727600098e+00
1.042472481727600098e+00
1.042472481727600098e+00
1.042472481727600098e+00
9.136388897895812988e-01
9.136388897895812988e-01
9.136388897895812988e-01
6.252745389938354492e-01
7.895429134368896484e-01
7.895429134368896484e-01
7.895429134368896484e-01
7.895429134368896484e-01
7.895429134368896484e-01
9.867153763771057129e-01
2.694493532180786133e-01
1.018640756607055664e+00
1.018640756607055664e+00
1.018640756607055664e+00
6.942358016967773438e-01
6.942358016967773438e-01
9.229015707969665527e-01
9.229015707969665527e-01
9.229015707969665527e-01
1.254487037658691406e+00
1.340764522552490234e+00
1.475962162017822266e+00
1.475962162017822266e+00
1.662701845169067383e+00
1.662701845169067383e+00
6.644129157066345215e-01
5.158088207244873047e-01
9.826637506484985352e-01
9.826637506484985352e-01
3.745033740997314453e-01
3.745033740997314453e-01
3.745033740997314453e-01
3.745033740997314453e-01
6.616193652153015137e-01
6.616193652153015137e-01
6.616193652153015137e-01
6.616193652153015137e-01
6.829062104225158691e-01
6.829062104225158691e-01
6.829062104225158691e-01
6.829062104225158691e-01
6.829062104225158691e-01
1.026683092117309570e+00
1.026683092117309570e+00
1.026683092117309570e+00
1.026683092117309570e+00
1.026683092117309570e+00
1.026683092117309570e+00
1.026683092117309570e+00
4.095333218574523926e-01
4.095333218574523926e-01
4.095333218574523926e-01
4.095333218574523926e-01
4.095333218574523926e-01
4.095333218574523926e-01
4.095333218574523926e-01
6.409235000610351562e-01
5.757525563240051270e-01
1.007087349891662598e+00
6.006791591644287109e-01
6.006791591644287109e-01
6.006791591644287109e-01
6.006791591644287109e-01
6.006791591644287109e-01
6.006791591644287109e-01
1.223523139953613281e+00
1.223523139953613281e+00
1.223523139953613281e+00
1.001387834548950195e+00
6.859565973281860352e-01
6.859565973281860352e-01
4.579769968986511230e-01
7.150971889495849609e-01
7.150971889495849609e-01
8.378517031669616699e-01
8.378517031669616699e-01
1.260232567787170410e+00
1.608121871948242188e+00
1.608121871948242188e+00
1.608121871948242188e+00
1.679284930229187012e+00
1.064728975296020508e+00
1.064728975296020508e+00
1.064728975296020508e+00
1.064728975296020508e+00
1.014598608016967773e+00
1.014598608016967773e+00
4.061359763145446777e-01
4.061359763145446777e-01
3.327393233776092529e-01
3.327393233776092529e-01
3.327393233776092529e-01
8.937296867370605469e-01
8.937296867370605469e-01
8.937296867370605469e-01
8.937296867370605469e-01
8.937296867370605469e-01
8.937296867370605469e-01
8.873302936553955078e-01
8.873302936553955078e-01
9.231376051902770996e-01
9.231376051902770996e-01
9.231376051902770996e-01
9.231376051902770996e-01
9.231376051902770996e-01
8.908355236053466797e-01
8.908355236053466797e-01
8.908355236053466797e-01
4.955308437347412109e-01
4.955308437347412109e-01
4.955308437347412109e-01
4.955308437347412109e-01
4.955308437347412109e-01
4.352627098560333252e-01
4.352627098560333252e-01
4.352627098560333252e-01
4.352627098560333252e-01
4.352627098560333252e-01
4.728553593158721924e-01
4.728553593158721924e-01
4.728553593158721924e-01
1.087133288383483887e+00
1.087133288383483887e+00
1.087133288383483887e+00
1.087133288383483887e+00
1.087133288383483887e+00
1.087133288383483887e+00
1.087133288383483887e+00
5.236954689025878906e-01
5.236954689025878906e-01
1.238568067550659180e+00
1.238568067550659180e+00
1.238568067550659180e+00
1.238568067550659180e+00
7.925794124603271484e-01
7.925794124603271484e-01
7.925794124603271484e-01
7.925794124603271484e-01
1.085235476493835449e-01
1.085235476493835449e-01
1.085235476493835449e-01
1.085235476493835449e-01
7.875663042068481445e-01
7.875663042068481445e-01
7.875663042068481445e-01
7.875663042068481445e-01
7.875663042068481445e-01
4.305600821971893311e-01
1.167508959770202637e+00
1.566777586936950684e+00
2.800114154815673828e-01
2.800114154815673828e-01
2.800114154815673828e-01
2.800114154815673828e-01
2.800114154815673828e-01
3.120422959327697754e-01
3.120422959327697754e-01
3.120422959327697754e-01
8.212823271751403809e-01
1.311336994171142578e+00
9.776463508605957031e-01
9.776463508605957031e-01
9.776463508605957031e-01
9.776463508605957031e-01
4.623537659645080566e-01
4.623537659645080566e-01
4.623537659645080566e-01
4.623537659645080566e-01
9.737380146980285645e-01
9.737380146980285645e-01
9.737380146980285645e-01
9.737380146980285645e-01
9.737380146980285645e-01
9.737380146980285645e-01
9.737380146980285645e-01
9.737380146980285645e-01
9.737380146980285645e-01
1.469847559928894043e+00
1.469847559928894043e+00
1.469847559928894043e+00
1.469847559928894043e+00
1.469847559928894043e+00
1.469847559928894043e+00
1.469847559928894043e+00
7.506415843963623047e-01
7.795569300651550293e-01
7.795569300651550293e-01
7.795569300651550293e-01
7.795569300651550293e-01
7.795569300651550293e-01
7.795569300651550293e-01
7.795569300651550293e-01
7.795569300651550293e-01
7.795569300651550293e-01
1.013951301574707031e+00
1.013951301574707031e+00
1.013951301574707031e+00
1.013951301574707031e+00
6.586784124374389648e-01
4.003187119960784912e-01
1.248174428939819336e+00
1.248174428939819336e+00
1.390554308891296387e+00
1.390554308891296387e+00
1.775184869766235352e-01
8.592528104782104492e-01
1.172845721244812012e+00
1.172845721244812012e+00
1.079463601112365723e+00
8.689600825309753418e-01
1.699187517166137695e+00
1.699187517166137695e+00
3.487695455551147461e-01
3.487695455551147461e-01
3.487695455551147461e-01
3.487695455551147461e-01
9.076556563377380371e-01
9.076556563377380371e-01
6.063500046730041504e-01
6.063500046730041504e-01
1.388390898704528809e+00
8.719814419746398926e-01
3.242610692977905273e-01
3.242610692977905273e-01
3.242610692977905273e-01
1.201658248901367188e+00
1.201658248901367188e+00
1.201658248901367188e+00
1.201658248901367188e+00
1.201658248901367188e+00
6.791068911552429199e-01
6.791068911552429199e-01
2.528028786182403564e-01
5.641260147094726562e-01
1.113592386245727539e+00
1.113592386245727539e+00
1.113592386245727539e+00
1.113592386245727539e+00
1.113592386245727539e+00
1.113592386245727539e+00
9.450412988662719727e-01
6.428211331367492676e-01
6.428211331367492676e-01
6.428211331367492676e-01
6.428211331367492676e-01
6.428211331367492676e-01
3.638780713081359863e-01
8.440459966659545898e-01
5.990529656410217285e-01
8.892593383789062500e-01
8.892593383789062500e-01
2.028505563735961914e+00
2.028505563735961914e+00
2.028505563735961914e+00
1.958106637001037598e+00
1.958106637001037598e+00
1.958106637001037598e+00
1.958106637001037598e+00
1.958106637001037598e+00
1.958106637001037598e+00
1.958106637001037598e+00
1.958106637001037598e+00
1.048508405685424805e+00
1.048508405685424805e+00
1.048508405685424805e+00
1.048508405685424805e+00
8.716725707054138184e-01
1.289590835571289062e+00
1.289590835571289062e+00
1.289590835571289062e+00
1.070818305015563965e+00
1.070818305015563965e+00
1.334974169731140137e+00
1.527475357055664062e+00
1.527475357055664062e+00
1.527475357055664062e+00
1.527475357055664062e+00
1.527475357055664062e+00
1.527475357055664062e+00
1.527475357055664062e+00
1.080839872360229492e+00
1.080839872360229492e+00
1.080839872360229492e+00
4.899680614471435547e-01
4.899680614471435547e-01
4.899680614471435547e-01
4.899680614471435547e-01
4.899680614471435547e-01
4.899680614471435547e-01
4.899680614471435547e-01
4.899680614471435547e-01
4.899680614471435547e-01
4.899680614471435547e-01
4.899680614471435547e-01
9.085164666175842285e-01
5.297070741653442383e-01
4.712215363979339600e-01
4.712215363979339600e-01
4.712215363979339600e-01
9.368041753768920898e-01
9.368041753768920898e-01
6.911126375198364258e-01
6.911126375198364258e-01
6.911126375198364258e-01
6.911126375198364258e-01
6.911126375198364258e-01
6.911126375198364258e-01
1.453243494033813477e-01
1.453243494033813477e-01
1.453243494033813477e-01
5.501174926757812500e-01
1.461873531341552734e+00
1.461873531341552734e+00
1.461873531341552734e+00
1.372570395469665527e+00
1.372570395469665527e+00
3.950450420379638672e-01
3.950450420379638672e-01
3.950450420379638672e-01
3.950450420379638672e-01
7.059116959571838379e-01
6.391558647155761719e-01
7.779795527458190918e-01
7.779795527458190918e-01
7.779795527458190918e-01
7.779795527458190918e-01
7.779795527458190918e-01
7.779795527458190918e-01
2.097272634506225586e+00
2.097272634506225586e+00
1.174361467361450195e+00
7.043572664260864258e-01
7.043572664260864258e-01
7.043572664260864258e-01
8.623603582382202148e-01
7.803426980972290039e-01
6.901092529296875000e-01
6.901092529296875000e-01
6.901092529296875000e-01
6.901092529296875000e-01
9.418637156486511230e-01
7.990812659263610840e-01
7.990812659263610840e-01
1.321526408195495605e+00
4.628462195396423340e-01
4.628462195396423340e-01
3.077512383460998535e-01
1.097808599472045898e+00
1.097808599472045898e+00
1.097808599472045898e+00
1.097808599472045898e+00
7.518520951271057129e-01
7.518520951271057129e-01
7.518520951271057129e-01
7.343572378158569336e-01
9.302040934562683105e-01
9.302040934562683105e-01
7.986846566200256348e-01
7.986846566200256348e-01
7.986846566200256348e-01
7.986846566200256348e-01
7.986846566200256348e-01
1.367571949958801270e+00
1.962788820266723633e+00
1.962788820266723633e+00
2.465391159057617188e+00
1.527926921844482422e+00
1.139624595642089844e+00
1.139624595642089844e+00
1.139624595642089844e+00
1.139624595642089844e+00
5.622661709785461426e-01
5.622661709785461426e-01
5.622661709785461426e-01
8.813155889511108398e-01
1.062722682952880859e+00
1.062722682952880859e+00
1.062722682952880859e+00
1.062722682952880859e+00
8.445475697517395020e-01
8.445475697517395020e-01
1.162849426269531250e+00
1.162849426269531250e+00
8.020824193954467773e-01
8.020824193954467773e-01
8.020824193954467773e-01
8.020824193954467773e-01
8.020824193954467773e-01
6.455580592155456543e-01
3.517653942108154297e-01
3.433242440223693848e-01
3.433242440223693848e-01
3.433242440223693848e-01
3.433242440223693848e-01
3.433242440223693848e-01
3.433242440223693848e-01
3.433242440223693848e-01
7.872954607009887695e-01
3.952786326408386230e-01
1.173895955085754395e+00
1.173895955085754395e+00
7.999644279479980469e-01
1.090949177742004395e+00
1.090949177742004395e+00
4.079033732414245605e-01
4.079033732414245605e-01
4.079033732414245605e-01
4.079033732414245605e-01
3.433056175708770752e-01
1.378370165824890137e+00
3.160423040390014648e-01
3.160423040390014648e-01
3.160423040390014648e-01
3.160423040390014648e-01
3.160423040390014648e-01
1.168175220489501953e+00
4.153581261634826660e-01
5.039511919021606445e-01
5.039511919021606445e-01
2.995585203170776367e-01
1.216081857681274414e+00
1.216081857681274414e+00
1.216081857681274414e+00
1.216081857681274414e+00
1.345368146896362305e+00
1.424537062644958496e+00
1.424537062644958496e+00
1.424537062644958496e+00
1.424537062644958496e+00
9.183924794197082520e-01
4.713678359985351562e-01
4.452900886535644531e-01
1.985674351453781128e-01
1.020121693611145020e+00
9.855292439460754395e-01
9.855292439460754395e-01
1.103921771049499512e+00
1.103921771049499512e+00
1.103921771049499512e+00
1.103921771049499512e+00
5.398031473159790039e-01
1.860836505889892578e+00
9.104753732681274414e-01
1.271516323089599609e+00
1.077261924743652344e+00
1.077261924743652344e+00
1.077261924743652344e+00
1.077261924743652344e+00
1.077261924743652344e+00
1.208469867706298828e+00
1.792833447456359863e+00
1.792833447456359863e+00
1.792833447456359863e+00
4.103646278381347656e-01
6.528066396713256836e-01
6.528066396713256836e-01
6.528066396713256836e-01
8.839321732521057129e-01
8.839321732521057129e-01
4.127653837203979492e-01
2.589632868766784668e-01
2.589632868766784668e-01
2.589632868766784668e-01
2.589632868766784668e-01
1.281737089157104492e+00
1.281737089157104492e+00
5.579379200935363770e-01
7.531199455261230469e-01
7.531199455261230469e-01
7.531199455261230469e-01
7.531199455261230469e-01
7.531199455261230469e-01
7.531199455261230469e-01
7.861522436141967773e-01
1.354524731636047363e+00
1.903560280799865723e+00
1.903560280799865723e+00
1.903560280799865723e+00
1.903560280799865723e+00
1.355519771575927734e+00
1.785370111465454102e-01
1.124362587928771973e+00
1.124362587928771973e+00
1.124362587928771973e+00
5.990168452262878418e-01
4.747343063354492188e-01
4.747343063354492188e-01
4.747343063354492188e-01
4.747343063354492188e-01
8.359494805335998535e-01
8.359494805335998535e-01
8.359494805335998535e-01
7.591491937637329102e-01
7.591491937637329102e-01
7.591491937637329102e-01
7.591491937637329102e-01
7.877696752548217773e-01
7.877696752548217773e-01
7.877696752548217773e-01
7.877696752548217773e-01
7.877696752548217773e-01
7.877696752548217773e-01
4.940463900566101074e-01
4.940463900566101074e-01
1.125129461288452148e+00
4.778443574905395508e-01
4.778443574905395508e-01
4.778443574905395508e-01
4.778443574905395508e-01
4.778443574905395508e-01
4.778443574905395508e-01
4.778443574905395508e-01
4.778443574905395508e-01
5.397791266441345215e-01
5.397791266441345215e-01
5.397791266441345215e-01
8.527344465255737305e-01
8.527344465255737305e-01
1.053482532501220703e+00
2.068892955780029297e+00
2.068892955780029297e+00
1.514289498329162598e+00
3.320848941802978516e-01
3.320848941802978516e-01
1.226862430572509766e+00
1.087804198265075684e+00
1.087804198265075684e+00
1.087804198265075684e+00
1.164263248443603516e+00
1.563919901847839355e+00
1.237053871154785156e+00
1.237053871154785156e+00
8.808619379997253418e-01
8.808619379997253418e-01
4.439343810081481934e-01
3.597595095634460449e-01
3.597595095634460449e-01
3.597595095634460449e-01
3.597595095634460449e-01
3.597595095634460449e-01
3.546748757362365723e-01
3.546748757362365723e-01
1.224129676818847656e+00
1.224129676818847656e+00
6.537232995033264160e-01
6.537232995033264160e-01
2.787517607212066650e-01
2.787517607212066650e-01
2.787517607212066650e-01
2.787517607212066650e-01
2.787517607212066650e-01
2.787517607212066650e-01
9.094767570495605469e-01
9.094767570495605469e-01
9.094767570495605469e-01
1.139509677886962891e+00
1.139509677886962891e+00
1.139509677886962891e+00
6.952443122863769531e-01
2.526388466358184814e-01
2.526388466358184814e-01
1.353712439537048340e+00
1.353712439537048340e+00
4.331821799278259277e-01
4.331821799278259277e-01
5.887337327003479004e-01
9.987632632255554199e-01
8.552141189575195312e-01
8.552141189575195312e-01
8.552141189575195312e-01
8.552141189575195312e-01
8.552141189575195312e-01
2.670389413833618164e-01
2.670389413833618164e-01
1.284586668014526367e+00
1.284586668014526367e+00
1.284586668014526367e+00
4.954453110694885254e-01
4.954453110694885254e-01
7.401697039604187012e-01
1.027193903923034668e+00
6.790744066238403320e-01
8.066499233245849609e-01
8.066499233245849609e-01
1.403072953224182129e+00
8.319769501686096191e-01
8.319769501686096191e-01
8.319769501686096191e-01
8.274132609367370605e-01
9.781104326248168945e-01
9.083141088485717773e-01
6.134096980094909668e-01
9.911325573921203613e-01
9.911325573921203613e-01
1.064621925354003906e+00
3.721448183059692383e-01
1.396653652191162109e+00
1.396653652191162109e+00
1.345346808433532715e+00
8.375709056854248047e-01
8.375709056854248047e-01
1.115684151649475098e+00
9.358761906623840332e-01
9.358761906623840332e-01
1.150389790534973145e+00
1.150389790534973145e+00
1.150389790534973145e+00
1.150389790534973145e+00
1.150389790534973145e+00
1.213621139526367188e+00
1.014412403106689453e+00
1.014412403106689453e+00
8.198517560958862305e-01
8.198517560958862305e-01
1.022465944290161133e+00
1.073014259338378906e+00
1.073014259338378906e+00
1.662579059600830078e+00
1.526147007942199707e+00
1.526147007942199707e+00
1.849425554275512695e+00
1.067986845970153809e+00
9.219943881034851074e-01
1.158566713333129883e+00
7.607843279838562012e-01
5.099018812179565430e-01
5.099018812179565430e-01
9.287436008453369141e-01
9.287436008453369141e-01
9.287436008453369141e-01
9.287436008453369141e-01
9.287436008453369141e-01
9.287436008453369141e-01
9.287436008453369141e-01
1.599235534667968750e+00
1.322989583015441895e+00
1.983118295669555664e+00
1.983118295669555664e+00
8.322799205780029297e-01
8.322799205780029297e-01
2.189220786094665527e-01
2.189220786094665527e-01
1.286040306091308594e+00
3.753635883331298828e-01
3.753635883331298828e-01
7.351563572883605957e-01
6.663499474525451660e-01
6.663499474525451660e-01
6.663499474525451660e-01
6.663499474525451660e-01
4.160804450511932373e-01
1.128719925880432129e+00
1.128719925880432129e+00
1.128719925880432129e+00
4.458004236221313477e-01
4.458004236221313477e-01
4.458004236221313477e-01
4.458004236221313477e-01
4.458004236221313477e-01
1.573173999786376953e-01
1.573173999786376953e-01
2.516110837459564209e-01
2.516110837459564209e-01
2.516110837459564209e-01
2.468485683202743530e-01
2.468485683202743530e-01
3.750441670417785645e-01
3.750441670417785645e-01
1.507994651794433594e+00
1.804796695709228516e+00
1.967536211013793945e-01
1.967536211013793945e-01
1.967536211013793945e-01
1.967536211013793945e-01
1.967536211013793945e-01
1.967536211013793945e-01
1.967536211013793945e-01
1.184579730033874512e+00
1.184579730033874512e+00
1.184579730033874512e+00
1.184579730033874512e+00
1.184579730033874512e+00
1.616298079490661621e+00
2.025175094604492188e+00
1.378851532936096191e+00
1.378851532936096191e+00
1.378851532936096191e+00
1.378851532936096191e+00
1.378851532936096191e+00
1.589839100837707520e+00
1.589839100837707520e+00
2.551324367523193359e-01
9.414942860603332520e-01
9.414942860603332520e-01
9.414942860603332520e-01
4.260043501853942871e-01
4.296579062938690186e-01
4.296579062938690186e-01
4.296579062938690186e-01
4.296579062938690186e-01
4.296579062938690186e-01
4.296579062938690186e-01
4.296579062938690186e-01
4.296579062938690186e-01
4.296579062938690186e-01
1.192875981330871582e+00
1.192875981330871582e+00
2.935513854026794434e-01
8.849415183067321777e-02
8.849415183067321777e-02
8.849415183067321777e-02
6.123085021972656250e-01
6.123085021972656250e-01
6.123085021972656250e-01
6.123085021972656250e-01
3.126119375228881836e-01
3.126119375228881836e-01
3.126119375228881836e-01
1.362039804458618164e+00
1.362039804458618164e+00
1.635223031044006348e+00
1.635223031044006348e+00
1.635223031044006348e+00
1.635223031044006348e+00
1.696647286415100098e+00
2.109164953231811523e+00
2.109164953231811523e+00
2.109164953231811523e+00
3.007376194000244141e-01
3.007376194000244141e-01
3.007376194000244141e-01
3.007376194000244141e-01
1.251824378967285156e+00
1.209144473075866699e+00
1.209144473075866699e+00
1.146984577178955078e+00
1.146984577178955078e+00
1.146984577178955078e+00
1.146984577178955078e+00
1.146984577178955078e+00
1.929887652397155762e+00
1.929887652397155762e+00
1.929887652397155762e+00
1.929887652397155762e+00
1.225707888603210449e+00
1.225707888603210449e+00
4.733163714408874512e-01
4.733163714408874512e-01
4.733163714408874512e-01
4.733163714408874512e-01
7.670634984970092773e-01
7.670634984970092773e-01
7.670634984970092773e-01
7.670634984970092773e-01
7.670634984970092773e-01
1.044219017028808594e+00
1.647712111473083496e+00
1.647712111473083496e+00
1.460632681846618652e+00
5.619087815284729004e-01
1.165033698081970215e+00
1.165033698081970215e+00
1.165033698081970215e+00
1.165033698081970215e+00
1.165033698081970215e+00
1.165033698081970215e+00
1.082583904266357422e+00
1.165679335594177246e+00
1.300369143486022949e+00
4.894716143608093262e-01
3.348034024238586426e-01
1.518282890319824219e+00
7.815410494804382324e-01
7.815410494804382324e-01
1.349326133728027344e+00
1.349326133728027344e+00
1.349326133728027344e+00
1.107252597808837891e+00
1.107252597808837891e+00
1.282291531562805176e+00
1.282291531562805176e+00
1.575874805450439453e+00
1.199116587638854980e+00
3.809089660644531250e-01
3.809089660644531250e-01
3.357498049736022949e-01
1.277575254440307617e+00
1.327290773391723633e+00
1.327290773391723633e+00
1.327290773391723633e+00
1.327290773391723633e+00
1.327290773391723633e+00
1.327290773391723633e+00
5.415235757827758789e-01
5.415235757827758789e-01
5.415235757827758789e-01
5.415235757827758789e-01
5.415235757827758789e-01
5.415235757827758789e-01
5.415235757827758789e-01
5.415235757827758789e-01
1.167986869812011719e+00
7.569652795791625977e-01
7.569652795791625977e-01
7.569652795791625977e-01
7.569652795791625977e-01
1.085649967193603516e+00
1.085649967193603516e+00
1.085649967193603516e+00
1.085649967193603516e+00
7.376738786697387695e-01
7.376738786697387695e-01
7.376738786697387695e-01
2.897915244102478027e-01
2.897915244102478027e-01
1.713919162750244141e+00
1.148674726486206055e+00
1.148674726486206055e+00
1.148674726486206055e+00
1.148674726486206055e+00
1.048835039138793945e+00
7.579674124717712402e-01
3.727280199527740479e-01
1.040329575538635254e+00
3.963090181350708008e-01
7.809863090515136719e-01
7.809863090515136719e-01
7.809863090515136719e-01
7.809863090515136719e-01
5.260711908340454102e-02
5.260711908340454102e-02
5.260711908340454102e-02
1.472399473190307617e+00
2.273488044738769531e-01
1.987225115299224854e-01
1.987225115299224854e-01
1.987225115299224854e-01
1.987225115299224854e-01
1.987225115299224854e-01
1.987225115299224854e-01
1.017449378967285156e+00
4.980154037475585938e-01
4.980154037475585938e-01
1.017194509506225586e+00
1.017194509506225586e+00
5.586959123611450195e-01
5.586959123611450195e-01
5.586959123611450195e-01
5.586959123611450195e-01
5.586959123611450195e-01
5.586959123611450195e-01
5.586959123611450195e-01
5.586959123611450195e-01
7.114269733428955078e-01
7.114269733428955078e-01
7.114269733428955078e-01
7.114269733428955078e-01
7.114269733428955078e-01
7.114269733428955078e-01
7.114269733428955078e-01
3.725144863128662109e-01
3.725144863128662109e-01
1.485288143157958984e+00
1.485288143157958984e+00
1.981757879257202148e-01
1.981757879257202148e-01
1.362345814704895020e+00
1.362345814704895020e+00
1.362345814704895020e+00
5.111072659492492676e-01
5.111072659492492676e-01
6.261885762214660645e-01
6.261885762214660645e-01
1.477264165878295898e+00
1.176449418067932129e+00
1.176449418067932129e+00
1.176449418067932129e+00
1.176449418067932129e+00
4.099561572074890137e-01
4.099561572074890137e-01
1.325645089149475098e+00
1.325645089149475098e+00
1.580221891403198242e+00
1.580221891403198242e+00
2.149309873580932617e+00
2.303203582763671875e+00
2.227266550064086914e+00
8.365342617034912109e-01
8.365342617034912109e-01
8.365342617034912109e-01
8.365342617034912109e-01
8.365342617034912109e-01
8.365342617034912109e-01
1.150605559349060059e+00
1.150605559349060059e+00
1.150605559349060059e+00
4.847999215126037598e-01
4.847999215126037598e-01
4.847999215126037598e-01
1.305511355400085449e+00
1.305511355400085449e+00
1.305511355400085449e+00
1.905854940414428711e+00
1.905854940414428711e+00
1.905854940414428711e+00
1.311843633651733398e+00
1.549490094184875488e+00
1.549490094184875488e+00
1.164938211441040039e+00
7.248151898384094238e-01
5.540239214897155762e-01
5.540239214897155762e-01
5.540239214897155762e-01
5.540239214897155762e-01
5.540239214897155762e-01
5.540239214897155762e-01
5.540239214897155762e-01
5.540239214897155762e-01
5.540239214897155762e-01
5.540239214897155762e-01
5.540239214897155762e-01
5.540239214897155762e-01
1.244118928909301758e+00
2.151762008666992188e+00
2.151762008666992188e+00
2.151762008666992188e+00
1.757848739624023438e+00
1.436693668365478516e+00
1.436693668365478516e+00
1.514071464538574219e+00
1.514071464538574219e+00
1.514071464538574219e+00
1.514071464538574219e+00
1.514071464538574219e+00
1.514071464538574219e+00
1.588587045669555664e+00
4.457031488418579102e-01
4.457031488418579102e-01
1.681487262248992920e-01
1.681487262248992920e-01
1.681487262248992920e-01
1.681487262248992920e-01
2.503815293312072754e-01
2.503815293312072754e-01
2.503815293312072754e-01
1.779653310775756836e+00
1.779653310775756836e+00
1.779653310775756836e+00
1.779653310775756836e+00
1.625130414962768555e+00
5.319421291351318359e-01
5.319421291351318359e-01
5.319421291351318359e-01
5.319421291351318359e-01
5.319421291351318359e-01
5.733234286308288574e-01
8.636046648025512695e-01
8.636046648025512695e-01
1.094889640808105469e+00
3.051828145980834961e-01
1.734890192747116089e-01
1.658993214368820190e-01
1.658993214368820190e-01
1.267385005950927734e+00
1.267385005950927734e+00
1.267385005950927734e+00
1.606947183609008789e-01
1.606947183609008789e-01
3.908290266990661621e-01
3.821385800838470459e-01
3.821385800838470459e-01
3.821385800838470459e-01
3.821385800838470459e-01
3.821385800838470459e-01
9.770550727844238281e-01
4.871464371681213379e-01
4.871464371681213379e-01
6.815569400787353516e-01
3.865087330341339111e-01
8.690255284309387207e-01
4.296587109565734863e-01
4.296587109565734863e-01
1.048760771751403809e+00
1.048760771751403809e+00
1.069907665252685547e+00
1.069907665252685547e+00
1.069907665252685547e+00
4.096879363059997559e-01
8.010469675064086914e-01
8.010469675064086914e-01
8.010469675064086914e-01
8.010469675064086914e-01
4.492259919643402100e-01
7.419404387474060059e-01
7.419404387474060059e-01
7.419404387474060059e-01
7.419404387474060059e-01
7.419404387474060059e-01
1.431159615516662598e+00
1.431159615516662598e+00
1.431159615516662598e+00
1.431159615516662598e+00
1.431159615516662598e+00
1.431159615516662598e+00
1.279991745948791504e+00
1.279991745948791504e+00
1.279991745948791504e+00
6.293066740036010742e-01
6.293066740036010742e-01
6.293066740036010742e-01
6.293066740036010742e-01
6.293066740036010742e-01
6.024754047393798828e-01
6.024754047393798828e-01
6.024754047393798828e-01
4.137688875198364258e-01
1.443605899810791016e+00
1.443605899810791016e+00
1.443605899810791016e+00
1.443605899810791016e+00
1.443605899810791016e+00
1.443605899810791016e+00
1.443605899810791016e+00
1.443605899810791016e+00
1.443605899810791016e+00
1.443605899810791016e+00
1.275275945663452148e+00
1.275275945663452148e+00
1.275275945663452148e+00
1.275275945663452148e+00
8.801771402359008789e-01
8.801771402359008789e-01
8.801771402359008789e-01
8.801771402359008789e-01
1.103330850601196289e+00
1.103330850601196289e+00
1.103330850601196289e+00
1.103330850601196289e+00
1.600192308425903320e+00
1.600192308425903320e+00
1.906577825546264648e+00
1.906577825546264648e+00
6.428085565567016602e-01
6.428085565567016602e-01
6.428085565567016602e-01
7.283350825309753418e-01
6.248382925987243652e-01
1.218044042587280273e+00
3.494588732719421387e-01
8.533549308776855469e-01
6.220887899398803711e-01
4.855498075485229492e-01
5.904362201690673828e-01
5.904362201690673828e-01
1.308074712753295898e+00
1.308074712753295898e+00
1.308074712753295898e+00
2.416739463806152344e-01
4.850597977638244629e-01
4.850597977638244629e-01
4.850597977638244629e-01
4.850597977638244629e-01
1.766318082809448242e+00
1.766318082809448242e+00
1.483888506889343262e+00
1.483888506889343262e+00
1.483888506889343262e+00
1.483888506889343262e+00
1.483888506889343262e+00
1.483888506889343262e+00
1.483888506889343262e+00
6.228002309799194336e-01
8.911696672439575195e-01
6.882143020629882812e-01
6.882143020629882812e-01
6.882143020629882812e-01
6.882143020629882812e-01
6.882143020629882812e-01
9.461842775344848633e-01
9.461842775344848633e-01
8.306940197944641113e-01
8.306940197944641113e-01
8.306940197944641113e-01
6.956400871276855469e-01
6.956400871276855469e-01
6.956400871276855469e-01
6.292821764945983887e-01
6.169989705085754395e-01
6.169989705085754395e-01
6.169989705085754395e-01
1.059074401855468750e+00
1.459476470947265625e+00
1.459476470947265625e+00
1.459476470947265625e+00
1.459476470947265625e+00
6.461377739906311035e-01
6.461377739906311035e-01
6.461377739906311035e-01
1.593321561813354492e+00
1.593321561813354492e+00
1.593321561813354492e+00
6.324725747108459473e-01
6.324725747108459473e-01
6.324725747108459473e-01
6.324725747108459473e-01
6.324725747108459473e-01
6.324725747108459473e-01
3.770920932292938232e-01
3.770920932292938232e-01
3.770920932292938232e-01
3.770920932292938232e-01
3.770920932292938232e-01
1.466904640197753906e+00
1.738286495208740234e+00
1.738286495208740234e+00
1.969972968101501465e+00
1.969972968101501465e+00
7.456879615783691406e-01
3.474856019020080566e-01
3.474856019020080566e-01
1.358064889907836914e+00
1.358064889907836914e+00
1.358064889907836914e+00
1.358064889907836914e+00
1.358064889907836914e+00
9.222327470779418945e-01
9.222327470779418945e-01
9.222327470779418945e-01
9.222327470779418945e-01
1.625496864318847656e+00
1.391838788986206055e-01
1.391838788986206055e-01
8.437127470970153809e-01
1.159615278244018555e+00
1.583481550216674805e+00
1.583481550216674805e+00
1.146475315093994141e+00
1.320049405097961426e+00
1.320049405097961426e+00
9.335573911666870117e-01
1.132350206375122070e+00
1.103657841682434082e+00
1.103657841682434082e+00
1.103657841682434082e+00
1.196876645088195801e+00
7.882350087165832520e-01
7.882350087165832520e-01
6.261068582534790039e-01
6.261068582534790039e-01
6.261068582534790039e-01
6.261068582534790039e-01
8.487472534179687500e-01
8.487472534179687500e-01
8.487472534179687500e-01
8.487472534179687500e-01
8.487472534179687500e-01
8.487472534179687500e-01
6.932768821716308594e-01
1.358843803405761719e+00
1.358843803405761719e+00
1.573784947395324707e+00
5.934977531433105469e-01
9.266535043716430664e-01
2.747608423233032227e-01
2.747608423233032227e-01
2.747608423233032227e-01
3.139145076274871826e-01
3.139145076274871826e-01
3.139145076274871826e-01
6.694591045379638672e-01
1.217501163482666016e-01
1.217501163482666016e-01
1.217501163482666016e-01
6.849824190139770508e-01
6.849824190139770508e-01
6.849824190139770508e-01
1.402309775352478027e+00
1.402309775352478027e+00
1.402309775352478027e+00
1.402309775352478027e+00
1.402309775352478027e+00
1.402309775352478027e+00
1.402309775352478027e+00
1.402309775352478027e+00
1.484509110450744629e+00
1.484509110450744629e+00
1.484509110450744629e+00
1.729999303817749023e+00
1.729999303817749023e+00
1.729999303817749023e+00
1.437682867050170898e+00
7.297684550285339355e-01
5.063184499740600586e-01
7.556120753288269043e-01
7.556120753288269043e-01
7.556120753288269043e-01
7.556120753288269043e-01
7.556120753288269043e-01
7.556120753288269043e-01
7.556120753288269043e-01
1.081873655319213867e+00
1.081873655319213867e+00
7.852751016616821289e-01
1.279471397399902344e+00
1.279471397399902344e+00
1.279471397399902344e+00
1.279471397399902344e+00
1.279471397399902344e+00
1.279471397399902344e+00
1.279471397399902344e+00
1.279471397399902344e+00
7.086054086685180664e-01
1.024757504463195801e+00
1.024757504463195801e+00
1.024757504463195801e+00
1.024757504463195801e+00
1.024757504463195801e+00
1.024757504463195801e+00
1.024757504463195801e+00
1.233654737472534180e+00
1.233654737472534180e+00
1.233654737472534180e+00
1.233654737472534180e+00
1.233654737472534180e+00
5.446904301643371582e-01
3.962349295616149902e-01
8.710713386535644531e-01
7.262175679206848145e-01
7.262175679206848145e-01
6.690871715545654297e-01
6.690871715545654297e-01
7.410262227058410645e-01
7.410262227058410645e-01
7.410262227058410645e-01
7.410262227058410645e-01
1.151285767555236816e+00
5.318344831466674805e-01
5.318344831466674805e-01
9.411063194274902344e-01
9.411063194274902344e-01
9.411063194274902344e-01
2.386486530303955078e-01
2.386486530303955078e-01
1.310409426689147949e+00
1.310409426689147949e+00
1.310409426689147949e+00
7.762873768806457520e-01
7.762873768806457520e-01
7.462254762649536133e-01
8.798797726631164551e-01
1.879463195800781250e+00
1.879463195800781250e+00
1.481475830078125000e+00
1.310651779174804688e+00
7.487680315971374512e-01
7.487680315971374512e-01
7.487680315971374512e-01
9.666027426719665527e-01
9.666027426719665527e-01
1.143978714942932129e+00
1.002827882766723633e+00
1.002827882766723633e+00
1.506490230560302734e+00
1.373365402221679688e+00
1.285707473754882812e+00
1.195749402046203613e+00
1.195749402046203613e+00
1.486980199813842773e+00
1.486980199813842773e+00
1.486980199813842773e+00
1.486980199813842773e+00
1.486980199813842773e+00
7.724297642707824707e-01
7.724297642707824707e-01
7.724297642707824707e-01
7.724297642707824707e-01
9.052877426147460938e-01
9.052877426147460938e-01
9.052877426147460938e-01
1.092783689498901367e+00
4.683423042297363281e-01
4.683423042297363281e-01
5.141065716743469238e-01
5.141065716743469238e-01
5.141065716743469238e-01
5.141065716743469238e-01
5.141065716743469238e-01
5.141065716743469238e-01
1.210358023643493652e+00
1.210358023643493652e+00
1.210358023643493652e+00
1.210358023643493652e+00
1.210358023643493652e+00
9.187441468238830566e-01
9.187441468238830566e-01
9.187441468238830566e-01
9.187441468238830566e-01
9.187441468238830566e-01
9.797078967094421387e-01
9.797078967094421387e-01
1.615930676460266113e+00
7.912489771842956543e-01
7.912489771842956543e-01
1.775430202484130859e+00
1.775430202484130859e+00
1.380828022956848145e+00
1.377603173255920410e+00
1.377603173255920410e+00
1.377603173255920410e+00
1.142683386802673340e+00
8.330647945404052734e-01
8.330647945404052734e-01
5.961424708366394043e-01
7.790391445159912109e-01
7.790391445159912109e-01
8.212277889251708984e-01
8.212277889251708984e-01
8.212277889251708984e-01
9.103757143020629883e-01
9.103757143020629883e-01
9.103757143020629883e-01
4.243371188640594482e-01
4.243371188640594482e-01
4.243371188640594482e-01
4.243371188640594482e-01
1.282692551612854004e+00
1.236342072486877441e+00
1.236342072486877441e+00
1.281501531600952148e+00
1.281501531600952148e+00
2.132742404937744141e-01
9.011014699935913086e-01
4.667997658252716064e-01
6.817041635513305664e-01
6.817041635513305664e-01
6.817041635513305664e-01
6.817041635513305664e-01
6.817041635513305664e-01
6.554577350616455078e-01
1.062694549560546875e+00
1.062694549560546875e+00
1.062694549560546875e+00
8.241395354270935059e-01
8.552631735801696777e-01
8.552631735801696777e-01
5.255494117736816406e-01
5.255494117736816406e-01
1.558090806007385254e+00
6.225973963737487793e-01
6.225973963737487793e-01
6.225973963737487793e-01
6.225973963737487793e-01
6.225973963737487793e-01
6.225973963737487793e-01
8.882426023483276367e-01
8.882426023483276367e-01
8.882426023483276367e-01
8.882426023483276367e-01
2.074258923530578613e-01
2.074258923530578613e-01
1.357386589050292969e+00
1.357386589050292969e+00
1.357386589050292969e+00
1.025174260139465332e+00
9.228001832962036133e-01
8.175178766250610352e-01
8.175178766250610352e-01
8.175178766250610352e-01
8.175178766250610352e-01
8.175178766250610352e-01
8.175178766250610352e-01
1.080963969230651855e+00
1.261610984802246094e+00
7.059623599052429199e-01
4.384808838367462158e-01
4.384808838367462158e-01
4.996405243873596191e-01
4.996405243873596191e-01
3.764570653438568115e-01
3.764570653438568115e-01
3.764570653438568115e-01
3.764570653438568115e-01
4.180386662483215332e-01
4.180386662483215332e-01
4.180386662483215332e-01
4.180386662483215332e-01
4.180386662483215332e-01
4.180386662483215332e-01
4.180386662483215332e-01
6.792544126510620117e-01
6.792544126510620117e-01
6.792544126510620117e-01
6.792544126510620117e-01
6.792544126510620117e-01
6.792544126510620117e-01
6.792544126510620117e-01
6.792544126510620117e-01
6.792544126510620117e-01
6.792544126510620117e-01
6.792544126510620117e-01
1.951467275619506836e+00
1.951467275619506836e+00
1.951467275619506836e+00
1.951467275619506836e+00
1.951467275619506836e+00
1.836281657218933105e+00
1.836281657218933105e+00
2.024348020553588867e+00
1.299688220024108887e+00
1.299688220024108887e+00
1.299688220024108887e+00
1.299688220024108887e+00
7.605685591697692871e-01
3.464657962322235107e-01
1.916876316070556641e+00
1.916876316070556641e+00
1.783765435218811035e+00
7.256014347076416016e-01
7.256014347076416016e-01
5.534526705741882324e-01
5.534526705741882324e-01
5.534526705741882324e-01
6.269517540931701660e-01
6.269517540931701660e-01
6.269517540931701660e-01
1.436610221862792969e-01
1.436610221862792969e-01
1.436610221862792969e-01
1.436610221862792969e-01
1.436610221862792969e-01
1.863770246505737305e+00
1.863770246505737305e+00
3.134689331054687500e-01
8.928641676902770996e-01
8.928641676902770996e-01
8.928641676902770996e-01
8.928641676902770996e-01
8.928641676902770996e-01
8.928641676902770996e-01
8.928641676902770996e-01
8.928641676902770996e-01
5.711334943771362305e-01
5.317949056625366211e-01
5.317949056625366211e-01
1.602357387542724609e+00
1.602357387542724609e+00
6.861045956611633301e-01
6.861045956611633301e-01
6.861045956611633301e-01
6.861045956611633301e-01
6.861045956611633301e-01
1.220431685447692871e+00
1.220431685447692871e+00
9.719089865684509277e-01
1.102156043052673340e+00
1.102156043052673340e+00
1.328790783882141113e+00
1.213861584663391113e+00
1.213861584663391113e+00
1.213861584663391113e+00
7.798144817352294922e-01
7.798144817352294922e-01
6.150080561637878418e-01
6.150080561637878418e-01
6.150080561637878418e-01
6.150080561637878418e-01
6.150080561637878418e-01
6.150080561637878418e-01
6.150080561637878418e-01
6.150080561637878418e-01
6.150080561637878418e-01
1.258706092834472656e+00
4.297208786010742188e-01
5.963798761367797852e-01
5.963798761367797852e-01
5.963798761367797852e-01
5.963798761367797852e-01
5.963798761367797852e-01
5.963798761367797852e-01
9.016234874725341797e-01
9.016234874725341797e-01
9.016234874725341797e-01
9.016234874725341797e-01
8.061491250991821289e-01
8.061491250991821289e-01
8.061491250991821289e-01
1.446110725402832031e+00
1.302010536193847656e+00
5.925614237785339355e-01
4.816033840179443359e-01
9.102777838706970215e-01
2.149310350418090820e+00
2.149310350418090820e+00
2.113639593124389648e+00
1.755851507186889648e+00
5.932095050811767578e-01
5.932095050811767578e-01
2.167961597442626953e-01
2.167961597442626953e-01
2.167961597442626953e-01
1.281480073928833008e+00
1.281480073928833008e+00
1.281480073928833008e+00
1.281480073928833008e+00
1.281480073928833008e+00
1.281480073928833008e+00
1.746246218681335449e+00
1.293578028678894043e+00
1.293578028678894043e+00
8.286062479019165039e-01
6.098979115486145020e-01
6.501594781875610352e-01
6.501594781875610352e-01
6.501594781875610352e-01
6.501594781875610352e-01
7.077693343162536621e-01
7.077693343162536621e-01
1.328242063522338867e+00
1.328242063522338867e+00
4.264931082725524902e-01
8.799328804016113281e-01
8.120522499084472656e-01
8.120522499084472656e-01
6.478734016418457031e-01
6.478734016418457031e-01
6.478734016418457031e-01
9.298624992370605469e-01
9.298624992370605469e-01
7.196626663208007812e-01
4.378863871097564697e-01
4.378863871097564697e-01
4.378863871097564697e-01
4.378863871097564697e-01
4.378863871097564697e-01
4.378863871097564697e-01
7.006677389144897461e-01
7.006677389144897461e-01
7.006677389144897461e-01
7.006677389144897461e-01
1.396454453468322754e+00
1.228557348251342773e+00
1.228557348251342773e+00
1.228557348251342773e+00
1.228557348251342773e+00
1.228557348251342773e+00
1.228557348251342773e+00
9.194375276565551758e-01
9.194375276565551758e-01
1.052042007446289062e+00
1.052042007446289062e+00
4.476027488708496094e-01
1.284251213073730469e+00
1.284251213073730469e+00
1.284251213073730469e+00
1.284251213073730469e+00
1.284251213073730469e+00
1.284251213073730469e+00
1.284251213073730469e+00
2.817146778106689453e-01
2.817146778106689453e-01
2.817146778106689453e-01
9.850782155990600586e-01
1.381625413894653320e+00
1.553099751472473145e+00
1.553099751472473145e+00
1.776163339614868164e+00
1.548687696456909180e+00
1.375808715820312500e-01
1.375808715820312500e-01
5.164455175399780273e-01
3.725695610046386719e-01
3.725695610046386719e-01
3.725695610046386719e-01
7.920234203338623047e-01
1.584243774414062500e+00
1.584243774414062500e+00
1.501334667205810547e+00
1.501334667205810547e+00
1.501334667205810547e+00
1.501334667205810547e+00
1.212179541587829590e+00
1.212179541587829590e+00
7.652970552444458008e-01
1.004431724548339844e+00
1.418485164642333984e+00
1.418485164642333984e+00
1.610962390899658203e+00
1.610962390899658203e+00
1.610962390899658203e+00
1.901546716690063477e+00
1.925099134445190430e+00
1.925099134445190430e+00
2.127662181854248047e+00
2.033085107803344727e+00
1.490732192993164062e+00
1.545770883560180664e+00
1.545770883560180664e+00
1.545770883560180664e+00
1.545770883560180664e+00
1.294236660003662109e+00
1.294236660003662109e+00
1.286371350288391113e+00
1.956729888916015625e-01
1.956729888916015625e-01
1.956729888916015625e-01
1.943738162517547607e-01
1.943738162517547607e-01
1.943738162517547607e-01
5.816986560821533203e-01
5.816986560821533203e-01
5.816986560821533203e-01
5.816986560821533203e-01
9.472023248672485352e-01
9.472023248672485352e-01
9.472023248672485352e-01
9.472023248672485352e-01
9.472023248672485352e-01
9.472023248672485352e-01
9.472023248672485352e-01
9.472023248672485352e-01
9.472023248672485352e-01
1.074263215065002441e+00
8.126503229141235352e-01
7.680588364601135254e-01
7.680588364601135254e-01
7.680588364601135254e-01
5.300474762916564941e-01
5.300474762916564941e-01
5.300474762916564941e-01
5.300474762916564941e-01
5.300474762916564941e-01
5.300474762916564941e-01
5.300474762916564941e-01
5.300474762916564941e-01
5.300474762916564941e-01
5.300474762916564941e-01
9.186071157455444336e-01
1.626526594161987305e+00
4.711921215057373047e-01
4.711921215057373047e-01
4.711921215057373047e-01
8.522902727127075195e-01
8.522902727127075195e-01
8.522902727127075195e-01
8.522902727127075195e-01
4.775315225124359131e-01
4.775315225124359131e-01
4.775315225124359131e-01
4.342458844184875488e-01
4.342458844184875488e-01
4.342458844184875488e-01
4.342458844184875488e-01
4.342458844184875488e-01
4.342458844184875488e-01
4.342458844184875488e-01
4.342458844184875488e-01
6.596369743347167969e-01
6.596369743347167969e-01
6.596369743347167969e-01
