3.603916168212890625e-01
3.603916168212890625e-01
9.444405436515808105e-01
9.444405436515808105e-01
9.444405436515808105e-01
3.171073198318481445e-01
3.171073198318481445e-01
3.171073198318481445e-01
3.171073198318481445e-01
3.171073198318481445e-01
5.110186934471130371e-01
5.110186934471130371e-01
5.110186934471130371e-01
1.545071601867675781e+00
1.545071601867675781e+00
5.917893648147583008e-01
5.917893648147583008e-01
5.917893648147583008e-01
9.921853542327880859e-01
5.079711675643920898e-01
5.079711675643920898e-01
7.224973440170288086e-01
7.224973440170288086e-01
7.224973440170288086e-01
7.224973440170288086e-01
1.531045675277709961e+00
8.831244111061096191e-01
8.831244111061096191e-01
7.005181908607482910e-01
7.005181908607482910e-01
7.005181908607482910e-01
7.005181908607482910e-01
7.005181908607482910e-01
7.005181908607482910e-01
9.735038876533508301e-01
2.166210412979125977e-01
2.166210412979125977e-01
2.166210412979125977e-01
6.576657295227050781e-01
6.576657295227050781e-01
6.576657295227050781e-01
6.576657295227050781e-01
6.576657295227050781e-01
1.226781606674194336e+00
1.226781606674194336e+00
1.226781606674194336e+00
1.226781606674194336e+00
1.226781606674194336e+00
6.945010423660278320e-01
6.945010423660278320e-01
6.945010423660278320e-01
7.706438302993774414e-01
7.706438302993774414e-01
7.706438302993774414e-01
7.706438302993774414e-01
7.706438302993774414e-01
7.706438302993774414e-01
7.706438302993774414e-01
7.706438302993774414e-01
1.129292964935302734e+00
1.129292964935302734e+00
1.129292964935302734e+00
1.129292964935302734e+00
1.129292964935302734e+00
1.129292964935302734e+00
1.129292964935302734e+00
1.129292964935302734e+00
1.457867860794067383e+00
8.216242790222167969e-01
8.216242790222167969e-01
8.216242790222167969e-01
6.992663741111755371e-01
6.992663741111755371e-01
6.992663741111755371e-01
6.992663741111755371e-01
6.992663741111755371e-01
6.992663741111755371e-01
6.992663741111755371e-01
6.992663741111755371e-01
6.992663741111755371e-01
7.737771868705749512e-01
9.649167656898498535e-01
1.580445051193237305e+00
1.580445051193237305e+00
1.580445051193237305e+00
1.580445051193237305e+00
1.580445051193237305e+00
1.580445051193237305e+00
1.580445051193237305e+00
1.580445051193237305e+00
1.580445051193237305e+00
1.580445051193237305e+00
1.580445051193237305e+00
1.580445051193237305e+00
1.580445051193237305e+00
8.069813251495361328e-02
8.069813251495361328e-02
8.069813251495361328e-02
8.069813251495361328e-02
9.843394756317138672e-01
5.608808994293212891e-01
5.608808994293212891e-01
5.608808994293212891e-01
5.608808994293212891e-01
5.608808994293212891e-01
5.608808994293212891e-01
5.608808994293212891e-01
5.608808994293212891e-01
5.232366323471069336e-01
5.232366323471069336e-01
7.760812044143676758e-01
7.760812044143676758e-01
7.760812044143676758e-01
7.760812044143676758e-01
7.760812044143676758e-01
8.355535268783569336e-01
8.355535268783569336e-01
8.355535268783569336e-01
8.355535268783569336e-01
8.355535268783569336e-01
8.355535268783569336e-01
8.355535268783569336e-01
8.355535268783569336e-01
2.338199019432067871e-01
2.338199019432067871e-01
2.338199019432067871e-01
2.338199019432067871e-01
2.338199019432067871e-01
5.853942632675170898e-01
5.853942632675170898e-01
5.853942632675170898e-01
1.950208783149719238e+00
1.950208783149719238e+00
1.163596391677856445e+00
1.163596391677856445e+00
5.665935873985290527e-01
5.665935873985290527e-01
5.665935873985290527e-01
7.722785472869873047e-01
7.722785472869873047e-01
7.722785472869873047e-01
7.722785472869873047e-01
8.215030431747436523e-01
5.446084737777709961e-01
5.446084737777709961e-01
1.385055780410766602e+00
1.385055780410766602e+00
1.385055780410766602e+00
5.252104401588439941e-01
5.252104401588439941e-01
5.252104401588439941e-01
5.201231837272644043e-01
5.201231837272644043e-01
5.201231837272644043e-01
7.496749758720397949e-01
1.238775253295898438e+00
1.238775253295898438e+00
1.238775253295898438e+00
1.238775253295898438e+00
1.772990465164184570e+00
1.211399793624877930e+00
1.211399793624877930e+00
1.211399793624877930e+00
1.510945796966552734e+00
1.510945796966552734e+00
1.510945796966552734e+00
1.510945796966552734e+00
1.594617605209350586e+00
1.594617605209350586e+00
1.594617605209350586e+00
1.594617605209350586e+00
3.825320005416870117e-01
3.825320005416870117e-01
1.829750835895538330e-01
1.829750835895538330e-01
1.829750835895538330e-01
1.829750835895538330e-01
1.829750835895538330e-01
1.829750835895538330e-01
6.915100812911987305e-01
6.915100812911987305e-01
6.915100812911987305e-01
5.744895935058593750e-01
5.744895935058593750e-01
5.744895935058593750e-01
5.744895935058593750e-01
5.744895935058593750e-01
9.481550455093383789e-01
9.481550455093383789e-01
5.288134813308715820e-01
5.288134813308715820e-01
5.288134813308715820e-01
7.612715959548950195e-01
5.260770320892333984e-01
5.260770320892333984e-01
5.260770320892333984e-01
5.260770320892333984e-01
5.260770320892333984e-01
5.260770320892333984e-01
7.379562854766845703e-01
7.379562854766845703e-01
7.379562854766845703e-01
7.379562854766845703e-01
7.379562854766845703e-01
1.274687528610229492e+00
1.246368885040283203e+00
6.963207721710205078e-01
7.992364168167114258e-01
7.992364168167114258e-01
7.992364168167114258e-01
7.992364168167114258e-01
7.992364168167114258e-01
7.992364168167114258e-01
7.992364168167114258e-01
7.992364168167114258e-01
7.992364168167114258e-01
7.992364168167114258e-01
7.992364168167114258e-01
1.212035775184631348e+00
1.212035775184631348e+00
7.492214441299438477e-01
7.492214441299438477e-01
9.826034903526306152e-01
8.214234113693237305e-01
8.214234113693237305e-01
8.214234113693237305e-01
8.214234113693237305e-01
8.214234113693237305e-01
8.214234113693237305e-01
9.003392457962036133e-01
9.003392457962036133e-01
9.003392457962036133e-01
9.003392457962036133e-01
9.003392457962036133e-01
9.003392457962036133e-01
9.003392457962036133e-01
9.003392457962036133e-01
9.003392457962036133e-01
1.051146626472473145e+00
1.051146626472473145e+00
6.042070984840393066e-01
1.374489545822143555e+00
1.374489545822143555e+00
1.374489545822143555e+00
1.374489545822143555e+00
1.374489545822143555e+00
1.374489545822143555e+00
1.374489545822143555e+00
1.519095540046691895e+00
1.519095540046691895e+00
1.519095540046691895e+00
1.519095540046691895e+00
6.601703166961669922e-02
1.733157485723495483e-01
8.290182352066040039e-01
8.290182352066040039e-01
8.290182352066040039e-01
8.290182352066040039e-01
8.290182352066040039e-01
8.290182352066040039e-01
7.377998232841491699e-01
7.377998232841491699e-01
7.377998232841491699e-01
7.377998232841491699e-01
2.586900711059570312e+00
2.817302465438842773e+00
1.792047142982482910e+00
1.792047142982482910e+00
1.792047142982482910e+00
1.127641439437866211e+00
4.980709552764892578e-01
7.555735111236572266e-01
7.555735111236572266e-01
7.555735111236572266e-01
7.555735111236572266e-01
7.555735111236572266e-01
1.139961004257202148e+00
1.945046067237854004e+00
1.945046067237854004e+00
1.945046067237854004e+00
1.945046067237854004e+00
1.605868101119995117e+00
1.605868101119995117e+00
1.605868101119995117e+00
1.605868101119995117e+00
1.605868101119995117e+00
1.605868101119995117e+00
1.605868101119995117e+00
1.605868101119995117e+00
7.172906994819641113e-01
7.172906994819641113e-01
7.172906994819641113e-01
7.172906994819641113e-01
7.172906994819641113e-01
7.172906994819641113e-01
7.172906994819641113e-01
6.877508163452148438e-01
6.877508163452148438e-01
6.877508163452148438e-01
4.272281527519226074e-01
4.272281527519226074e-01
1.067095994949340820e+00
1.067095994949340820e+00
1.067095994949340820e+00
1.067095994949340820e+00
1.067095994949340820e+00
1.067095994949340820e+00
1.067095994949340820e+00
6.902851462364196777e-01
8.407862782478332520e-01
8.407862782478332520e-01
8.407862782478332520e-01
8.407862782478332520e-01
8.407862782478332520e-01
1.621844887733459473e+00
1.621844887733459473e+00
1.621844887733459473e+00
1.621844887733459473e+00
1.621844887733459473e+00
1.621844887733459473e+00
1.621844887733459473e+00
1.972251057624816895e+00
1.597319483757019043e+00
1.597319483757019043e+00
1.597319483757019043e+00
1.597319483757019043e+00
1.597319483757019043e+00
1.597319483757019043e+00
1.597319483757019043e+00
1.597319483757019043e+00
8.403071165084838867e-01
1.706399679183959961e+00
1.706399679183959961e+00
1.706399679183959961e+00
1.067982673645019531e+00
1.067982673645019531e+00
1.067982673645019531e+00
1.067982673645019531e+00
1.229389190673828125e+00
1.229389190673828125e+00
1.229389190673828125e+00
1.229389190673828125e+00
1.229389190673828125e+00
1.229389190673828125e+00
1.229389190673828125e+00
2.968500256538391113e-01
2.968500256538391113e-01
2.968500256538391113e-01
2.968500256538391113e-01
6.578744947910308838e-02
1.285278797149658203e-02
1.285278797149658203e-02
2.544166564941406250e+00
2.544166564941406250e+00
1.355460405349731445e+00
1.355460405349731445e+00
1.355460405349731445e+00
1.355460405349731445e+00
1.355460405349731445e+00
1.355460405349731445e+00
1.355460405349731445e+00
1.355460405349731445e+00
1.355460405349731445e+00
1.355460405349731445e+00
1.355460405349731445e+00
1.355460405349731445e+00
1.478786230087280273e+00
1.478786230087280273e+00
1.478786230087280273e+00
1.478786230087280273e+00
1.565533638000488281e+00
1.565533638000488281e+00
1.565533638000488281e+00
1.565533638000488281e+00
1.565533638000488281e+00
1.565533638000488281e+00
1.565533638000488281e+00
1.565533638000488281e+00
1.565533638000488281e+00
1.565533638000488281e+00
1.565533638000488281e+00
1.565533638000488281e+00
6.630597710609436035e-01
6.630597710609436035e-01
6.630597710609436035e-01
6.630597710609436035e-01
6.630597710609436035e-01
6.630597710609436035e-01
6.630597710609436035e-01
6.630597710609436035e-01
6.630597710609436035e-01
4.855462610721588135e-01
4.855462610721588135e-01
4.855462610721588135e-01
7.370650768280029297e-01
7.370650768280029297e-01
7.370650768280029297e-01
7.370650768280029297e-01
7.370650768280029297e-01
7.370650768280029297e-01
1.064550638198852539e+00
1.064550638198852539e+00
1.064550638198852539e+00
1.064550638198852539e+00
1.064550638198852539e+00
1.064550638198852539e+00
1.064550638198852539e+00
1.756608843803405762e+00
1.756608843803405762e+00
2.032176256179809570e-01
7.469468116760253906e-01
1.194630622863769531e+00
2.077376842498779297e-01
2.077376842498779297e-01
2.077376842498779297e-01
2.077376842498779297e-01
6.269722580909729004e-01
6.269722580909729004e-01
6.269722580909729004e-01
6.269722580909729004e-01
6.269722580909729004e-01
2.119628667831420898e+00
2.119628667831420898e+00
2.119628667831420898e+00
2.119628667831420898e+00
2.119628667831420898e+00
2.119628667831420898e+00
2.119628667831420898e+00
2.119628667831420898e+00
2.119628667831420898e+00
2.119628667831420898e+00
1.163871407508850098e+00
1.163871407508850098e+00
1.163871407508850098e+00
1.163871407508850098e+00
1.163871407508850098e+00
1.163871407508850098e+00
1.163871407508850098e+00
1.163871407508850098e+00
1.163871407508850098e+00
6.523315906524658203e-01
6.523315906524658203e-01
6.523315906524658203e-01
6.523315906524658203e-01
6.523315906524658203e-01
6.523315906524658203e-01
6.523315906524658203e-01
6.523315906524658203e-01
6.523315906524658203e-01
6.523315906524658203e-01
6.523315906524658203e-01
6.523315906524658203e-01
6.523315906524658203e-01
6.523315906524658203e-01
6.523315906524658203e-01
6.523315906524658203e-01
6.523315906524658203e-01
6.523315906524658203e-01
5.748332738876342773e-01
5.748332738876342773e-01
5.748332738876342773e-01
5.748332738876342773e-01
5.748332738876342773e-01
5.748332738876342773e-01
5.748332738876342773e-01
5.748332738876342773e-01
5.748332738876342773e-01
5.748332738876342773e-01
5.748332738876342773e-01
5.748332738876342773e-01
5.748332738876342773e-01
5.748332738876342773e-01
5.748332738876342773e-01
5.748332738876342773e-01
5.748332738876342773e-01
1.080564260482788086e+00
1.080564260482788086e+00
1.080564260482788086e+00
1.080564260482788086e+00
9.640128612518310547e-01
9.640128612518310547e-01
9.640128612518310547e-01
9.640128612518310547e-01
9.640128612518310547e-01
9.640128612518310547e-01
9.640128612518310547e-01
9.640128612518310547e-01
3.839179873466491699e-01
3.839179873466491699e-01
3.839179873466491699e-01
7.281624674797058105e-01
7.281624674797058105e-01
1.190124273300170898e+00
1.252218842506408691e+00
1.252218842506408691e+00
1.252218842506408691e+00
1.252218842506408691e+00
1.252218842506408691e+00
1.252218842506408691e+00
1.252218842506408691e+00
1.252218842506408691e+00
1.252218842506408691e+00
1.252218842506408691e+00
1.252218842506408691e+00
1.252218842506408691e+00
1.680154800415039062e-01
1.680154800415039062e-01
7.474086284637451172e-01
2.229952335357666016e+00
2.229952335357666016e+00
1.324791908264160156e+00
1.330598592758178711e+00
1.330598592758178711e+00
1.268359422683715820e+00
1.268359422683715820e+00
1.268359422683715820e+00
1.268359422683715820e+00
1.268359422683715820e+00
1.268359422683715820e+00
1.268359422683715820e+00
1.268359422683715820e+00
1.268359422683715820e+00
1.268359422683715820e+00
1.268359422683715820e+00
1.206161856651306152e+00
1.206161856651306152e+00
1.317837119102478027e+00
2.825121879577636719e-01
3.475761711597442627e-01
3.475761711597442627e-01
3.475761711597442627e-01
1.209350943565368652e+00
1.209350943565368652e+00
1.209350943565368652e+00
1.209350943565368652e+00
6.318906545639038086e-01
6.318906545639038086e-01
1.129948735237121582e+00
1.129948735237121582e+00
1.129948735237121582e+00
1.129948735237121582e+00
1.287475585937500000e+00
1.287475585937500000e+00
1.287475585937500000e+00
1.287475585937500000e+00
1.287475585937500000e+00
1.287475585937500000e+00
1.287475585937500000e+00
1.287475585937500000e+00
2.297974586486816406e+00
2.936848878860473633e+00
2.936848878860473633e+00
2.936848878860473633e+00
2.713238239288330078e+00
2.713238239288330078e+00
2.713238239288330078e+00
2.713238239288330078e+00
2.713238239288330078e+00
2.605182409286499023e+00
9.359169006347656250e-01
9.359169006347656250e-01
3.237346410751342773e-01
1.028385639190673828e+00
1.028385639190673828e+00
1.028385639190673828e+00
1.028385639190673828e+00
1.028385639190673828e+00
1.028385639190673828e+00
3.000716567039489746e-01
3.000716567039489746e-01
3.000716567039489746e-01
3.890617787837982178e-01
8.188349604606628418e-01
8.188349604606628418e-01
1.476833105087280273e+00
2.577574253082275391e-01
2.577574253082275391e-01
1.691821932792663574e+00
1.691821932792663574e+00
1.691821932792663574e+00
1.691821932792663574e+00
1.838351607322692871e+00
1.838351607322692871e+00
1.838351607322692871e+00
1.838351607322692871e+00
1.838351607322692871e+00
1.469715833663940430e+00
1.469715833663940430e+00
1.347394466400146484e+00
1.347394466400146484e+00
1.347394466400146484e+00
1.347394466400146484e+00
1.347394466400146484e+00
1.102395772933959961e+00
1.102395772933959961e+00
1.102395772933959961e+00
1.301633715629577637e+00
1.301633715629577637e+00
1.301633715629577637e+00
1.301633715629577637e+00
1.301633715629577637e+00
1.301633715629577637e+00
1.301633715629577637e+00
1.301633715629577637e+00
1.301633715629577637e+00
1.301633715629577637e+00
1.301633715629577637e+00
1.301633715629577637e+00
1.301633715629577637e+00
1.301633715629577637e+00
1.401732325553894043e+00
1.401732325553894043e+00
1.829106688499450684e+00
1.212799549102783203e+00
5.998481512069702148e-01
5.507994890213012695e-01
7.216687202453613281e-01
7.216687202453613281e-01
7.216687202453613281e-01
7.216687202453613281e-01
3.493899703025817871e-01
3.493899703025817871e-01
3.493899703025817871e-01
3.493899703025817871e-01
3.493899703025817871e-01
1.183080911636352539e+00
1.183080911636352539e+00
1.183080911636352539e+00
8.405946493148803711e-01
8.405946493148803711e-01
1.257351279258728027e+00
1.257351279258728027e+00
1.257351279258728027e+00
1.257351279258728027e+00
1.257351279258728027e+00
1.257351279258728027e+00
1.087008953094482422e+00
1.087008953094482422e+00
1.427899241447448730e+00
4.222235679626464844e-01
9.190944433212280273e-01
9.190944433212280273e-01
9.190944433212280273e-01
9.190944433212280273e-01
9.190944433212280273e-01
9.190944433212280273e-01
9.190944433212280273e-01
9.190944433212280273e-01
9.190944433212280273e-01
9.190944433212280273e-01
5.121346712112426758e-01
1.305642008781433105e+00
1.305642008781433105e+00
1.305642008781433105e+00
2.001894474029541016e+00
2.001894474029541016e+00
2.001894474029541016e+00
2.554837942123413086e+00
2.554837942123413086e+00
8.351217508316040039e-01
4.273692667484283447e-01
4.273692667484283447e-01
4.273692667484283447e-01
4.273692667484283447e-01
4.273692667484283447e-01
2.369472026824951172e+00
2.369472026824951172e+00
2.369472026824951172e+00
6.125301122665405273e-01
6.125301122665405273e-01
6.125301122665405273e-01
6.125301122665405273e-01
6.125301122665405273e-01
6.125301122665405273e-01
6.125301122665405273e-01
6.125301122665405273e-01
6.125301122665405273e-01
6.125301122665405273e-01
6.125301122665405273e-01
6.125301122665405273e-01
6.125301122665405273e-01
6.125301122665405273e-01
6.125301122665405273e-01
6.000189185142517090e-01
1.110064983367919922e+00
1.110064983367919922e+00
1.110064983367919922e+00
1.110064983367919922e+00
8.520639538764953613e-01
8.520639538764953613e-01
3.031688332557678223e-01
3.031688332557678223e-01
3.031688332557678223e-01
6.156610250473022461e-01
6.156610250473022461e-01
1.798993945121765137e-01
1.798993945121765137e-01
1.798993945121765137e-01
1.798993945121765137e-01
1.798993945121765137e-01
1.798993945121765137e-01
1.798993945121765137e-01
1.798993945121765137e-01
1.798993945121765137e-01
1.798993945121765137e-01
1.143740177154541016e+00
1.143740177154541016e+00
5.917329192161560059e-01
1.575318336486816406e+00
1.544893145561218262e+00
1.544893145561218262e+00
1.544893145561218262e+00
1.840933084487915039e+00
1.840933084487915039e+00
1.483440995216369629e+00
1.368698358535766602e+00
1.322903156280517578e+00
1.322903156280517578e+00
1.322903156280517578e+00
1.322903156280517578e+00
2.479367256164550781e-01
2.479367256164550781e-01
6.005698442459106445e-01
6.005698442459106445e-01
6.005698442459106445e-01
6.005698442459106445e-01
6.005698442459106445e-01
6.005698442459106445e-01
6.005698442459106445e-01
6.005698442459106445e-01
8.892606496810913086e-01
8.892606496810913086e-01
8.892606496810913086e-01
8.892606496810913086e-01
8.892606496810913086e-01
8.892606496810913086e-01
8.892606496810913086e-01
8.892606496810913086e-01
8.892606496810913086e-01
8.892606496810913086e-01
8.892606496810913086e-01
8.892606496810913086e-01
8.892606496810913086e-01
8.892606496810913086e-01
8.892606496810913086e-01
8.892606496810913086e-01
8.892606496810913086e-01
8.892606496810913086e-01
1.361281633377075195e+00
1.361281633377075195e+00
1.361281633377075195e+00
1.330901980400085449e+00
1.222676038742065430e+00
1.507850646972656250e+00
1.507850646972656250e+00
1.977985620498657227e+00
2.118705987930297852e+00
2.118705987930297852e+00
2.118705987930297852e+00
2.118705987930297852e+00
1.714744091033935547e+00
1.714744091033935547e+00
1.714744091033935547e+00
1.714744091033935547e+00
1.383536815643310547e+00
1.383536815643310547e+00
1.383536815643310547e+00
1.696616411209106445e+00
1.696616411209106445e+00
1.696616411209106445e+00
1.696616411209106445e+00
1.570707917213439941e+00
1.570707917213439941e+00
1.237540960311889648e+00
3.005279898643493652e-01
3.005279898643493652e-01
3.005279898643493652e-01
3.005279898643493652e-01
3.005279898643493652e-01
3.005279898643493652e-01
3.005279898643493652e-01
3.005279898643493652e-01
3.005279898643493652e-01
3.788917958736419678e-01
3.788917958736419678e-01
3.788917958736419678e-01
3.788917958736419678e-01
3.788917958736419678e-01
3.788917958736419678e-01
3.788917958736419678e-01
8.367653489112854004e-01
8.367653489112854004e-01
1.909185647964477539e+00
1.909185647964477539e+00
1.909185647964477539e+00
1.909185647964477539e+00
1.909185647964477539e+00
1.909185647964477539e+00
1.909185647964477539e+00
1.909185647964477539e+00
1.909185647964477539e+00
1.909185647964477539e+00
1.909185647964477539e+00
1.909185647964477539e+00
1.422698020935058594e+00
1.653905749320983887e+00
8.705794215202331543e-01
8.705794215202331543e-01
8.705794215202331543e-01
8.705794215202331543e-01
8.705794215202331543e-01
8.705794215202331543e-01
8.705794215202331543e-01
8.705794215202331543e-01
8.705794215202331543e-01
8.705794215202331543e-01
8.705794215202331543e-01
8.705794215202331543e-01
1.178674459457397461e+00
1.178674459457397461e+00
1.178674459457397461e+00
1.178674459457397461e+00
1.178674459457397461e+00
1.324690461158752441e+00
1.022110700607299805e+00
1.109347343444824219e+00
1.109347343444824219e+00
7.472068071365356445e-01
7.472068071365356445e-01
7.472068071365356445e-01
7.472068071365356445e-01
7.904169559478759766e-01
7.904169559478759766e-01
7.904169559478759766e-01
7.904169559478759766e-01
7.904169559478759766e-01
1.240011692047119141e+00
1.240011692047119141e+00
1.240011692047119141e+00
8.270319700241088867e-01
1.957374691963195801e+00
1.525243997573852539e+00
1.525243997573852539e+00
1.525243997573852539e+00
1.525243997573852539e+00
1.525243997573852539e+00
4.231809377670288086e-01
4.231809377670288086e-01
4.231809377670288086e-01
4.231809377670288086e-01
4.231809377670288086e-01
1.372346043586730957e+00
1.359739899635314941e+00
4.389772415161132812e-01
1.987844347953796387e+00
1.987844347953796387e+00
1.987844347953796387e+00
1.987844347953796387e+00
2.396676540374755859e+00
1.493785738945007324e+00
1.493785738945007324e+00
1.493785738945007324e+00
1.551631569862365723e+00
1.551631569862365723e+00
1.551631569862365723e+00
1.551631569862365723e+00
1.551631569862365723e+00
1.551631569862365723e+00
1.551631569862365723e+00
1.956610918045043945e+00
1.956610918045043945e+00
1.254838943481445312e+00
1.254838943481445312e+00
5.846347212791442871e-01
4.189016819000244141e-01
4.189016819000244141e-01
4.189016819000244141e-01
4.189016819000244141e-01
4.189016819000244141e-01
4.189016819000244141e-01
4.189016819000244141e-01
4.189016819000244141e-01
1.212843298912048340e+00
1.212843298912048340e+00
1.212843298912048340e+00
1.212843298912048340e+00
9.603551626205444336e-01
7.674058079719543457e-01
7.674058079719543457e-01
7.674058079719543457e-01
7.674058079719543457e-01
7.674058079719543457e-01
7.674058079719543457e-01
7.674058079719543457e-01
7.674058079719543457e-01
7.674058079719543457e-01
1.088240146636962891e+00
6.663734316825866699e-01
1.831677913665771484e+00
1.831677913665771484e+00
1.831677913665771484e+00
5.758237838745117188e-01
5.758237838745117188e-01
5.758237838745117188e-01
5.758237838745117188e-01
5.758237838745117188e-01
5.758237838745117188e-01
5.758237838745117188e-01
5.758237838745117188e-01
5.758237838745117188e-01
5.758237838745117188e-01
5.758237838745117188e-01
5.758237838745117188e-01
5.758237838745117188e-01
5.758237838745117188e-01
5.758237838745117188e-01
5.758237838745117188e-01
5.758237838745117188e-01
5.758237838745117188e-01
5.758237838745117188e-01
5.758237838745117188e-01
5.758237838745117188e-01
7.210081815719604492e-01
4.892641603946685791e-01
1.378508687019348145e+00
1.378508687019348145e+00
1.378508687019348145e+00
1.399558186531066895e+00
1.008682727813720703e+00
1.008682727813720703e+00
1.008682727813720703e+00
1.097417235374450684e+00
1.097417235374450684e+00
1.445681452751159668e-01
1.445681452751159668e-01
1.445681452751159668e-01
1.445681452751159668e-01
1.445681452751159668e-01
1.445681452751159668e-01
5.073080062866210938e-01
5.073080062866210938e-01
1.540894985198974609e+00
1.755235314369201660e+00
1.755235314369201660e+00
1.755235314369201660e+00
1.755235314369201660e+00
1.755235314369201660e+00
1.603969335556030273e+00
5.570212602615356445e-01
5.570212602615356445e-01
5.570212602615356445e-01
8.039417862892150879e-01
4.745193719863891602e-01
4.745193719863891602e-01
4.745193719863891602e-01
4.745193719863891602e-01
4.745193719863891602e-01
4.745193719863891602e-01
1.483469247817993164e+00
1.483469247817993164e+00
1.483469247817993164e+00
1.483469247817993164e+00
1.560998916625976562e+00
1.560998916625976562e+00
1.560998916625976562e+00
1.560998916625976562e+00
1.560998916625976562e+00
1.560998916625976562e+00
1.087723612785339355e+00
7.777826786041259766e-01
4.466896951198577881e-01
4.997433423995971680e-01
5.043133497238159180e-01
5.043133497238159180e-01
5.043133497238159180e-01
5.043133497238159180e-01
3.347879648208618164e-01
1.054369688034057617e+00
1.054369688034057617e+00
1.054369688034057617e+00
1.081296205520629883e+00
1.081296205520629883e+00
1.081296205520629883e+00
1.081296205520629883e+00
1.081296205520629883e+00
1.081296205520629883e+00
1.081296205520629883e+00
1.081296205520629883e+00
1.081296205520629883e+00
1.081296205520629883e+00
1.081296205520629883e+00
1.081296205520629883e+00
3.111573219299316406e+00
2.088658809661865234e+00
2.088658809661865234e+00
2.088658809661865234e+00
7.998448610305786133e-01
7.998448610305786133e-01
7.998448610305786133e-01
7.998448610305786133e-01
7.998448610305786133e-01
7.998448610305786133e-01
7.998448610305786133e-01
7.915899157524108887e-01
7.915899157524108887e-01
7.915899157524108887e-01
7.915899157524108887e-01
7.915899157524108887e-01
7.915899157524108887e-01
7.915899157524108887e-01
7.915899157524108887e-01
7.915899157524108887e-01
5.070079565048217773e-01
5.070079565048217773e-01
5.395744442939758301e-01
5.395744442939758301e-01
5.395744442939758301e-01
5.395744442939758301e-01
5.395744442939758301e-01
5.395744442939758301e-01
5.395744442939758301e-01
5.395744442939758301e-01
1.429636001586914062e+00
1.429636001586914062e+00
2.356081008911132812e+00
2.356081008911132812e+00
2.356081008911132812e+00
6.345105171203613281e-01
6.345105171203613281e-01
6.345105171203613281e-01
6.345105171203613281e-01
6.345105171203613281e-01
6.345105171203613281e-01
6.345105171203613281e-01
6.345105171203613281e-01
6.345105171203613281e-01
1.840724825859069824e+00
1.840724825859069824e+00
1.840724825859069824e+00
1.840724825859069824e+00
1.840724825859069824e+00
1.840724825859069824e+00
1.840724825859069824e+00
1.840724825859069824e+00
1.840724825859069824e+00
7.743660211563110352e-01
7.435656785964965820e-01
6.299128532409667969e-01
6.299128532409667969e-01
6.299128532409667969e-01
4.421931505203247070e-02
4.421931505203247070e-02
1.203706502914428711e+00
1.203706502914428711e+00
1.203706502914428711e+00
1.203706502914428711e+00
5.491354465484619141e-01
1.016910195350646973e+00
1.016910195350646973e+00
1.016910195350646973e+00
8.839636445045471191e-01
8.839636445045471191e-01
8.839636445045471191e-01
8.839636445045471191e-01
3.373714685440063477e-01
3.373714685440063477e-01
3.373714685440063477e-01
1.437226176261901855e+00
1.437226176261901855e+00
1.437226176261901855e+00
1.612651824951171875e+00
1.612651824951171875e+00
2.319612264633178711e+00
2.319612264633178711e+00
2.319612264633178711e+00
1.862896680831909180e+00
1.239237070083618164e+00
1.239237070083618164e+00
1.239237070083618164e+00
1.239237070083618164e+00
1.549294590950012207e+00
1.549294590950012207e+00
1.549294590950012207e+00
1.549294590950012207e+00
1.549294590950012207e+00
2.211452960968017578e+00
2.211452960968017578e+00
2.211452960968017578e+00
2.211452960968017578e+00
2.211452960968017578e+00
2.702163457870483398e-01
2.702163457870483398e-01
1.398079037666320801e+00
1.398079037666320801e+00
1.398079037666320801e+00
1.152679681777954102e+00
1.152679681777954102e+00
1.152679681777954102e+00
1.152679681777954102e+00
1.152679681777954102e+00
1.152679681777954102e+00
1.152679681777954102e+00
1.354525089263916016e+00
1.354525089263916016e+00
1.074363708496093750e+00
8.315250277519226074e-01
8.315250277519226074e-01
8.315250277519226074e-01
8.315250277519226074e-01
8.315250277519226074e-01
8.315250277519226074e-01
8.315250277519226074e-01
8.315250277519226074e-01
8.315250277519226074e-01
8.315250277519226074e-01
8.631359934806823730e-01
4.031715989112854004e-01
4.031715989112854004e-01
4.031715989112854004e-01
4.031715989112854004e-01
1.130382299423217773e+00
1.130382299423217773e+00
1.130382299423217773e+00
1.130382299423217773e+00
1.393139958381652832e-01
1.393139958381652832e-01
2.789781093597412109e-01
2.789781093597412109e-01
2.789781093597412109e-01
2.789781093597412109e-01
2.789781093597412109e-01
2.789781093597412109e-01
2.789781093597412109e-01
9.600952267646789551e-01
9.600952267646789551e-01
9.600952267646789551e-01
9.600952267646789551e-01
9.600952267646789551e-01
9.600952267646789551e-01
9.600952267646789551e-01
9.600952267646789551e-01
9.600952267646789551e-01
9.600952267646789551e-01
6.412649750709533691e-01
6.412649750709533691e-01
6.412649750709533691e-01
6.412649750709533691e-01
6.412649750709533691e-01
6.412649750709533691e-01
6.412649750709533691e-01
6.412649750709533691e-01
6.412649750709533691e-01
6.412649750709533691e-01
6.412649750709533691e-01
1.338756084442138672e+00
1.338756084442138672e+00
9.308242201805114746e-01
9.308242201805114746e-01
1.024243474006652832e+00
1.142820239067077637e+00
1.165503621101379395e+00
5.517854690551757812e-01
5.517854690551757812e-01
5.517854690551757812e-01
5.517854690551757812e-01
5.517854690551757812e-01
5.517854690551757812e-01
5.517854690551757812e-01
5.517854690551757812e-01
5.517854690551757812e-01
7.256024479866027832e-01
5.557024478912353516e-01
1.186831355094909668e+00
1.186831355094909668e+00
9.424794912338256836e-01
2.100921154022216797e+00
2.100921154022216797e+00
2.100921154022216797e+00
2.100921154022216797e+00
1.489724516868591309e+00
1.489724516868591309e+00
1.489724516868591309e+00
3.295228481292724609e-01
3.295228481292724609e-01
3.295228481292724609e-01
3.234903216361999512e-01
1.025055646896362305e+00
1.025055646896362305e+00
3.721264600753784180e-01
3.721264600753784180e-01
1.608699709177017212e-01
1.608699709177017212e-01
8.316270112991333008e-01
8.316270112991333008e-01
8.316270112991333008e-01
5.251958370208740234e-01
5.251958370208740234e-01
5.251958370208740234e-01
5.251958370208740234e-01
5.251958370208740234e-01
5.251958370208740234e-01
5.251958370208740234e-01
5.251958370208740234e-01
5.251958370208740234e-01
5.251958370208740234e-01
5.251958370208740234e-01
7.732782363891601562e-01
7.732782363891601562e-01
7.732782363891601562e-01
1.109224081039428711e+00
1.109224081039428711e+00
1.109224081039428711e+00
1.109224081039428711e+00
1.109224081039428711e+00
1.109224081039428711e+00
1.109224081039428711e+00
1.109224081039428711e+00
1.109224081039428711e+00
6.286546587944030762e-01
2.702925801277160645e-01
2.702925801277160645e-01
2.702925801277160645e-01
2.702925801277160645e-01
2.702925801277160645e-01
2.702925801277160645e-01
2.702925801277160645e-01
2.702925801277160645e-01
2.702925801277160645e-01
2.702925801277160645e-01
2.702925801277160645e-01
2.702925801277160645e-01
3.730592131614685059e-01
3.730592131614685059e-01
3.730592131614685059e-01
1.070552825927734375e+00
1.070552825927734375e+00
1.070552825927734375e+00
1.070552825927734375e+00
1.070552825927734375e+00
1.070552825927734375e+00
1.070552825927734375e+00
1.070552825927734375e+00
1.070552825927734375e+00
1.070552825927734375e+00
1.070552825927734375e+00
1.070552825927734375e+00
3.806578516960144043e-01
3.806578516960144043e-01
1.201829433441162109e+00
1.201829433441162109e+00
1.201829433441162109e+00
2.543014883995056152e-01
2.543014883995056152e-01
2.543014883995056152e-01
2.543014883995056152e-01
2.543014883995056152e-01
2.543014883995056152e-01
2.543014883995056152e-01
2.543014883995056152e-01
2.543014883995056152e-01
2.543014883995056152e-01
2.543014883995056152e-01
2.543014883995056152e-01
2.543014883995056152e-01
1.223079919815063477e+00
1.223079919815063477e+00
1.223079919815063477e+00
4.730699658393859863e-01
4.730699658393859863e-01
4.730699658393859863e-01
5.746881961822509766e-01
1.224639415740966797e+00
1.224639415740966797e+00
1.224639415740966797e+00
1.224639415740966797e+00
1.224639415740966797e+00
1.224639415740966797e+00
1.224639415740966797e+00
1.224639415740966797e+00
2.744644165039062500e+00
1.692311525344848633e+00
1.692311525344848633e+00
1.692311525344848633e+00
2.061424016952514648e+00
2.056637048721313477e+00
2.056637048721313477e+00
3.904855251312255859e-01
5.112202167510986328e-01
5.112202167510986328e-01
5.112202167510986328e-01
5.112202167510986328e-01
1.138155460357666016e+00
1.138155460357666016e+00
1.138155460357666016e+00
1.138155460357666016e+00
1.138155460357666016e+00
1.138155460357666016e+00
8.842408657073974609e-02
8.842408657073974609e-02
8.842408657073974609e-02
8.842408657073974609e-02
8.842408657073974609e-02
8.842408657073974609e-02
8.842408657073974609e-02
8.842408657073974609e-02
8.842408657073974609e-02
1.076839685440063477e+00
4.486409425735473633e-01
1.306250810623168945e+00
1.306250810623168945e+00
1.306250810623168945e+00
1.306250810623168945e+00
1.306250810623168945e+00
5.880563855171203613e-01
5.880563855171203613e-01
5.880563855171203613e-01
5.346570014953613281e-01
5.346570014953613281e-01
5.346570014953613281e-01
5.346570014953613281e-01
9.266247749328613281e-01
9.266247749328613281e-01
9.266247749328613281e-01
6.423366069793701172e-01
6.423366069793701172e-01
6.714854240417480469e-01
1.584130525588989258e+00
3.322689533233642578e-01
3.322689533233642578e-01
3.322689533233642578e-01
3.322689533233642578e-01
3.322689533233642578e-01
3.322689533233642578e-01
3.238033652305603027e-01
3.238033652305603027e-01
3.238033652305603027e-01
2.126039415597915649e-01
4.248554706573486328e-01
4.248554706573486328e-01
4.248554706573486328e-01
4.248554706573486328e-01
4.248554706573486328e-01
4.248554706573486328e-01
4.248554706573486328e-01
4.248554706573486328e-01
1.330502510070800781e+00
1.836015701293945312e+00
1.836015701293945312e+00
1.328226566314697266e+00
1.328226566314697266e+00
1.328226566314697266e+00
1.476041316986083984e+00
1.476041316986083984e+00
3.985707759857177734e-01
3.985707759857177734e-01
3.985707759857177734e-01
2.687950730323791504e-01
2.687950730323791504e-01
3.299858570098876953e-01
3.299858570098876953e-01
3.299858570098876953e-01
4.619724154472351074e-01
4.619724154472351074e-01
4.619724154472351074e-01
4.619724154472351074e-01
4.619724154472351074e-01
4.619724154472351074e-01
4.619724154472351074e-01
4.619724154472351074e-01
4.619724154472351074e-01
4.619724154472351074e-01
4.619724154472351074e-01
8.784254789352416992e-01
8.784254789352416992e-01
8.784254789352416992e-01
8.784254789352416992e-01
8.784254789352416992e-01
8.784254789352416992e-01
7.630971074104309082e-01
7.630971074104309082e-01
6.298795938491821289e-01
6.298795938491821289e-01
6.298795938491821289e-01
1.416771173477172852e+00
1.416771173477172852e+00
1.416771173477172852e+00
1.416771173477172852e+00
1.571742773056030273e+00
6.148931980133056641e-01
6.148931980133056641e-01
6.148931980133056641e-01
6.148931980133056641e-01
6.148931980133056641e-01
1.206875801086425781e+00
1.206875801086425781e+00
1.206875801086425781e+00
1.206875801086425781e+00
1.206875801086425781e+00
1.206875801086425781e+00
1.206875801086425781e+00
1.206875801086425781e+00
9.905947446823120117e-01
9.905947446823120117e-01
9.905947446823120117e-01
9.905947446823120117e-01
1.343883872032165527e+00
1.343883872032165527e+00
1.343883872032165527e+00
1.343883872032165527e+00
9.306175708770751953e-01
9.421386718750000000e-01
9.874107837677001953e-01
9.874107837677001953e-01
9.874107837677001953e-01
9.874107837677001953e-01
9.874107837677001953e-01
9.874107837677001953e-01
1.333785772323608398e+00
1.229598402976989746e+00
7.825350165367126465e-01
7.825350165367126465e-01
7.825350165367126465e-01
7.825350165367126465e-01
7.825350165367126465e-01
7.825350165367126465e-01
7.825350165367126465e-01
7.825350165367126465e-01
7.825350165367126465e-01
7.825350165367126465e-01
9.802733063697814941e-01
2.115071415901184082e-01
2.115071415901184082e-01
2.115071415901184082e-01
7.280989885330200195e-01
7.280989885330200195e-01
7.280989885330200195e-01
1.347730994224548340e+00
1.347730994224548340e+00
1.347730994224548340e+00
1.347730994224548340e+00
4.690386056900024414e-01
4.690386056900024414e-01
9.607384204864501953e-01
1.168431043624877930e+00
1.325639128684997559e+00
1.325639128684997559e+00
1.325639128684997559e+00
1.325639128684997559e+00
1.325639128684997559e+00
1.325639128684997559e+00
1.325639128684997559e+00
1.508272409439086914e+00
3.960199356079101562e-01
1.318391799926757812e+00
1.318391799926757812e+00
1.341708183288574219e+00
1.341708183288574219e+00
1.341708183288574219e+00
1.341708183288574219e+00
1.341708183288574219e+00
1.341708183288574219e+00
1.341708183288574219e+00
1.341708183288574219e+00
5.605110526084899902e-01
5.605110526084899902e-01
5.605110526084899902e-01
5.605110526084899902e-01
5.605110526084899902e-01
5.605110526084899902e-01
5.605110526084899902e-01
5.605110526084899902e-01
5.605110526084899902e-01
5.605110526084899902e-01
5.605110526084899902e-01
5.605110526084899902e-01
5.605110526084899902e-01
5.605110526084899902e-01
5.605110526084899902e-01
4.110563397407531738e-01
9.744417667388916016e-01
9.744417667388916016e-01
9.744417667388916016e-01
9.744417667388916016e-01
5.323578119277954102e-01
5.323578119277954102e-01
5.323578119277954102e-01
4.588109254837036133e-01
4.588109254837036133e-01
4.588109254837036133e-01
4.588109254837036133e-01
2.978948056697845459e-01
2.978948056697845459e-01
2.978948056697845459e-01
2.978948056697845459e-01
2.978948056697845459e-01
1.494382739067077637e+00
1.494382739067077637e+00
1.494382739067077637e+00
1.373565554618835449e+00
1.984512805938720703e+00
1.659419536590576172e-01
1.396270155906677246e+00
5.935313105583190918e-01
5.935313105583190918e-01
5.935313105583190918e-01
5.935313105583190918e-01
5.935313105583190918e-01
4.601988196372985840e-01
4.601988196372985840e-01
4.601988196372985840e-01
4.601988196372985840e-01
4.429624974727630615e-01
4.429624974727630615e-01
4.429624974727630615e-01
4.429624974727630615e-01
4.429624974727630615e-01
4.429624974727630615e-01
4.429624974727630615e-01
6.245041489601135254e-01
6.245041489601135254e-01
6.245041489601135254e-01
6.245041489601135254e-01
6.245041489601135254e-01
6.245041489601135254e-01
4.018033146858215332e-01
4.018033146858215332e-01
4.018033146858215332e-01
4.018033146858215332e-01
1.129916906356811523e+00
1.129916906356811523e+00
1.172051787376403809e+00
1.172051787376403809e+00
1.172051787376403809e+00
3.187806606292724609e-01
3.187806606292724609e-01
3.187806606292724609e-01
3.187806606292724609e-01
3.187806606292724609e-01
1.405554652214050293e+00
8.067957162857055664e-01
8.067957162857055664e-01
8.067957162857055664e-01
8.067957162857055664e-01
8.067957162857055664e-01
8.067957162857055664e-01
8.067957162857055664e-01
8.067957162857055664e-01
8.067957162857055664e-01
1.178598165512084961e+00
1.178598165512084961e+00
1.178598165512084961e+00
1.178598165512084961e+00
1.178598165512084961e+00
1.178598165512084961e+00
1.178598165512084961e+00
1.178598165512084961e+00
1.178598165512084961e+00
1.178598165512084961e+00
1.178598165512084961e+00
1.170037150382995605e+00
9.938303232192993164e-01
3.447018861770629883e-01
6.733226776123046875e-01
6.733226776123046875e-01
6.733226776123046875e-01
6.733226776123046875e-01
6.733226776123046875e-01
1.760104060173034668e+00
1.219429016113281250e+00
1.219429016113281250e+00
1.219429016113281250e+00
1.219429016113281250e+00
1.219429016113281250e+00
1.219429016113281250e+00
1.363224744796752930e+00
1.588554024696350098e+00
1.588554024696350098e+00
1.899786829948425293e+00
1.899786829948425293e+00
2.359719276428222656e-01
2.359719276428222656e-01
1.891586661338806152e+00
1.891586661338806152e+00
1.891586661338806152e+00
2.546279430389404297e-01
2.546279430389404297e-01
7.331545948982238770e-01
7.331545948982238770e-01
7.331545948982238770e-01
7.331545948982238770e-01
7.686327099800109863e-01
7.686327099800109863e-01
7.686327099800109863e-01
7.686327099800109863e-01
7.686327099800109863e-01
7.686327099800109863e-01
7.686327099800109863e-01
7.686327099800109863e-01
6.173595786094665527e-01
6.173595786094665527e-01
6.173595786094665527e-01
6.173595786094665527e-01
6.173595786094665527e-01
6.173595786094665527e-01
6.173595786094665527e-01
6.173595786094665527e-01
6.173595786094665527e-01
6.173595786094665527e-01
6.173595786094665527e-01
6.173595786094665527e-01
6.173595786094665527e-01
1.003009796142578125e+00
8.943915963172912598e-01
8.943915963172912598e-01
2.170445919036865234e-01
1.585270762443542480e+00
4.001863002777099609e-01
4.001863002777099609e-01
4.001863002777099609e-01
1.438259482383728027e+00
1.438259482383728027e+00
1.438259482383728027e+00
1.438259482383728027e+00
1.438259482383728027e+00
1.438259482383728027e+00
1.438259482383728027e+00
1.058293461799621582e+00
1.058293461799621582e+00
1.058293461799621582e+00
1.262884259223937988e+00
1.262884259223937988e+00
1.966852426528930664e+00
1.966852426528930664e+00
1.966852426528930664e+00
1.966852426528930664e+00
2.085457563400268555e+00
1.061197757720947266e+00
1.061197757720947266e+00
1.061197757720947266e+00
1.061197757720947266e+00
9.776471257209777832e-01
9.776471257209777832e-01
9.776471257209777832e-01
1.041302561759948730e+00
9.105597734451293945e-01
7.523699402809143066e-01
7.523699402809143066e-01
5.157096385955810547e-01
5.157096385955810547e-01
5.157096385955810547e-01
5.157096385955810547e-01
5.157096385955810547e-01
5.157096385955810547e-01
5.050439834594726562e-01
9.080790281295776367e-01
1.745776534080505371e-01
1.745776534080505371e-01
1.745776534080505371e-01
1.745776534080505371e-01
1.745776534080505371e-01
1.745776534080505371e-01
1.745776534080505371e-01
1.745776534080505371e-01
8.474901318550109863e-01
8.474901318550109863e-01
8.474901318550109863e-01
8.474901318550109863e-01
7.271513342857360840e-01
7.271513342857360840e-01
8.896156549453735352e-01
6.121436357498168945e-01
6.121436357498168945e-01
6.121436357498168945e-01
6.121436357498168945e-01
6.121436357498168945e-01
6.121436357498168945e-01
6.121436357498168945e-01
6.121436357498168945e-01
1.361270427703857422e+00
1.361270427703857422e+00
1.361270427703857422e+00
1.361270427703857422e+00
4.222074151039123535e-01
4.222074151039123535e-01
1.613661527633666992e+00
1.613661527633666992e+00
1.613661527633666992e+00
1.613661527633666992e+00
1.613661527633666992e+00
5.565676689147949219e-01
5.565676689147949219e-01
5.565676689147949219e-01
6.414707303047180176e-01
6.414707303047180176e-01
6.414707303047180176e-01
6.414707303047180176e-01
6.414707303047180176e-01
6.414707303047180176e-01
6.414707303047180176e-01
8.741161227226257324e-01
8.741161227226257324e-01
2.791057825088500977e-01
2.791057825088500977e-01
9.445534348487854004e-01
9.445534348487854004e-01
9.633645415306091309e-01
4.287282228469848633e-01
1.286453247070312500e+00
1.286453247070312500e+00
1.286453247070312500e+00
1.286453247070312500e+00
2.103210926055908203e+00
1.547059774398803711e+00
1.547059774398803711e+00
1.547059774398803711e+00
1.547059774398803711e+00
6.882387995719909668e-01
6.882387995719909668e-01
6.882387995719909668e-01
6.882387995719909668e-01
6.882387995719909668e-01
6.882387995719909668e-01
6.882387995719909668e-01
6.882387995719909668e-01
6.882387995719909668e-01
6.882387995719909668e-01
6.882387995719909668e-01
6.882387995719909668e-01
6.882387995719909668e-01
1.515088081359863281e+00
1.515088081359863281e+00
1.515088081359863281e+00
1.515088081359863281e+00
1.515088081359863281e+00
1.515088081359863281e+00
1.515088081359863281e+00
1.515088081359863281e+00
3.164114952087402344e-01
3.646037578582763672e-01
3.646037578582763672e-01
1.153666019439697266e+00
1.153666019439697266e+00
1.153666019439697266e+00
1.153666019439697266e+00
9.963939785957336426e-01
9.963939785957336426e-01
9.963939785957336426e-01
1.387051224708557129e+00
1.387051224708557129e+00
1.387051224708557129e+00
1.387051224708557129e+00
7.949298024177551270e-01
3.643303215503692627e-01
3.643303215503692627e-01
6.016300320625305176e-01
6.016300320625305176e-01
6.016300320625305176e-01
6.016300320625305176e-01
6.016300320625305176e-01
1.124284863471984863e+00
1.124284863471984863e+00
9.686480760574340820e-01
6.178088784217834473e-01
2.001521348953247070e+00
2.001521348953247070e+00
2.001521348953247070e+00
2.001521348953247070e+00
2.001521348953247070e+00
8.159987926483154297e-01
8.159987926483154297e-01
8.159987926483154297e-01
3.138226866722106934e-01
3.138226866722106934e-01
3.138226866722106934e-01
3.138226866722106934e-01
3.138226866722106934e-01
1.162351489067077637e+00
1.162351489067077637e+00
1.162351489067077637e+00
1.162351489067077637e+00
1.162351489067077637e+00
1.162351489067077637e+00
1.621632695198059082e+00
1.621632695198059082e+00
5.302813053131103516e-01
1.687804460525512695e+00
1.687804460525512695e+00
9.772977828979492188e-01
9.772977828979492188e-01
9.772977828979492188e-01
9.772977828979492188e-01
9.772977828979492188e-01
9.772977828979492188e-01
9.772977828979492188e-01
9.772977828979492188e-01
6.963793039321899414e-01
6.963793039321899414e-01
6.963793039321899414e-01
6.963793039321899414e-01
6.963793039321899414e-01
6.963793039321899414e-01
2.314741909503936768e-01
1.031754136085510254e+00
6.234323978424072266e-01
1.107109665870666504e+00
1.107109665870666504e+00
1.107109665870666504e+00
1.107109665870666504e+00
1.107109665870666504e+00
9.897780418395996094e-01
9.897780418395996094e-01
9.897780418395996094e-01
1.293496847152709961e+00
1.293496847152709961e+00
1.293496847152709961e+00
1.293496847152709961e+00
1.293496847152709961e+00
1.013384222984313965e+00
1.013384222984313965e+00
1.013384222984313965e+00
1.013384222984313965e+00
7.186578512191772461e-01
1.415188193321228027e+00
1.415188193321228027e+00
1.415188193321228027e+00
1.050567269325256348e+00
1.050567269325256348e+00
1.050567269325256348e+00
1.371402502059936523e+00
1.371402502059936523e+00
1.371402502059936523e+00
1.371402502059936523e+00
1.371402502059936523e+00
1.371402502059936523e+00
1.371402502059936523e+00
6.270099878311157227e-01
6.270099878311157227e-01
6.270099878311157227e-01
6.270099878311157227e-01
4.141598939895629883e-02
8.099367022514343262e-01
8.099367022514343262e-01
8.099367022514343262e-01
8.099367022514343262e-01
8.099367022514343262e-01
8.099367022514343262e-01
1.308582067489624023e+00
1.308582067489624023e+00
1.308582067489624023e+00
1.308582067489624023e+00
1.308582067489624023e+00
6.772330999374389648e-01
5.797572135925292969e-01
5.797572135925292969e-01
5.797572135925292969e-01
5.797572135925292969e-01
5.797572135925292969e-01
1.702713370323181152e-01
1.702713370323181152e-01
1.702713370323181152e-01
1.702713370323181152e-01
1.702713370323181152e-01
1.426960229873657227e+00
5.173130631446838379e-01
5.173130631446838379e-01
5.173130631446838379e-01
5.173130631446838379e-01
2.036906242370605469e+00
2.036906242370605469e+00
2.036906242370605469e+00
1.888067722320556641e+00
1.888067722320556641e+00
2.588587999343872070e-01
2.588587999343872070e-01
2.588587999343872070e-01
2.588587999343872070e-01
7.769699096679687500e-01
6.657102108001708984e-01
8.970830440521240234e-01
8.970830440521240234e-01
8.970830440521240234e-01
8.970830440521240234e-01
8.970830440521240234e-01
8.970830440521240234e-01
8.970830440521240234e-01
8.970830440521240234e-01
5.949035882949829102e-01
1.580537319183349609e+00
2.091781616210937500e+00
2.091781616210937500e+00
2.091781616210937500e+00
2.091781616210937500e+00
2.091781616210937500e+00
2.091781616210937500e+00
9.168927669525146484e-01
9.168927669525146484e-01
1.336483478546142578e+00
6.266687512397766113e-01
6.266687512397766113e-01
6.266687512397766113e-01
6.266687512397766113e-01
3.681771457195281982e-01
3.681771457195281982e-01
3.681771457195281982e-01
1.203198075294494629e+00
1.203198075294494629e+00
6.266039013862609863e-01
6.266039013862609863e-01
6.045885086059570312e-01
1.123735904693603516e+00
1.123735904693603516e+00
1.123735904693603516e+00
1.123735904693603516e+00
1.123735904693603516e+00
1.123735904693603516e+00
1.123735904693603516e+00
1.123735904693603516e+00
2.115763902664184570e+00
2.224210262298583984e+00
1.875748157501220703e+00
2.713418960571289062e+00
1.150978565216064453e+00
1.150978565216064453e+00
9.483740329742431641e-01
9.483740329742431641e-01
9.483740329742431641e-01
9.483740329742431641e-01
9.483740329742431641e-01
1.116596460342407227e+00
1.116596460342407227e+00
1.116596460342407227e+00
5.020417571067810059e-01
5.020417571067810059e-01
5.020417571067810059e-01
5.020417571067810059e-01
1.384165585041046143e-01
1.384165585041046143e-01
6.689195632934570312e-01
6.689195632934570312e-01
6.689195632934570312e-01
6.689195632934570312e-01
6.689195632934570312e-01
4.520161151885986328e-01
4.520161151885986328e-01
1.855788588523864746e+00
1.366134166717529297e+00
1.352065563201904297e+00
7.206149101257324219e-01
7.206149101257324219e-01
7.206149101257324219e-01
7.206149101257324219e-01
7.206149101257324219e-01
7.206149101257324219e-01
5.557962656021118164e-01
5.557962656021118164e-01
5.557962656021118164e-01
1.119117498397827148e+00
4.958982467651367188e-01
9.808728694915771484e-01
9.808728694915771484e-01
9.808728694915771484e-01
3.403233885765075684e-01
3.403233885765075684e-01
3.403233885765075684e-01
3.403233885765075684e-01
3.403233885765075684e-01
3.403233885765075684e-01
3.403233885765075684e-01
6.291042566299438477e-01
6.291042566299438477e-01
6.291042566299438477e-01
6.291042566299438477e-01
6.291042566299438477e-01
6.291042566299438477e-01
2.884497642517089844e-01
1.815988779067993164e+00
1.815988779067993164e+00
1.815988779067993164e+00
1.815988779067993164e+00
2.031466007232666016e+00
2.163414239883422852e+00
2.163414239883422852e+00
2.163414239883422852e+00
2.163414239883422852e+00
1.590813755989074707e+00
1.590813755989074707e+00
6.065424084663391113e-01
5.630794763565063477e-01
1.518750488758087158e-01
1.521132111549377441e+00
1.463477969169616699e+00
1.463477969169616699e+00
1.660798788070678711e+00
1.660798788070678711e+00
1.660798788070678711e+00
1.660798788070678711e+00
7.206010818481445312e-01
7.206010818481445312e-01
7.206010818481445312e-01
7.206010818481445312e-01
3.968437910079956055e-01
3.968437910079956055e-01
1.537427902221679688e+00
1.537427902221679688e+00
1.537427902221679688e+00
1.537427902221679688e+00
1.388715028762817383e+00
1.388715028762817383e+00
1.388715028762817383e+00
1.388715028762817383e+00
1.388715028762817383e+00
1.388715028762817383e+00
1.388715028762817383e+00
1.388715028762817383e+00
1.388715028762817383e+00
1.388715028762817383e+00
1.388715028762817383e+00
1.388715028762817383e+00
3.000918626785278320e-01
3.000918626785278320e-01
3.000918626785278320e-01
1.650903701782226562e+00
5.997385978698730469e-01
5.997385978698730469e-01
5.997385978698730469e-01
5.997385978698730469e-01
5.997385978698730469e-01
5.997385978698730469e-01
5.997385978698730469e-01
6.547924280166625977e-01
6.547924280166625977e-01
1.569851636886596680e+00
1.569851636886596680e+00
1.569851636886596680e+00
1.569851636886596680e+00
6.564508676528930664e-01
6.564508676528930664e-01
6.564508676528930664e-01
6.564508676528930664e-01
9.082587957382202148e-01
9.082587957382202148e-01
9.082587957382202148e-01
9.082587957382202148e-01
9.082587957382202148e-01
9.082587957382202148e-01
9.082587957382202148e-01
9.082587957382202148e-01
9.082587957382202148e-01
9.082587957382202148e-01
9.082587957382202148e-01
7.802582979202270508e-01
7.802582979202270508e-01
7.802582979202270508e-01
7.802582979202270508e-01
8.279590606689453125e-01
8.279590606689453125e-01
8.279590606689453125e-01
8.279590606689453125e-01
8.279590606689453125e-01
8.279590606689453125e-01
8.279590606689453125e-01
8.279590606689453125e-01
8.279590606689453125e-01
8.279590606689453125e-01
4.940946400165557861e-01
6.851186752319335938e-01
6.851186752319335938e-01
6.851186752319335938e-01
6.851186752319335938e-01
7.883433103561401367e-01
7.883433103561401367e-01
7.883433103561401367e-01
7.883433103561401367e-01
7.883433103561401367e-01
1.122923612594604492e+00
1.122923612594604492e+00
1.122923612594604492e+00
1.122923612594604492e+00
1.122923612594604492e+00
1.582202196121215820e+00
1.582202196121215820e+00
1.350438356399536133e+00
1.350438356399536133e+00
1.350438356399536133e+00
1.350438356399536133e+00
2.016532659530639648e+00
1.471755743026733398e+00
1.471755743026733398e+00
8.781025409698486328e-01
1.339446187019348145e+00
6.112335920333862305e-01
4.709421694278717041e-01
4.709421694278717041e-01
4.709421694278717041e-01
4.709421694278717041e-01
4.709421694278717041e-01
4.624677896499633789e-01
4.624677896499633789e-01
4.624677896499633789e-01
4.624677896499633789e-01
4.624677896499633789e-01
4.624677896499633789e-01
1.667871117591857910e+00
1.667871117591857910e+00
1.903070092201232910e+00
1.903070092201232910e+00
1.903070092201232910e+00
5.234916210174560547e-01
1.574699878692626953e+00
1.574699878692626953e+00
1.574699878692626953e+00
1.958088159561157227e+00
1.958088159561157227e+00
1.958088159561157227e+00
1.217645883560180664e+00
4.799700975418090820e-01
4.799700975418090820e-01
4.799700975418090820e-01
4.799700975418090820e-01
7.601161003112792969e-01
7.601161003112792969e-01
1.019368648529052734e+00
1.019368648529052734e+00
7.801200151443481445e-01
7.801200151443481445e-01
7.801200151443481445e-01
7.801200151443481445e-01
7.801200151443481445e-01
7.801200151443481445e-01
7.801200151443481445e-01
7.801200151443481445e-01
7.801200151443481445e-01
7.801200151443481445e-01
7.801200151443481445e-01
7.801200151443481445e-01
7.801200151443481445e-01
7.801200151443481445e-01
7.421642541885375977e-01
1.736202716827392578e+00
7.843760251998901367e-01
7.843760251998901367e-01
7.843760251998901367e-01
7.843760251998901367e-01
7.843760251998901367e-01
8.409729003906250000e-01
1.470510959625244141e+00
1.470510959625244141e+00
9.481268525123596191e-01
9.481268525123596191e-01
7.060019969940185547e-01
7.060019969940185547e-01
7.060019969940185547e-01
7.060019969940185547e-01
7.060019969940185547e-01
7.060019969940185547e-01
2.503968000411987305e+00
2.224855422973632812e-01
2.224855422973632812e-01
5.800082683563232422e-01
5.800082683563232422e-01
5.800082683563232422e-01
5.800082683563232422e-01
5.800082683563232422e-01
5.800082683563232422e-01
5.800082683563232422e-01
5.800082683563232422e-01
2.557404935359954834e-01
5.041106939315795898e-01
8.418011069297790527e-01
9.260482788085937500e-01
9.260482788085937500e-01
1.908656358718872070e+00
1.681269645690917969e+00
1.681269645690917969e+00
7.023315429687500000e-01
1.470347642898559570e+00
9.569251537322998047e-01
9.569251537322998047e-01
9.569251537322998047e-01
9.569251537322998047e-01
5.387877821922302246e-01
5.387877821922302246e-01
5.387877821922302246e-01
5.387877821922302246e-01
8.309144973754882812e-01
8.309144973754882812e-01
8.309144973754882812e-01
8.309144973754882812e-01
8.309144973754882812e-01
8.309144973754882812e-01
1.931129217147827148e+00
1.931129217147827148e+00
1.931129217147827148e+00
1.931129217147827148e+00
3.078243732452392578e-01
3.078243732452392578e-01
3.078243732452392578e-01
3.078243732452392578e-01
3.078243732452392578e-01
9.074789881706237793e-01
7.928016781806945801e-01
7.928016781806945801e-01
7.928016781806945801e-01
7.928016781806945801e-01
7.928016781806945801e-01
1.110499262809753418e+00
1.110499262809753418e+00
1.110499262809753418e+00
1.110499262809753418e+00
1.110499262809753418e+00
1.110499262809753418e+00
1.110499262809753418e+00
1.110499262809753418e+00
1.110499262809753418e+00
1.110499262809753418e+00
1.110499262809753418e+00
1.110499262809753418e+00
5.352842211723327637e-01
7.550327181816101074e-01
6.445848345756530762e-01
6.445848345756530762e-01
6.445848345756530762e-01
6.445848345756530762e-01
6.445848345756530762e-01
6.445848345756530762e-01
6.445848345756530762e-01
6.445848345756530762e-01
6.445848345756530762e-01
6.445848345756530762e-01
6.445848345756530762e-01
6.445848345756530762e-01
6.445848345756530762e-01
7.648580670356750488e-01
7.648580670356750488e-01
7.648580670356750488e-01
7.648580670356750488e-01
8.063662648200988770e-01
8.063662648200988770e-01
8.063662648200988770e-01
8.063662648200988770e-01
8.063662648200988770e-01
8.063662648200988770e-01
8.063662648200988770e-01
8.063662648200988770e-01
1.158012151718139648e+00
1.158012151718139648e+00
1.158012151718139648e+00
1.158012151718139648e+00
1.158012151718139648e+00
1.158012151718139648e+00
1.158012151718139648e+00
1.158012151718139648e+00
1.158012151718139648e+00
1.158012151718139648e+00
1.733550071716308594e+00
1.733550071716308594e+00
1.733550071716308594e+00
1.733550071716308594e+00
1.733550071716308594e+00
1.733550071716308594e+00
1.733550071716308594e+00
1.733550071716308594e+00
1.391788005828857422e+00
1.193506717681884766e+00
5.529368519783020020e-01
1.879895210266113281e+00
1.819350838661193848e+00
1.477960348129272461e+00
1.477960348129272461e+00
1.477960348129272461e+00
1.151300311088562012e+00
1.151300311088562012e+00
1.332268714904785156e+00
1.332268714904785156e+00
1.332268714904785156e+00
1.787574052810668945e+00
1.787574052810668945e+00
1.787574052810668945e+00
1.787574052810668945e+00
1.889947772026062012e+00
1.889947772026062012e+00
1.889947772026062012e+00
1.889947772026062012e+00
1.889947772026062012e+00
1.889947772026062012e+00
1.889947772026062012e+00
1.332950711250305176e+00
6.653966307640075684e-01
6.653966307640075684e-01
5.942634940147399902e-01
5.942634940147399902e-01
4.906636178493499756e-01
4.906636178493499756e-01
4.906636178493499756e-01
4.906636178493499756e-01
4.906636178493499756e-01
1.795502066612243652e+00
1.795502066612243652e+00
1.795502066612243652e+00
1.795502066612243652e+00
6.218692064285278320e-01
6.218692064285278320e-01
6.218692064285278320e-01
6.218692064285278320e-01
6.218692064285278320e-01
6.218692064285278320e-01
6.218692064285278320e-01
6.218692064285278320e-01
6.218692064285278320e-01
6.218692064285278320e-01
6.218692064285278320e-01
6.218692064285278320e-01
6.218692064285278320e-01
6.218692064285278320e-01
6.218692064285278320e-01
6.218692064285278320e-01
6.218692064285278320e-01
6.218692064285278320e-01
6.218692064285278320e-01
6.218692064285278320e-01
6.218692064285278320e-01
6.218692064285278320e-01
6.218692064285278320e-01
6.218692064285278320e-01
7.603616118431091309e-01
9.848446846008300781e-01
9.848446846008300781e-01
7.270643711090087891e-01
7.270643711090087891e-01
7.270643711090087891e-01
9.058774709701538086e-01
4.143803715705871582e-01
4.143803715705871582e-01
4.143803715705871582e-01
4.143803715705871582e-01
4.143803715705871582e-01
4.143803715705871582e-01
3.494659066200256348e-01
3.494659066200256348e-01
3.494659066200256348e-01
3.494659066200256348e-01
3.494659066200256348e-01
3.494659066200256348e-01
2.742006480693817139e-01
8.127980232238769531e-01
5.998252630233764648e-01
5.998252630233764648e-01
5.998252630233764648e-01
5.998252630233764648e-01
5.998252630233764648e-01
5.998252630233764648e-01
2.135710418224334717e-01
2.135710418224334717e-01
2.135710418224334717e-01
2.135710418224334717e-01
2.135710418224334717e-01
2.135710418224334717e-01
2.135710418224334717e-01
1.888091206550598145e+00
1.584254741668701172e+00
3.714267015457153320e-01
3.714267015457153320e-01
3.714267015457153320e-01
3.714267015457153320e-01
9.192344546318054199e-01
9.192344546318054199e-01
9.192344546318054199e-01
9.192344546318054199e-01
3.392742872238159180e-01
3.392742872238159180e-01
1.380394101142883301e+00
6.339235305786132812e-01
6.339235305786132812e-01
6.339235305786132812e-01
6.339235305786132812e-01
6.339235305786132812e-01
6.339235305786132812e-01
5.576968193054199219e-01
3.912973999977111816e-01
3.912973999977111816e-01
3.912973999977111816e-01
1.567544460296630859e+00
1.567544460296630859e+00
1.567544460296630859e+00
1.567544460296630859e+00
1.511084675788879395e+00
2.971193790435791016e-01
2.971193790435791016e-01
1.577094793319702148e-01
1.577094793319702148e-01
8.585500717163085938e-01
8.108395934104919434e-01
8.108395934104919434e-01
8.108395934104919434e-01
8.108395934104919434e-01
5.989567637443542480e-01
5.989567637443542480e-01
5.989567637443542480e-01
5.989567637443542480e-01
5.989567637443542480e-01
1.464255332946777344e+00
1.464255332946777344e+00
7.000909447669982910e-01
7.000909447669982910e-01
7.000909447669982910e-01
7.000909447669982910e-01
7.000909447669982910e-01
7.000909447669982910e-01
7.000909447669982910e-01
7.000909447669982910e-01
7.000909447669982910e-01
7.000909447669982910e-01
7.000909447669982910e-01
7.000909447669982910e-01
7.000909447669982910e-01
7.000909447669982910e-01
7.000909447669982910e-01
1.352367997169494629e-01
1.352367997169494629e-01
1.352367997169494629e-01
1.799745321273803711e+00
1.799745321273803711e+00
1.831654787063598633e+00
5.494339466094970703e-01
5.494339466094970703e-01
5.494339466094970703e-01
5.494339466094970703e-01
5.494339466094970703e-01
5.494339466094970703e-01
7.412360906600952148e-01
7.412360906600952148e-01
7.412360906600952148e-01
7.412360906600952148e-01
2.398781776428222656e-01
2.398781776428222656e-01
1.050067663192749023e+00
1.050067663192749023e+00
1.050067663192749023e+00
1.069112896919250488e+00
1.069112896919250488e+00
1.069112896919250488e+00
1.493407487869262695e+00
1.493407487869262695e+00
2.441887378692626953e+00
2.698376655578613281e+00
2.571815013885498047e+00
2.539277076721191406e-01
2.539277076721191406e-01
2.539277076721191406e-01
2.539277076721191406e-01
2.539277076721191406e-01
2.539277076721191406e-01
7.773798108100891113e-01
7.773798108100891113e-01
7.773798108100891113e-01
7.773798108100891113e-01
4.584301412105560303e-01
4.584301412105560303e-01
4.584301412105560303e-01
4.584301412105560303e-01
4.584301412105560303e-01
4.584301412105560303e-01
4.584301412105560303e-01
4.584301412105560303e-01
4.584301412105560303e-01
4.584301412105560303e-01
4.584301412105560303e-01
4.584301412105560303e-01
4.584301412105560303e-01
4.584301412105560303e-01
4.584301412105560303e-01
4.584301412105560303e-01
4.584301412105560303e-01
4.584301412105560303e-01
4.584301412105560303e-01
4.584301412105560303e-01
4.584301412105560303e-01
4.584301412105560303e-01
4.584301412105560303e-01
4.584301412105560303e-01
4.584301412105560303e-01
4.584301412105560303e-01
4.584301412105560303e-01
4.584301412105560303e-01
1.971168875694274902e+00
1.971168875694274902e+00
1.971168875694274902e+00
1.314646720886230469e+00
7.793883681297302246e-01
7.793883681297302246e-01
9.083514213562011719e-01
9.083514213562011719e-01
9.083514213562011719e-01
9.083514213562011719e-01
9.083514213562011719e-01
9.083514213562011719e-01
1.032544016838073730e+00
1.032544016838073730e+00
1.032544016838073730e+00
5.699533224105834961e-01
5.699533224105834961e-01
5.699533224105834961e-01
5.699533224105834961e-01
7.070080041885375977e-01
7.070080041885375977e-01
7.070080041885375977e-01
7.070080041885375977e-01
7.070080041885375977e-01
7.070080041885375977e-01
7.070080041885375977e-01
7.070080041885375977e-01
3.991286456584930420e-01
3.991286456584930420e-01
3.991286456584930420e-01
3.991286456584930420e-01
3.991286456584930420e-01
4.680974483489990234e-01
9.518994688987731934e-01
9.518994688987731934e-01
1.337374448776245117e+00
1.337374448776245117e+00
1.117884755134582520e+00
1.105235219001770020e+00
1.105235219001770020e+00
1.105235219001770020e+00
1.105235219001770020e+00
1.105235219001770020e+00
1.105235219001770020e+00
8.234246969223022461e-01
8.234246969223022461e-01
8.234246969223022461e-01
8.234246969223022461e-01
8.234246969223022461e-01
8.234246969223022461e-01
8.234246969223022461e-01
8.234246969223022461e-01
8.234246969223022461e-01
8.234246969223022461e-01
8.044702410697937012e-01
8.044702410697937012e-01
8.044702410697937012e-01
4.880947172641754150e-01
4.880947172641754150e-01
4.880947172641754150e-01
5.233394503593444824e-01
5.233394503593444824e-01
1.116050601005554199e+00
1.116050601005554199e+00
1.116050601005554199e+00
1.116050601005554199e+00
1.116050601005554199e+00
1.116050601005554199e+00
1.116050601005554199e+00
2.915754318237304688e-01
2.915754318237304688e-01
6.302345991134643555e-01
6.302345991134643555e-01
6.302345991134643555e-01
1.778933286666870117e+00
1.778933286666870117e+00
1.778933286666870117e+00
3.298094272613525391e-01
1.602917075157165527e+00
1.602917075157165527e+00
1.350970745086669922e+00
1.350970745086669922e+00
1.350970745086669922e+00
2.664955854415893555e-01
2.664955854415893555e-01
2.664955854415893555e-01
1.291369676589965820e+00
1.291369676589965820e+00
1.246650815010070801e+00
1.246650815010070801e+00
1.246650815010070801e+00
9.321399331092834473e-01
9.321399331092834473e-01
9.321399331092834473e-01
9.321399331092834473e-01
9.321399331092834473e-01
9.321399331092834473e-01
9.321399331092834473e-01
7.485994100570678711e-01
7.485994100570678711e-01
7.485994100570678711e-01
7.485994100570678711e-01
4.680495858192443848e-01
4.680495858192443848e-01
4.680495858192443848e-01
4.680495858192443848e-01
4.680495858192443848e-01
2.159882068634033203e+00
2.159882068634033203e+00
2.159882068634033203e+00
2.159882068634033203e+00
2.159882068634033203e+00
2.159882068634033203e+00
2.159882068634033203e+00
2.159882068634033203e+00
2.159882068634033203e+00
2.159882068634033203e+00
2.670524597167968750e+00
2.670524597167968750e+00
5.642423629760742188e-01
5.642423629760742188e-01
5.642423629760742188e-01
7.067865729331970215e-01
5.342919826507568359e-01
1.522968173027038574e+00
1.522968173027038574e+00
1.522968173027038574e+00
1.137524604797363281e+00
9.099596142768859863e-01
1.084770321846008301e+00
1.084770321846008301e+00
1.084770321846008301e+00
1.084770321846008301e+00
1.084770321846008301e+00
1.084770321846008301e+00
2.639833688735961914e-01
2.639833688735961914e-01
2.639833688735961914e-01
2.639833688735961914e-01
2.639833688735961914e-01
2.639833688735961914e-01
2.639833688735961914e-01
1.722750067710876465e+00
1.252034068107604980e+00
1.252034068107604980e+00
1.252034068107604980e+00
1.252034068107604980e+00
1.252034068107604980e+00
1.252034068107604980e+00
1.252034068107604980e+00
1.252034068107604980e+00
9.137750864028930664e-01
1.190614342689514160e+00
1.190614342689514160e+00
1.190614342689514160e+00
1.190614342689514160e+00
1.190614342689514160e+00
1.190614342689514160e+00
9.981305599212646484e-01
9.981305599212646484e-01
9.981305599212646484e-01
7.730406522750854492e-01
7.730406522750854492e-01
7.730406522750854492e-01
6.624441742897033691e-01
6.419721841812133789e-01
6.419721841812133789e-01
6.419721841812133789e-01
1.378764629364013672e+00
1.378764629364013672e+00
1.378764629364013672e+00
1.378764629364013672e+00
1.378764629364013672e+00
7.773452997207641602e-01
7.773452997207641602e-01
7.773452997207641602e-01
7.773452997207641602e-01
7.773452997207641602e-01
7.773452997207641602e-01
7.773452997207641602e-01
7.773452997207641602e-01
7.773452997207641602e-01
1.190726161003112793e+00
1.190726161003112793e+00
1.190726161003112793e+00
8.715724349021911621e-01
8.715724349021911621e-01
8.715724349021911621e-01
4.459382891654968262e-01
4.459382891654968262e-01
4.459382891654968262e-01
4.459382891654968262e-01
4.459382891654968262e-01
2.262292623519897461e+00
2.714595556259155273e+00
2.714595556259155273e+00
2.235966682434082031e+00
2.235966682434082031e+00
2.235966682434082031e+00
2.235966682434082031e+00
2.235966682434082031e+00
2.235966682434082031e+00
1.790801048278808594e+00
1.790801048278808594e+00
1.790801048278808594e+00
1.064414143562316895e+00
1.064414143562316895e+00
1.064414143562316895e+00
1.064414143562316895e+00
2.236520767211914062e+00
2.236520767211914062e+00
2.236520767211914062e+00
2.236520767211914062e+00
2.763025045394897461e+00
3.469468832015991211e+00
3.469468832015991211e+00
2.741125106811523438e+00
3.030415296554565430e+00
3.030415296554565430e+00
2.386261940002441406e+00
2.386261940002441406e+00
2.338441371917724609e+00
2.338441371917724609e+00
2.338441371917724609e+00
2.493806123733520508e+00
1.812736749649047852e+00
1.812736749649047852e+00
1.542523145675659180e+00
1.542523145675659180e+00
1.542523145675659180e+00
1.542523145675659180e+00
1.913590431213378906e+00
3.625124692916870117e-01
3.625124692916870117e-01
9.376143813133239746e-01
9.376143813133239746e-01
9.376143813133239746e-01
1.366299271583557129e+00
1.366299271583557129e+00
9.723511338233947754e-01
9.723511338233947754e-01
9.723511338233947754e-01
9.723511338233947754e-01
1.064974665641784668e+00
7.277086973190307617e-01
7.277086973190307617e-01
7.929648160934448242e-01
7.929648160934448242e-01
7.929648160934448242e-01
1.385539174079895020e+00
4.726908802986145020e-01
4.726908802986145020e-01
4.726908802986145020e-01
4.726908802986145020e-01
4.726908802986145020e-01
4.726908802986145020e-01
8.480958938598632812e-01
8.813086748123168945e-01
8.813086748123168945e-01
8.813086748123168945e-01
8.813086748123168945e-01
8.813086748123168945e-01
8.813086748123168945e-01
8.813086748123168945e-01
8.813086748123168945e-01
3.446974158287048340e-01
1.026436924934387207e+00
8.145889639854431152e-01
8.145889639854431152e-01
8.145889639854431152e-01
8.145889639854431152e-01
3.273948431015014648e-01
3.273948431015014648e-01
1.627858042716979980e+00
1.627858042716979980e+00
1.627858042716979980e+00
1.627858042716979980e+00
1.627858042716979980e+00
1.627858042716979980e+00
1.627858042716979980e+00
1.627858042716979980e+00
9.101737141609191895e-01
4.270737171173095703e-01
1.576327323913574219e+00
2.040328979492187500e-01
2.040328979492187500e-01
7.995666265487670898e-01
7.995666265487670898e-01
7.995666265487670898e-01
7.995666265487670898e-01
7.995666265487670898e-01
7.995666265487670898e-01
7.995666265487670898e-01
7.995666265487670898e-01
1.700530290603637695e+00
6.564249992370605469e-01
6.564249992370605469e-01
6.564249992370605469e-01
2.089915871620178223e-01
1.533062696456909180e+00
1.533062696456909180e+00
6.283476948738098145e-01
6.283476948738098145e-01
6.283476948738098145e-01
6.283476948738098145e-01
3.809219002723693848e-01
1.172315835952758789e+00
1.172315835952758789e+00
1.672626495361328125e+00
1.672626495361328125e+00
2.207567691802978516e-01
2.207567691802978516e-01
2.078019142150878906e+00
3.372427225112915039e-01
3.372427225112915039e-01
3.372427225112915039e-01
3.372427225112915039e-01
3.372427225112915039e-01
3.372427225112915039e-01
3.372427225112915039e-01
1.015177011489868164e+00
7.397410869598388672e-01
7.397410869598388672e-01
7.397410869598388672e-01
7.397410869598388672e-01
7.397410869598388672e-01
7.397410869598388672e-01
7.397410869598388672e-01
7.397410869598388672e-01
6.896378993988037109e-01
9.123951196670532227e-01
2.578367233276367188e+00
2.578367233276367188e+00
1.915054917335510254e+00
1.630348086357116699e+00
6.938751339912414551e-01
6.938751339912414551e-01
6.938751339912414551e-01
1.056933045387268066e+00
1.056933045387268066e+00
1.056933045387268066e+00
8.216817378997802734e-01
8.216817378997802734e-01
1.661119103431701660e+00
1.439244389533996582e+00
1.293147802352905273e+00
1.143217563629150391e+00
1.143217563629150391e+00
1.628602147102355957e+00
1.628602147102355957e+00
1.628602147102355957e+00
1.628602147102355957e+00
1.231269478797912598e+00
1.723972082138061523e+00
2.487657070159912109e-01
2.487657070159912109e-01
2.487657070159912109e-01
2.487657070159912109e-01
2.487657070159912109e-01
5.612590312957763672e-01
5.612590312957763672e-01
5.612590312957763672e-01
6.375328302383422852e-01
6.375328302383422852e-01
6.375328302383422852e-01
6.375328302383422852e-01
6.375328302383422852e-01
8.472076654434204102e-01
8.472076654434204102e-01
8.472076654434204102e-01
8.472076654434204102e-01
8.472076654434204102e-01
8.472076654434204102e-01
3.611845672130584717e-01
3.611845672130584717e-01
3.611845672130584717e-01
3.611845672130584717e-01
3.611845672130584717e-01
3.611845672130584717e-01
4.627908468246459961e-01
4.627908468246459961e-01
1.523162126541137695e+00
1.523162126541137695e+00
1.523162126541137695e+00
1.523162126541137695e+00
1.523162126541137695e+00
1.517787337303161621e+00
1.517787337303161621e+00
1.517787337303161621e+00
1.126254320144653320e+00
6.102233529090881348e-01
6.102233529090881348e-01
6.102233529090881348e-01
1.025497436523437500e+00
4.226730465888977051e-01
4.226730465888977051e-01
4.226730465888977051e-01
8.586477041244506836e-01
8.586477041244506836e-01
8.586477041244506836e-01
4.858338832855224609e-02
4.858338832855224609e-02
4.858338832855224609e-02
7.208688855171203613e-01
7.208688855171203613e-01
6.436179876327514648e-01
1.218001127243041992e+00
1.293267011642456055e+00
1.293267011642456055e+00
1.293267011642456055e+00
1.293267011642456055e+00
1.293267011642456055e+00
5.694308280944824219e-01
9.276048541069030762e-01
9.276048541069030762e-01
9.276048541069030762e-01
9.276048541069030762e-01
9.276048541069030762e-01
8.838608264923095703e-01
8.838608264923095703e-01
8.838608264923095703e-01
8.838608264923095703e-01
4.862691760063171387e-01
5.381419062614440918e-01
5.381419062614440918e-01
5.381419062614440918e-01
7.995058894157409668e-01
7.995058894157409668e-01
3.859526515007019043e-01
3.859526515007019043e-01
3.859526515007019043e-01
3.859526515007019043e-01
3.859526515007019043e-01
3.859526515007019043e-01
8.286945819854736328e-01
8.286945819854736328e-01
8.286945819854736328e-01
8.286945819854736328e-01
8.286945819854736328e-01
8.286945819854736328e-01
8.286945819854736328e-01
8.286945819854736328e-01
8.286945819854736328e-01
8.732064962387084961e-01
8.732064962387084961e-01
1.038094520568847656e+00
2.471153140068054199e-01
2.471153140068054199e-01
2.471153140068054199e-01
2.471153140068054199e-01
2.471153140068054199e-01
2.471153140068054199e-01
2.471153140068054199e-01
2.471153140068054199e-01
2.471153140068054199e-01
2.471153140068054199e-01
4.101033806800842285e-01
1.583249092102050781e+00
1.583249092102050781e+00
1.377943277359008789e+00
1.377943277359008789e+00
1.377943277359008789e+00
7.091576457023620605e-01
1.556338071823120117e+00
1.556338071823120117e+00
2.246659517288208008e+00
2.246659517288208008e+00
2.246659517288208008e+00
2.246659517288208008e+00
6.302841901779174805e-01
6.302841901779174805e-01
6.302841901779174805e-01
6.302841901779174805e-01
1.114409923553466797e+00
1.211992383003234863e+00
1.211992383003234863e+00
1.211992383003234863e+00
1.211992383003234863e+00
1.211992383003234863e+00
1.211992383003234863e+00
1.211992383003234863e+00
1.211992383003234863e+00
1.211992383003234863e+00
1.211992383003234863e+00
1.020016312599182129e+00
1.020016312599182129e+00
1.020016312599182129e+00
1.020016312599182129e+00
1.020016312599182129e+00
1.020016312599182129e+00
1.020016312599182129e+00
1.020016312599182129e+00
1.020016312599182129e+00
1.020016312599182129e+00
1.020016312599182129e+00
7.981649041175842285e-01
2.188110113143920898e+00
2.188110113143920898e+00
2.188110113143920898e+00
2.188110113143920898e+00
1.907079935073852539e+00
2.029578447341918945e+00
2.029578447341918945e+00
2.029578447341918945e+00
1.224093914031982422e+00
1.224093914031982422e+00
1.224093914031982422e+00
8.326380848884582520e-01
8.326380848884582520e-01
8.326380848884582520e-01
8.326380848884582520e-01
8.326380848884582520e-01
1.638951897621154785e+00
1.638951897621154785e+00
5.125021934509277344e-01
5.125021934509277344e-01
