9.431031942367553711e-01
9.431031942367553711e-01
9.431031942367553711e-01
9.431031942367553711e-01
9.431031942367553711e-01
9.431031942367553711e-01
9.431031942367553711e-01
1.477308869361877441e-01
1.477308869361877441e-01
1.477308869361877441e-01
1.477308869361877441e-01
7.943432331085205078e-01
7.943432331085205078e-01
7.943432331085205078e-01
7.943432331085205078e-01
7.943432331085205078e-01
7.943432331085205078e-01
7.943432331085205078e-01
7.943432331085205078e-01
7.943432331085205078e-01
7.943432331085205078e-01
7.943432331085205078e-01
7.943432331085205078e-01
7.943432331085205078e-01
7.943432331085205078e-01
7.943432331085205078e-01
7.943432331085205078e-01
4.524113535881042480e-01
4.524113535881042480e-01
9.581422805786132812e-01
9.581422805786132812e-01
9.581422805786132812e-01
9.581422805786132812e-01
8.415908813476562500e-01
9.684526324272155762e-01
9.684526324272155762e-01
9.684526324272155762e-01
9.684526324272155762e-01
9.684526324272155762e-01
9.684526324272155762e-01
9.684526324272155762e-01
9.684526324272155762e-01
9.684526324272155762e-01
9.684526324272155762e-01
9.684526324272155762e-01
1.474274635314941406e+00
1.474274635314941406e+00
1.474274635314941406e+00
1.211395978927612305e+00
1.211395978927612305e+00
1.211395978927612305e+00
1.211395978927612305e+00
1.211395978927612305e+00
1.211395978927612305e+00
1.211395978927612305e+00
1.211395978927612305e+00
1.211395978927612305e+00
1.211395978927612305e+00
1.211395978927612305e+00
1.211395978927612305e+00
1.211395978927612305e+00
1.211395978927612305e+00
1.271926164627075195e-01
1.271926164627075195e-01
7.065857648849487305e-01
7.065857648849487305e-01
7.065857648849487305e-01
7.065857648849487305e-01
7.065857648849487305e-01
1.204110741615295410e+00
2.489026784896850586e-01
2.489026784896850586e-01
2.655122876167297363e-01
2.655122876167297363e-01
1.162961244583129883e+00
1.162961244583129883e+00
1.162961244583129883e+00
1.162961244583129883e+00
1.162961244583129883e+00
1.162961244583129883e+00
1.100763678550720215e+00
1.100763678550720215e+00
1.100763678550720215e+00
1.100763678550720215e+00
1.165827631950378418e+00
4.144623279571533203e-01
3.374586105346679688e-01
1.199233412742614746e+00
1.199233412742614746e+00
1.199233412742614746e+00
1.199233412742614746e+00
6.217731237411499023e-01
6.217731237411499023e-01
1.119831204414367676e+00
1.119831204414367676e+00
1.119831204414367676e+00
1.119831204414367676e+00
1.277358055114746094e+00
1.277358055114746094e+00
1.277358055114746094e+00
1.277358055114746094e+00
1.277358055114746094e+00
1.277358055114746094e+00
1.277358055114746094e+00
1.277358055114746094e+00
1.277358055114746094e+00
1.916232347488403320e+00
1.916232347488403320e+00
1.916232347488403320e+00
1.692621707916259766e+00
1.692621707916259766e+00
1.692621707916259766e+00
1.692621707916259766e+00
1.692621707916259766e+00
1.584565758705139160e+00
1.584565758705139160e+00
1.657740712165832520e+00
1.657740712165832520e+00
1.657740712165832520e+00
1.657740712165832520e+00
1.657740712165832520e+00
1.592335104942321777e+00
1.592335104942321777e+00
2.730095386505126953e-01
2.730095386505126953e-01
1.248515605926513672e+00
1.248515605926513672e+00
1.248515605926513672e+00
1.248515605926513672e+00
1.248515605926513672e+00
1.248515605926513672e+00
1.248515605926513672e+00
6.081975102424621582e-01
6.081975102424621582e-01
1.266196012496948242e+00
1.266196012496948242e+00
1.266196012496948242e+00
1.266196012496948242e+00
1.266196012496948242e+00
1.266196012496948242e+00
8.975602984428405762e-01
8.975602984428405762e-01
7.752389907836914062e-01
7.752389907836914062e-01
7.752389907836914062e-01
7.752389907836914062e-01
7.752389907836914062e-01
5.302402377128601074e-01
5.302402377128601074e-01
5.302402377128601074e-01
7.294781804084777832e-01
7.294781804084777832e-01
7.294781804084777832e-01
1.009902715682983398e+00
1.009902715682983398e+00
1.009902715682983398e+00
1.009902715682983398e+00
1.009902715682983398e+00
1.009902715682983398e+00
1.009902715682983398e+00
1.009902715682983398e+00
1.009902715682983398e+00
1.633984088897705078e+00
1.633984088897705078e+00
1.633984088897705078e+00
1.633984088897705078e+00
1.196620345115661621e+00
1.196620345115661621e+00
1.196620345115661621e+00
1.196620345115661621e+00
1.196620345115661621e+00
1.196620345115661621e+00
1.196620345115661621e+00
1.196620345115661621e+00
8.243415951728820801e-01
8.243415951728820801e-01
8.243415951728820801e-01
8.243415951728820801e-01
8.243415951728820801e-01
8.243415951728820801e-01
8.243415951728820801e-01
8.243415951728820801e-01
4.818553626537322998e-01
4.818553626537322998e-01
8.986119627952575684e-01
8.986119627952575684e-01
8.986119627952575684e-01
8.986119627952575684e-01
8.986119627952575684e-01
8.986119627952575684e-01
7.282695770263671875e-01
7.282695770263671875e-01
1.069159865379333496e+00
1.069159865379333496e+00
1.069159865379333496e+00
1.069159865379333496e+00
1.069159865379333496e+00
1.069159865379333496e+00
1.069159865379333496e+00
1.069159865379333496e+00
1.069159865379333496e+00
1.069159865379333496e+00
1.069159865379333496e+00
1.069159865379333496e+00
6.622000932693481445e-01
1.455707430839538574e+00
1.455707430839538574e+00
1.455707430839538574e+00
1.455707430839538574e+00
1.455707430839538574e+00
1.455707430839538574e+00
2.008651018142700195e+00
2.008651018142700195e+00
2.889348268508911133e-01
2.889348268508911133e-01
2.889348268508911133e-01
2.889348268508911133e-01
1.014587640762329102e+00
1.014587640762329102e+00
1.014587640762329102e+00
1.014587640762329102e+00
1.014587640762329102e+00
1.014587640762329102e+00
1.014587640762329102e+00
1.014587640762329102e+00
1.014587640762329102e+00
1.014587640762329102e+00
1.014587640762329102e+00
1.014587640762329102e+00
1.014587640762329102e+00
1.562599539756774902e-01
1.562599539756774902e-01
9.153802990913391113e-01
9.153802990913391113e-01
6.184446811676025391e-01
6.184446811676025391e-01
6.184446811676025391e-01
6.059334874153137207e-01
1.115979433059692383e+00
1.115979433059692383e+00
1.115979433059692383e+00
1.115979433059692383e+00
8.579784035682678223e-01
8.579784035682678223e-01
3.090832829475402832e-01
3.090832829475402832e-01
3.090832829475402832e-01
3.090832829475402832e-01
3.090832829475402832e-01
3.090832829475402832e-01
9.898261725902557373e-02
9.898261725902557373e-02
9.898261725902557373e-02
9.898261725902557373e-02
1.569106101989746094e+00
7.725684046745300293e-01
7.725684046745300293e-01
7.725684046745300293e-01
7.725684046745300293e-01
1.736409187316894531e+00
1.736409187316894531e+00
1.184401988983154297e+00
1.184401988983154297e+00
1.153976798057556152e+00
1.153976798057556152e+00
1.153976798057556152e+00
1.450016736984252930e+00
1.450016736984252930e+00
1.092524647712707520e+00
9.777820706367492676e-01
9.319869279861450195e-01
9.319869279861450195e-01
9.319869279861450195e-01
9.319869279861450195e-01
9.319869279861450195e-01
9.319869279861450195e-01
9.319869279861450195e-01
9.319869279861450195e-01
9.319869279861450195e-01
9.319869279861450195e-01
9.319869279861450195e-01
5.232285261154174805e-01
9.533815383911132812e-01
1.469087839126586914e+00
5.603590011596679688e-01
5.603590011596679688e-01
8.490498065948486328e-01
8.490498065948486328e-01
8.490498065948486328e-01
8.490498065948486328e-01
8.490498065948486328e-01
8.490498065948486328e-01
8.490498065948486328e-01
8.490498065948486328e-01
8.490498065948486328e-01
8.490498065948486328e-01
8.490498065948486328e-01
8.490498065948486328e-01
8.490498065948486328e-01
8.490498065948486328e-01
8.490498065948486328e-01
8.490498065948486328e-01
8.490498065948486328e-01
8.490498065948486328e-01
8.490498065948486328e-01
8.490498065948486328e-01
8.490498065948486328e-01
8.490498065948486328e-01
8.490498065948486328e-01
8.490498065948486328e-01
8.490498065948486328e-01
1.319184780120849609e+00
1.459905028343200684e+00
1.459905028343200684e+00
1.459905028343200684e+00
1.459905028343200684e+00
1.055943131446838379e+00
1.055943131446838379e+00
1.055943131446838379e+00
8.951613903045654297e-01
8.951613903045654297e-01
5.639541745185852051e-01
5.639541745185852051e-01
5.639541745185852051e-01
5.639541745185852051e-01
8.770337104797363281e-01
8.770337104797363281e-01
8.770337104797363281e-01
8.770337104797363281e-01
7.511252760887145996e-01
7.511252760887145996e-01
7.511252760887145996e-01
7.511252760887145996e-01
7.511252760887145996e-01
7.511252760887145996e-01
7.511252760887145996e-01
7.511252760887145996e-01
7.511252760887145996e-01
7.511252760887145996e-01
2.695859670639038086e-01
2.695859670639038086e-01
2.695859670639038086e-01
2.695859670639038086e-01
2.695859670639038086e-01
2.695859670639038086e-01
2.695859670639038086e-01
2.695859670639038086e-01
1.207963228225708008e+00
1.207963228225708008e+00
1.207963228225708008e+00
1.207963228225708008e+00
1.207963228225708008e+00
1.207963228225708008e+00
1.207963228225708008e+00
1.207963228225708008e+00
1.207963228225708008e+00
1.207963228225708008e+00
1.207963228225708008e+00
1.207963228225708008e+00
1.207963228225708008e+00
1.207963228225708008e+00
1.207963228225708008e+00
7.214756011962890625e-01
9.526833891868591309e-01
9.526833891868591309e-01
9.526833891868591309e-01
9.526833891868591309e-01
9.526833891868591309e-01
9.526833891868591309e-01
9.526833891868591309e-01
9.526833891868591309e-01
9.526833891868591309e-01
9.526833891868591309e-01
9.526833891868591309e-01
9.526833891868591309e-01
9.526833891868591309e-01
1.260778427124023438e+00
1.260778427124023438e+00
1.260778427124023438e+00
1.260778427124023438e+00
1.260778427124023438e+00
1.406794428825378418e+00
1.104214668273925781e+00
1.191451311111450195e+00
1.191451311111450195e+00
8.293107748031616211e-01
8.293107748031616211e-01
8.293107748031616211e-01
8.293107748031616211e-01
8.725209236145019531e-01
8.725209236145019531e-01
8.725209236145019531e-01
8.725209236145019531e-01
8.725209236145019531e-01
1.322115659713745117e+00
1.322115659713745117e+00
1.322115659713745117e+00
1.322115659713745117e+00
1.322115659713745117e+00
1.006521463394165039e+00
1.006521463394165039e+00
1.006521463394165039e+00
1.006521463394165039e+00
1.157699108123779297e+00
1.157699108123779297e+00
1.157699108123779297e+00
1.157699108123779297e+00
1.157699108123779297e+00
1.157699108123779297e+00
1.157699108123779297e+00
1.157699108123779297e+00
1.157699108123779297e+00
1.157699108123779297e+00
1.157699108123779297e+00
1.157699108123779297e+00
1.344429254531860352e-01
1.344429254531860352e-01
5.448846817016601562e-01
9.537169337272644043e-01
9.537169337272644043e-01
9.537169337272644043e-01
9.537169337272644043e-01
1.011562824249267578e+00
1.011562824249267578e+00
1.011562824249267578e+00
1.011562824249267578e+00
1.011562824249267578e+00
1.011562824249267578e+00
1.011562824249267578e+00
1.416542172431945801e+00
1.416542172431945801e+00
7.147702574729919434e-01
7.147702574729919434e-01
7.147702574729919434e-01
7.147702574729919434e-01
7.147702574729919434e-01
7.147702574729919434e-01
7.147702574729919434e-01
7.147702574729919434e-01
7.147702574729919434e-01
7.147702574729919434e-01
1.508711814880371094e+00
1.508711814880371094e+00
1.508711814880371094e+00
1.508711814880371094e+00
1.256223678588867188e+00
1.063274264335632324e+00
1.063274264335632324e+00
1.063274264335632324e+00
1.063274264335632324e+00
1.063274264335632324e+00
5.294868350028991699e-01
5.294868350028991699e-01
1.180706501007080078e+00
1.180706501007080078e+00
7.588397860527038574e-01
1.924144268035888672e+00
1.924144268035888672e+00
1.924144268035888672e+00
6.682901382446289062e-01
6.682901382446289062e-01
6.682901382446289062e-01
6.682901382446289062e-01
6.682901382446289062e-01
6.682901382446289062e-01
6.682901382446289062e-01
6.682901382446289062e-01
6.682901382446289062e-01
6.682901382446289062e-01
6.682901382446289062e-01
6.682901382446289062e-01
6.682901382446289062e-01
1.355474591255187988e-01
1.355474591255187988e-01
1.355474591255187988e-01
1.355474591255187988e-01
1.355474591255187988e-01
1.355474591255187988e-01
1.355474591255187988e-01
1.355474591255187988e-01
2.807318568229675293e-01
2.807318568229675293e-01
1.169976472854614258e+00
1.169976472854614258e+00
1.169976472854614258e+00
1.191025972366333008e+00
8.001505136489868164e-01
8.001505136489868164e-01
8.001505136489868164e-01
1.070935368537902832e+00
1.070935368537902832e+00
1.070935368537902832e+00
1.070935368537902832e+00
1.180862784385681152e-01
1.180862784385681152e-01
1.180862784385681152e-01
1.180862784385681152e-01
1.180862784385681152e-01
1.180862784385681152e-01
4.808261096477508545e-01
4.808261096477508545e-01
1.514413118362426758e+00
1.728753447532653809e+00
1.728753447532653809e+00
1.728753447532653809e+00
1.728753447532653809e+00
1.728753447532653809e+00
1.577487468719482422e+00
5.305393934249877930e-01
5.305393934249877930e-01
5.305393934249877930e-01
7.774599194526672363e-01
4.480375051498413086e-01
4.480375051498413086e-01
4.480375051498413086e-01
4.480375051498413086e-01
4.480375051498413086e-01
4.480375051498413086e-01
1.456987380981445312e+00
1.456987380981445312e+00
1.456987380981445312e+00
1.456987380981445312e+00
1.534517049789428711e+00
1.279699683189392090e+00
1.279004812240600586e-01
6.662248373031616211e-01
6.662248373031616211e-01
6.662248373031616211e-01
1.929495632648468018e-01
1.929495632648468018e-01
1.929495632648468018e-01
1.929495632648468018e-01
1.525520443916320801e+00
3.944360017776489258e-01
3.944360017776489258e-01
3.944360017776489258e-01
2.249106317758560181e-01
9.444923996925354004e-01
9.444923996925354004e-01
9.444923996925354004e-01
9.714189171791076660e-01
9.714189171791076660e-01
9.714189171791076660e-01
9.714189171791076660e-01
9.714189171791076660e-01
9.714189171791076660e-01
9.714189171791076660e-01
9.714189171791076660e-01
9.714189171791076660e-01
9.714189171791076660e-01
9.714189171791076660e-01
9.714189171791076660e-01
9.714189171791076660e-01
9.714189171791076660e-01
9.714189171791076660e-01
9.714189171791076660e-01
1.123954176902770996e+00
1.123954176902770996e+00
1.123954176902770996e+00
1.123954176902770996e+00
5.199677944183349609e-01
5.199677944183349609e-01
5.117128491401672363e-01
5.117128491401672363e-01
5.117128491401672363e-01
5.117128491401672363e-01
5.117128491401672363e-01
5.117128491401672363e-01
5.117128491401672363e-01
9.214457273483276367e-01
9.214457273483276367e-01
1.217278718948364258e+00
2.417718172073364258e-01
2.417718172073364258e-01
2.417718172073364258e-01
2.417718172073364258e-01
2.417718172073364258e-01
2.417718172073364258e-01
2.417718172073364258e-01
2.417718172073364258e-01
1.131833314895629883e+00
1.131833314895629883e+00
1.131833314895629883e+00
1.131833314895629883e+00
1.131833314895629883e+00
1.131833314895629883e+00
1.131833314895629883e+00
1.131833314895629883e+00
1.131833314895629883e+00
1.131833314895629883e+00
1.131833314895629883e+00
1.131833314895629883e+00
1.131833314895629883e+00
1.131833314895629883e+00
1.131833314895629883e+00
1.131833314895629883e+00
1.131833314895629883e+00
1.131833314895629883e+00
1.131833314895629883e+00
1.131833314895629883e+00
1.131833314895629883e+00
1.131833314895629883e+00
1.131833314895629883e+00
1.131833314895629883e+00
1.101032972335815430e+00
9.873801469802856445e-01
9.873801469802856445e-01
9.873801469802856445e-01
4.016866087913513184e-01
4.016866087913513184e-01
1.561173915863037109e+00
1.561173915863037109e+00
1.561173915863037109e+00
1.561173915863037109e+00
9.066028594970703125e-01
1.374377608299255371e+00
1.496224403381347656e-01
4.293809235095977783e-01
2.964343428611755371e-01
2.964343428611755371e-01
2.964343428611755371e-01
2.964343428611755371e-01
2.964343428611755371e-01
2.964343428611755371e-01
2.964343428611755371e-01
1.396289110183715820e+00
1.396289110183715820e+00
1.396289110183715820e+00
1.571714878082275391e+00
1.571714878082275391e+00
1.571714878082275391e+00
1.571714878082275391e+00
1.571714878082275391e+00
1.114999294281005859e+00
4.913396835327148438e-01
4.913396835327148438e-01
4.913396835327148438e-01
4.913396835327148438e-01
8.013972043991088867e-01
8.013972043991088867e-01
8.013972043991088867e-01
8.013972043991088867e-01
8.013972043991088867e-01
8.013972043991088867e-01
5.465347766876220703e-01
9.189600944519042969e-01
9.189600944519042969e-01
9.189600944519042969e-01
9.189600944519042969e-01
9.189600944519042969e-01
9.189600944519042969e-01
1.589868307113647461e+00
5.434041023254394531e-01
5.434041023254394531e-01
2.980048060417175293e-01
1.111279249191284180e+00
1.111279249191284180e+00
1.111279249191284180e+00
1.111279249191284180e+00
1.111279249191284180e+00
1.111279249191284180e+00
1.313124656677246094e+00
1.313124656677246094e+00
1.032963275909423828e+00
7.901245951652526855e-01
7.901245951652526855e-01
7.901245951652526855e-01
7.901245951652526855e-01
7.901245951652526855e-01
7.901245951652526855e-01
7.901245951652526855e-01
7.901245951652526855e-01
7.901245951652526855e-01
7.901245951652526855e-01
8.217355608940124512e-01
3.617711663246154785e-01
3.617711663246154785e-01
3.617711663246154785e-01
3.617711663246154785e-01
1.088981866836547852e+00
1.088981866836547852e+00
1.088981866836547852e+00
1.088981866836547852e+00
1.088981866836547852e+00
1.088981866836547852e+00
1.228645920753479004e+00
1.171792149543762207e+00
1.171792149543762207e+00
1.171792149543762207e+00
1.171792149543762207e+00
1.171792149543762207e+00
1.171792149543762207e+00
1.171792149543762207e+00
1.171792149543762207e+00
1.171792149543762207e+00
1.171792149543762207e+00
1.171792149543762207e+00
1.171792149543762207e+00
1.171792149543762207e+00
1.171792149543762207e+00
1.171792149543762207e+00
3.139972686767578125e-01
3.139972686767578125e-01
3.139972686767578125e-01
3.139972686767578125e-01
1.469705224037170410e+00
1.364939212799072266e+00
1.364939212799072266e+00
1.364939212799072266e+00
1.103156208992004395e+00
1.103156208992004395e+00
1.103156208992004395e+00
4.182559251785278320e-01
4.182559251785278320e-01
1.115746974945068359e+00
1.115746974945068359e+00
7.078151106834411621e-01
7.078151106834411621e-01
8.012343645095825195e-01
9.198111295700073242e-01
9.424945712089538574e-01
3.287764191627502441e-01
8.662105798721313477e-01
8.662105798721313477e-01
8.662105798721313477e-01
8.662105798721313477e-01
8.662105798721313477e-01
8.662105798721313477e-01
8.662105798721313477e-01
8.662105798721313477e-01
1.040027618408203125e+00
8.701276183128356934e-01
1.501256465911865234e+00
1.501256465911865234e+00
1.256904602050781250e+00
1.256904602050781250e+00
1.256904602050781250e+00
1.256904602050781250e+00
1.256904602050781250e+00
6.457079648971557617e-01
8.753862380981445312e-01
8.753862380981445312e-01
8.753862380981445312e-01
8.753862380981445312e-01
8.753862380981445312e-01
8.753862380981445312e-01
8.693537116050720215e-01
8.693537116050720215e-01
8.693537116050720215e-01
8.693537116050720215e-01
8.693537116050720215e-01
6.580972075462341309e-01
6.580972075462341309e-01
6.580972075462341309e-01
6.580972075462341309e-01
6.580972075462341309e-01
3.516660034656524658e-01
1.203169941902160645e+00
3.321238756179809570e-01
3.321238756179809570e-01
3.478837311267852783e-01
1.673005580902099609e+00
1.673005580902099609e+00
1.673005580902099609e+00
1.673005580902099609e+00
1.673005580902099609e+00
8.424187898635864258e-01
8.424187898635864258e-01
8.424187898635864258e-01
8.424187898635864258e-01
8.424187898635864258e-01
8.424187898635864258e-01
8.424187898635864258e-01
8.424187898635864258e-01
8.424187898635864258e-01
8.424187898635864258e-01
8.424187898635864258e-01
8.424187898635864258e-01
8.424187898635864258e-01
8.424187898635864258e-01
3.618493676185607910e-01
3.618493676185607910e-01
3.618493676185607910e-01
3.618493676185607910e-01
3.618493676185607910e-01
4.587503969669342041e-01
4.587503969669342041e-01
4.587503969669342041e-01
4.587503969669342041e-01
4.587503969669342041e-01
4.587503969669342041e-01
1.994177401065826416e-01
1.994177401065826416e-01
3.021844029426574707e-01
3.021844029426574707e-01
3.021844029426574707e-01
9.996780157089233398e-01
9.996780157089233398e-01
9.996780157089233398e-01
9.996780157089233398e-01
9.996780157089233398e-01
9.996780157089233398e-01
9.996780157089233398e-01
9.996780157089233398e-01
9.996780157089233398e-01
9.996780157089233398e-01
9.996780157089233398e-01
1.637874722480773926e+00
1.637874722480773926e+00
1.637874722480773926e+00
1.637874722480773926e+00
4.804341793060302734e-01
4.804341793060302734e-01
6.241835355758666992e-01
6.241835355758666992e-01
6.241835355758666992e-01
6.241835355758666992e-01
6.241835355758666992e-01
6.241835355758666992e-01
6.241835355758666992e-01
6.241835355758666992e-01
6.241835355758666992e-01
6.241835355758666992e-01
6.241835355758666992e-01
1.592962026596069336e+00
1.592962026596069336e+00
1.592962026596069336e+00
8.429520726203918457e-01
8.429520726203918457e-01
8.429520726203918457e-01
8.429520726203918457e-01
8.429520726203918457e-01
8.429520726203918457e-01
8.429520726203918457e-01
8.429520726203918457e-01
8.429520726203918457e-01
8.429520726203918457e-01
8.429520726203918457e-01
8.429520726203918457e-01
8.429520726203918457e-01
8.429520726203918457e-01
5.362499952316284180e-01
5.362499952316284180e-01
9.053624868392944336e-01
9.053624868392944336e-01
9.053624868392944336e-01
1.238412618637084961e+00
1.359147310256958008e+00
9.364361763000488281e-01
9.364361763000488281e-01
9.364361763000488281e-01
9.364361763000488281e-01
9.364361763000488281e-01
9.364361763000488281e-01
9.364361763000488281e-01
9.364361763000488281e-01
9.364361763000488281e-01
9.364361763000488281e-01
9.364361763000488281e-01
7.714441418647766113e-01
7.714441418647766113e-01
7.714441418647766113e-01
9.828001260757446289e-01
9.828001260757446289e-01
9.828001260757446289e-01
9.828001260757446289e-01
9.828001260757446289e-01
1.840409994125366211e+00
1.840409994125366211e+00
1.840409994125366211e+00
1.840409994125366211e+00
1.840409994125366211e+00
1.122215509414672852e+00
1.122215509414672852e+00
1.122215509414672852e+00
1.068816184997558594e+00
1.068816184997558594e+00
1.068816184997558594e+00
1.068816184997558594e+00
9.196766018867492676e-01
9.196766018867492676e-01
7.309368252754211426e-01
7.600856423377990723e-01
1.672730684280395508e+00
1.379097700119018555e+00
3.040208816528320312e-01
3.040208816528320312e-01
3.040208816528320312e-01
3.040208816528320312e-01
3.040208816528320312e-01
3.040208816528320312e-01
3.040208816528320312e-01
1.928214579820632935e-01
4.050729870796203613e-01
4.050729870796203613e-01
4.050729870796203613e-01
4.050729870796203613e-01
4.050729870796203613e-01
4.050729870796203613e-01
4.050729870796203613e-01
4.050729870796203613e-01
1.310719966888427734e+00
1.816233158111572266e+00
1.816233158111572266e+00
1.308444023132324219e+00
1.308444023132324219e+00
1.308444023132324219e+00
1.456258773803710938e+00
1.456258773803710938e+00
3.787882328033447266e-01
3.787882328033447266e-01
3.787882328033447266e-01
2.490125298500061035e-01
2.490125298500061035e-01
3.102033138275146484e-01
3.102033138275146484e-01
1.253246068954467773e+00
1.253246068954467773e+00
1.385232567787170410e+00
1.385232567787170410e+00
1.385232567787170410e+00
8.969706296920776367e-01
4.382734596729278564e-01
4.382734596729278564e-01
4.382734596729278564e-01
4.382734596729278564e-01
4.382734596729278564e-01
4.382734596729278564e-01
8.547264933586120605e-01
8.547264933586120605e-01
8.547264933586120605e-01
8.547264933586120605e-01
8.547264933586120605e-01
8.547264933586120605e-01
7.393981218338012695e-01
7.393981218338012695e-01
6.061806678771972656e-01
6.061806678771972656e-01
6.061806678771972656e-01
1.393072366714477539e+00
1.393072366714477539e+00
1.393072366714477539e+00
1.393072366714477539e+00
1.548043966293334961e+00
5.911943912506103516e-01
5.911943912506103516e-01
5.911943912506103516e-01
5.911943912506103516e-01
5.911943912506103516e-01
1.183176994323730469e+00
1.183176994323730469e+00
1.183176994323730469e+00
1.183176994323730469e+00
1.183176994323730469e+00
1.183176994323730469e+00
1.183176994323730469e+00
1.183176994323730469e+00
9.668959379196166992e-01
9.668959379196166992e-01
9.668959379196166992e-01
9.668959379196166992e-01
1.320185065269470215e+00
1.320185065269470215e+00
1.320185065269470215e+00
1.320185065269470215e+00
9.069187641143798828e-01
9.184398651123046875e-01
9.637119770050048828e-01
9.637119770050048828e-01
9.637119770050048828e-01
9.637119770050048828e-01
9.637119770050048828e-01
9.637119770050048828e-01
1.310086965560913086e+00
1.205899596214294434e+00
7.588362097740173340e-01
7.588362097740173340e-01
7.588362097740173340e-01
7.588362097740173340e-01
7.588362097740173340e-01
7.588362097740173340e-01
1.399324655532836914e+00
1.399324655532836914e+00
1.399324655532836914e+00
1.399324655532836914e+00
1.597062945365905762e+00
8.282967805862426758e-01
8.282967805862426758e-01
8.282967805862426758e-01
1.344888687133789062e+00
1.344888687133789062e+00
1.344888687133789062e+00
1.344888687133789062e+00
1.344888687133789062e+00
1.344888687133789062e+00
1.344888687133789062e+00
4.661962985992431641e-01
4.661962985992431641e-01
9.578961133956909180e-01
1.165588736534118652e+00
1.322796821594238281e+00
1.322796821594238281e+00
1.322796821594238281e+00
1.322796821594238281e+00
1.322796821594238281e+00
1.111363172531127930e-01
1.265093207359313965e+00
3.772699832916259766e-01
3.772699832916259766e-01
3.772699832916259766e-01
3.772699832916259766e-01
3.772699832916259766e-01
3.772699832916259766e-01
3.772699832916259766e-01
3.772699832916259766e-01
9.685402512550354004e-01
9.685402512550354004e-01
9.685402512550354004e-01
9.685402512550354004e-01
9.685402512550354004e-01
9.685402512550354004e-01
9.685402512550354004e-01
9.685402512550354004e-01
9.685402512550354004e-01
9.685402512550354004e-01
9.685402512550354004e-01
9.685402512550354004e-01
9.685402512550354004e-01
9.685402512550354004e-01
9.685402512550354004e-01
9.685402512550354004e-01
9.685402512550354004e-01
9.685402512550354004e-01
9.685402512550354004e-01
6.370357871055603027e-01
6.926034688949584961e-01
5.431487560272216797e-01
1.106534242630004883e+00
1.106534242630004883e+00
1.106534242630004883e+00
1.106534242630004883e+00
6.644502878189086914e-01
6.644502878189086914e-01
6.644502878189086914e-01
5.909034013748168945e-01
5.909034013748168945e-01
5.909034013748168945e-01
5.909034013748168945e-01
4.299872815608978271e-01
4.299872815608978271e-01
4.299872815608978271e-01
4.299872815608978271e-01
4.299872815608978271e-01
4.299872815608978271e-01
4.299872815608978271e-01
4.299872815608978271e-01
4.299872815608978271e-01
1.040934443473815918e+00
1.040934443473815918e+00
6.728887557983398438e-01
6.728887557983398438e-01
6.728887557983398438e-01
6.728887557983398438e-01
7.654265165328979492e-01
7.654265165328979492e-01
6.320940256118774414e-01
6.320940256118774414e-01
6.320940256118774414e-01
6.320940256118774414e-01
6.148576736450195312e-01
3.115572035312652588e-01
3.115572035312652588e-01
1.219330787658691406e+00
1.219330787658691406e+00
1.219330787658691406e+00
1.219330787658691406e+00
1.219330787658691406e+00
1.219330787658691406e+00
1.219330787658691406e+00
1.219330787658691406e+00
1.219330787658691406e+00
1.219330787658691406e+00
9.966299533843994141e-01
9.966299533843994141e-01
9.966299533843994141e-01
5.955965518951416016e-01
5.955965518951416016e-01
5.955965518951416016e-01
6.377314329147338867e-01
6.377314329147338867e-01
6.377314329147338867e-01
6.377314329147338867e-01
6.377314329147338867e-01
6.377314329147338867e-01
6.377314329147338867e-01
6.377314329147338867e-01
6.377314329147338867e-01
6.377314329147338867e-01
6.377314329147338867e-01
6.377314329147338867e-01
6.377314329147338867e-01
1.078807115554809570e+00
1.078807115554809570e+00
1.078807115554809570e+00
1.078807115554809570e+00
1.078807115554809570e+00
1.450609683990478516e+00
1.450609683990478516e+00
2.797769308090209961e-01
2.797769308090209961e-01
2.797769308090209961e-01
1.466648459434509277e+00
2.122327089309692383e-01
2.122327089309692383e-01
1.216155529022216797e+00
1.207594513893127441e+00
1.031387686729431152e+00
3.822592496871948242e-01
7.108800411224365234e-01
7.108800411224365234e-01
7.108800411224365234e-01
7.108800411224365234e-01
7.108800411224365234e-01
1.797661423683166504e+00
1.256986379623413086e+00
1.256986379623413086e+00
1.256986379623413086e+00
1.256986379623413086e+00
1.256986379623413086e+00
1.256986379623413086e+00
1.400782108306884766e+00
1.626111388206481934e+00
1.626111388206481934e+00
1.626111388206481934e+00
1.626111388206481934e+00
1.626111388206481934e+00
1.626111388206481934e+00
1.626111388206481934e+00
1.626111388206481934e+00
6.125108003616333008e-01
6.125108003616333008e-01
6.125108003616333008e-01
6.125108003616333008e-01
1.091037511825561523e+00
1.091037511825561523e+00
1.091037511825561523e+00
1.091037511825561523e+00
1.126515626907348633e+00
1.126515626907348633e+00
1.126515626907348633e+00
1.126515626907348633e+00
1.126515626907348633e+00
1.126515626907348633e+00
1.126515626907348633e+00
1.126515626907348633e+00
9.752424955368041992e-01
9.752424955368041992e-01
9.752424955368041992e-01
9.752424955368041992e-01
9.752424955368041992e-01
9.752424955368041992e-01
9.752424955368041992e-01
4.292817115783691406e-01
4.292817115783691406e-01
4.292817115783691406e-01
4.292817115783691406e-01
4.292817115783691406e-01
4.292817115783691406e-01
8.149319887161254883e-01
7.063137888908386230e-01
7.063137888908386230e-01
7.063137888908386230e-01
7.063137888908386230e-01
7.063137888908386230e-01
7.063137888908386230e-01
7.063137888908386230e-01
7.063137888908386230e-01
7.063137888908386230e-01
7.063137888908386230e-01
7.063137888908386230e-01
7.063137888908386230e-01
7.063137888908386230e-01
7.063137888908386230e-01
7.063137888908386230e-01
7.063137888908386230e-01
1.134847402572631836e+00
1.134847402572631836e+00
1.339438199996948242e+00
1.339438199996948242e+00
2.043406248092651367e+00
2.043406248092651367e+00
2.043406248092651367e+00
2.043406248092651367e+00
2.043406248092651367e+00
1.019146442413330078e+00
1.019146442413330078e+00
1.019146442413330078e+00
1.019146442413330078e+00
9.355958104133605957e-01
9.355958104133605957e-01
9.355958104133605957e-01
9.992512464523315430e-01
8.685084581375122070e-01
7.103186249732971191e-01
9.874449372291564941e-01
7.507846355438232422e-01
7.507846355438232422e-01
7.507846355438232422e-01
7.507846355438232422e-01
7.507846355438232422e-01
7.507846355438232422e-01
7.401189804077148438e-01
1.143154025077819824e+00
4.096526503562927246e-01
4.096526503562927246e-01
4.096526503562927246e-01
4.096526503562927246e-01
4.096526503562927246e-01
3.558157980442047119e-01
1.095841169357299805e+00
1.095841169357299805e+00
4.370000362396240234e-01
4.370000362396240234e-01
4.370000362396240234e-01
4.370000362396240234e-01
3.166612386703491211e-01
3.166612386703491211e-01
4.791255593299865723e-01
4.791255593299865723e-01
4.791255593299865723e-01
4.791255593299865723e-01
4.791255593299865723e-01
4.791255593299865723e-01
4.791255593299865723e-01
4.791255593299865723e-01
4.791255593299865723e-01
4.791255593299865723e-01
1.228252410888671875e+00
1.228252410888671875e+00
1.228252410888671875e+00
1.228252410888671875e+00
2.891893982887268066e-01
2.891893982887268066e-01
1.480643510818481445e+00
1.480643510818481445e+00
1.480643510818481445e+00
1.480643510818481445e+00
1.480643510818481445e+00
4.235496520996093750e-01
4.235496520996093750e-01
4.235496520996093750e-01
5.084527134895324707e-01
5.084527134895324707e-01
5.084527134895324707e-01
5.084527134895324707e-01
5.084527134895324707e-01
5.084527134895324707e-01
5.084527134895324707e-01
5.084527134895324707e-01
5.084527134895324707e-01
5.084527134895324707e-01
5.084527134895324707e-01
1.173900365829467773e+00
1.173900365829467773e+00
1.173900365829467773e+00
6.392640471458435059e-01
6.392640471458435059e-01
6.926488280296325684e-01
6.926488280296325684e-01
6.926488280296325684e-01
6.926488280296325684e-01
1.509406566619873047e+00
9.532554149627685547e-01
9.532554149627685547e-01
9.532554149627685547e-01
9.532554149627685547e-01
9.532554149627685547e-01
7.244773507118225098e-01
7.244773507118225098e-01
7.244773507118225098e-01
7.244773507118225098e-01
7.244773507118225098e-01
7.244773507118225098e-01
7.244773507118225098e-01
7.244773507118225098e-01
7.244773507118225098e-01
7.244773507118225098e-01
7.244773507118225098e-01
7.244773507118225098e-01
1.551326632499694824e+00
1.551326632499694824e+00
1.728527307510375977e+00
8.622792363166809082e-01
1.062669873237609863e+00
1.062669873237609863e+00
1.062669873237609863e+00
1.062669873237609863e+00
1.062669873237609863e+00
1.062669873237609863e+00
2.595667243003845215e-01
2.595667243003845215e-01
2.595667243003845215e-01
2.595667243003845215e-01
2.595667243003845215e-01
2.595667243003845215e-01
2.595667243003845215e-01
6.502239704132080078e-01
6.502239704132080078e-01
8.867693543434143066e-01
8.867693543434143066e-01
2.946479320526123047e-01
2.946479320526123047e-01
2.946479320526123047e-01
2.946479320526123047e-01
5.319476723670959473e-01
5.319476723670959473e-01
5.319476723670959473e-01
5.319476723670959473e-01
5.319476723670959473e-01
1.054602503776550293e+00
1.054602503776550293e+00
8.989657163619995117e-01
5.481265187263488770e-01
1.931838989257812500e+00
1.931838989257812500e+00
1.931838989257812500e+00
1.931838989257812500e+00
1.931838989257812500e+00
7.463164329528808594e-01
7.463164329528808594e-01
7.463164329528808594e-01
2.441403269767761230e-01
2.441403269767761230e-01
2.441403269767761230e-01
2.441403269767761230e-01
2.441403269767761230e-01
2.441403269767761230e-01
2.441403269767761230e-01
2.441403269767761230e-01
1.706468820571899414e+00
1.706468820571899414e+00
1.706468820571899414e+00
1.361900568008422852e-01
1.361900568008422852e-01
1.747395038604736328e+00
6.489973068237304688e-01
6.489973068237304688e-01
6.489973068237304688e-01
6.489973068237304688e-01
1.398802518844604492e+00
1.330035090446472168e+00
5.838568210601806641e-01
5.838568210601806641e-01
5.838568210601806641e-01
3.029383122920989990e-01
3.029383122920989990e-01
3.029383122920989990e-01
3.029383122920989990e-01
1.421148031949996948e-01
1.421148031949996948e-01
5.907950997352600098e-01
5.907950997352600098e-01
5.907950997352600098e-01
1.074472308158874512e+00
1.074472308158874512e+00
1.074472308158874512e+00
1.074472308158874512e+00
1.074472308158874512e+00
9.571406841278076172e-01
9.571406841278076172e-01
9.571406841278076172e-01
1.260859489440917969e+00
1.260859489440917969e+00
1.260859489440917969e+00
1.260859489440917969e+00
1.260859489440917969e+00
9.807468652725219727e-01
9.807468652725219727e-01
9.807468652725219727e-01
9.807468652725219727e-01
6.860204935073852539e-01
1.382550835609436035e+00
1.382550835609436035e+00
1.382550835609436035e+00
1.017929911613464355e+00
1.017929911613464355e+00
1.017929911613464355e+00
1.338765144348144531e+00
1.338765144348144531e+00
1.338765144348144531e+00
1.338765144348144531e+00
1.338765144348144531e+00
1.338765144348144531e+00
1.338765144348144531e+00
1.338765144348144531e+00
9.055888652801513672e-01
9.055888652801513672e-01
1.146680235862731934e+00
1.146680235862731934e+00
1.146680235862731934e+00
1.146680235862731934e+00
1.146680235862731934e+00
1.146680235862731934e+00
1.146680235862731934e+00
1.146680235862731934e+00
5.753104090690612793e-01
1.272891044616699219e+00
6.415420770645141602e-01
8.096672296524047852e-01
8.096672296524047852e-01
8.096672296524047852e-01
8.096672296524047852e-01
8.096672296524047852e-01
4.001813530921936035e-01
4.001813530921936035e-01
4.001813530921936035e-01
4.001813530921936035e-01
4.001813530921936035e-01
4.001813530921936035e-01
4.001813530921936035e-01
4.001813530921936035e-01
2.263628244400024414e-01
9.010180830955505371e-01
9.010180830955505371e-01
9.010180830955505371e-01
9.010180830955505371e-01
7.521796226501464844e-01
7.521796226501464844e-01
7.521796226501464844e-01
7.521796226501464844e-01
7.521796226501464844e-01
7.521796226501464844e-01
1.270290732383728027e+00
1.159031033515930176e+00
1.159031033515930176e+00
1.159031033515930176e+00
1.159031033515930176e+00
1.159031033515930176e+00
1.159031033515930176e+00
1.081729054450988770e+00
7.677973508834838867e-01
7.677973508834838867e-01
7.677973508834838867e-01
7.677973508834838867e-01
7.677973508834838867e-01
7.677973508834838867e-01
7.677973508834838867e-01
7.677973508834838867e-01
6.311012506484985352e-01
4.807121753692626953e-01
4.807121753692626953e-01
4.807121753692626953e-01
4.807121753692626953e-01
9.003029465675354004e-01
9.003029465675354004e-01
9.003029465675354004e-01
9.003029465675354004e-01
9.003029465675354004e-01
6.418113708496093750e-01
6.418113708496093750e-01
6.418113708496093750e-01
6.418113708496093750e-01
6.418113708496093750e-01
6.418113708496093750e-01
6.418113708496093750e-01
6.418113708496093750e-01
6.197959780693054199e-01
1.138943433761596680e+00
1.138943433761596680e+00
1.138943433761596680e+00
1.138943433761596680e+00
1.138943433761596680e+00
1.138943433761596680e+00
1.138943433761596680e+00
1.138943433761596680e+00
1.138943433761596680e+00
1.247389674186706543e+00
8.989275097846984863e-01
1.736598253250122070e+00
1.741578578948974609e-01
1.741578578948974609e-01
1.741578578948974609e-01
1.507830142974853516e+00
1.507830142974853516e+00
5.455660820007324219e-01
5.455660820007324219e-01
5.455660820007324219e-01
5.455660820007324219e-01
5.455660820007324219e-01
8.479112386703491211e-01
8.479112386703491211e-01
8.479112386703491211e-01
8.479112386703491211e-01
4.842860400676727295e-01
4.842860400676727295e-01
4.842860400676727295e-01
4.842860400676727295e-01
4.842860400676727295e-01
4.842860400676727295e-01
4.842860400676727295e-01
2.673825621604919434e-01
2.673825621604919434e-01
1.671154975891113281e+00
1.181500554084777832e+00
1.167431950569152832e+00
5.359812974929809570e-01
5.359812974929809570e-01
5.359812974929809570e-01
5.359812974929809570e-01
5.359812974929809570e-01
5.359812974929809570e-01
1.275933265686035156e+00
6.225718855857849121e-01
6.225718855857849121e-01
6.225718855857849121e-01
6.225718855857849121e-01
6.225718855857849121e-01
9.557293653488159180e-01
1.226539134979248047e+00
1.226539134979248047e+00
5.859896540641784668e-01
5.859896540641784668e-01
5.859896540641784668e-01
4.783267080783843994e-01
4.783267080783843994e-01
4.783267080783843994e-01
4.783267080783843994e-01
7.671076059341430664e-01
7.671076059341430664e-01
7.671076059341430664e-01
3.449151515960693359e-01
3.449151515960693359e-01
3.449151515960693359e-01
3.449151515960693359e-01
1.872454166412353516e+00
1.872454166412353516e+00
1.872454166412353516e+00
1.872454166412353516e+00
1.872454166412353516e+00
2.004402399063110352e+00
2.004402399063110352e+00
2.004402399063110352e+00
2.004402399063110352e+00
1.431801915168762207e+00
1.431801915168762207e+00
4.475305676460266113e-01
4.040676355361938477e-01
4.040676355361938477e-01
4.040676355361938477e-01
3.464135229587554932e-01
3.464135229587554932e-01
5.437343716621398926e-01
5.437343716621398926e-01
5.437343716621398926e-01
5.437343716621398926e-01
5.437343716621398926e-01
5.437343716621398926e-01
9.811939001083374023e-01
9.811939001083374023e-01
6.574366092681884766e-01
6.574366092681884766e-01
6.574366092681884766e-01
6.574366092681884766e-01
6.574366092681884766e-01
6.574366092681884766e-01
6.574366092681884766e-01
6.574366092681884766e-01
1.216050267219543457e+00
9.200119972229003906e-02
1.122445821762084961e+00
1.122445821762084961e+00
1.122445821762084961e+00
1.122445821762084961e+00
1.122445821762084961e+00
1.122445821762084961e+00
1.122445821762084961e+00
1.122445821762084961e+00
1.122445821762084961e+00
8.107640743255615234e-01
8.107640743255615234e-01
8.107640743255615234e-01
8.107640743255615234e-01
8.107640743255615234e-01
8.107640743255615234e-01
8.107640743255615234e-01
8.107640743255615234e-01
8.107640743255615234e-01
8.107640743255615234e-01
8.107640743255615234e-01
8.658179044723510742e-01
8.658179044723510742e-01
8.658179044723510742e-01
8.658179044723510742e-01
8.658179044723510742e-01
8.658179044723510742e-01
8.658179044723510742e-01
8.658179044723510742e-01
8.658179044723510742e-01
8.658179044723510742e-01
1.117625832557678223e+00
1.117625832557678223e+00
1.117625832557678223e+00
1.117625832557678223e+00
1.117625832557678223e+00
1.117625832557678223e+00
1.117625832557678223e+00
1.117625832557678223e+00
1.117625832557678223e+00
1.117625832557678223e+00
1.117625832557678223e+00
9.896253347396850586e-01
9.896253347396850586e-01
9.896253347396850586e-01
9.896253347396850586e-01
1.037326097488403320e+00
1.037326097488403320e+00
1.037326097488403320e+00
1.037326097488403320e+00
1.037326097488403320e+00
1.037326097488403320e+00
1.037326097488403320e+00
1.037326097488403320e+00
1.037326097488403320e+00
1.037326097488403320e+00
7.034616470336914062e-01
8.944857120513916016e-01
8.944857120513916016e-01
8.944857120513916016e-01
8.944857120513916016e-01
9.977103471755981445e-01
9.977103471755981445e-01
9.977103471755981445e-01
9.977103471755981445e-01
6.967679262161254883e-01
6.967679262161254883e-01
9.567406177520751953e-01
9.567406177520751953e-01
1.431891798973083496e+00
1.891170263290405273e+00
1.891170263290405273e+00
1.659406423568725586e+00
1.659406423568725586e+00
1.659406423568725586e+00
1.659406423568725586e+00
1.659406423568725586e+00
1.114629507064819336e+00
1.114629507064819336e+00
5.209763050079345703e-01
9.823199510574340820e-01
2.541073560714721680e-01
2.541073560714721680e-01
2.541073560714721680e-01
2.541073560714721680e-01
2.541073560714721680e-01
2.541073560714721680e-01
2.456329911947250366e-01
2.456329911947250366e-01
2.456329911947250366e-01
2.456329911947250366e-01
2.456329911947250366e-01
2.456329911947250366e-01
1.451036334037780762e+00
1.451036334037780762e+00
1.686235308647155762e+00
1.686235308647155762e+00
1.686235308647155762e+00
3.066568374633789062e-01
1.357865095138549805e+00
1.357865095138549805e+00
1.357865095138549805e+00
1.357865095138549805e+00
1.357865095138549805e+00
1.357865095138549805e+00
6.174228191375732422e-01
6.174228191375732422e-01
6.174228191375732422e-01
6.174228191375732422e-01
6.174228191375732422e-01
6.174228191375732422e-01
6.174228191375732422e-01
8.766753673553466797e-01
1.560057878494262695e+00
1.320809245109558105e+00
4.462760686874389648e-01
4.462760686874389648e-01
4.462760686874389648e-01
4.462760686874389648e-01
4.462760686874389648e-01
4.462760686874389648e-01
4.462760686874389648e-01
4.462760686874389648e-01
4.462760686874389648e-01
4.462760686874389648e-01
4.462760686874389648e-01
1.313361167907714844e+00
1.313361167907714844e+00
1.313361167907714844e+00
1.275405406951904297e+00
1.275405406951904297e+00
3.235787153244018555e-01
3.235787153244018555e-01
3.235787153244018555e-01
9.291480183601379395e-01
9.291480183601379395e-01
9.857448935508728027e-01
9.857448935508728027e-01
9.857448935508728027e-01
4.633607864379882812e-01
4.633607864379882812e-01
2.212359160184860229e-01
2.212359160184860229e-01
2.212359160184860229e-01
2.212359160184860229e-01
2.212359160184860229e-01
2.212359160184860229e-01
2.019201993942260742e+00
2.019201993942260742e+00
1.719521999359130859e+00
1.719521999359130859e+00
1.719521999359130859e+00
1.719521999359130859e+00
1.719521999359130859e+00
1.606412649154663086e+00
3.830295801162719727e-01
3.830295801162719727e-01
3.830295801162719727e-01
3.830295801162719727e-01
5.309722423553466797e-01
1.093482017517089844e+00
7.829121351242065430e-01
1.560871839523315430e+00
1.560871839523315430e+00
1.560871839523315430e+00
1.333485126495361328e+00
1.333485126495361328e+00
3.545470237731933594e-01
1.122563123703002930e+00
1.122563123703002930e+00
1.122563123703002930e+00
1.122563123703002930e+00
1.122563123703002930e+00
7.044257521629333496e-01
7.044257521629333496e-01
7.044257521629333496e-01
7.044257521629333496e-01
9.965524673461914062e-01
9.965524673461914062e-01
9.965524673461914062e-01
9.965524673461914062e-01
9.965524673461914062e-01
5.361425280570983887e-01
1.636357307434082031e+00
1.636357307434082031e+00
1.636357307434082031e+00
1.636357307434082031e+00
1.636357307434082031e+00
1.636357307434082031e+00
7.682608366012573242e-01
7.682608366012573242e-01
7.682608366012573242e-01
7.682608366012573242e-01
6.535835266113281250e-01
6.535835266113281250e-01
6.535835266113281250e-01
6.535835266113281250e-01
6.535835266113281250e-01
9.712811112403869629e-01
9.712811112403869629e-01
9.712811112403869629e-01
9.712811112403869629e-01
9.712811112403869629e-01
9.712811112403869629e-01
9.712811112403869629e-01
9.712811112403869629e-01
9.712811112403869629e-01
9.712811112403869629e-01
9.712811112403869629e-01
9.712811112403869629e-01
9.712811112403869629e-01
3.960660696029663086e-01
6.158145666122436523e-01
5.053666830062866211e-01
5.053666830062866211e-01
5.053666830062866211e-01
5.053666830062866211e-01
5.053666830062866211e-01
5.053666830062866211e-01
5.053666830062866211e-01
5.053666830062866211e-01
5.053666830062866211e-01
5.053666830062866211e-01
5.053666830062866211e-01
5.053666830062866211e-01
5.053666830062866211e-01
5.053666830062866211e-01
5.053666830062866211e-01
5.053666830062866211e-01
5.053666830062866211e-01
1.224897146224975586e+00
1.906358957290649414e+00
8.291530609130859375e-01
8.291530609130859375e-01
8.291530609130859375e-01
8.291530609130859375e-01
8.291530609130859375e-01
1.180799007415771484e+00
1.180799007415771484e+00
1.180799007415771484e+00
1.180799007415771484e+00
1.180799007415771484e+00
1.180799007415771484e+00
1.180799007415771484e+00
1.180799007415771484e+00
1.186888217926025391e+00
1.590780019760131836e-01
1.590780019760131836e-01
7.346159815788269043e-01
7.346159815788269043e-01
7.346159815788269043e-01
7.346159815788269043e-01
7.346159815788269043e-01
7.346159815788269043e-01
7.346159815788269043e-01
7.346159815788269043e-01
3.928539156913757324e-01
1.945725977420806885e-01
1.945725977420806885e-01
1.067596554756164551e+00
1.067596554756164551e+00
1.067596554756164551e+00
1.067596554756164551e+00
5.681023001670837402e-01
4.081550538539886475e-01
5.891234278678894043e-01
5.891234278678894043e-01
5.891234278678894043e-01
1.044428825378417969e+00
1.044428825378417969e+00
1.044428825378417969e+00
1.044428825378417969e+00
1.146802544593811035e+00
1.146802544593811035e+00
1.146802544593811035e+00
1.146802544593811035e+00
1.146802544593811035e+00
1.146802544593811035e+00
1.146802544593811035e+00
1.161349415779113770e+00
1.161349415779113770e+00
1.161349415779113770e+00
1.161349415779113770e+00
1.161349415779113770e+00
1.161349415779113770e+00
1.161349415779113770e+00
4.296916127204895020e-01
4.296916127204895020e-01
4.296916127204895020e-01
1.734529972076416016e+00
1.734529972076416016e+00
1.734529972076416016e+00
1.734529972076416016e+00
5.608971118927001953e-01
5.608971118927001953e-01
8.227578401565551758e-01
8.227578401565551758e-01
8.227578401565551758e-01
8.227578401565551758e-01
1.312336444854736328e+00
1.312336444854736328e+00
1.312336444854736328e+00
1.312336444854736328e+00
1.312336444854736328e+00
1.312336444854736328e+00
1.312336444854736328e+00
1.312336444854736328e+00
1.000537395477294922e+00
1.000537395477294922e+00
1.000537395477294922e+00
1.000537395477294922e+00
1.000537395477294922e+00
1.000537395477294922e+00
3.661127090454101562e-01
3.661127090454101562e-01
3.661127090454101562e-01
5.046051144599914551e-01
5.046051144599914551e-01
5.046051144599914551e-01
2.468247711658477783e-01
2.468247711658477783e-01
2.468247711658477783e-01
4.256379008293151855e-01
1.371946334838867188e+00
1.371946334838867188e+00
1.371946334838867188e+00
9.684904217720031738e-01
9.684904217720031738e-01
9.684904217720031738e-01
9.035759568214416504e-01
9.035759568214416504e-01
9.035759568214416504e-01
2.756455540657043457e-01
2.756455540657043457e-01
4.379464983940124512e-01
4.379464983940124512e-01
9.765438437461853027e-01
7.635710835456848145e-01
7.635710835456848145e-01
7.635710835456848145e-01
7.635710835456848145e-01
1.606729626655578613e-01
1.606729626655578613e-01
1.606729626655578613e-01
1.776886940002441406e+00
4.672749042510986328e-01
4.672749042510986328e-01
1.349505782127380371e+00
6.766613125801086426e-01
6.766613125801086426e-01
6.766613125801086426e-01
6.766613125801086426e-01
5.171731710433959961e-01
5.171731710433959961e-01
5.171731710433959961e-01
5.171731710433959961e-01
5.171731710433959961e-01
1.064980983734130859e+00
1.064980983734130859e+00
1.064980983734130859e+00
1.064980983734130859e+00
4.850208163261413574e-01
4.850208163261413574e-01
4.850208163261413574e-01
4.850208163261413574e-01
4.850208163261413574e-01
4.850208163261413574e-01
4.850208163261413574e-01
4.850208163261413574e-01
1.549595594406127930e+00
1.549595594406127930e+00
1.473368883132934570e+00
1.306969404220581055e+00
8.221900463104248047e-01
1.801244020462036133e-01
1.292793631553649902e+00
2.194260358810424805e-01
8.605548143386840820e-01
8.605548143386840820e-01
8.605548143386840820e-01
8.605548143386840820e-01
8.605548143386840820e-01
8.605548143386840820e-01
7.211449146270751953e-01
7.211449146270751953e-01
1.421985507011413574e+00
1.421985507011413574e+00
1.421985507011413574e+00
1.421985507011413574e+00
1.421985507011413574e+00
1.210102677345275879e+00
1.210102677345275879e+00
1.210102677345275879e+00
3.443793654441833496e-01
3.443793654441833496e-01
1.209677934646606445e+00
1.209677934646606445e+00
4.455135464668273926e-01
4.455135464668273926e-01
4.455135464668273926e-01
4.455135464668273926e-01
4.455135464668273926e-01
4.455135464668273926e-01
4.455135464668273926e-01
4.455135464668273926e-01
4.455135464668273926e-01
4.455135464668273926e-01
4.455135464668273926e-01
4.455135464668273926e-01
4.455135464668273926e-01
4.455135464668273926e-01
1.229620695114135742e+00
1.229620695114135742e+00
1.229620695114135742e+00
1.229620695114135742e+00
1.229620695114135742e+00
5.705329775810241699e-01
5.705329775810241699e-01
5.705329775810241699e-01
5.705329775810241699e-01
5.705329775810241699e-01
5.705329775810241699e-01
5.705329775810241699e-01
5.705329775810241699e-01
7.623351216316223145e-01
7.623351216316223145e-01
7.623351216316223145e-01
7.623351216316223145e-01
2.609772086143493652e-01
2.609772086143493652e-01
1.071166634559631348e+00
1.071166634559631348e+00
1.071166634559631348e+00
1.090211868286132812e+00
1.090211868286132812e+00
1.090211868286132812e+00
1.514506459236145020e+00
1.514506459236145020e+00
1.514506459236145020e+00
1.770995855331420898e+00
1.644434094429016113e+00
1.644434094429016113e+00
3.927986621856689453e-01
3.927986621856689453e-01
3.927986621856689453e-01
3.927986621856689453e-01
1.110504388809204102e+00
1.110504388809204102e+00
1.110504388809204102e+00
3.787850141525268555e-01
1.216864585876464844e+00
1.216864585876464844e+00
1.216864585876464844e+00
1.216864585876464844e+00
1.216864585876464844e+00
1.216864585876464844e+00
1.216864585876464844e+00
1.216864585876464844e+00
1.216864585876464844e+00
1.216864585876464844e+00
1.216864585876464844e+00
1.216864585876464844e+00
1.216864585876464844e+00
1.216864585876464844e+00
5.759446620941162109e-01
5.759446620941162109e-01
5.759446620941162109e-01
5.759446620941162109e-01
5.759446620941162109e-01
5.759446620941162109e-01
5.759446620941162109e-01
5.759446620941162109e-01
5.759446620941162109e-01
5.759446620941162109e-01
5.759446620941162109e-01
5.759446620941162109e-01
5.759446620941162109e-01
5.759446620941162109e-01
5.759446620941162109e-01
5.759446620941162109e-01
5.759446620941162109e-01
5.759446620941162109e-01
5.759446620941162109e-01
5.759446620941162109e-01
5.759446620941162109e-01
7.049077153205871582e-01
7.049077153205871582e-01
7.049077153205871582e-01
7.049077153205871582e-01
7.049077153205871582e-01
7.049077153205871582e-01
8.291003108024597168e-01
8.291003108024597168e-01
8.291003108024597168e-01
3.665095865726470947e-01
3.665095865726470947e-01
3.665095865726470947e-01
3.665095865726470947e-01
5.035642385482788086e-01
5.035642385482788086e-01
5.035642385482788086e-01
5.035642385482788086e-01
5.035642385482788086e-01
5.035642385482788086e-01
5.035642385482788086e-01
5.035642385482788086e-01
5.035642385482788086e-01
5.035642385482788086e-01
5.035642385482788086e-01
5.035642385482788086e-01
5.035642385482788086e-01
5.725330114364624023e-01
5.725330114364624023e-01
5.725330114364624023e-01
9.580079317092895508e-01
9.580079317092895508e-01
9.580079317092895508e-01
9.580079317092895508e-01
9.453583955764770508e-01
9.453583955764770508e-01
9.453583955764770508e-01
9.453583955764770508e-01
9.453583955764770508e-01
9.453583955764770508e-01
6.635478734970092773e-01
6.635478734970092773e-01
6.635478734970092773e-01
6.635478734970092773e-01
6.635478734970092773e-01
6.635478734970092773e-01
6.635478734970092773e-01
6.635478734970092773e-01
6.635478734970092773e-01
6.635478734970092773e-01
6.635478734970092773e-01
6.445934176445007324e-01
6.445934176445007324e-01
6.445934176445007324e-01
3.282178938388824463e-01
3.282178938388824463e-01
3.282178938388824463e-01
3.634626269340515137e-01
3.634626269340515137e-01
9.561737775802612305e-01
7.875038981437683105e-01
7.875038981437683105e-01
7.875038981437683105e-01
7.875038981437683105e-01
7.875038981437683105e-01
7.875038981437683105e-01
7.875038981437683105e-01
7.875038981437683105e-01
1.126163005828857422e+00
1.126163005828857422e+00
1.126163005828857422e+00
1.126163005828857422e+00
1.126163005828857422e+00
1.126163005828857422e+00
1.126163005828857422e+00
1.126163005828857422e+00
8.742166161537170410e-01
8.742166161537170410e-01
8.742166161537170410e-01
8.742166161537170410e-01
8.742166161537170410e-01
8.742166161537170410e-01
8.742166161537170410e-01
1.069866061210632324e+00
1.069866061210632324e+00
1.069866061210632324e+00
1.025147199630737305e+00
1.025147199630737305e+00
1.025147199630737305e+00
7.106363177299499512e-01
7.106363177299499512e-01
7.106363177299499512e-01
9.742256402969360352e-01
9.742256402969360352e-01
9.742256402969360352e-01
9.742256402969360352e-01
7.906851172447204590e-01
7.906851172447204590e-01
7.906851172447204590e-01
7.906851172447204590e-01
5.101352930068969727e-01
5.101352930068969727e-01
5.101352930068969727e-01
5.101352930068969727e-01
5.101352930068969727e-01
2.201967716217041016e+00
2.201967716217041016e+00
2.201967716217041016e+00
2.201967716217041016e+00
2.201967716217041016e+00
2.201967716217041016e+00
2.201967716217041016e+00
2.201967716217041016e+00
2.201967716217041016e+00
2.201967716217041016e+00
2.201967716217041016e+00
2.201967716217041016e+00
9.568548202514648438e-02
1.822391629219055176e+00
1.822391629219055176e+00
1.822391629219055176e+00
1.649896979331970215e+00
1.649896979331970215e+00
2.022550106048583984e-01
1.042081832885742188e+00
6.566383242607116699e-01
4.290733337402343750e-01
6.038840413093566895e-01
6.038840413093566895e-01
6.038840413093566895e-01
6.038840413093566895e-01
6.038840413093566895e-01
6.038840413093566895e-01
6.038840413093566895e-01
9.299125671386718750e-01
9.299125671386718750e-01
9.299125671386718750e-01
9.299125671386718750e-01
9.299125671386718750e-01
9.299125671386718750e-01
9.299125671386718750e-01
4.591965377330780029e-01
4.591965377330780029e-01
4.591965377330780029e-01
4.591965377330780029e-01
4.591965377330780029e-01
4.591965377330780029e-01
4.591965377330780029e-01
4.591965377330780029e-01
4.591965377330780029e-01
1.209375560283660889e-01
3.977768421173095703e-01
3.977768421173095703e-01
3.977768421173095703e-01
3.977768421173095703e-01
8.277268409729003906e-01
8.277268409729003906e-01
6.352430582046508789e-01
6.352430582046508789e-01
6.352430582046508789e-01
4.101531505584716797e-01
4.101531505584716797e-01
4.101531505584716797e-01
2.995566427707672119e-01
2.790846228599548340e-01
2.790846228599548340e-01
2.790846228599548340e-01
1.015877127647399902e+00
1.015877127647399902e+00
1.015877127647399902e+00
1.015877127647399902e+00
1.015877127647399902e+00
1.015877127647399902e+00
1.015877127647399902e+00
1.015877127647399902e+00
1.015877127647399902e+00
1.015877127647399902e+00
1.015877127647399902e+00
1.015877127647399902e+00
1.015877127647399902e+00
1.015877127647399902e+00
1.015877127647399902e+00
1.015877127647399902e+00
6.967234015464782715e-01
6.967234015464782715e-01
6.967234015464782715e-01
2.710892558097839355e-01
2.710892558097839355e-01
2.710892558097839355e-01
2.710892558097839355e-01
2.710892558097839355e-01
2.710892558097839355e-01
7.233922481536865234e-01
7.233922481536865234e-01
7.233922481536865234e-01
7.233922481536865234e-01
7.233922481536865234e-01
7.233922481536865234e-01
7.233922481536865234e-01
1.054199576377868652e+00
6.090339422225952148e-01
6.090339422225952148e-01
6.090339422225952148e-01
6.090339422225952148e-01
9.508135318756103516e-01
9.508135318756103516e-01
9.508135318756103516e-01
2.122920274734497070e+00
2.122920274734497070e+00
2.122920274734497070e+00
9.311894178390502930e-01
9.311894178390502930e-01
1.457693696022033691e+00
2.164137363433837891e+00
2.164137363433837891e+00
1.435793638229370117e+00
1.725083827972412109e+00
1.725083827972412109e+00
1.080930471420288086e+00
1.080930471420288086e+00
1.033109784126281738e+00
1.033109784126281738e+00
1.033109784126281738e+00
1.188474416732788086e+00
5.074050426483154297e-01
5.074050426483154297e-01
5.074050426483154297e-01
5.074050426483154297e-01
5.074050426483154297e-01
5.074050426483154297e-01
8.784723281860351562e-01
8.784723281860351562e-01
8.784723281860351562e-01
8.784723281860351562e-01
8.784723281860351562e-01
8.784723281860351562e-01
6.193550825119018555e-01
1.728633165359497070e+00
1.728633165359497070e+00
1.728633165359497070e+00
9.482121467590332031e-02
6.500807404518127441e-01
6.500807404518127441e-01
6.500807404518127441e-01
6.500807404518127441e-01
6.500807404518127441e-01
6.500807404518127441e-01
6.500807404518127441e-01
6.614187955856323242e-01
6.614187955856323242e-01
6.614187955856323242e-01
6.614187955856323242e-01
6.614187955856323242e-01
6.614187955856323242e-01
6.614187955856323242e-01
1.036823868751525879e+00
1.070036649703979492e+00
1.070036649703979492e+00
1.070036649703979492e+00
1.070036649703979492e+00
1.070036649703979492e+00
1.070036649703979492e+00
1.070036649703979492e+00
1.070036649703979492e+00
5.334253907203674316e-01
5.334253907203674316e-01
3.215774297714233398e-01
3.215774297714233398e-01
3.215774297714233398e-01
3.215774297714233398e-01
3.215774297714233398e-01
1.622040629386901855e+00
1.622040629386901855e+00
1.622040629386901855e+00
1.622040629386901855e+00
1.622040629386901855e+00
1.622040629386901855e+00
1.622040629386901855e+00
1.622040629386901855e+00
9.043563008308410645e-01
4.212563037872314453e-01
1.570509910583496094e+00
1.982154846191406250e-01
1.982154846191406250e-01
7.937492132186889648e-01
7.937492132186889648e-01
7.937492132186889648e-01
7.937492132186889648e-01
7.937492132186889648e-01
7.937492132186889648e-01
7.937492132186889648e-01
7.937492132186889648e-01
1.694712877273559570e+00
6.506075859069824219e-01
6.506075859069824219e-01
6.506075859069824219e-01
2.031741738319396973e-01
1.527245283126831055e+00
1.527245283126831055e+00
6.225302815437316895e-01
6.225302815437316895e-01
6.225302815437316895e-01
6.225302815437316895e-01
6.225302815437316895e-01
3.751044869422912598e-01
1.166498422622680664e+00
9.250754714012145996e-01
9.250754714012145996e-01
8.298581838607788086e-01
8.298581838607788086e-01
9.497566223144531250e-01
9.497566223144531250e-01
9.497566223144531250e-01
9.497566223144531250e-01
1.633522510528564453e+00
6.011037826538085938e-01
6.011037826538085938e-01
6.011037826538085938e-01
6.011037826538085938e-01
6.011037826538085938e-01
6.011037826538085938e-01
6.011037826538085938e-01
6.011037826538085938e-01
6.011037826538085938e-01
6.011037826538085938e-01
6.011037826538085938e-01
6.011037826538085938e-01
6.011037826538085938e-01
5.510005950927734375e-01
7.737578153610229492e-01
7.737578153610229492e-01
7.737578153610229492e-01
7.737578153610229492e-01
4.890510141849517822e-01
4.890510141849517822e-01
4.890510141849517822e-01
4.890510141849517822e-01
8.521088957786560059e-01
8.521088957786560059e-01
1.147735595703125000e+00
9.124842882156372070e-01
9.124842882156372070e-01
9.124842882156372070e-01
6.906095743179321289e-01
5.445130467414855957e-01
3.945828378200531006e-01
1.110637068748474121e+00
1.110637068748474121e+00
1.110637068748474121e+00
1.110637068748474121e+00
1.110637068748474121e+00
7.133044004440307617e-01
1.206007003784179688e+00
1.206007003784179688e+00
4.263337850570678711e-01
6.477637887001037598e-01
6.477637887001037598e-01
6.477637887001037598e-01
9.602571129798889160e-01
9.602571129798889160e-01
9.602571129798889160e-01
9.602571129798889160e-01
7.432823777198791504e-01
7.432823777198791504e-01
7.432823777198791504e-01
7.432823777198791504e-01
7.432823777198791504e-01
7.432823777198791504e-01
7.432823777198791504e-01
7.432823777198791504e-01
7.432823777198791504e-01
7.432823777198791504e-01
7.432823777198791504e-01
7.432823777198791504e-01
7.432823777198791504e-01
7.432823777198791504e-01
7.432823777198791504e-01
7.432823777198791504e-01
1.803653717041015625e+00
4.291841983795166016e-01
4.291841983795166016e-01
4.291841983795166016e-01
4.291841983795166016e-01
4.291841983795166016e-01
4.238094687461853027e-01
4.238094687461853027e-01
4.238094687461853027e-01
4.238094687461853027e-01
4.238094687461853027e-01
1.348635256290435791e-01
1.348635256290435791e-01
1.348635256290435791e-01
1.348635256290435791e-01
2.051779478788375854e-01
2.051779478788375854e-01
2.051779478788375854e-01
6.411526203155517578e-01
6.411526203155517578e-01
6.411526203155517578e-01
6.411526203155517578e-01
6.411526203155517578e-01
6.411526203155517578e-01
1.313438177108764648e+00
1.313438177108764648e+00
1.236187338829040527e+00
1.236187338829040527e+00
1.311453223228454590e+00
1.311453223228454590e+00
1.311453223228454590e+00
1.311453223228454590e+00
1.311453223228454590e+00
5.876170396804809570e-01
9.457910656929016113e-01
9.457910656929016113e-01
9.457910656929016113e-01
9.457910656929016113e-01
9.457910656929016113e-01
9.020470380783081055e-01
9.020470380783081055e-01
9.020470380783081055e-01
9.020470380783081055e-01
5.044553875923156738e-01
5.563281178474426270e-01
5.563281178474426270e-01
5.563281178474426270e-01
5.563281178474426270e-01
5.563281178474426270e-01
5.563281178474426270e-01
5.563281178474426270e-01
5.563281178474426270e-01
5.563281178474426270e-01
5.563281178474426270e-01
9.990700483322143555e-01
9.990700483322143555e-01
9.990700483322143555e-01
9.990700483322143555e-01
9.990700483322143555e-01
9.990700483322143555e-01
9.990700483322143555e-01
9.990700483322143555e-01
9.990700483322143555e-01
1.043581962585449219e+00
1.043581962585449219e+00
1.208469867706298828e+00
4.174906611442565918e-01
4.174906611442565918e-01
4.174906611442565918e-01
4.174906611442565918e-01
4.174906611442565918e-01
4.174906611442565918e-01
4.174906611442565918e-01
2.988971173763275146e-01
2.988971173763275146e-01
2.988971173763275146e-01
2.988971173763275146e-01
4.618851542472839355e-01
1.635030746459960938e+00
1.635030746459960938e+00
1.429724931716918945e+00
1.429724931716918945e+00
7.609393000602722168e-01
1.608119726181030273e+00
1.608119726181030273e+00
1.608119726181030273e+00
1.608119726181030273e+00
1.608119726181030273e+00
1.608119726181030273e+00
1.608119726181030273e+00
1.091635465621948242e+00
1.091635465621948242e+00
1.091635465621948242e+00
1.091635465621948242e+00
1.189217925071716309e+00
1.189217925071716309e+00
1.189217925071716309e+00
1.189217925071716309e+00
1.189217925071716309e+00
1.189217925071716309e+00
1.189217925071716309e+00
1.189217925071716309e+00
1.189217925071716309e+00
1.189217925071716309e+00
9.972418546676635742e-01
9.972418546676635742e-01
1.310685634613037109e+00
1.310685634613037109e+00
1.310685634613037109e+00
1.310685634613037109e+00
1.310685634613037109e+00
4.121528863906860352e-01
4.121528863906860352e-01
4.121528863906860352e-01
4.121528863906860352e-01
5.962008833885192871e-01
5.962008833885192871e-01
5.962008833885192871e-01
5.962008833885192871e-01
5.962008833885192871e-01
5.962008833885192871e-01
5.962008833885192871e-01
5.962008833885192871e-01
5.962008833885192871e-01
5.962008833885192871e-01
5.962008833885192871e-01
5.962008833885192871e-01
5.962008833885192871e-01
5.962008833885192871e-01
5.962008833885192871e-01
5.962008833885192871e-01
5.962008833885192871e-01
5.962008833885192871e-01
5.962008833885192871e-01
1.402514696121215820e+00
1.402514696121215820e+00
2.760649919509887695e-01
2.760649919509887695e-01
2.760649919509887695e-01
2.760649919509887695e-01
2.760649919509887695e-01
2.760649919509887695e-01
2.105006873607635498e-01
2.105006873607635498e-01
1.994771599769592285e+00
1.994771599769592285e+00
4.676835536956787109e-01
4.676835536956787109e-01
4.676835536956787109e-01
5.755569934844970703e-01
5.755569934844970703e-01
5.755569934844970703e-01
1.466102123260498047e+00
1.466102123260498047e+00
1.051897644996643066e+00
1.268976092338562012e+00
1.268976092338562012e+00
1.646700620651245117e+00
1.455151915550231934e+00
1.455151915550231934e+00
1.455151915550231934e+00
7.317401170730590820e-01
7.317401170730590820e-01
4.570627212524414062e-01
4.570627212524414062e-01
4.570627212524414062e-01
4.570627212524414062e-01
4.570627212524414062e-01
4.570627212524414062e-01
4.570627212524414062e-01
4.570627212524414062e-01
4.570627212524414062e-01
4.570627212524414062e-01
4.570627212524414062e-01
4.570627212524414062e-01
4.570627212524414062e-01
8.860476016998291016e-01
8.860476016998291016e-01
8.860476016998291016e-01
8.860476016998291016e-01
8.860476016998291016e-01
8.860476016998291016e-01
8.860476016998291016e-01
8.860476016998291016e-01
7.269237041473388672e-01
7.269237041473388672e-01
7.269237041473388672e-01
7.269237041473388672e-01
4.867566525936126709e-01
4.867566525936126709e-01
4.867566525936126709e-01
4.867566525936126709e-01
1.201213955879211426e+00
1.201213955879211426e+00
1.201213955879211426e+00
1.141762495040893555e+00
5.454490780830383301e-01
5.454490780830383301e-01
5.454490780830383301e-01
6.293500065803527832e-01
1.092293143272399902e+00
1.092293143272399902e+00
1.092293143272399902e+00
1.092293143272399902e+00
1.092293143272399902e+00
1.092293143272399902e+00
7.103385925292968750e-01
7.103385925292968750e-01
7.103385925292968750e-01
7.103385925292968750e-01
7.103385925292968750e-01
7.103385925292968750e-01
7.103385925292968750e-01
3.458246886730194092e-01
4.129273295402526855e-01
4.129273295402526855e-01
4.129273295402526855e-01
4.129273295402526855e-01
5.089437961578369141e-01
5.089437961578369141e-01
1.543065071105957031e+00
1.543065071105957031e+00
1.543065071105957031e+00
1.543065071105957031e+00
1.429930686950683594e+00
2.072454690933227539e-01
2.072454690933227539e-01
2.072454690933227539e-01
2.072454690933227539e-01
6.772273182868957520e-01
6.772273182868957520e-01
6.772273182868957520e-01
6.772273182868957520e-01
6.772273182868957520e-01
6.772273182868957520e-01
6.772273182868957520e-01
6.772273182868957520e-01
6.772273182868957520e-01
6.772273182868957520e-01
6.772273182868957520e-01
6.772273182868957520e-01
6.772273182868957520e-01
6.772273182868957520e-01
3.973987102508544922e-01
3.973987102508544922e-01
3.973987102508544922e-01
3.973987102508544922e-01
3.973987102508544922e-01
3.973987102508544922e-01
3.973987102508544922e-01
1.223144054412841797e+00
1.223144054412841797e+00
1.217155694961547852e+00
1.177910447120666504e+00
1.177910447120666504e+00
1.177910447120666504e+00
1.177910447120666504e+00
1.177910447120666504e+00
1.177910447120666504e+00
1.177910447120666504e+00
1.177910447120666504e+00
1.177910447120666504e+00
1.177910447120666504e+00
9.492291212081909180e-01
9.492291212081909180e-01
9.492291212081909180e-01
9.492291212081909180e-01
9.492291212081909180e-01
1.321001768112182617e+00
9.418758153915405273e-01
9.418758153915405273e-01
9.418758153915405273e-01
9.418758153915405273e-01
1.573316812515258789e+00
1.333523511886596680e+00
1.333523511886596680e+00
1.333523511886596680e+00
2.032613277435302734e+00
2.032613277435302734e+00
2.032613277435302734e+00
1.894431352615356445e+00
1.894431352615356445e+00
1.894431352615356445e+00
1.894431352615356445e+00
1.894431352615356445e+00
1.894431352615356445e+00
1.894431352615356445e+00
1.149627208709716797e+00
1.149627208709716797e+00
1.839716434478759766e+00
1.839716434478759766e+00
1.839716434478759766e+00
1.839716434478759766e+00
1.839716434478759766e+00
1.839716434478759766e+00
1.839716434478759766e+00
1.839716434478759766e+00
2.177321672439575195e+00
2.019693136215209961e+00
1.115771532058715820e+00
1.207502603530883789e+00
1.207502603530883789e+00
1.207502603530883789e+00
1.207502603530883789e+00
1.207502603530883789e+00
1.207502603530883789e+00
1.207502603530883789e+00
1.207502603530883789e+00
1.207502603530883789e+00
1.207502603530883789e+00
2.360076308250427246e-01
2.338423430919647217e-01
2.338423430919647217e-01
2.338423430919647217e-01
8.793836832046508789e-01
9.512183666229248047e-01
9.512183666229248047e-01
9.512183666229248047e-01
9.512183666229248047e-01
9.512183666229248047e-01
9.512183666229248047e-01
9.512183666229248047e-01
9.512183666229248047e-01
9.512183666229248047e-01
9.512183666229248047e-01
9.512183666229248047e-01
1.162986516952514648e+00
7.269650697708129883e-01
6.526459455490112305e-01
6.526459455490112305e-01
6.526459455490112305e-01
2.559603154659271240e-01
2.559603154659271240e-01
1.021729826927185059e+00
1.021729826927185059e+00
1.021729826927185059e+00
1.021729826927185059e+00
1.021729826927185059e+00
1.021729826927185059e+00
1.021729826927185059e+00
1.021729826927185059e+00
1.021729826927185059e+00
1.021729826927185059e+00
1.021729826927185059e+00
7.155748605728149414e-01
7.155748605728149414e-01
1.439995288848876953e+00
1.439995288848876953e+00
1.439995288848876953e+00
1.644292116165161133e+00
1.019694209098815918e+00
1.019694209098815918e+00
1.019694209098815918e+00
9.475514888763427734e-01
9.475514888763427734e-01
9.475514888763427734e-01
9.475514888763427734e-01
9.475514888763427734e-01
9.475514888763427734e-01
9.475514888763427734e-01
9.475514888763427734e-01
9.475514888763427734e-01
9.475514888763427734e-01
9.475514888763427734e-01
9.475514888763427734e-01
9.475514888763427734e-01
9.475514888763427734e-01
1.096759080886840820e+00
1.096759080886840820e+00
1.096759080886840820e+00
2.195605039596557617e-01
2.195605039596557617e-01
2.195605039596557617e-01
2.195605039596557617e-01
1.807317137718200684e+00
1.807317137718200684e+00
1.807317137718200684e+00
1.169799923896789551e+00
1.169799923896789551e+00
1.169799923896789551e+00
1.169799923896789551e+00
9.274765849113464355e-01
1.095452308654785156e-01
1.095452308654785156e-01
8.928003311157226562e-01
7.112067937850952148e-02
7.112067937850952148e-02
3.399270772933959961e-01
3.399270772933959961e-01
3.399270772933959961e-01
9.062823653221130371e-01
9.062823653221130371e-01
9.062823653221130371e-01
9.062823653221130371e-01
9.062823653221130371e-01
9.062823653221130371e-01
9.062823653221130371e-01
9.062823653221130371e-01
9.062823653221130371e-01
9.062823653221130371e-01
9.062823653221130371e-01
8.030124306678771973e-01
8.030124306678771973e-01
8.030124306678771973e-01
8.030124306678771973e-01
8.030124306678771973e-01
8.030124306678771973e-01
8.030124306678771973e-01
8.030124306678771973e-01
8.030124306678771973e-01
8.030124306678771973e-01
8.030124306678771973e-01
9.166406393051147461e-01
9.166406393051147461e-01
2.130711674690246582e-01
2.130711674690246582e-01
2.130711674690246582e-01
2.130711674690246582e-01
2.130711674690246582e-01
2.130711674690246582e-01
2.130711674690246582e-01
1.763196468353271484e+00
1.763196468353271484e+00
1.763196468353271484e+00
1.763196468353271484e+00
1.763196468353271484e+00
1.589291930198669434e+00
1.589291930198669434e+00
1.253357172012329102e+00
1.253357172012329102e+00
1.253357172012329102e+00
1.253357172012329102e+00
1.312472581863403320e+00
1.097514986991882324e+00
1.097514986991882324e+00
1.079560518264770508e+00
1.079560518264770508e+00
1.079560518264770508e+00
4.655092358589172363e-01
1.615956127643585205e-01
1.615956127643585205e-01
8.435230255126953125e-01
4.426042735576629639e-01
4.426042735576629639e-01
4.426042735576629639e-01
4.426042735576629639e-01
4.426042735576629639e-01
4.426042735576629639e-01
4.426042735576629639e-01
4.426042735576629639e-01
4.426042735576629639e-01
4.426042735576629639e-01
1.767862558364868164e+00
1.767862558364868164e+00
1.446007490158081055e-01
1.446007490158081055e-01
6.927114129066467285e-01
6.927114129066467285e-01
6.927114129066467285e-01
6.927114129066467285e-01
6.927114129066467285e-01
6.927114129066467285e-01
6.927114129066467285e-01
6.927114129066467285e-01
6.927114129066467285e-01
6.927114129066467285e-01
6.927114129066467285e-01
6.927114129066467285e-01
6.927114129066467285e-01
6.927114129066467285e-01
3.345367312431335449e-01
3.345367312431335449e-01
3.345367312431335449e-01
3.345367312431335449e-01
3.345367312431335449e-01
5.291736125946044922e-01
5.291736125946044922e-01
4.594083130359649658e-01
4.594083130359649658e-01
4.594083130359649658e-01
4.594083130359649658e-01
4.594083130359649658e-01
4.594083130359649658e-01
1.275917291641235352e+00
1.565359830856323242e-01
3.830164372920989990e-01
3.830164372920989990e-01
3.830164372920989990e-01
3.936883807182312012e-01
3.936883807182312012e-01
3.936883807182312012e-01
3.936883807182312012e-01
3.936883807182312012e-01
3.936883807182312012e-01
3.936883807182312012e-01
3.936883807182312012e-01
1.200200557708740234e+00
1.200200557708740234e+00
1.200200557708740234e+00
1.200200557708740234e+00
1.200200557708740234e+00
1.200200557708740234e+00
1.171810150146484375e+00
1.171810150146484375e+00
2.161940932273864746e-01
1.434326887130737305e+00
1.434326887130737305e+00
1.434326887130737305e+00
1.434326887130737305e+00
1.434326887130737305e+00
9.741327762603759766e-01
9.741327762603759766e-01
9.741327762603759766e-01
5.126529932022094727e-01
5.126529932022094727e-01
5.126529932022094727e-01
7.512658834457397461e-01
7.512658834457397461e-01
7.512658834457397461e-01
7.512658834457397461e-01
7.512658834457397461e-01
7.512658834457397461e-01
7.512658834457397461e-01
1.029443740844726562e+00
1.029443740844726562e+00
1.344808340072631836e+00
1.344808340072631836e+00
1.344808340072631836e+00
1.344808340072631836e+00
1.344808340072631836e+00
1.344808340072631836e+00
1.344808340072631836e+00
1.344808340072631836e+00
1.344808340072631836e+00
1.344808340072631836e+00
1.344808340072631836e+00
7.496774196624755859e-01
7.496774196624755859e-01
7.496774196624755859e-01
7.496774196624755859e-01
7.496774196624755859e-01
8.539850711822509766e-01
8.539850711822509766e-01
8.539850711822509766e-01
8.539850711822509766e-01
3.513042926788330078e-01
3.513042926788330078e-01
3.513042926788330078e-01
3.513042926788330078e-01
4.334819912910461426e-01
4.334819912910461426e-01
7.211252450942993164e-01
1.144106149673461914e+00
7.496598362922668457e-01
7.496598362922668457e-01
7.496598362922668457e-01
7.496598362922668457e-01
7.496598362922668457e-01
7.496598362922668457e-01
1.320880651473999023e+00
1.320880651473999023e+00
1.320880651473999023e+00
1.320880651473999023e+00
1.320880651473999023e+00
1.132602691650390625e+00
1.132602691650390625e+00
1.132602691650390625e+00
1.132602691650390625e+00
1.132602691650390625e+00
1.407910346984863281e+00
