7.906847596168518066e-01
7.906847596168518066e-01
7.906847596168518066e-01
7.906847596168518066e-01
7.906847596168518066e-01
1.106778144836425781e+00
1.155061125755310059e+00
1.278919577598571777e+00
1.677781820297241211e+00
1.677781820297241211e+00
1.677781820297241211e+00
2.349348783493041992e+00
2.349348783493041992e+00
2.349348783493041992e+00
2.349348783493041992e+00
2.349348783493041992e+00
2.349348783493041992e+00
5.893310308456420898e-01
5.803514122962951660e-01
6.499748826026916504e-01
6.499748826026916504e-01
6.499748826026916504e-01
6.499748826026916504e-01
6.499748826026916504e-01
6.499748826026916504e-01
5.341769456863403320e-01
5.341769456863403320e-01
5.341769456863403320e-01
5.341769456863403320e-01
5.341769456863403320e-01
5.341769456863403320e-01
5.341769456863403320e-01
5.341769456863403320e-01
5.341769456863403320e-01
5.341769456863403320e-01
5.341769456863403320e-01
6.980202198028564453e-01
6.980202198028564453e-01
6.980202198028564453e-01
6.980202198028564453e-01
6.980202198028564453e-01
6.980202198028564453e-01
6.980202198028564453e-01
1.276895403861999512e-01
7.518164515495300293e-01
7.518164515495300293e-01
7.518164515495300293e-01
7.012928724288940430e-01
3.113695085048675537e-01
3.113695085048675537e-01
3.113695085048675537e-01
3.113695085048675537e-01
3.113695085048675537e-01
5.391896963119506836e-01
5.391896963119506836e-01
5.391896963119506836e-01
5.391896963119506836e-01
1.423589468002319336e+00
1.423589468002319336e+00
9.138646721839904785e-01
9.138646721839904785e-01
5.270068645477294922e-01
5.270068645477294922e-01
5.270068645477294922e-01
6.602907180786132812e-01
1.393001556396484375e+00
8.486648201942443848e-01
1.700006842613220215e+00
1.700006842613220215e+00
1.320749163627624512e+00
5.649169087409973145e-01
1.402492284774780273e+00
1.947102189064025879e+00
2.639428853988647461e+00
2.639428853988647461e+00
2.082249164581298828e+00
2.082249164581298828e+00
2.082249164581298828e+00
2.078952550888061523e+00
2.078952550888061523e+00
1.676823258399963379e+00
1.676823258399963379e+00
1.676823258399963379e+00
1.978367686271667480e+00
1.978367686271667480e+00
1.978367686271667480e+00
2.324539184570312500e+00
1.960628390312194824e+00
1.960628390312194824e+00
1.960628390312194824e+00
2.154734134674072266e+00
2.154734134674072266e+00
2.154734134674072266e+00
2.154734134674072266e+00
2.154734134674072266e+00
1.435234904289245605e+00
1.435234904289245605e+00
1.435234904289245605e+00
1.435234904289245605e+00
1.785240173339843750e+00
1.655927300453186035e+00
1.655927300453186035e+00
1.655927300453186035e+00
5.649162530899047852e-01
8.176901340484619141e-01
3.626271188259124756e-01
3.626271188259124756e-01
3.626271188259124756e-01
2.867978215217590332e-01
2.867978215217590332e-01
2.867978215217590332e-01
2.867978215217590332e-01
2.867978215217590332e-01
5.289330482482910156e-01
1.157101631164550781e+00
8.853683471679687500e-01
6.549495458602905273e-01
6.549495458602905273e-01
8.055824041366577148e-01
6.531763076782226562e-01
6.531763076782226562e-01
6.531763076782226562e-01
6.531763076782226562e-01
6.531763076782226562e-01
2.746209204196929932e-01
2.746209204196929932e-01
2.746209204196929932e-01
2.746209204196929932e-01
2.746209204196929932e-01
3.771773278713226318e-01
8.775182962417602539e-01
8.775182962417602539e-01
8.775182962417602539e-01
9.442076086997985840e-01
9.442076086997985840e-01
9.442076086997985840e-01
3.219419121742248535e-01
3.219419121742248535e-01
3.219419121742248535e-01
3.219419121742248535e-01
3.219419121742248535e-01
1.192941427230834961e+00
6.885806918144226074e-01
6.885806918144226074e-01
6.885806918144226074e-01
1.757014751434326172e+00
1.457111120223999023e+00
1.181037902832031250e+00
1.332269430160522461e+00
1.227824687957763672e+00
1.227824687957763672e+00
1.227824687957763672e+00
1.227824687957763672e+00
1.227824687957763672e+00
1.227824687957763672e+00
1.278962135314941406e+00
1.463423967361450195e-01
1.463423967361450195e-01
1.463423967361450195e-01
1.463423967361450195e-01
1.463423967361450195e-01
1.463423967361450195e-01
1.773559689521789551e+00
1.773559689521789551e+00
1.773559689521789551e+00
1.773559689521789551e+00
7.233214378356933594e-01
1.222464561462402344e+00
1.222464561462402344e+00
1.222464561462402344e+00
4.198869466781616211e-01
4.198869466781616211e-01
4.198869466781616211e-01
4.198869466781616211e-01
5.135916471481323242e-01
5.135916471481323242e-01
5.135916471481323242e-01
5.135916471481323242e-01
5.135916471481323242e-01
9.384868144989013672e-01
9.384868144989013672e-01
1.650439143180847168e+00
1.650439143180847168e+00
1.650439143180847168e+00
1.650439143180847168e+00
9.501653313636779785e-01
9.501653313636779785e-01
9.501653313636779785e-01
9.501653313636779785e-01
2.148382663726806641e+00
6.424115896224975586e-01
6.424115896224975586e-01
1.215032458305358887e+00
1.215032458305358887e+00
7.844976186752319336e-01
3.765359520912170410e-01
5.433976054191589355e-01
1.810127258300781250e+00
1.810127258300781250e+00
1.810127258300781250e+00
1.810127258300781250e+00
2.059210300445556641e+00
2.580905437469482422e+00
2.580905437469482422e+00
2.580905437469482422e+00
2.217342853546142578e-01
2.217342853546142578e-01
2.217342853546142578e-01
2.217342853546142578e-01
2.217342853546142578e-01
7.275426387786865234e-01
1.702573180198669434e+00
1.702573180198669434e+00
7.311285138130187988e-01
1.827995777130126953e+00
1.827995777130126953e+00
1.095795154571533203e+00
1.095795154571533203e+00
6.026700735092163086e-01
6.026700735092163086e-01
6.026700735092163086e-01
2.029634475708007812e+00
1.860815763473510742e+00
1.860815763473510742e+00
2.275449991226196289e+00
1.069904446601867676e+00
1.069904446601867676e+00
1.069904446601867676e+00
3.504765629768371582e-01
4.391348063945770264e-01
4.391348063945770264e-01
4.391348063945770264e-01
6.442849040031433105e-01
6.442849040031433105e-01
6.745156645774841309e-01
6.745156645774841309e-01
8.830361366271972656e-01
8.830361366271972656e-01
1.389162063598632812e+00
1.389162063598632812e+00
7.046148777008056641e-01
2.707432210445404053e-01
2.707432210445404053e-01
2.707432210445404053e-01
1.669118404388427734e+00
1.896181583404541016e+00
1.653225898742675781e+00
1.653225898742675781e+00
1.653225898742675781e+00
1.302691698074340820e-01
4.044823944568634033e-01
8.077889680862426758e-01
8.077889680862426758e-01
8.077889680862426758e-01
8.077889680862426758e-01
3.172449469566345215e-01
8.784729838371276855e-01
8.784729838371276855e-01
8.784729838371276855e-01
4.647787511348724365e-01
4.647787511348724365e-01
4.647787511348724365e-01
4.647787511348724365e-01
4.647787511348724365e-01
4.647787511348724365e-01
6.868809461593627930e-01
6.868809461593627930e-01
6.868809461593627930e-01
6.868809461593627930e-01
6.868809461593627930e-01
6.868809461593627930e-01
4.819076061248779297e-01
4.819076061248779297e-01
4.819076061248779297e-01
3.321790695190429688e-01
3.321790695190429688e-01
3.321790695190429688e-01
3.321790695190429688e-01
1.053314924240112305e+00
1.053314924240112305e+00
1.053314924240112305e+00
1.053314924240112305e+00
1.053314924240112305e+00
1.053314924240112305e+00
1.053314924240112305e+00
4.360307455062866211e-01
4.360307455062866211e-01
4.360307455062866211e-01
4.360307455062866211e-01
4.360307455062866211e-01
5.159459114074707031e-01
5.159459114074707031e-01
5.159459114074707031e-01
7.417064905166625977e-01
7.417064905166625977e-01
1.652799844741821289e-01
1.652799844741821289e-01
1.652799844741821289e-01
1.652799844741821289e-01
1.652799844741821289e-01
8.410377502441406250e-01
8.410377502441406250e-01
8.410377502441406250e-01
8.410377502441406250e-01
8.410377502441406250e-01
8.410377502441406250e-01
1.277756333351135254e+00
1.037559747695922852e+00
1.037559747695922852e+00
6.141155958175659180e-01
6.141155958175659180e-01
7.331479787826538086e-01
8.160957694053649902e-01
8.160957694053649902e-01
8.160957694053649902e-01
8.160957694053649902e-01
7.010670304298400879e-01
7.010670304298400879e-01
7.010670304298400879e-01
8.640512228012084961e-01
8.640512228012084961e-01
5.455668568611145020e-01
5.455668568611145020e-01
5.455668568611145020e-01
5.455668568611145020e-01
5.455668568611145020e-01
7.577775716781616211e-01
7.577775716781616211e-01
7.577775716781616211e-01
7.577775716781616211e-01
7.577775716781616211e-01
7.577775716781616211e-01
7.577775716781616211e-01
9.929694533348083496e-01
6.263505220413208008e-01
6.263505220413208008e-01
2.821784317493438721e-01
2.821784317493438721e-01
2.821784317493438721e-01
2.821784317493438721e-01
4.773261547088623047e-01
4.773261547088623047e-01
4.773261547088623047e-01
4.773261547088623047e-01
7.489901781082153320e-01
7.489901781082153320e-01
7.489901781082153320e-01
7.489901781082153320e-01
7.489901781082153320e-01
1.716231584548950195e+00
1.716231584548950195e+00
1.716231584548950195e+00
1.716231584548950195e+00
1.716231584548950195e+00
1.716231584548950195e+00
1.716231584548950195e+00
1.716231584548950195e+00
1.716231584548950195e+00
1.716231584548950195e+00
1.096900939941406250e+00
1.096900939941406250e+00
6.839865446090698242e-01
6.839865446090698242e-01
6.839865446090698242e-01
6.839865446090698242e-01
6.839865446090698242e-01
6.839865446090698242e-01
6.839865446090698242e-01
3.525087535381317139e-01
3.525087535381317139e-01
3.525087535381317139e-01
3.525087535381317139e-01
3.525087535381317139e-01
3.525087535381317139e-01
9.885791540145874023e-01
9.885791540145874023e-01
9.885791540145874023e-01
9.885791540145874023e-01
9.885791540145874023e-01
9.885791540145874023e-01
2.224878311157226562e+00
1.685531377792358398e+00
1.170130133628845215e+00
7.600619792938232422e-01
7.600619792938232422e-01
7.600619792938232422e-01
1.032671928405761719e+00
1.032671928405761719e+00
1.032671928405761719e+00
1.032671928405761719e+00
1.032671928405761719e+00
1.032671928405761719e+00
4.542706012725830078e-01
4.542706012725830078e-01
4.542706012725830078e-01
4.542706012725830078e-01
1.217059850692749023e+00
1.217059850692749023e+00
1.217059850692749023e+00
1.217059850692749023e+00
9.954879879951477051e-01
5.244808793067932129e-01
3.813582062721252441e-01
3.813582062721252441e-01
3.813582062721252441e-01
1.085888147354125977e+00
1.010362863540649414e+00
1.092569231986999512e+00
1.092569231986999512e+00
5.226615071296691895e-01
5.226615071296691895e-01
5.226615071296691895e-01
5.226615071296691895e-01
5.226615071296691895e-01
5.226615071296691895e-01
1.914094388484954834e-01
1.914094388484954834e-01
4.144798517227172852e-01
4.144798517227172852e-01
7.138310670852661133e-01
7.540683150291442871e-01
7.540683150291442871e-01
7.540683150291442871e-01
1.152868866920471191e+00
1.152868866920471191e+00
4.409807920455932617e-01
4.409807920455932617e-01
4.409807920455932617e-01
4.409807920455932617e-01
4.409807920455932617e-01
4.409807920455932617e-01
4.409807920455932617e-01
4.409807920455932617e-01
4.409807920455932617e-01
4.409807920455932617e-01
8.164275884628295898e-01
8.164275884628295898e-01
6.956456899642944336e-01
6.956456899642944336e-01
6.956456899642944336e-01
6.956456899642944336e-01
1.018041849136352539e+00
3.990670442581176758e-01
3.990670442581176758e-01
4.098300635814666748e-01
4.098300635814666748e-01
9.913769960403442383e-01
9.913769960403442383e-01
9.913769960403442383e-01
9.913769960403442383e-01
9.913769960403442383e-01
9.913769960403442383e-01
9.510729908943176270e-01
1.162393927574157715e+00
1.234759569168090820e+00
5.638689994812011719e-01
6.060304641723632812e-01
6.060304641723632812e-01
5.561320781707763672e-01
1.114562153816223145e+00
1.114562153816223145e+00
1.114562153816223145e+00
1.114562153816223145e+00
7.403678894042968750e-01
7.403678894042968750e-01
1.063109517097473145e+00
2.881152629852294922e-01
2.881152629852294922e-01
2.881152629852294922e-01
2.881152629852294922e-01
2.881152629852294922e-01
2.881152629852294922e-01
2.881152629852294922e-01
1.377747416496276855e+00
1.377747416496276855e+00
1.377747416496276855e+00
1.377747416496276855e+00
2.032550811767578125e+00
2.446541309356689453e+00
2.446541309356689453e+00
2.446541309356689453e+00
2.301641702651977539e+00
2.301641702651977539e+00
2.301641702651977539e+00
4.371033906936645508e-01
4.371033906936645508e-01
3.670831620693206787e-01
3.670831620693206787e-01
4.145005643367767334e-01
4.145005643367767334e-01
8.711143732070922852e-01
8.711143732070922852e-01
8.711143732070922852e-01
8.711143732070922852e-01
8.711143732070922852e-01
8.711143732070922852e-01
3.991669118404388428e-01
3.991669118404388428e-01
3.991669118404388428e-01
4.568325281143188477e-01
8.566770553588867188e-01
8.566770553588867188e-01
5.385767221450805664e-01
5.385767221450805664e-01
5.385767221450805664e-01
5.385767221450805664e-01
5.385767221450805664e-01
5.385767221450805664e-01
5.385767221450805664e-01
6.335279941558837891e-01
7.191443443298339844e-01
7.191443443298339844e-01
1.921623826026916504e+00
1.921623826026916504e+00
1.682747840881347656e+00
2.458411455154418945e-01
2.458411455154418945e-01
2.458411455154418945e-01
3.989648818969726562e-01
3.989648818969726562e-01
3.695833086967468262e-01
3.695833086967468262e-01
3.695833086967468262e-01
4.986894726753234863e-01
4.986894726753234863e-01
4.986894726753234863e-01
6.804045438766479492e-01
6.804045438766479492e-01
6.804045438766479492e-01
6.804045438766479492e-01
6.804045438766479492e-01
6.804045438766479492e-01
6.804045438766479492e-01
5.535588860511779785e-01
9.579637050628662109e-01
9.579637050628662109e-01
9.579637050628662109e-01
9.579637050628662109e-01
6.745520234107971191e-01
6.745520234107971191e-01
6.745520234107971191e-01
1.021016240119934082e+00
1.021016240119934082e+00
1.021016240119934082e+00
1.021016240119934082e+00
1.021016240119934082e+00
4.776375889778137207e-01
4.776375889778137207e-01
4.776375889778137207e-01
4.776375889778137207e-01
1.017869234085083008e+00
1.017869234085083008e+00
1.017869234085083008e+00
7.959381341934204102e-01
7.959381341934204102e-01
1.065996408462524414e+00
1.065996408462524414e+00
6.490939855575561523e-01
6.490939855575561523e-01
6.490939855575561523e-01
6.490939855575561523e-01
5.387121438980102539e-01
5.387121438980102539e-01
5.387121438980102539e-01
5.387121438980102539e-01
5.387121438980102539e-01
5.387121438980102539e-01
1.986722946166992188e-01
1.028588056564331055e+00
3.522766232490539551e-01
3.522766232490539551e-01
1.773705959320068359e+00
5.518332719802856445e-01
1.227304935455322266e+00
1.227304935455322266e+00
1.227304935455322266e+00
1.227304935455322266e+00
1.678476572036743164e+00
1.678476572036743164e+00
1.678476572036743164e+00
1.678476572036743164e+00
2.036783933639526367e+00
2.036783933639526367e+00
9.224078655242919922e-01
6.581842899322509766e-01
6.581842899322509766e-01
6.581842899322509766e-01
6.581842899322509766e-01
3.802000582218170166e-01
3.802000582218170166e-01
3.802000582218170166e-01
3.802000582218170166e-01
3.802000582218170166e-01
3.802000582218170166e-01
3.802000582218170166e-01
3.802000582218170166e-01
3.802000582218170166e-01
8.607549667358398438e-01
8.607549667358398438e-01
3.045586347579956055e-01
8.429977297782897949e-02
1.482247829437255859e+00
1.289833545684814453e+00
1.289833545684814453e+00
7.675307393074035645e-01
7.594234943389892578e-01
1.089933276176452637e+00
3.276985883712768555e-01
6.384952068328857422e-01
3.851540088653564453e-01
3.851540088653564453e-01
1.045114278793334961e+00
1.045114278793334961e+00
3.776060342788696289e-01
3.776060342788696289e-01
3.776060342788696289e-01
3.776060342788696289e-01
3.776060342788696289e-01
2.414608001708984375e-01
2.414608001708984375e-01
2.414608001708984375e-01
2.414608001708984375e-01
2.414608001708984375e-01
2.414608001708984375e-01
2.414608001708984375e-01
2.414608001708984375e-01
2.414608001708984375e-01
2.414608001708984375e-01
5.220617055892944336e-01
5.220617055892944336e-01
5.220617055892944336e-01
5.220617055892944336e-01
8.778989911079406738e-01
1.069732785224914551e+00
1.069732785224914551e+00
8.380779027938842773e-01
7.637246847152709961e-01
7.340494394302368164e-01
7.340494394302368164e-01
7.340494394302368164e-01
7.340494394302368164e-01
7.340494394302368164e-01
7.340494394302368164e-01
7.340494394302368164e-01
7.340494394302368164e-01
7.340494394302368164e-01
7.340494394302368164e-01
7.340494394302368164e-01
7.340494394302368164e-01
7.340494394302368164e-01
1.451931595802307129e-01
1.451931595802307129e-01
1.451931595802307129e-01
1.451931595802307129e-01
1.451931595802307129e-01
1.451931595802307129e-01
1.451931595802307129e-01
1.451931595802307129e-01
1.451931595802307129e-01
2.013111352920532227e+00
2.013111352920532227e+00
8.727531433105468750e-01
1.227400779724121094e+00
1.227400779724121094e+00
1.227400779724121094e+00
5.424627065658569336e-01
3.418831825256347656e-01
3.418831825256347656e-01
3.418831825256347656e-01
6.477528214454650879e-01
6.477528214454650879e-01
6.477528214454650879e-01
6.280667781829833984e-01
5.579363703727722168e-01
7.427295446395874023e-01
7.427295446395874023e-01
1.047376990318298340e+00
1.138563752174377441e+00
1.138563752174377441e+00
1.138563752174377441e+00
1.138563752174377441e+00
8.767964839935302734e-01
8.767964839935302734e-01
1.336520075798034668e+00
1.336520075798034668e+00
1.336520075798034668e+00
5.430932641029357910e-01
5.430932641029357910e-01
5.514215826988220215e-01
7.542971372604370117e-01
7.542971372604370117e-01
9.303588867187500000e-01
9.303588867187500000e-01
7.000833749771118164e-02
7.000833749771118164e-02
7.000833749771118164e-02
9.828189015388488770e-01
9.828189015388488770e-01
9.828189015388488770e-01
9.828189015388488770e-01
1.944723367691040039e+00
2.493318319320678711e-01
2.493318319320678711e-01
2.493318319320678711e-01
2.493318319320678711e-01
3.001115918159484863e-01
3.001115918159484863e-01
3.001115918159484863e-01
3.001115918159484863e-01
3.001115918159484863e-01
3.001115918159484863e-01
9.081800580024719238e-01
1.204882144927978516e+00
1.204882144927978516e+00
1.899810433387756348e+00
1.899810433387756348e+00
1.899810433387756348e+00
1.899810433387756348e+00
1.899810433387756348e+00
5.673793554306030273e-01
5.673793554306030273e-01
5.673793554306030273e-01
5.673793554306030273e-01
1.225802183151245117e+00
1.225802183151245117e+00
1.225802183151245117e+00
9.105582237243652344e-01
1.060380816459655762e+00
5.527853369712829590e-01
5.527853369712829590e-01
5.527853369712829590e-01
5.527853369712829590e-01
5.527853369712829590e-01
5.527853369712829590e-01
5.527853369712829590e-01
5.527853369712829590e-01
5.527853369712829590e-01
5.527853369712829590e-01
5.527853369712829590e-01
5.527853369712829590e-01
7.524309158325195312e-01
7.524309158325195312e-01
7.524309158325195312e-01
7.524309158325195312e-01
7.524309158325195312e-01
7.524309158325195312e-01
8.470492959022521973e-01
6.509776115417480469e-01
7.075069546699523926e-01
8.516118526458740234e-01
6.169447898864746094e-01
6.169447898864746094e-01
1.959593772888183594e+00
1.959593772888183594e+00
1.987593889236450195e+00
1.987593889236450195e+00
1.987593889236450195e+00
1.987593889236450195e+00
1.987593889236450195e+00
1.850003004074096680e+00
1.850003004074096680e+00
1.582392215728759766e+00
2.314854145050048828e+00
2.034833431243896484e+00
2.034833431243896484e+00
2.034833431243896484e+00
2.034833431243896484e+00
2.034833431243896484e+00
2.034833431243896484e+00
2.034833431243896484e+00
2.034833431243896484e+00
2.034833431243896484e+00
1.804030656814575195e+00
1.422057151794433594e+00
2.068241119384765625e+00
1.713137030601501465e+00
2.716803073883056641e+00
8.387453556060791016e-01
8.387453556060791016e-01
1.103668689727783203e+00
1.103668689727783203e+00
4.867340922355651855e-01
4.867340922355651855e-01
5.242182016372680664e-01
1.012092232704162598e+00
1.012092232704162598e+00
1.012092232704162598e+00
1.012092232704162598e+00
1.702403545379638672e+00
1.702403545379638672e+00
1.964830160140991211e+00
6.647797822952270508e-01
6.647797822952270508e-01
6.647797822952270508e-01
2.304874658584594727e-01
1.230924502015113831e-01
1.230924502015113831e-01
1.230924502015113831e-01
1.765318751335144043e+00
1.765318751335144043e+00
1.166427731513977051e+00
1.166427731513977051e+00
1.680901885032653809e+00
1.680901885032653809e+00
5.408906936645507812e-01
5.408906936645507812e-01
5.408906936645507812e-01
4.158595204353332520e-01
4.158595204353332520e-01
4.158595204353332520e-01
4.158595204353332520e-01
7.083536386489868164e-01
7.083536386489868164e-01
7.083536386489868164e-01
7.083536386489868164e-01
7.083536386489868164e-01
9.162542819976806641e-01
9.162542819976806641e-01
9.162542819976806641e-01
1.300428032875061035e+00
1.300428032875061035e+00
4.337543249130249023e-01
4.337543249130249023e-01
4.337543249130249023e-01
1.516801238059997559e+00
1.516801238059997559e+00
1.516801238059997559e+00
1.516801238059997559e+00
1.516801238059997559e+00
1.516801238059997559e+00
1.516801238059997559e+00
1.333081483840942383e+00
1.333081483840942383e+00
8.982127904891967773e-01
8.982127904891967773e-01
2.994982600212097168e-01
2.994982600212097168e-01
2.994982600212097168e-01
2.994982600212097168e-01
2.994982600212097168e-01
2.994982600212097168e-01
3.935777544975280762e-01
2.434076219797134399e-01
8.196380734443664551e-01
8.196380734443664551e-01
8.196380734443664551e-01
8.332781791687011719e-01
5.799908638000488281e-01
1.113713026046752930e+00
5.106207132339477539e-01
5.681206583976745605e-01
5.681206583976745605e-01
5.681206583976745605e-01
5.681206583976745605e-01
5.681206583976745605e-01
5.681206583976745605e-01
5.681206583976745605e-01
5.681206583976745605e-01
5.681206583976745605e-01
1.002934455871582031e+00
1.002934455871582031e+00
1.002934455871582031e+00
1.672698855400085449e+00
1.811591386795043945e+00
5.161278247833251953e-01
3.028494715690612793e-01
3.028494715690612793e-01
3.028494715690612793e-01
2.048290967941284180e-01
2.048290967941284180e-01
2.372425794601440430e-01
1.277254939079284668e+00
1.277254939079284668e+00
1.063789248466491699e+00
1.063789248466491699e+00
6.503583788871765137e-01
6.503583788871765137e-01
1.092788100242614746e+00
1.472839593887329102e+00
1.472839593887329102e+00
5.416031479835510254e-01
7.937756180763244629e-01
5.771090388298034668e-01
5.771090388298034668e-01
5.771090388298034668e-01
5.771090388298034668e-01
5.771090388298034668e-01
5.771090388298034668e-01
1.589462757110595703e+00
1.282780408859252930e+00
1.081938743591308594e+00
8.673905134201049805e-01
9.017692804336547852e-01
9.047306180000305176e-01
9.047306180000305176e-01
9.047306180000305176e-01
9.047306180000305176e-01
7.948781847953796387e-01
1.261167168617248535e+00
1.261167168617248535e+00
4.741318225860595703e-01
4.741318225860595703e-01
4.741318225860595703e-01
1.016329050064086914e+00
1.016329050064086914e+00
9.727312922477722168e-01
9.727312922477722168e-01
9.727312922477722168e-01
9.727312922477722168e-01
9.727312922477722168e-01
1.359968185424804688e+00
1.359968185424804688e+00
5.248167514801025391e-01
6.236596107482910156e-01
6.236596107482910156e-01
6.236596107482910156e-01
6.236596107482910156e-01
6.236596107482910156e-01
6.236596107482910156e-01
6.183103919029235840e-01
1.296868085861206055e+00
1.296868085861206055e+00
8.953689336776733398e-01
8.953689336776733398e-01
8.953689336776733398e-01
4.068472385406494141e-01
4.068472385406494141e-01
2.224381119012832642e-01
4.141378998756408691e-01
4.141378998756408691e-01
4.141378998756408691e-01
4.141378998756408691e-01
4.141378998756408691e-01
4.141378998756408691e-01
4.141378998756408691e-01
4.141378998756408691e-01
4.141378998756408691e-01
9.908977746963500977e-01
1.077047348022460938e+00
1.307909011840820312e+00
1.307909011840820312e+00
1.307909011840820312e+00
3.426476120948791504e-01
3.426476120948791504e-01
3.426476120948791504e-01
3.426476120948791504e-01
3.426476120948791504e-01
8.546799421310424805e-01
8.546799421310424805e-01
8.546799421310424805e-01
8.546799421310424805e-01
8.546799421310424805e-01
8.546799421310424805e-01
8.546799421310424805e-01
8.546799421310424805e-01
8.546799421310424805e-01
8.546799421310424805e-01
8.546799421310424805e-01
1.233880519866943359e+00
1.233880519866943359e+00
5.428800582885742188e-01
5.229214429855346680e-01
4.492744207382202148e-01
1.731474161148071289e+00
1.218141317367553711e-01
1.218141317367553711e-01
1.218141317367553711e-01
1.627069562673568726e-01
1.627069562673568726e-01
3.614621162414550781e-01
3.614621162414550781e-01
3.614621162414550781e-01
9.445372223854064941e-01
1.508958935737609863e-01
3.321793675422668457e-01
2.460299879312515259e-01
8.305017948150634766e-01
8.305017948150634766e-01
1.093411564826965332e+00
1.541963696479797363e+00
1.541963696479797363e+00
1.421880364418029785e+00
2.134586334228515625e+00
2.134586334228515625e+00
2.134586334228515625e+00
2.248262166976928711e+00
2.248262166976928711e+00
2.706372499465942383e+00
2.706372499465942383e+00
2.706372499465942383e+00
2.410420894622802734e+00
2.006289482116699219e+00
7.723132371902465820e-01
9.020389318466186523e-01
9.020389318466186523e-01
1.102956175804138184e+00
1.102956175804138184e+00
1.102956175804138184e+00
1.102956175804138184e+00
1.102956175804138184e+00
1.102956175804138184e+00
9.378053545951843262e-01
9.378053545951843262e-01
9.378053545951843262e-01
2.523241758346557617e+00
1.265320420265197754e+00
2.536209821701049805e-01
6.883694529533386230e-01
6.883694529533386230e-01
2.034001052379608154e-01
2.034001052379608154e-01
2.034001052379608154e-01
2.034001052379608154e-01
4.179852902889251709e-01
4.179852902889251709e-01
4.179852902889251709e-01
4.179852902889251709e-01
5.487811565399169922e-01
5.487811565399169922e-01
3.672365546226501465e-01
3.672365546226501465e-01
3.672365546226501465e-01
3.672365546226501465e-01
3.672365546226501465e-01
3.672365546226501465e-01
3.672365546226501465e-01
3.672365546226501465e-01
3.672365546226501465e-01
6.894288063049316406e-01
6.894288063049316406e-01
7.099127173423767090e-01
4.118557870388031006e-01
4.118557870388031006e-01
4.118557870388031006e-01
4.118557870388031006e-01
8.830883502960205078e-01
8.830883502960205078e-01
8.830883502960205078e-01
8.830883502960205078e-01
8.830883502960205078e-01
8.830883502960205078e-01
8.830883502960205078e-01
8.830883502960205078e-01
8.462471365928649902e-01
8.462471365928649902e-01
8.462471365928649902e-01
8.462471365928649902e-01
8.462471365928649902e-01
8.462471365928649902e-01
8.462471365928649902e-01
8.462471365928649902e-01
8.462471365928649902e-01
8.462471365928649902e-01
8.462471365928649902e-01
8.462471365928649902e-01
1.439971804618835449e+00
1.439971804618835449e+00
1.439971804618835449e+00
8.841207623481750488e-01
6.775187253952026367e-01
6.775187253952026367e-01
6.775187253952026367e-01
1.152145624160766602e+00
1.152145624160766602e+00
1.152145624160766602e+00
1.152145624160766602e+00
1.743338823318481445e+00
2.084865093231201172e+00
2.084865093231201172e+00
2.084865093231201172e+00
2.084865093231201172e+00
2.084865093231201172e+00
2.084865093231201172e+00
1.820525288581848145e+00
1.820525288581848145e+00
1.881060957908630371e+00
1.957898736000061035e+00
1.972597599029541016e+00
1.574908256530761719e+00
1.574908256530761719e+00
1.574908256530761719e+00
1.574908256530761719e+00
1.574908256530761719e+00
1.574908256530761719e+00
1.574908256530761719e+00
7.085360884666442871e-01
3.737455308437347412e-01
3.737455308437347412e-01
4.863789379596710205e-01
3.762837648391723633e-01
7.852553129196166992e-01
7.852553129196166992e-01
6.269153356552124023e-01
1.377585649490356445e+00
1.377585649490356445e+00
1.377585649490356445e+00
1.377585649490356445e+00
9.815301895141601562e-01
9.815301895141601562e-01
9.815301895141601562e-01
1.235057830810546875e+00
1.833830356597900391e+00
1.833830356597900391e+00
1.833830356597900391e+00
5.308331251144409180e-01
5.308331251144409180e-01
5.308331251144409180e-01
5.308331251144409180e-01
5.308331251144409180e-01
5.308331251144409180e-01
3.939389288425445557e-01
3.939389288425445557e-01
8.285894989967346191e-01
8.285894989967346191e-01
4.956316053867340088e-01
2.970641851425170898e-01
8.488386869430541992e-01
8.488386869430541992e-01
6.347136497497558594e-01
6.449260115623474121e-01
1.503604888916015625e+00
1.503604888916015625e+00
1.503604888916015625e+00
1.503604888916015625e+00
1.503604888916015625e+00
9.653846621513366699e-01
9.653846621513366699e-01
9.653846621513366699e-01
9.653846621513366699e-01
9.653846621513366699e-01
3.924177885055541992e-01
3.924177885055541992e-01
3.924177885055541992e-01
3.924177885055541992e-01
1.400928139686584473e+00
1.400928139686584473e+00
1.400928139686584473e+00
1.400928139686584473e+00
1.400928139686584473e+00
1.089519143104553223e+00
8.573005199432373047e-01
4.510717689990997314e-01
5.909746289253234863e-01
5.909746289253234863e-01
1.990117788314819336e+00
8.941743373870849609e-01
8.941743373870849609e-01
8.941743373870849609e-01
8.941743373870849609e-01
7.437128424644470215e-01
5.756652951240539551e-01
5.756652951240539551e-01
6.422580480575561523e-01
6.422580480575561523e-01
6.422580480575561523e-01
6.422580480575561523e-01
6.422580480575561523e-01
6.422580480575561523e-01
6.422580480575561523e-01
6.422580480575561523e-01
6.422580480575561523e-01
6.422580480575561523e-01
6.422580480575561523e-01
6.422580480575561523e-01
6.422580480575561523e-01
6.422580480575561523e-01
1.055809497833251953e+00
1.055809497833251953e+00
1.587928771972656250e+00
1.996241807937622070e+00
1.246220350265502930e+00
6.322222352027893066e-01
6.322222352027893066e-01
6.322222352027893066e-01
6.322222352027893066e-01
6.322222352027893066e-01
6.322222352027893066e-01
6.322222352027893066e-01
6.322222352027893066e-01
6.322222352027893066e-01
6.322222352027893066e-01
6.322222352027893066e-01
6.322222352027893066e-01
1.259990692138671875e+00
1.259990692138671875e+00
1.259990692138671875e+00
7.739842534065246582e-01
7.739842534065246582e-01
7.739842534065246582e-01
8.398329019546508789e-01
1.261001229286193848e+00
1.261001229286193848e+00
1.261001229286193848e+00
1.610878705978393555e-01
1.496551871299743652e+00
5.333649516105651855e-01
5.333649516105651855e-01
4.341963529586791992e-01
4.341963529586791992e-01
2.354534268379211426e-01
2.354534268379211426e-01
4.746383428573608398e-01
4.715363681316375732e-01
4.715363681316375732e-01
4.715363681316375732e-01
4.715363681316375732e-01
1.976195573806762695e-01
1.976195573806762695e-01
1.976195573806762695e-01
6.038736104965209961e-01
6.038736104965209961e-01
6.038736104965209961e-01
6.038736104965209961e-01
6.038736104965209961e-01
6.038736104965209961e-01
6.038736104965209961e-01
6.038736104965209961e-01
4.969587922096252441e-01
4.969587922096252441e-01
4.969587922096252441e-01
6.339174509048461914e-01
6.339174509048461914e-01
6.339174509048461914e-01
1.274410724639892578e+00
8.673379421234130859e-01
1.423069119453430176e+00
1.423069119453430176e+00
1.423069119453430176e+00
1.423069119453430176e+00
9.576791524887084961e-01
9.576791524887084961e-01
9.576791524887084961e-01
9.230763912200927734e-01
9.230763912200927734e-01
2.727407217025756836e-01
7.239357233047485352e-01
6.272932887077331543e-01
6.272932887077331543e-01
5.049899220466613770e-01
5.238783955574035645e-01
1.115272402763366699e+00
3.040661215782165527e-01
3.040661215782165527e-01
3.040661215782165527e-01
3.040661215782165527e-01
3.040661215782165527e-01
3.040661215782165527e-01
2.985804080963134766e-01
2.985804080963134766e-01
2.985804080963134766e-01
2.265231907367706299e-01
3.640621900558471680e-01
3.640621900558471680e-01
3.640621900558471680e-01
3.640621900558471680e-01
3.640621900558471680e-01
3.640621900558471680e-01
3.640621900558471680e-01
3.640621900558471680e-01
9.509214758872985840e-01
1.278494119644165039e+00
1.278494119644165039e+00
9.494467973709106445e-01
1.807576179504394531e+00
1.807576179504394531e+00
1.903360128402709961e+00
1.307699918746948242e+00
1.307699918746948242e+00
1.307699918746948242e+00
7.332046031951904297e-01
3.796566426753997803e-01
3.796566426753997803e-01
3.796566426753997803e-01
3.796566426753997803e-01
3.796566426753997803e-01
3.796566426753997803e-01
3.796566426753997803e-01
3.796566426753997803e-01
3.796566426753997803e-01
3.796566426753997803e-01
3.796566426753997803e-01
1.657994508743286133e+00
1.657994508743286133e+00
1.657994508743286133e+00
1.657994508743286133e+00
7.780259251594543457e-01
7.780259251594543457e-01
7.780259251594543457e-01
8.075370788574218750e-01
8.075370788574218750e-01
1.898818016052246094e+00
2.202588319778442383e-01
2.202588319778442383e-01
2.202588319778442383e-01
1.339339017868041992e-01
1.339339017868041992e-01
1.785104513168334961e+00
1.785104513168334961e+00
1.785104513168334961e+00
1.785104513168334961e+00
1.785104513168334961e+00
1.885526061058044434e+00
1.265487551689147949e+00
1.265487551689147949e+00
1.265487551689147949e+00
1.265487551689147949e+00
7.743271589279174805e-01
4.759056866168975830e-01
4.759056866168975830e-01
4.806056022644042969e-01
4.806056022644042969e-01
4.806056022644042969e-01
4.806056022644042969e-01
4.806056022644042969e-01
8.911485671997070312e-01
7.509984374046325684e-01
7.509984374046325684e-01
7.509984374046325684e-01
7.509984374046325684e-01
9.799298048019409180e-01
9.799298048019409180e-01
9.799298048019409180e-01
9.799298048019409180e-01
7.121332287788391113e-01
7.195988893508911133e-01
1.232155084609985352e+00
1.232155084609985352e+00
1.232155084609985352e+00
1.232155084609985352e+00
1.232155084609985352e+00
1.232155084609985352e+00
1.456606030464172363e+00
1.389092564582824707e+00
1.099395513534545898e+00
2.818887233734130859e-01
2.818887233734130859e-01
2.818887233734130859e-01
2.818887233734130859e-01
2.818887233734130859e-01
6.969252824783325195e-01
8.186633586883544922e-01
8.186633586883544922e-01
8.186633586883544922e-01
9.467977881431579590e-01
4.486373066902160645e-01
4.486373066902160645e-01
4.486373066902160645e-01
7.833888530731201172e-01
7.833888530731201172e-01
7.833888530731201172e-01
1.184910416603088379e+00
1.184910416603088379e+00
1.184910416603088379e+00
1.184910416603088379e+00
6.155177354812622070e-01
4.847305417060852051e-01
8.033519983291625977e-01
9.379367828369140625e-01
1.039807677268981934e+00
1.039807677268981934e+00
1.039807677268981934e+00
1.039807677268981934e+00
1.997984647750854492e-01
1.997984647750854492e-01
1.997984647750854492e-01
1.414172768592834473e+00
1.414172768592834473e+00
6.934332251548767090e-01
6.934332251548767090e-01
6.934332251548767090e-01
6.934332251548767090e-01
6.934332251548767090e-01
6.934332251548767090e-01
6.934332251548767090e-01
6.934332251548767090e-01
6.934332251548767090e-01
6.934332251548767090e-01
6.934332251548767090e-01
6.934332251548767090e-01
6.934332251548767090e-01
6.934332251548767090e-01
6.934332251548767090e-01
6.934332251548767090e-01
6.934332251548767090e-01
6.934332251548767090e-01
6.934332251548767090e-01
1.203932762145996094e+00
1.203932762145996094e+00
3.680971860885620117e-01
3.680971860885620117e-01
3.680971860885620117e-01
3.680971860885620117e-01
3.680971860885620117e-01
3.680971860885620117e-01
9.257248044013977051e-01
9.257248044013977051e-01
8.288781642913818359e-01
1.193951964378356934e+00
1.193951964378356934e+00
5.630444884300231934e-01
7.802405357360839844e-01
4.937701523303985596e-01
4.937701523303985596e-01
4.937701523303985596e-01
9.176377058029174805e-01
9.176377058029174805e-01
9.176377058029174805e-01
2.184754610061645508e-01
1.142018139362335205e-01
1.142018139362335205e-01
1.436463713645935059e+00
7.355607151985168457e-01
7.355607151985168457e-01
7.355607151985168457e-01
7.355607151985168457e-01
7.355607151985168457e-01
5.240587592124938965e-01
5.240587592124938965e-01
4.457691907882690430e-01
8.416630029678344727e-01
8.416630029678344727e-01
6.031693816184997559e-01
6.031693816184997559e-01
6.031693816184997559e-01
6.031693816184997559e-01
6.631338596343994141e-01
6.631338596343994141e-01
6.631338596343994141e-01
6.631338596343994141e-01
6.631338596343994141e-01
6.631338596343994141e-01
6.631338596343994141e-01
6.631338596343994141e-01
1.251371145248413086e+00
1.251371145248413086e+00
1.251371145248413086e+00
6.668382287025451660e-01
6.668382287025451660e-01
6.668382287025451660e-01
6.668382287025451660e-01
1.479186773300170898e+00
8.256736993789672852e-01
8.256736993789672852e-01
8.256736993789672852e-01
8.256736993789672852e-01
8.256736993789672852e-01
8.256736993789672852e-01
8.256736993789672852e-01
8.529770970344543457e-01
8.529770970344543457e-01
8.529770970344543457e-01
3.000574111938476562e-01
3.000574111938476562e-01
3.000574111938476562e-01
3.000574111938476562e-01
3.000574111938476562e-01
1.004287004470825195e+00
6.162912249565124512e-01
6.162912249565124512e-01
6.162912249565124512e-01
6.162912249565124512e-01
6.162912249565124512e-01
6.162912249565124512e-01
6.162912249565124512e-01
6.162912249565124512e-01
6.162912249565124512e-01
8.572192192077636719e-01
8.572192192077636719e-01
8.572192192077636719e-01
8.572192192077636719e-01
8.572192192077636719e-01
7.180789709091186523e-01
1.487171649932861328e+00
6.743102669715881348e-01
3.628767430782318115e-01
5.402866005897521973e-01
5.402866005897521973e-01
5.402866005897521973e-01
5.402866005897521973e-01
5.402866005897521973e-01
7.532328963279724121e-01
7.532328963279724121e-01
7.532328963279724121e-01
7.532328963279724121e-01
7.532328963279724121e-01
1.457467317581176758e+00
1.107109904289245605e+00
1.107109904289245605e+00
1.107109904289245605e+00
3.990080356597900391e-01
7.369620800018310547e-01
1.095074415206909180e+00
1.188254117965698242e+00
1.334267497062683105e+00
1.800922513008117676e+00
2.002601385116577148e+00
2.002601385116577148e+00
9.244493246078491211e-01
7.639569044113159180e-01
7.639569044113159180e-01
7.639569044113159180e-01
7.639569044113159180e-01
7.639569044113159180e-01
7.639569044113159180e-01
7.639569044113159180e-01
1.074042201042175293e+00
1.074042201042175293e+00
1.074042201042175293e+00
1.074042201042175293e+00
1.074042201042175293e+00
1.074042201042175293e+00
1.074042201042175293e+00
1.074042201042175293e+00
2.767475843429565430e-01
2.767475843429565430e-01
2.767475843429565430e-01
1.787226051092147827e-01
1.787226051092147827e-01
1.787226051092147827e-01
1.787226051092147827e-01
1.787226051092147827e-01
1.787226051092147827e-01
1.787226051092147827e-01
1.787226051092147827e-01
1.787226051092147827e-01
1.699566602706909180e+00
1.699566602706909180e+00
1.699566602706909180e+00
1.381618738174438477e+00
1.381618738174438477e+00
1.311234116554260254e+00
1.311234116554260254e+00
8.723132610321044922e-01
8.723132610321044922e-01
8.723132610321044922e-01
1.063456773757934570e+00
1.063456773757934570e+00
7.295840978622436523e-01
7.295840978622436523e-01
7.295840978622436523e-01
7.295840978622436523e-01
4.896780252456665039e-01
1.490123271942138672e-01
8.978989124298095703e-01
6.516809463500976562e-01
9.293707609176635742e-01
9.293707609176635742e-01
1.061945676803588867e+00
1.061945676803588867e+00
1.518116950988769531e+00
1.893837451934814453e+00
1.893837451934814453e+00
1.893837451934814453e+00
1.970693588256835938e+00
1.306973218917846680e+00
1.486088871955871582e+00
1.486088871955871582e+00
1.486088871955871582e+00
1.431948065757751465e+00
1.431948065757751465e+00
7.748084068298339844e-01
7.748084068298339844e-01
6.955400109291076660e-01
6.955400109291076660e-01
6.955400109291076660e-01
6.955400109291076660e-01
6.955400109291076660e-01
6.955400109291076660e-01
6.955400109291076660e-01
6.955400109291076660e-01
6.955400109291076660e-01
6.886286735534667969e-01
6.886286735534667969e-01
7.273005843162536621e-01
7.273005843162536621e-01
2.423591613769531250e+00
1.339820504188537598e+00
1.339820504188537598e+00
7.201828956604003906e-01
4.134515225887298584e-01
4.134515225887298584e-01
4.134515225887298584e-01
4.134515225887298584e-01
4.134515225887298584e-01
3.685213327407836914e-01
3.685213327407836914e-01
3.685213327407836914e-01
4.737982153892517090e-01
2.939963340759277344e-01
2.939963340759277344e-01
1.312007665634155273e+00
1.312007665634155273e+00
7.228614091873168945e-01
7.228614091873168945e-01
7.228614091873168945e-01
7.228614091873168945e-01
1.208295583724975586e+00
1.208295583724975586e+00
1.208295583724975586e+00
4.922009706497192383e-01
4.922009706497192383e-01
4.922009706497192383e-01
4.922009706497192383e-01
4.922009706497192383e-01
4.922009706497192383e-01
1.101286411285400391e+00
1.101286411285400391e+00
1.101286411285400391e+00
4.162896275520324707e-01
4.162896275520324707e-01
4.162896275520324707e-01
4.713068306446075439e-01
4.713068306446075439e-01
4.713068306446075439e-01
4.713068306446075439e-01
4.713068306446075439e-01
1.403487801551818848e+00
1.050077199935913086e+00
1.200831413269042969e+00
1.200831413269042969e+00
8.152647018432617188e-01
8.152647018432617188e-01
1.246474742889404297e+00
1.246474742889404297e+00
1.258664369583129883e+00
9.122200012207031250e-01
1.468025803565979004e+00
1.502619147300720215e+00
1.280002951622009277e+00
8.304035663604736328e-02
8.304035663604736328e-02
8.304035663604736328e-02
8.304035663604736328e-02
8.304035663604736328e-02
8.304035663604736328e-02
8.304035663604736328e-02
5.739355087280273438e-01
9.806424379348754883e-01
9.806424379348754883e-01
9.806424379348754883e-01
9.806424379348754883e-01
9.806424379348754883e-01
9.806424379348754883e-01
9.806424379348754883e-01
9.806424379348754883e-01
9.806424379348754883e-01
9.806424379348754883e-01
9.806424379348754883e-01
9.806424379348754883e-01
2.074979782104492188e+00
2.074979782104492188e+00
2.074979782104492188e+00
2.074979782104492188e+00
2.074979782104492188e+00
5.207628011703491211e-01
5.207628011703491211e-01
5.207628011703491211e-01
5.207628011703491211e-01
9.850966930389404297e-01
4.646858572959899902e-01
4.646858572959899902e-01
4.646858572959899902e-01
4.646858572959899902e-01
4.646858572959899902e-01
4.646858572959899902e-01
4.646858572959899902e-01
7.178317308425903320e-01
1.447381258010864258e+00
1.447381258010864258e+00
1.447381258010864258e+00
1.063686609268188477e+00
7.846581339836120605e-01
7.846581339836120605e-01
9.384283423423767090e-01
9.384283423423767090e-01
9.384283423423767090e-01
9.384283423423767090e-01
9.384283423423767090e-01
9.036304950714111328e-01
9.067713022232055664e-01
8.059186339378356934e-01
5.785748362541198730e-01
1.475220441818237305e+00
1.475220441818237305e+00
1.475220441818237305e+00
1.475220441818237305e+00
7.070018053054809570e-01
7.070018053054809570e-01
7.070018053054809570e-01
3.815917074680328369e-01
3.815917074680328369e-01
2.051574736833572388e-01
1.644259452819824219e+00
1.476740002632141113e+00
1.476740002632141113e+00
2.479503154754638672e-01
1.195539236068725586e+00
1.195539236068725586e+00
1.195539236068725586e+00
1.779986619949340820e-01
1.779986619949340820e-01
1.222059488296508789e+00
5.102977156639099121e-01
5.102977156639099121e-01
8.465266823768615723e-01
8.465266823768615723e-01
8.465266823768615723e-01
8.465266823768615723e-01
8.465266823768615723e-01
8.465266823768615723e-01
6.644914746284484863e-01
3.380936980247497559e-01
3.380936980247497559e-01
6.648911237716674805e-01
6.648911237716674805e-01
6.648911237716674805e-01
6.648911237716674805e-01
1.905541300773620605e+00
6.490396261215209961e-01
6.490396261215209961e-01
6.490396261215209961e-01
6.490396261215209961e-01
6.490396261215209961e-01
6.490396261215209961e-01
6.490396261215209961e-01
3.998998403549194336e-01
1.104715585708618164e+00
1.104715585708618164e+00
1.104715585708618164e+00
1.104715585708618164e+00
1.104715585708618164e+00
1.104715585708618164e+00
1.104715585708618164e+00
1.104715585708618164e+00
1.104715585708618164e+00
1.104715585708618164e+00
9.137328863143920898e-01
1.365084528923034668e+00
1.365084528923034668e+00
1.365084528923034668e+00
1.128810167312622070e+00
1.128810167312622070e+00
1.414098501205444336e+00
1.621999740600585938e+00
1.621999740600585938e+00
1.621999740600585938e+00
1.621999740600585938e+00
1.621999740600585938e+00
1.621999740600585938e+00
1.621999740600585938e+00
6.703807711601257324e-01
3.896825313568115234e-01
3.896825313568115234e-01
5.459097623825073242e-01
5.459097623825073242e-01
5.459097623825073242e-01
5.459097623825073242e-01
5.459097623825073242e-01
5.459097623825073242e-01
8.690319061279296875e-01
8.690319061279296875e-01
8.690319061279296875e-01
4.987842738628387451e-01
9.508165121078491211e-01
5.417023897171020508e-01
4.785380065441131592e-01
4.785380065441131592e-01
4.785380065441131592e-01
9.813672304153442383e-01
9.813672304153442383e-01
7.160203456878662109e-01
7.160203456878662109e-01
7.160203456878662109e-01
7.160203456878662109e-01
7.160203456878662109e-01
7.160203456878662109e-01
1.265689730644226074e-01
1.265689730644226074e-01
1.265689730644226074e-01
5.637455582618713379e-01
1.548442006111145020e+00
1.548442006111145020e+00
1.548442006111145020e+00
1.451994657516479492e+00
1.451994657516479492e+00
3.962672948837280273e-01
3.962672948837280273e-01
3.962672948837280273e-01
3.962672948837280273e-01
7.320033311843872070e-01
6.599070429801940918e-01
8.098366260528564453e-01
8.098366260528564453e-01
8.098366260528564453e-01
8.098366260528564453e-01
8.098366260528564453e-01
8.098366260528564453e-01
2.234673023223876953e+00
2.234673023223876953e+00
1.683325529098510742e+00
1.052480697631835938e+00
1.052480697631835938e+00
6.531526446342468262e-01
2.601824998855590820e-01
4.308257997035980225e-01
3.422467112541198730e-01
2.447945773601531982e-01
2.447945773601531982e-01
2.447945773601531982e-01
2.447945773601531982e-01
5.166894197463989258e-01
3.624843955039978027e-01
3.624843955039978027e-01
3.624843955039978027e-01
3.624843955039978027e-01
1.357784509658813477e+00
1.357784509658813477e+00
3.738843798637390137e-01
9.090147614479064941e-01
9.090147614479064941e-01
9.090147614479064941e-01
9.090147614479064941e-01
5.353817939758300781e-01
5.353817939758300781e-01
5.353817939758300781e-01
5.353817939758300781e-01
7.468963861465454102e-01
7.468963861465454102e-01
6.048554182052612305e-01
6.048554182052612305e-01
6.048554182052612305e-01
6.048554182052612305e-01
6.048554182052612305e-01
1.219253778457641602e+00
1.862087965011596680e+00
1.862087965011596680e+00
2.404898643493652344e+00
1.392437219619750977e+00
9.730707406997680664e-01
9.730707406997680664e-01
9.730707406997680664e-01
9.730707406997680664e-01
3.495236039161682129e-01
3.495236039161682129e-01
3.495236039161682129e-01
1.254549264907836914e+00
8.563178181648254395e-01
8.563178181648254395e-01
8.563178181648254395e-01
8.563178181648254395e-01
6.206886768341064453e-01
6.206886768341064453e-01
6.206886768341064453e-01
6.206886768341064453e-01
2.310603559017181396e-01
2.310603559017181396e-01
2.310603559017181396e-01
9.050691127777099609e-02
1.568197607994079590e+00
2.477842330932617188e+00
2.160546302795410156e+00
2.151429891586303711e+00
1.742249846458435059e+00
2.277467250823974609e-01
2.277467250823974609e-01
2.277467250823974609e-01
2.277467250823974609e-01
9.109003543853759766e-01
9.109003543853759766e-01
4.875221848487854004e-01
4.875221848487854004e-01
8.525543212890625000e-01
4.487082660198211670e-01
7.629718184471130371e-01
9.788578748703002930e-01
1.154342651367187500e+00
2.309497594833374023e-01
2.309497594833374023e-01
2.309497594833374023e-01
2.309497594833374023e-01
5.269305706024169922e-01
2.973695993423461914e-01
2.973695993423461914e-01
2.973695993423461914e-01
2.973695993423461914e-01
4.844996035099029541e-01
4.844996035099029541e-01
4.844996035099029541e-01
2.109189033508300781e-01
2.109189033508300781e-01
2.109189033508300781e-01
2.109189033508300781e-01
2.109189033508300781e-01
5.466754436492919922e-01
5.466754436492919922e-01
7.157265543937683105e-01
7.157265543937683105e-01
7.157265543937683105e-01
2.614764273166656494e-01
2.614764273166656494e-01
2.614764273166656494e-01
2.614764273166656494e-01
2.614764273166656494e-01
2.614764273166656494e-01
2.333124428987503052e-01
2.333124428987503052e-01
4.149794578552246094e-01
4.149794578552246094e-01
4.149794578552246094e-01
4.149794578552246094e-01
5.428433418273925781e-01
1.665089130401611328e+00
3.421461582183837891e-01
1.020461201667785645e+00
1.020461201667785645e+00
1.020461201667785645e+00
1.020461201667785645e+00
1.020461201667785645e+00
8.106664419174194336e-01
8.106664419174194336e-01
8.106664419174194336e-01
8.106664419174194336e-01
8.106664419174194336e-01
9.523710608482360840e-01
1.583483695983886719e+00
1.583483695983886719e+00
1.583483695983886719e+00
9.041738510131835938e-02
3.522548079490661621e-01
3.522548079490661621e-01
1.263582944869995117e+00
1.263582944869995117e+00
1.263582944869995117e+00
7.547228336334228516e-01
5.886166095733642578e-01
5.886166095733642578e-01
5.886166095733642578e-01
1.463942646980285645e+00
7.827876210212707520e-01
7.827876210212707520e-01
9.935841560363769531e-01
9.935841560363769531e-01
9.935841560363769531e-01
9.935841560363769531e-01
9.935841560363769531e-01
7.310658693313598633e-02
7.310658693313598633e-02
7.310658693313598633e-02
7.310658693313598633e-02
9.193462133407592773e-01
9.193462133407592773e-01
9.193462133407592773e-01
3.274624943733215332e-01
3.274624943733215332e-01
6.760383844375610352e-01
6.760383844375610352e-01
6.760383844375610352e-01
6.760383844375610352e-01
6.760383844375610352e-01
6.760383844375610352e-01
5.418132543563842773e-01
5.418132543563842773e-01
2.062824726104736328e+00
2.062824726104736328e+00
7.605576515197753906e-01
7.605576515197753906e-01
1.375919103622436523e+00
1.375919103622436523e+00
1.292974829673767090e+00
1.292974829673767090e+00
1.292974829673767090e+00
1.292974829673767090e+00
1.323884963989257812e+00
1.323884963989257812e+00
1.323884963989257812e+00
1.323884963989257812e+00
5.467285513877868652e-01
1.135149002075195312e+00
8.179278373718261719e-01
8.179278373718261719e-01
1.499497413635253906e+00
1.283153295516967773e+00
1.283153295516967773e+00
1.283153295516967773e+00
1.283153295516967773e+00
1.026496887207031250e+00
1.026496887207031250e+00
1.093386411666870117e+00
7.424610853195190430e-01
7.424610853195190430e-01
1.080452799797058105e+00
1.080452799797058105e+00
1.297260761260986328e+00
2.393904209136962891e+00
2.393904209136962891e+00
2.393904209136962891e+00
2.701802253723144531e+00
2.999414682388305664e+00
2.999414682388305664e+00
2.849231719970703125e+00
2.849231719970703125e+00
1.655062317848205566e+00
1.655062317848205566e+00
1.655062317848205566e+00
7.818537354469299316e-01
4.730468690395355225e-01
4.730468690395355225e-01
4.730468690395355225e-01
3.821380138397216797e-01
3.821380138397216797e-01
3.821380138397216797e-01
3.821380138397216797e-01
3.821380138397216797e-01
3.766466081142425537e-01
3.766466081142425537e-01
1.315657734870910645e+00
1.315657734870910645e+00
6.996188163757324219e-01
6.996188163757324219e-01
2.946495413780212402e-01
2.946495413780212402e-01
2.946495413780212402e-01
2.946495413780212402e-01
2.946495413780212402e-01
2.946495413780212402e-01
2.946495413780212402e-01
2.946495413780212402e-01
2.946495413780212402e-01
5.430851578712463379e-01
5.950229167938232422e-01
5.950229167938232422e-01
1.535728454589843750e+00
1.012444496154785156e+00
1.012444496154785156e+00
1.012444496154785156e+00
1.012444496154785156e+00
5.222224593162536621e-01
5.222224593162536621e-01
5.222224593162536621e-01
6.902180910110473633e-01
1.133049964904785156e+00
9.780168533325195312e-01
4.113193154335021973e-01
4.113193154335021973e-01
9.868857264518737793e-01
9.868857264518737793e-01
3.516565561294555664e-01
3.516565561294555664e-01
3.516565561294555664e-01
3.516565561294555664e-01
3.516565561294555664e-01
3.516565561294555664e-01
1.201896429061889648e+00
1.201896429061889648e+00
1.201896429061889648e+00
8.259273767471313477e-01
9.637089371681213379e-01
9.637089371681213379e-01
1.607845783233642578e+00
9.910621047019958496e-01
9.910621047019958496e-01
9.910621047019958496e-01
9.910621047019958496e-01
1.153815031051635742e+00
1.078434944152832031e+00
7.599381804466247559e-01
1.167878866195678711e+00
2.106320858001708984e-01
2.900005578994750977e-01
2.900005578994750977e-01
1.331036388874053955e-01
1.331036388874053955e-01
1.182518482208251953e+00
1.182518482208251953e+00
8.130440115928649902e-01
8.130440115928649902e-01
8.130440115928649902e-01
1.113406300544738770e+00
9.192137122154235840e-01
9.192137122154235840e-01
1.150888442993164062e+00
1.150888442993164062e+00
1.150888442993164062e+00
1.077593564987182617e+00
2.848413586616516113e-01
2.848413586616516113e-01
9.499850869178771973e-01
9.499850869178771973e-01
1.045851945877075195e+00
1.045851945877075195e+00
8.446027040481567383e-01
1.348720550537109375e+00
1.348720550537109375e+00
1.985450506210327148e+00
1.838103890419006348e+00
3.119351863861083984e-01
6.610760688781738281e-01
6.610760688781738281e-01
6.610760688781738281e-01
6.610760688781738281e-01
8.212326765060424805e-01
8.212326765060424805e-01
5.502796769142150879e-01
5.502796769142150879e-01
5.502796769142150879e-01
5.502796769142150879e-01
7.395777702331542969e-01
7.395777702331542969e-01
2.138899564743041992e+00
1.673478722572326660e+00
1.673478722572326660e+00
1.375133037567138672e+00
2.088072061538696289e+00
2.088072061538696289e+00
8.451665639877319336e-01
8.451665639877319336e-01
1.827400922775268555e-01
1.827400922775268555e-01
1.335227608680725098e+00
3.516967892646789551e-01
3.516967892646789551e-01
7.402729988098144531e-01
6.659621000289916992e-01
6.659621000289916992e-01
6.659621000289916992e-01
6.659621000289916992e-01
3.956710398197174072e-01
1.165321707725524902e+00
1.165321707725524902e+00
1.165321707725524902e+00
4.277686476707458496e-01
4.277686476707458496e-01
4.277686476707458496e-01
4.277686476707458496e-01
4.277686476707458496e-01
4.277686476707458496e-01
4.277686476707458496e-01
5.296058058738708496e-01
5.296058058738708496e-01
5.296058058738708496e-01
6.720027923583984375e-01
6.004325747489929199e-01
6.004325747489929199e-01
6.004325747489929199e-01
6.004325747489929199e-01
3.631898760795593262e-01
8.901906013488769531e-01
8.901906013488769531e-01
9.393761754035949707e-01
9.393761754035949707e-01
9.393761754035949707e-01
8.567904233932495117e-01
8.567904233932495117e-01
8.567904233932495117e-01
8.567904233932495117e-01
8.567904233932495117e-01
8.567904233932495117e-01
1.323046207427978516e+00
1.764633536338806152e+00
1.066604137420654297e+00
1.066604137420654297e+00
1.066604137420654297e+00
1.066604137420654297e+00
1.066604137420654297e+00
1.294470667839050293e+00
1.294470667839050293e+00
1.294470667839050293e+00
2.368724346160888672e-01
2.368724346160888672e-01
2.368724346160888672e-01
1.040482044219970703e+00
1.040482044219970703e+00
1.044427871704101562e+00
3.784068226814270020e-01
3.784068226814270020e-01
7.513554096221923828e-01
7.513554096221923828e-01
1.402560353279113770e+00
1.671401262283325195e-01
9.304434657096862793e-01
1.227823972702026367e+00
1.227823972702026367e+00
1.227823972702026367e+00
1.006362199783325195e+00
8.778759241104125977e-01
4.627866446971893311e-01
1.322655558586120605e+00
1.283422827720642090e+00
1.062201738357543945e+00
1.062201738357543945e+00
1.786318063735961914e+00
1.574642419815063477e+00
1.574642419815063477e+00
1.691909909248352051e+00
1.691909909248352051e+00
1.691909909248352051e+00
4.295959472656250000e-01
4.295959472656250000e-01
4.295959472656250000e-01
4.295959472656250000e-01
4.959341287612915039e-01
9.414530992507934570e-01
9.414530992507934570e-01
1.746847867965698242e+00
1.746847867965698242e+00
1.417031884193420410e+00
1.426458239555358887e+00
1.426458239555358887e+00
1.380363941192626953e+00
1.380363941192626953e+00
1.313231229782104492e+00
1.313231229782104492e+00
1.313231229782104492e+00
1.313231229782104492e+00
1.313231229782104492e+00
2.158766508102416992e+00
2.158766508102416992e+00
2.158766508102416992e+00
2.158766508102416992e+00
1.398252367973327637e+00
1.045253753662109375e+00
1.214939475059509277e+00
1.214939475059509277e+00
7.422868013381958008e-01
7.422868013381958008e-01
1.059533715248107910e+00
1.059533715248107910e+00
1.059533715248107910e+00
1.059533715248107910e+00
1.059533715248107910e+00
1.059533715248107910e+00
1.711306214332580566e+00
1.711306214332580566e+00
1.509260416030883789e+00
5.386386513710021973e-01
1.190013647079467773e+00
1.190013647079467773e+00
1.190013647079467773e+00
1.190013647079467773e+00
1.705910444259643555e+00
1.705910444259643555e+00
1.616864681243896484e+00
1.706607699394226074e+00
1.852072715759277344e+00
9.763033986091613770e-01
8.092617392539978027e-01
8.092617392539978027e-01
8.092617392539978027e-01
8.092617392539978027e-01
1.422469615936279297e+00
1.422469615936279297e+00
1.422469615936279297e+00
1.161030173301696777e+00
1.161030173301696777e+00
1.350072145462036133e+00
1.350072145462036133e+00
1.667142152786254883e+00
1.260243296623229980e+00
3.765790462493896484e-01
3.765790462493896484e-01
3.278071582317352295e-01
3.278071582317352295e-01
3.814999461174011230e-01
3.814999461174011230e-01
3.814999461174011230e-01
3.814999461174011230e-01
3.814999461174011230e-01
3.814999461174011230e-01
1.312072277069091797e-01
1.312072277069091797e-01
6.062426567077636719e-01
6.062426567077636719e-01
1.177928209304809570e+00
7.419250011444091797e-01
7.419250011444091797e-01
7.419250011444091797e-01
5.450389981269836426e-01
5.450389981269836426e-01
1.221619367599487305e+00
7.777160406112670898e-01
7.777160406112670898e-01
7.777160406112670898e-01
7.777160406112670898e-01
1.132695436477661133e+00
1.132695436477661133e+00
1.132695436477661133e+00
1.132695436477661133e+00
7.568812370300292969e-01
7.568812370300292969e-01
1.431526899337768555e+00
9.478139877319335938e-01
5.000150203704833984e-01
3.682962656021118164e-01
2.650869786739349365e-01
2.650869786739349365e-01
2.650869786739349365e-01
8.078409433364868164e-01
8.078409433364868164e-01
7.000141143798828125e-01
3.858770728111267090e-01
3.858770728111267090e-01
1.148085117340087891e+00
1.148085117340087891e+00
1.683948278427124023e+00
1.683948278427124023e+00
1.647362351417541504e+00
8.607128262519836426e-01
8.607128262519836426e-01
7.703751921653747559e-01
7.703751921653747559e-01
1.224519968032836914e+00
1.193603515625000000e+00
1.193603515625000000e+00
1.193603515625000000e+00
1.193603515625000000e+00
1.056303501129150391e+00
1.056303501129150391e+00
1.056303501129150391e+00
4.953147768974304199e-01
4.953147768974304199e-01
1.056028246879577637e+00
1.056028246879577637e+00
5.608497858047485352e-01
5.608497858047485352e-01
5.608497858047485352e-01
5.608497858047485352e-01
5.608497858047485352e-01
5.608497858047485352e-01
5.608497858047485352e-01
5.608497858047485352e-01
5.608497858047485352e-01
5.608497858047485352e-01
5.608497858047485352e-01
5.608497858047485352e-01
5.608497858047485352e-01
5.608497858047485352e-01
5.608497858047485352e-01
1.948243081569671631e-01
1.948243081569671631e-01
1.396619796752929688e+00
1.396619796752929688e+00
1.396619796752929688e+00
1.396619796752929688e+00
1.396619796752929688e+00
3.010787963867187500e-01
8.277220726013183594e-01
8.277220726013183594e-01
8.277220726013183594e-01
9.520098567008972168e-01
9.520098567008972168e-01
9.520098567008972168e-01
6.271299123764038086e-01
6.271299123764038086e-01
1.152132630348205566e+00
1.152132630348205566e+00
3.243198990821838379e-01
3.243198990821838379e-01
1.313263893127441406e+00
1.313263893127441406e+00
1.588206768035888672e+00
1.588206768035888672e+00
2.202821731567382812e+00
2.369026899337768555e+00
2.287014961242675781e+00
7.850240468978881836e-01
7.850240468978881836e-01
7.850240468978881836e-01
7.850240468978881836e-01
7.850240468978881836e-01
7.850240468978881836e-01
1.124220967292785645e+00
1.124220967292785645e+00
1.124220967292785645e+00
4.051508903503417969e-01
4.051508903503417969e-01
4.051508903503417969e-01
1.291519284248352051e+00
1.291519284248352051e+00
1.291519284248352051e+00
1.939890384674072266e+00
1.939890384674072266e+00
1.939890384674072266e+00
1.298358201980590820e+00
1.555016398429870605e+00
1.555016398429870605e+00
1.139700293540954590e+00
6.643674373626708984e-01
4.799128770828247070e-01
4.799128770828247070e-01
4.799128770828247070e-01
4.799128770828247070e-01
4.799128770828247070e-01
4.799128770828247070e-01
4.799128770828247070e-01
4.799128770828247070e-01
4.799128770828247070e-01
4.799128770828247070e-01
4.799128770828247070e-01
4.799128770828247070e-01
4.799128770828247070e-01
1.460167646408081055e+00
1.460167646408081055e+00
1.460167646408081055e+00
1.034741282463073730e+00
6.878938674926757812e-01
6.878938674926757812e-01
7.714619040489196777e-01
1.075065612792968750e+00
1.075065612792968750e+00
1.075065612792968750e+00
1.927151441574096680e+00
1.927151441574096680e+00
2.181706428527832031e+00
2.181706428527832031e+00
2.025328397750854492e+00
2.025328397750854492e+00
1.725569605827331543e+00
8.711284995079040527e-01
8.711284995079040527e-01
9.599399566650390625e-01
9.599399566650390625e-01
9.599399566650390625e-01
1.287857294082641602e+00
1.287857294082641602e+00
1.287857294082641602e+00
1.287857294082641602e+00
1.287857294082641602e+00
1.120972514152526855e+00
1.120972514152526855e+00
1.120972514152526855e+00
6.034696102142333984e-01
6.034696102142333984e-01
6.034696102142333984e-01
6.034696102142333984e-01
6.481614112854003906e-01
6.481614112854003906e-01
6.481614112854003906e-01
8.979491591453552246e-01
8.979491591453552246e-01
7.557198405265808105e-01
7.475229501724243164e-01
7.475229501724243164e-01
7.475229501724243164e-01
7.475229501724243164e-01
7.475229501724243164e-01
7.475229501724243164e-01
1.199588894844055176e+00
1.199588894844055176e+00
1.199588894844055176e+00
1.199588894844055176e+00
7.438721656799316406e-01
7.438721656799316406e-01
1.861484885215759277e+00
9.910840988159179688e-01
1.952788591384887695e+00
1.159817814826965332e+00
1.369781136512756348e+00
1.051129102706909180e+00
1.572247266769409180e+00
1.097731113433837891e+00
8.927197456359863281e-01
5.535385608673095703e-01
5.535385608673095703e-01
6.193171739578247070e-01
6.193171739578247070e-01
6.193171739578247070e-01
6.193171739578247070e-01
3.512906134128570557e-01
7.152665853500366211e-01
7.152665853500366211e-01
7.152665853500366211e-01
7.152665853500366211e-01
7.152665853500366211e-01
7.152665853500366211e-01
9.347177147865295410e-01
9.347177147865295410e-01
4.308702349662780762e-01
4.308702349662780762e-01
9.740638136863708496e-01
9.740638136863708496e-01
9.740638136863708496e-01
1.536360144615173340e+00
1.373098850250244141e+00
1.373098850250244141e+00
1.373098850250244141e+00
6.703589558601379395e-01
6.703589558601379395e-01
6.703589558601379395e-01
6.703589558601379395e-01
6.703589558601379395e-01
6.413811445236206055e-01
6.413811445236206055e-01
6.413811445236206055e-01
4.375780820846557617e-01
1.549802064895629883e+00
1.549802064895629883e+00
1.549802064895629883e+00
1.549802064895629883e+00
1.549802064895629883e+00
1.549802064895629883e+00
1.430867791175842285e+00
1.430867791175842285e+00
1.430867791175842285e+00
1.430867791175842285e+00
1.249071478843688965e+00
1.249071478843688965e+00
8.615174293518066406e-01
8.615174293518066406e-01
4.348107278347015381e-01
4.348107278347015381e-01
1.582352161407470703e+00
1.582352161407470703e+00
1.582352161407470703e+00
1.582352161407470703e+00
1.169660091400146484e+00
1.169660091400146484e+00
1.706270456314086914e+00
1.706270456314086914e+00
2.037166833877563477e+00
2.037166833877563477e+00
6.722959280014038086e-01
6.722959280014038086e-01
6.722959280014038086e-01
7.646645903587341309e-01
6.528880596160888672e-01
1.293550252914428711e+00
3.554782867431640625e-01
8.996860384941101074e-01
6.499186158180236816e-01
5.024564862251281738e-01
6.157338023185729980e-01
6.157338023185729980e-01
6.157338023185729980e-01
6.157338023185729980e-01
6.157338023185729980e-01
6.157338023185729980e-01
6.157338023185729980e-01
6.157338023185729980e-01
6.157338023185729980e-01
6.157338023185729980e-01
6.157338023185729980e-01
6.157338023185729980e-01
1.561014652252197266e+00
1.255990624427795410e+00
1.255990624427795410e+00
1.255990624427795410e+00
1.255990624427795410e+00
1.255990624427795410e+00
1.255990624427795410e+00
3.260152935981750488e-01
6.158543229103088379e-01
3.966625034809112549e-01
5.760543346405029297e-01
5.760543346405029297e-01
5.760543346405029297e-01
5.760543346405029297e-01
8.546619415283203125e-01
8.546619415283203125e-01
7.299324870109558105e-01
7.299324870109558105e-01
7.299324870109558105e-01
5.840742588043212891e-01
5.840742588043212891e-01
5.840742588043212891e-01
5.124077200889587402e-01
4.991418421268463135e-01
4.991418421268463135e-01
4.991418421268463135e-01
9.765833616256713867e-01
9.765833616256713867e-01
9.765833616256713867e-01
9.765833616256713867e-01
9.765833616256713867e-01
5.868636369705200195e-01
5.868636369705200195e-01
5.868636369705200195e-01
5.868636369705200195e-01
5.868636369705200195e-01
1.609822034835815430e+00
1.609822034835815430e+00
1.609822034835815430e+00
5.721051692962646484e-01
5.721051692962646484e-01
5.721051692962646484e-01
5.721051692962646484e-01
5.721051692962646484e-01
5.721051692962646484e-01
2.962942421436309814e-01
2.962942421436309814e-01
2.962942421436309814e-01
2.962942421436309814e-01
2.962942421436309814e-01
1.473291754722595215e+00
1.766384124755859375e+00
1.766384124755859375e+00
2.016605377197265625e+00
2.016605377197265625e+00
6.943775415420532227e-01
2.643189728260040283e-01
2.643189728260040283e-01
1.355744600296020508e+00
1.355744600296020508e+00
1.355744600296020508e+00
1.355744600296020508e+00
1.355744600296020508e+00
8.850458860397338867e-01
8.850458860397338867e-01
8.850458860397338867e-01
8.850458860397338867e-01
1.644571065902709961e+00
1.644571065902709961e+00
7.999980449676513672e-02
7.999980449676513672e-02
4.211745560169219971e-01
8.789501190185546875e-01
8.789501190185546875e-01
4.069833457469940186e-01
5.944433808326721191e-01
5.944433808326721191e-01
5.944433808326721191e-01
8.091396689414978027e-01
7.781518697738647461e-01
7.781518697738647461e-01
7.781518697738647461e-01
8.788281679153442383e-01
4.374952018260955811e-01
4.374952018260955811e-01
2.623967528343200684e-01
2.623967528343200684e-01
2.623967528343200684e-01
2.623967528343200684e-01
5.028483867645263672e-01
5.028483867645263672e-01
5.028483867645263672e-01
5.404057502746582031e-01
5.404057502746582031e-01
5.404057502746582031e-01
3.724977970123291016e-01
1.091310024261474609e+00
1.091310024261474609e+00
1.323446512222290039e+00
2.647364139556884766e-01
6.245446205139160156e-01
6.245446205139160156e-01
4.059962630271911621e-01
4.059962630271911621e-01
4.059962630271911621e-01
4.059962630271911621e-01
4.059962630271911621e-01
4.133433103561401367e-01
4.133433103561401367e-01
4.133433103561401367e-01
4.133433103561401367e-01
4.133433103561401367e-01
4.133433103561401367e-01
4.133433103561401367e-01
6.566057801246643066e-01
6.781276464462280273e-01
6.781276464462280273e-01
6.781276464462280273e-01
6.781276464462280273e-01
6.781276464462280273e-01
6.781276464462280273e-01
6.781276464462280273e-01
6.781276464462280273e-01
3.304035365581512451e-01
7.721707820892333984e-01
6.348932981491088867e-01
6.348932981491088867e-01
6.348932981491088867e-01
6.348932981491088867e-01
3.191914856433868408e-01
3.191914856433868408e-01
1.161891579627990723e+00
1.320726633071899414e+00
1.320726633071899414e+00
1.320726633071899414e+00
1.320726633071899414e+00
1.320726633071899414e+00
1.320726633071899414e+00
1.320726633071899414e+00
1.673089265823364258e+00
1.673089265823364258e+00
1.352762818336486816e+00
1.352762818336486816e+00
1.352762818336486816e+00
1.352762818336486816e+00
1.352762818336486816e+00
1.352762818336486816e+00
1.352762818336486816e+00
1.352762818336486816e+00
1.352762818336486816e+00
7.362275719642639160e-01
1.077671766281127930e+00
1.077671766281127930e+00
1.077671766281127930e+00
1.077671766281127930e+00
2.475411295890808105e-01
2.475411295890808105e-01
1.105539321899414062e+00
1.105539321899414062e+00
5.192840099334716797e-01
5.192840099334716797e-01
5.192840099334716797e-01
5.192840099334716797e-01
3.589521050453186035e-01
8.717754483222961426e-01
7.153333425521850586e-01
7.153333425521850586e-01
1.039534687995910645e+00
1.039534687995910645e+00
1.039534687995910645e+00
3.879501819610595703e-01
3.879501819610595703e-01
3.879501819610595703e-01
8.310304880142211914e-01
1.620231270790100098e-01
1.620231270790100098e-01
9.201562404632568359e-01
6.361107826232910156e-01
6.361107826232910156e-01
6.361107826232910156e-01
6.361107826232910156e-01
6.361107826232910156e-01
3.354051709175109863e-01
1.035959482192993164e+00
4.591076970100402832e-01
4.591076970100402832e-01
4.266408383846282959e-01
5.709874629974365234e-01
1.650537490844726562e+00
1.650537490844726562e+00
1.220711112022399902e+00
1.036221146583557129e+00
4.293866753578186035e-01
4.293866753578186035e-01
4.293866753578186035e-01
6.646481752395629883e-01
6.646481752395629883e-01
8.562142848968505859e-01
7.037714123725891113e-01
7.037714123725891113e-01
1.247726798057556152e+00
1.103951930999755859e+00
1.009281396865844727e+00
9.121266007423400879e-01
9.121266007423400879e-01
1.226655840873718262e+00
1.478924512863159180e+00
1.478924512863159180e+00
1.478924512863159180e+00
1.221452951431274414e+00
1.540724277496337891e+00
5.847905278205871582e-01
4.818040728569030762e-01
6.252907514572143555e-01
6.252907514572143555e-01
6.252907514572143555e-01
8.277864456176757812e-01
8.277864456176757812e-01
2.479485273361206055e-01
2.479485273361206055e-01
2.479485273361206055e-01
2.479485273361206055e-01
2.115015745162963867e+00
1.660450458526611328e+00
1.660450458526611328e+00
1.660450458526611328e+00
1.660450458526611328e+00
1.660450458526611328e+00
1.660450458526611328e+00
1.345507502555847168e+00
1.345507502555847168e+00
5.531702637672424316e-01
5.531702637672424316e-01
5.531702637672424316e-01
6.190111041069030762e-01
6.190111041069030762e-01
1.306131720542907715e+00
4.154754877090454102e-01
4.154754877090454102e-01
4.154754877090454102e-01
4.154754877090454102e-01
4.154754877090454102e-01
4.119926691055297852e-01
1.961319684982299805e+00
1.961319684982299805e+00
1.707606315612792969e+00
1.373218297958374023e+00
1.373218297958374023e+00
1.373218297958374023e+00
1.642315864562988281e+00
1.251685619354248047e+00
5.096347332000732422e-01
5.096347332000732422e-01
7.921463251113891602e-01
7.921463251113891602e-01
3.706112504005432129e-01
3.706112504005432129e-01
9.729467034339904785e-01
5.447537899017333984e-01
5.447537899017333984e-01
1.471777677536010742e+00
1.421719074249267578e+00
1.421719074249267578e+00
1.470491409301757812e+00
1.470491409301757812e+00
1.470491409301757812e+00
4.622914791107177734e-01
4.622914791107177734e-01
4.622914791107177734e-01
7.885738611221313477e-01
9.941156506538391113e-01
9.941156506538391113e-01
9.412242770195007324e-01
1.016090989112854004e+00
1.016090989112854004e+00
1.224326729774475098e+00
1.664142608642578125e+00
1.664142608642578125e+00
1.664142608642578125e+00
1.406503200531005859e+00
1.440116763114929199e+00
1.440116763114929199e+00
1.084025859832763672e+00
1.084025859832763672e+00
1.084025859832763672e+00
7.369303703308105469e-02
7.369303703308105469e-02
7.369303703308105469e-02
2.252494096755981445e+00
2.252494096755981445e+00
1.113104939460754395e+00
1.113104939460754395e+00
3.853279352188110352e-01
1.017279624938964844e+00
1.017279624938964844e+00
2.819975614547729492e-01
2.819975614547729492e-01
1.523955106735229492e+00
1.523955106735229492e+00
1.523955106735229492e+00
1.552798867225646973e+00
1.552798867225646973e+00
1.552798867225646973e+00
1.439093947410583496e+00
1.439093947410583496e+00
1.439093947410583496e+00
1.439093947410583496e+00
4.186489582061767578e-01
4.186489582061767578e-01
7.031707763671875000e-01
8.982695937156677246e-01
8.982695937156677246e-01
2.715013623237609863e-01
2.715013623237609863e-01
3.771176338195800781e-01
1.137315988540649414e+00
1.137315988540649414e+00
1.004277825355529785e+00
1.004277825355529785e+00
1.004277825355529785e+00
5.709047317504882812e-01
1.119877576828002930e+00
1.119877576828002930e+00
1.567205905914306641e+00
1.567205905914306641e+00
1.567205905914306641e+00
1.567205905914306641e+00
5.197947025299072266e-01
5.197947025299072266e-01
5.197947025299072266e-01
5.197947025299072266e-01
8.335081338882446289e-01
8.967416286468505859e-01
8.967416286468505859e-01
8.967416286468505859e-01
8.967416286468505859e-01
8.967416286468505859e-01
9.892638325691223145e-01
9.892638325691223145e-01
9.892638325691223145e-01
9.892638325691223145e-01
8.648633956909179688e-01
8.648633956909179688e-01
1.067974925041198730e+00
2.853423357009887695e-01
2.853423357009887695e-01
2.853423357009887695e-01
8.498146533966064453e-01
8.498146533966064453e-01
4.025836586952209473e-01
2.098627090454101562e+00
2.098627090454101562e+00
1.954867362976074219e+00
1.954867362976074219e+00
1.954867362976074219e+00
4.822269678115844727e-01
4.822269678115844727e-01
4.822269678115844727e-01
1.106864213943481445e+00
1.106864213943481445e+00
1.106864213943481445e+00
1.106864213943481445e+00
5.849102139472961426e-01
5.849102139472961426e-01
5.849102139472961426e-01
5.849102139472961426e-01
5.849102139472961426e-01
5.849102139472961426e-01
5.849102139472961426e-01
5.849102139472961426e-01
1.107401609420776367e+00
1.107401609420776367e+00
3.774621486663818359e-01
3.774621486663818359e-01
3.774621486663818359e-01
3.774621486663818359e-01
3.774621486663818359e-01
3.774621486663818359e-01
3.349764943122863770e-01
3.349764943122863770e-01
3.349764943122863770e-01
3.349764943122863770e-01
3.349764943122863770e-01
3.349764943122863770e-01
4.048784673213958740e-01
1.711994171142578125e+00
3.112241029739379883e-01
3.112241029739379883e-01
3.112241029739379883e-01
3.112241029739379883e-01
4.518909454345703125e-01
4.518909454345703125e-01
6.966564655303955078e-01
5.725328922271728516e-01
5.725328922271728516e-01
5.634182095527648926e-01
5.634182095527648926e-01
5.634182095527648926e-01
3.854272663593292236e-01
3.854272663593292236e-01
3.854272663593292236e-01
3.854272663593292236e-01
1.703291416168212891e+00
1.703291416168212891e+00
1.703291416168212891e+00
1.703291416168212891e+00
1.703291416168212891e+00
8.079873919486999512e-01
8.079873919486999512e-01
3.844947814941406250e-01
3.844947814941406250e-01
6.624770164489746094e-01
6.624770164489746094e-01
6.624770164489746094e-01
9.921401143074035645e-01
2.364807128906250000e-01
6.961841583251953125e-01
6.961841583251953125e-01
5.930718779563903809e-01
5.930718779563903809e-01
5.930718779563903809e-01
1.284230470657348633e+00
1.128602266311645508e+00
3.623971939086914062e-01
2.425625324249267578e-01
7.055308818817138672e-01
2.043685913085937500e+00
2.043685913085937500e+00
2.005161285400390625e+00
1.618750214576721191e+00
3.630968332290649414e-01
3.630968332290649414e-01
1.893386244773864746e+00
1.070341467857360840e+00
7.145550251007080078e-01
5.465773940086364746e-01
5.465773940086364746e-01
5.465773940086364746e-01
2.990708351135253906e-01
1.079447746276855469e+00
3.766332268714904785e-01
8.785806894302368164e-01
3.896990120410919189e-01
3.896990120410919189e-01
3.896990120410919189e-01
3.896990120410919189e-01
4.331815242767333984e-01
4.331815242767333984e-01
4.331815242767333984e-01
4.331815242767333984e-01
4.954001903533935547e-01
4.954001903533935547e-01
1.165510773658752441e+00
1.165510773658752441e+00
1.655225753784179688e+00
1.581914663314819336e+00
7.896146178245544434e-01
6.123014688491821289e-01
