1.018853902816772461e+00
1.018853902816772461e+00
1.018853902816772461e+00
1.018853902816772461e+00
8.929783701896667480e-01
1.029989004135131836e+00
1.029989004135131836e+00
1.029989004135131836e+00
1.029989004135131836e+00
1.029989004135131836e+00
1.029989004135131836e+00
1.029989004135131836e+00
1.029989004135131836e+00
1.029989004135131836e+00
1.029989004135131836e+00
1.029989004135131836e+00
1.576276779174804688e+00
1.576276779174804688e+00
1.576276779174804688e+00
1.292367935180664062e+00
1.292367935180664062e+00
1.292367935180664062e+00
1.292367935180664062e+00
1.292367935180664062e+00
1.292367935180664062e+00
1.292367935180664062e+00
1.292367935180664062e+00
1.292367935180664062e+00
1.292367935180664062e+00
1.292367935180664062e+00
1.292367935180664062e+00
1.292367935180664062e+00
1.292367935180664062e+00
1.292367935180664062e+00
1.292367935180664062e+00
1.292367935180664062e+00
1.292367935180664062e+00
1.292367935180664062e+00
3.147946596145629883e-01
3.210658133029937744e-01
8.125473856925964355e-01
7.453291416168212891e-01
7.453291416168212891e-01
1.338923215866088867e+00
1.338923215866088867e+00
1.338923215866088867e+00
1.338923215866088867e+00
1.338923215866088867e+00
1.338923215866088867e+00
1.338923215866088867e+00
1.338923215866088867e+00
1.338923215866088867e+00
1.271749854087829590e+00
1.271749854087829590e+00
1.392359256744384766e+00
1.392359256744384766e+00
1.462628364562988281e+00
9.826501607894897461e-01
8.994861841201782227e-01
8.994861841201782227e-01
8.994861841201782227e-01
8.994861841201782227e-01
8.994861841201782227e-01
2.758290767669677734e-01
2.758290767669677734e-01
8.137318491935729980e-01
8.137318491935729980e-01
8.137318491935729980e-01
8.137318491935729980e-01
9.838609099388122559e-01
9.838609099388122559e-01
9.838609099388122559e-01
9.838609099388122559e-01
9.838609099388122559e-01
9.838609099388122559e-01
9.838609099388122559e-01
9.838609099388122559e-01
9.838609099388122559e-01
9.838609099388122559e-01
9.838609099388122559e-01
9.838609099388122559e-01
9.838609099388122559e-01
9.838609099388122559e-01
9.838609099388122559e-01
9.838609099388122559e-01
9.838609099388122559e-01
1.391010046005249023e+00
2.000441551208496094e+00
2.000441551208496094e+00
2.079470634460449219e+00
2.079470634460449219e+00
2.079470634460449219e+00
2.079470634460449219e+00
2.079470634460449219e+00
2.079470634460449219e+00
1.049095392227172852e+00
1.049095392227172852e+00
7.953467369079589844e-01
7.953467369079589844e-01
7.953467369079589844e-01
8.914560675621032715e-01
8.914560675621032715e-01
8.914560675621032715e-01
8.914560675621032715e-01
8.914560675621032715e-01
8.914560675621032715e-01
8.914560675621032715e-01
8.914560675621032715e-01
8.914560675621032715e-01
8.914560675621032715e-01
1.049708127975463867e+00
1.192402005195617676e+00
1.192402005195617676e+00
1.192402005195617676e+00
1.192402005195617676e+00
7.942754030227661133e-01
7.942754030227661133e-01
6.621683835983276367e-01
6.621683835983276367e-01
6.621683835983276367e-01
6.621683835983276367e-01
6.621683835983276367e-01
3.975697457790374756e-01
3.975697457790374756e-01
3.975697457790374756e-01
6.127467155456542969e-01
6.127467155456542969e-01
6.127467155456542969e-01
9.156051874160766602e-01
9.156051874160766602e-01
9.156051874160766602e-01
9.156051874160766602e-01
9.156051874160766602e-01
9.156051874160766602e-01
9.156051874160766602e-01
9.156051874160766602e-01
9.156051874160766602e-01
1.589613199234008789e+00
1.589613199234008789e+00
1.589613199234008789e+00
1.589613199234008789e+00
1.117260456085205078e+00
1.117260456085205078e+00
1.117260456085205078e+00
1.117260456085205078e+00
1.117260456085205078e+00
1.117260456085205078e+00
1.117260456085205078e+00
1.117260456085205078e+00
7.151994109153747559e-01
7.151994109153747559e-01
7.151994109153747559e-01
7.151994109153747559e-01
7.151994109153747559e-01
7.151994109153747559e-01
7.151994109153747559e-01
7.151994109153747559e-01
3.453142940998077393e-01
1.204388260841369629e+00
1.204388260841369629e+00
1.204388260841369629e+00
1.204388260841369629e+00
1.204388260841369629e+00
1.204388260841369629e+00
1.204388260841369629e+00
1.020418524742126465e+00
1.020418524742126465e+00
1.388580083847045898e+00
3.024502992630004883e-01
8.390708565711975098e-01
8.390708565711975098e-01
2.723377943038940430e-01
2.723377943038940430e-01
2.723377943038940430e-01
2.723377943038940430e-01
6.794109940528869629e-01
6.794109940528869629e-01
6.794109940528869629e-01
1.005362153053283691e+00
5.658455491065979004e-01
1.422833442687988281e+00
1.422833442687988281e+00
1.422833442687988281e+00
1.422833442687988281e+00
1.422833442687988281e+00
1.422833442687988281e+00
2.020012378692626953e+00
2.020012378692626953e+00
1.627188920974731445e-01
1.627188920974731445e-01
1.627188920974731445e-01
1.627188920974731445e-01
9.464239478111267090e-01
9.464239478111267090e-01
9.464239478111267090e-01
9.464239478111267090e-01
9.464239478111267090e-01
9.464239478111267090e-01
9.464239478111267090e-01
9.464239478111267090e-01
9.464239478111267090e-01
9.464239478111267090e-01
9.464239478111267090e-01
9.464239478111267090e-01
9.464239478111267090e-01
9.464239478111267090e-01
5.793258547782897949e-01
5.793258547782897949e-01
5.793258547782897949e-01
5.793258547782897949e-01
5.793258547782897949e-01
5.793258547782897949e-01
5.658137798309326172e-01
1.116663455963134766e+00
1.116663455963134766e+00
1.116663455963134766e+00
1.116663455963134766e+00
8.380223512649536133e-01
8.380223512649536133e-01
8.380223512649536133e-01
8.380223512649536133e-01
8.380223512649536133e-01
8.380223512649536133e-01
8.380223512649536133e-01
8.380223512649536133e-01
8.380223512649536133e-01
8.380223512649536133e-01
8.380223512649536133e-01
8.380223512649536133e-01
8.380223512649536133e-01
8.380223512649536133e-01
8.380223512649536133e-01
8.380223512649536133e-01
8.380223512649536133e-01
8.380223512649536133e-01
8.380223512649536133e-01
8.380223512649536133e-01
8.380223512649536133e-01
8.051631450653076172e-01
8.051631450653076172e-01
8.051631450653076172e-01
1.124886274337768555e+00
1.124886274337768555e+00
1.124886274337768555e+00
1.000964283943176270e+00
9.515055418014526367e-01
9.515055418014526367e-01
9.515055418014526367e-01
9.515055418014526367e-01
9.515055418014526367e-01
9.515055418014526367e-01
9.515055418014526367e-01
9.515055418014526367e-01
9.515055418014526367e-01
9.515055418014526367e-01
9.515055418014526367e-01
9.515055418014526367e-01
9.515055418014526367e-01
9.515055418014526367e-01
9.515055418014526367e-01
1.263291597366333008e+00
1.263291597366333008e+00
1.263291597366333008e+00
1.263291597366333008e+00
1.263291597366333008e+00
1.263291597366333008e+00
1.263291597366333008e+00
1.263291597366333008e+00
1.263291597366333008e+00
1.263291597366333008e+00
1.263291597366333008e+00
1.263291597366333008e+00
1.263291597366333008e+00
1.263291597366333008e+00
1.263291597366333008e+00
9.289923906326293945e-01
9.289923906326293945e-01
9.289923906326293945e-01
1.438775062561035156e+00
1.438775062561035156e+00
1.438775062561035156e+00
1.405964970588684082e+00
1.289080977439880371e+00
1.597069621086120605e+00
1.597069621086120605e+00
1.597069621086120605e+00
1.749047517776489258e+00
1.749047517776489258e+00
1.749047517776489258e+00
1.749047517776489258e+00
1.312768697738647461e+00
1.312768697738647461e+00
1.312768697738647461e+00
1.312768697738647461e+00
1.312768697738647461e+00
9.550648927688598633e-01
9.550648927688598633e-01
9.550648927688598633e-01
1.293190717697143555e+00
1.293190717697143555e+00
1.293190717697143555e+00
1.293190717697143555e+00
1.157209634780883789e+00
1.157209634780883789e+00
7.973893284797668457e-01
7.973893284797668457e-01
7.973893284797668457e-01
7.973893284797668457e-01
7.973893284797668457e-01
7.973893284797668457e-01
7.973893284797668457e-01
7.973893284797668457e-01
2.773268818855285645e-01
2.773268818855285645e-01
2.773268818855285645e-01
2.773268818855285645e-01
2.773268818855285645e-01
2.773268818855285645e-01
2.773268818855285645e-01
2.773268818855285645e-01
1.290774345397949219e+00
1.785277843475341797e+00
1.785277843475341797e+00
1.785277843475341797e+00
1.785277843475341797e+00
1.785277843475341797e+00
1.785277843475341797e+00
1.785277843475341797e+00
1.785277843475341797e+00
1.785277843475341797e+00
1.785277843475341797e+00
1.785277843475341797e+00
1.785277843475341797e+00
1.785277843475341797e+00
1.785277843475341797e+00
1.259871244430541992e+00
1.509575605392456055e+00
6.635831594467163086e-01
6.635831594467163086e-01
6.635831594467163086e-01
6.635831594467163086e-01
6.635831594467163086e-01
6.635831594467163086e-01
6.635831594467163086e-01
6.635831594467163086e-01
6.635831594467163086e-01
6.635831594467163086e-01
6.635831594467163086e-01
6.635831594467163086e-01
9.963257908821105957e-01
9.963257908821105957e-01
9.963257908821105957e-01
9.963257908821105957e-01
9.963257908821105957e-01
9.963257908821105957e-01
1.154023051261901855e+00
8.272369503974914551e-01
9.214525222778320312e-01
9.214525222778320312e-01
9.214525222778320312e-01
9.214525222778320312e-01
9.214525222778320312e-01
9.214525222778320312e-01
9.681194424629211426e-01
9.681194424629211426e-01
9.681194424629211426e-01
9.681194424629211426e-01
9.681194424629211426e-01
9.681194424629211426e-01
9.681194424629211426e-01
3.533963561058044434e-01
3.533963561058044434e-01
1.574166536331176758e+00
1.107465386390686035e+00
1.107465386390686035e+00
1.107465386390686035e+00
1.107465386390686035e+00
1.107465386390686035e+00
1.107465386390686035e+00
1.107465386390686035e+00
1.107465386390686035e+00
1.107465386390686035e+00
7.227940559387207031e-01
7.227940559387207031e-01
1.799767136573791504e+00
1.207926988601684570e+00
1.207926988601684570e+00
1.207926988601684570e+00
1.207926988601684570e+00
1.207926988601684570e+00
1.207926988601684570e+00
1.207926988601684570e+00
1.207926988601684570e+00
1.207926988601684570e+00
1.270400524139404297e+00
1.270400524139404297e+00
1.270400524139404297e+00
1.270400524139404297e+00
1.270400524139404297e+00
1.270400524139404297e+00
1.270400524139404297e+00
1.707778215408325195e+00
1.707778215408325195e+00
9.498645663261413574e-01
9.498645663261413574e-01
9.498645663261413574e-01
7.708728909492492676e-01
7.708728909492492676e-01
7.708728909492492676e-01
7.708728909492492676e-01
7.708728909492492676e-01
7.708728909492492676e-01
7.708728909492492676e-01
7.708728909492492676e-01
1.628329873085021973e+00
1.628329873085021973e+00
1.628329873085021973e+00
1.628329873085021973e+00
1.355642676353454590e+00
1.147257328033447266e+00
1.147257328033447266e+00
1.147257328033447266e+00
1.147257328033447266e+00
1.147257328033447266e+00
5.707668662071228027e-01
5.707668662071228027e-01
5.707668662071228027e-01
5.707668662071228027e-01
5.707668662071228027e-01
1.829295873641967773e+00
1.829295873641967773e+00
1.829295873641967773e+00
4.729734659194946289e-01
4.729734659194946289e-01
4.729734659194946289e-01
4.729734659194946289e-01
4.729734659194946289e-01
4.729734659194946289e-01
4.729734659194946289e-01
4.729734659194946289e-01
4.729734659194946289e-01
4.729734659194946289e-01
4.729734659194946289e-01
4.729734659194946289e-01
4.729734659194946289e-01
4.729734659194946289e-01
4.729734659194946289e-01
4.729734659194946289e-01
4.729734659194946289e-01
4.729734659194946289e-01
4.729734659194946289e-01
4.729734659194946289e-01
4.729734659194946289e-01
6.297726035118103027e-01
3.794890642166137695e-01
1.339873075485229492e+00
1.339873075485229492e+00
1.339873075485229492e+00
1.362606525421142578e+00
9.404610395431518555e-01
9.404610395431518555e-01
9.404610395431518555e-01
1.232908725738525391e+00
1.232908725738525391e+00
1.232908725738525391e+00
1.232908725738525391e+00
1.232908725738525391e+00
1.232908725738525391e+00
8.122040629386901855e-01
5.502286553382873535e-01
5.502286553382873535e-01
5.502286553382873535e-01
5.502286553382873535e-01
5.502286553382873535e-01
5.502286553382873535e-01
5.502286553382873535e-01
5.502286553382873535e-01
7.817161679267883301e-01
7.817161679267883301e-01
1.155490517616271973e+00
1.155490517616271973e+00
1.155490517616271973e+00
9.921232461929321289e-01
9.921232461929321289e-01
1.046145677566528320e+00
1.046145677566528320e+00
1.046145677566528320e+00
6.903694868087768555e-01
6.903694868087768555e-01
6.903694868087768555e-01
6.903694868087768555e-01
6.903694868087768555e-01
6.903694868087768555e-01
6.903694868087768555e-01
6.903694868087768555e-01
6.903694868087768555e-01
6.903694868087768555e-01
7.741014957427978516e-01
7.741014957427978516e-01
7.741014957427978516e-01
1.355491757392883301e+00
1.355491757392883301e+00
1.355491757392883301e+00
8.443544507026672363e-01
5.096182823181152344e-01
5.096182823181152344e-01
5.669162273406982422e-01
5.718517899513244629e-01
5.718517899513244629e-01
5.718517899513244629e-01
5.718517899513244629e-01
3.887643814086914062e-01
1.165912628173828125e+00
1.165912628173828125e+00
1.165912628173828125e+00
1.194993257522583008e+00
1.194993257522583008e+00
1.194993257522583008e+00
1.194993257522583008e+00
1.194993257522583008e+00
1.194993257522583008e+00
1.194993257522583008e+00
1.194993257522583008e+00
1.194993257522583008e+00
1.194993257522583008e+00
1.194993257522583008e+00
1.194993257522583008e+00
1.194993257522583008e+00
1.194993257522583008e+00
1.194993257522583008e+00
1.194993257522583008e+00
1.194993257522583008e+00
1.194993257522583008e+00
1.194993257522583008e+00
1.194993257522583008e+00
1.194993257522583008e+00
5.426879525184631348e-01
5.426879525184631348e-01
5.337726473808288574e-01
5.337726473808288574e-01
5.337726473808288574e-01
5.337726473808288574e-01
5.337726473808288574e-01
5.337726473808288574e-01
5.337726473808288574e-01
9.762841463088989258e-01
9.762841463088989258e-01
1.295783758163452148e+00
1.295783758163452148e+00
1.295783758163452148e+00
5.697638988494873047e-01
5.697638988494873047e-01
1.028617858886718750e+00
1.028617858886718750e+00
1.028617858886718750e+00
1.028617858886718750e+00
1.172200560569763184e+00
1.172200560569763184e+00
1.172200560569763184e+00
1.172200560569763184e+00
1.172200560569763184e+00
1.172200560569763184e+00
1.172200560569763184e+00
1.172200560569763184e+00
1.172200560569763184e+00
1.172200560569763184e+00
1.172200560569763184e+00
1.172200560569763184e+00
1.172200560569763184e+00
1.172200560569763184e+00
1.172200560569763184e+00
1.172200560569763184e+00
1.172200560569763184e+00
1.172200560569763184e+00
1.172200560569763184e+00
1.172200560569763184e+00
1.172200560569763184e+00
1.172200560569763184e+00
1.172200560569763184e+00
1.138936161994934082e+00
1.016191124916076660e+00
1.016191124916076660e+00
1.016191124916076660e+00
3.836420774459838867e-01
3.836420774459838867e-01
1.635888218879699707e+00
1.635888218879699707e+00
1.635888218879699707e+00
1.635888218879699707e+00
9.289515018463134766e-01
1.434148311614990234e+00
1.434148311614990234e+00
1.736287474632263184e+00
1.592705130577087402e+00
1.592705130577087402e+00
1.592705130577087402e+00
1.520398497581481934e+00
9.300789237022399902e-01
9.300789237022399902e-01
9.300789237022399902e-01
2.117922067642211914e+00
2.117922067642211914e+00
2.117922067642211914e+00
2.117922067642211914e+00
2.117922067642211914e+00
2.117922067642211914e+00
2.117922067642211914e+00
2.117922067642211914e+00
1.624669194221496582e+00
9.511168003082275391e-01
9.511168003082275391e-01
9.511168003082275391e-01
9.511168003082275391e-01
1.285978913307189941e+00
1.285978913307189941e+00
1.285978913307189941e+00
1.285978913307189941e+00
1.285978913307189941e+00
1.285978913307189941e+00
1.010727524757385254e+00
1.412946820259094238e+00
1.412946820259094238e+00
1.412946820259094238e+00
1.412946820259094238e+00
1.412946820259094238e+00
4.626449942588806152e-01
1.187225818634033203e+00
1.187225818634033203e+00
3.789435625076293945e-01
3.789435625076293945e-01
3.789435625076293945e-01
3.789435625076293945e-01
7.365855574607849121e-01
7.365855574607849121e-01
7.365855574607849121e-01
7.365855574607849121e-01
9.545786380767822266e-01
9.545786380767822266e-01
6.520043611526489258e-01
6.520043611526489258e-01
6.520043611526489258e-01
6.520043611526489258e-01
6.520043611526489258e-01
6.520043611526489258e-01
6.520043611526489258e-01
6.520043611526489258e-01
6.520043611526489258e-01
6.520043611526489258e-01
6.520043611526489258e-01
6.861442327499389648e-01
6.861442327499389648e-01
6.861442327499389648e-01
6.861442327499389648e-01
6.861442327499389648e-01
6.861442327499389648e-01
6.861442327499389648e-01
6.861442327499389648e-01
6.861442327499389648e-01
6.861442327499389648e-01
6.861442327499389648e-01
6.861442327499389648e-01
6.247422099113464355e-01
6.247422099113464355e-01
6.247422099113464355e-01
6.247422099113464355e-01
6.247422099113464355e-01
6.247422099113464355e-01
6.247422099113464355e-01
6.247422099113464355e-01
6.247422099113464355e-01
6.247422099113464355e-01
6.247422099113464355e-01
6.247422099113464355e-01
6.247422099113464355e-01
6.247422099113464355e-01
6.247422099113464355e-01
6.247422099113464355e-01
6.247422099113464355e-01
6.247422099113464355e-01
6.247422099113464355e-01
6.247422099113464355e-01
6.247422099113464355e-01
6.247422099113464355e-01
6.247422099113464355e-01
6.247422099113464355e-01
1.610064268112182617e+00
1.610064268112182617e+00
1.610064268112182617e+00
1.610064268112182617e+00
1.610064268112182617e+00
1.610064268112182617e+00
1.610064268112182617e+00
1.169497847557067871e+00
1.169497847557067871e+00
1.270390629768371582e+00
1.398453474044799805e+00
1.398453474044799805e+00
1.398453474044799805e+00
1.398453474044799805e+00
1.398453474044799805e+00
1.398453474044799805e+00
1.398453474044799805e+00
1.398453474044799805e+00
1.305517435073852539e+00
1.305517435073852539e+00
1.305517435073852539e+00
1.493239760398864746e+00
1.309747815132141113e+00
1.309747815132141113e+00
1.309747815132141113e+00
1.045847892761230469e+00
1.045847892761230469e+00
1.045847892761230469e+00
1.045847892761230469e+00
1.045847892761230469e+00
3.857555389404296875e-01
6.338080763816833496e-01
6.338080763816833496e-01
6.338080763816833496e-01
6.338080763816833496e-01
1.388773083686828613e+00
1.388773083686828613e+00
1.382257938385009766e+00
1.382257938385009766e+00
1.382257938385009766e+00
6.770943999290466309e-01
6.770943999290466309e-01
4.489374160766601562e-01
4.489374160766601562e-01
1.173354983329772949e+00
1.173354983329772949e+00
6.184251308441162109e-01
2.874794304370880127e-01
1.207103610038757324e+00
1.207103610038757324e+00
8.502285480499267578e-01
8.672491908073425293e-01
8.672491908073425293e-01
8.672491908073425293e-01
8.672491908073425293e-01
8.672491908073425293e-01
8.672491908073425293e-01
8.672491908073425293e-01
1.135178208351135254e+00
1.135178208351135254e+00
1.135178208351135254e+00
1.135178208351135254e+00
1.135178208351135254e+00
1.135178208351135254e+00
1.135178208351135254e+00
1.135178208351135254e+00
1.135178208351135254e+00
1.135178208351135254e+00
1.135178208351135254e+00
1.135178208351135254e+00
6.161632537841796875e-01
2.291322052478790283e-01
2.291322052478790283e-01
2.291322052478790283e-01
2.291322052478790283e-01
2.291322052478790283e-01
2.291322052478790283e-01
2.291322052478790283e-01
2.291322052478790283e-01
2.291322052478790283e-01
2.291322052478790283e-01
2.291322052478790283e-01
2.291322052478790283e-01
2.291322052478790283e-01
3.401201963424682617e-01
3.401201963424682617e-01
3.401201963424682617e-01
1.093413352966308594e+00
1.093413352966308594e+00
1.093413352966308594e+00
1.093413352966308594e+00
1.093413352966308594e+00
1.093413352966308594e+00
1.093413352966308594e+00
1.093413352966308594e+00
1.093413352966308594e+00
1.093413352966308594e+00
1.093413352966308594e+00
1.093413352966308594e+00
1.093413352966308594e+00
1.093413352966308594e+00
1.093413352966308594e+00
1.093413352966308594e+00
1.093413352966308594e+00
8.317005634307861328e-01
8.317005634307861328e-01
8.317005634307861328e-01
8.317005634307861328e-01
8.317005634307861328e-01
8.317005634307861328e-01
8.317005634307861328e-01
8.317005634307861328e-01
8.317005634307861328e-01
8.317005634307861328e-01
8.317005634307861328e-01
1.877981305122375488e+00
1.877981305122375488e+00
1.877981305122375488e+00
1.067970514297485352e+00
1.067970514297485352e+00
1.067970514297485352e+00
1.067970514297485352e+00
1.067970514297485352e+00
1.067970514297485352e+00
6.910759210586547852e-01
6.910759210586547852e-01
6.910759210586547852e-01
6.910759210586547852e-01
6.910759210586547852e-01
6.910759210586547852e-01
6.910759210586547852e-01
6.910759210586547852e-01
3.598377108573913574e-01
3.598377108573913574e-01
7.584792375564575195e-01
7.533092498779296875e-01
7.533092498779296875e-01
7.533092498779296875e-01
7.533092498779296875e-01
7.390584945678710938e-01
7.390584945678710938e-01
7.390584945678710938e-01
7.390584945678710938e-01
7.390584945678710938e-01
7.390584945678710938e-01
7.390584945678710938e-01
7.390584945678710938e-01
7.390584945678710938e-01
7.390584945678710938e-01
7.390584945678710938e-01
5.608671307563781738e-01
5.608671307563781738e-01
5.608671307563781738e-01
7.891315817832946777e-01
7.891315817832946777e-01
7.891315817832946777e-01
7.891315817832946777e-01
7.891315817832946777e-01
1.715350151062011719e+00
1.715350151062011719e+00
1.715350151062011719e+00
1.715350151062011719e+00
9.397001862525939941e-01
9.397001862525939941e-01
9.397001862525939941e-01
8.820288777351379395e-01
8.820288777351379395e-01
8.820288777351379395e-01
8.820288777351379395e-01
8.820288777351379395e-01
8.820288777351379395e-01
8.820288777351379395e-01
5.749976634979248047e-01
3.711587190628051758e-01
4.026394784450531006e-01
1.388296246528625488e+00
1.388296246528625488e+00
1.388296246528625488e+00
1.388296246528625488e+00
1.388296246528625488e+00
1.388296246528625488e+00
1.388296246528625488e+00
1.388296246528625488e+00
7.640473842620849609e-01
1.122987270355224609e+00
1.122987270355224609e+00
1.352218866348266602e+00
6.312547922134399414e-01
6.312547922134399414e-01
6.312547922134399414e-01
6.312547922134399414e-01
6.312547922134399414e-01
6.312547922134399414e-01
6.312547922134399414e-01
6.312547922134399414e-01
1.177209138870239258e+00
1.177209138870239258e+00
6.287969350814819336e-01
6.287969350814819336e-01
6.287969350814819336e-01
7.884368300437927246e-01
7.884368300437927246e-01
7.884368300437927246e-01
7.884368300437927246e-01
7.884368300437927246e-01
7.884368300437927246e-01
6.482790708541870117e-01
6.482790708541870117e-01
7.143651247024536133e-01
7.143651247024536133e-01
7.143651247024536133e-01
7.143651247024536133e-01
8.569105863571166992e-01
8.569105863571166992e-01
8.569105863571166992e-01
8.569105863571166992e-01
3.615176379680633545e-01
3.615176379680633545e-01
3.615176379680633545e-01
2.655086219310760498e-01
2.655086219310760498e-01
2.655086219310760498e-01
2.655086219310760498e-01
2.655086219310760498e-01
2.655086219310760498e-01
8.026595115661621094e-01
8.026595115661621094e-01
8.026595115661621094e-01
8.026595115661621094e-01
6.781048774719238281e-01
6.781048774719238281e-01
5.342299938201904297e-01
5.342299938201904297e-01
5.342299938201904297e-01
1.384073019027709961e+00
1.384073019027709961e+00
1.384073019027709961e+00
1.384073019027709961e+00
1.551442384719848633e+00
5.180448293685913086e-01
5.180448293685913086e-01
5.180448293685913086e-01
5.180448293685913086e-01
5.180448293685913086e-01
1.157385945320129395e+00
1.157385945320129395e+00
1.157385945320129395e+00
1.157385945320129395e+00
1.157385945320129395e+00
1.157385945320129395e+00
1.157385945320129395e+00
1.157385945320129395e+00
9.238023757934570312e-01
9.238023757934570312e-01
9.238023757934570312e-01
9.238023757934570312e-01
1.305354714393615723e+00
1.305354714393615723e+00
1.305354714393615723e+00
1.305354714393615723e+00
8.590270280838012695e-01
8.714697957038879395e-01
9.203636646270751953e-01
9.203636646270751953e-01
9.203636646270751953e-01
9.203636646270751953e-01
9.203636646270751953e-01
9.203636646270751953e-01
1.294448614120483398e+00
1.181926250457763672e+00
6.990977525711059570e-01
6.990977525711059570e-01
6.990977525711059570e-01
6.990977525711059570e-01
6.990977525711059570e-01
6.990977525711059570e-01
6.990977525711059570e-01
6.990977525711059570e-01
6.990977525711059570e-01
6.990977525711059570e-01
6.990977525711059570e-01
9.126551151275634766e-01
9.126551151275634766e-01
9.126551151275634766e-01
9.126551151275634766e-01
1.470574378967285156e+00
1.470574378967285156e+00
1.470574378967285156e+00
1.470574378967285156e+00
1.470574378967285156e+00
1.470574378967285156e+00
1.470574378967285156e+00
5.215865969657897949e-01
5.215865969657897949e-01
1.052622318267822266e+00
1.276930332183837891e+00
1.446715116500854492e+00
1.446715116500854492e+00
1.446715116500854492e+00
1.446715116500854492e+00
1.446715116500854492e+00
1.381217241287231445e-01
1.384395241737365723e+00
4.255461692810058594e-01
4.255461692810058594e-01
4.255461692810058594e-01
4.255461692810058594e-01
4.255461692810058594e-01
4.255461692810058594e-01
4.255461692810058594e-01
4.255461692810058594e-01
1.064118027687072754e+00
1.064118027687072754e+00
1.064118027687072754e+00
1.064118027687072754e+00
1.064118027687072754e+00
1.064118027687072754e+00
1.064118027687072754e+00
1.064118027687072754e+00
1.064118027687072754e+00
1.064118027687072754e+00
1.064118027687072754e+00
1.064118027687072754e+00
1.064118027687072754e+00
1.064118027687072754e+00
1.064118027687072754e+00
1.064118027687072754e+00
1.064118027687072754e+00
1.064118027687072754e+00
1.064118027687072754e+00
7.060931921005249023e-01
7.661063075065612793e-01
6.046952009201049805e-01
1.213151454925537109e+00
1.213151454925537109e+00
1.213151454925537109e+00
1.213151454925537109e+00
7.357008457183837891e-01
7.357008457183837891e-01
7.357008457183837891e-01
6.562702059745788574e-01
6.562702059745788574e-01
6.562702059745788574e-01
6.562702059745788574e-01
4.824807941913604736e-01
4.824807941913604736e-01
4.824807941913604736e-01
4.824807941913604736e-01
4.824807941913604736e-01
4.824807941913604736e-01
4.824807941913604736e-01
4.824807941913604736e-01
4.824807941913604736e-01
1.142303824424743652e+00
1.142303824424743652e+00
7.448145151138305664e-01
7.448145151138305664e-01
7.448145151138305664e-01
7.448145151138305664e-01
8.447552919387817383e-01
8.447552919387817383e-01
7.007561922073364258e-01
7.007561922073364258e-01
7.007561922073364258e-01
7.007561922073364258e-01
6.821409463882446289e-01
6.821409463882446289e-01
6.821409463882446289e-01
6.821409463882446289e-01
6.821409463882446289e-01
6.821409463882446289e-01
6.821409463882446289e-01
8.782058954238891602e-01
8.782058954238891602e-01
8.782058954238891602e-01
8.782058954238891602e-01
8.782058954238891602e-01
8.782058954238891602e-01
6.376889944076538086e-01
6.376889944076538086e-01
6.376889944076538086e-01
6.376889944076538086e-01
6.376889944076538086e-01
6.376889944076538086e-01
6.831946372985839844e-01
6.831946372985839844e-01
6.831946372985839844e-01
6.831946372985839844e-01
6.831946372985839844e-01
6.831946372985839844e-01
6.831946372985839844e-01
6.831946372985839844e-01
6.831946372985839844e-01
6.831946372985839844e-01
6.831946372985839844e-01
6.831946372985839844e-01
6.831946372985839844e-01
6.831946372985839844e-01
6.831946372985839844e-01
6.831946372985839844e-01
6.831946372985839844e-01
6.831946372985839844e-01
1.084741353988647461e+00
1.084741353988647461e+00
1.084741353988647461e+00
1.084741353988647461e+00
1.084741353988647461e+00
1.084741353988647461e+00
1.084741353988647461e+00
1.084741353988647461e+00
1.084741353988647461e+00
1.084741353988647461e+00
1.084741353988647461e+00
1.075495481491088867e+00
8.851921558380126953e-01
8.851921558380126953e-01
8.851921558380126953e-01
8.851921558380126953e-01
8.851921558380126953e-01
8.851921558380126953e-01
8.851921558380126953e-01
8.851921558380126953e-01
3.012632131576538086e-01
3.012632131576538086e-01
7.128615379333496094e-01
7.128615379333496094e-01
7.128615379333496094e-01
7.128615379333496094e-01
7.128615379333496094e-01
7.128615379333496094e-01
7.128615379333496094e-01
7.128615379333496094e-01
1.048992991447448730e+00
1.048992991447448730e+00
1.048992991447448730e+00
1.048992991447448730e+00
1.048992991447448730e+00
1.048992991447448730e+00
1.048992991447448730e+00
5.241171717643737793e-01
1.248335599899291992e+00
1.248335599899291992e+00
1.248335599899291992e+00
1.248335599899291992e+00
1.248335599899291992e+00
1.248335599899291992e+00
1.286651968955993652e+00
1.286651968955993652e+00
1.286651968955993652e+00
1.286651968955993652e+00
1.286651968955993652e+00
1.286651968955993652e+00
1.286651968955993652e+00
1.286651968955993652e+00
1.123276948928833008e+00
1.123276948928833008e+00
1.123276948928833008e+00
1.123276948928833008e+00
1.123276948928833008e+00
1.123276948928833008e+00
1.123276948928833008e+00
1.123276948928833008e+00
5.077942013740539551e-01
5.077942013740539551e-01
5.077942013740539551e-01
5.077942013740539551e-01
5.077942013740539551e-01
7.699068784713745117e-01
7.699068784713745117e-01
7.699068784713745117e-01
7.699068784713745117e-01
7.699068784713745117e-01
7.699068784713745117e-01
6.059823632240295410e-01
6.059823632240295410e-01
9.245549440383911133e-01
9.245549440383911133e-01
9.245549440383911133e-01
9.245549440383911133e-01
9.245549440383911133e-01
9.245549440383911133e-01
9.245549440383911133e-01
3.567788004875183105e-01
3.567788004875183105e-01
3.567788004875183105e-01
1.328038215637207031e+00
1.328038215637207031e+00
1.328038215637207031e+00
1.328038215637207031e+00
1.328038215637207031e+00
1.328038215637207031e+00
1.328038215637207031e+00
1.328038215637207031e+00
1.456131696701049805e+00
3.499311208724975586e-01
3.499311208724975586e-01
3.499311208724975586e-01
3.499311208724975586e-01
2.596964538097381592e-01
2.596964538097381592e-01
2.596964538097381592e-01
3.284443616867065430e-01
3.284443616867065430e-01
3.284443616867065430e-01
6.277408003807067871e-01
6.277408003807067871e-01
6.277408003807067871e-01
6.277408003807067871e-01
6.277408003807067871e-01
6.277408003807067871e-01
6.277408003807067871e-01
6.162219047546386719e-01
1.051499724388122559e+00
2.593182325363159180e-01
2.593182325363159180e-01
2.593182325363159180e-01
2.593182325363159180e-01
2.593182325363159180e-01
2.593182325363159180e-01
2.593182325363159180e-01
2.593182325363159180e-01
9.860637187957763672e-01
9.860637187957763672e-01
9.860637187957763672e-01
9.860637187957763672e-01
9.111800193786621094e-01
9.111800193786621094e-01
9.111800193786621094e-01
1.086641550064086914e+00
7.869717478752136230e-01
7.869717478752136230e-01
7.869717478752136230e-01
8.546385169029235840e-01
8.546385169029235840e-01
8.546385169029235840e-01
8.546385169029235840e-01
8.546385169029235840e-01
8.546385169029235840e-01
8.546385169029235840e-01
8.546385169029235840e-01
8.546385169029235840e-01
8.546385169029235840e-01
1.580982923507690430e+00
8.401274085044860840e-01
8.401274085044860840e-01
8.401274085044860840e-01
8.401274085044860840e-01
8.401274085044860840e-01
8.401274085044860840e-01
8.401274085044860840e-01
8.401274085044860840e-01
8.401274085044860840e-01
8.401274085044860840e-01
9.318227171897888184e-01
9.318227171897888184e-01
9.318227171897888184e-01
9.318227171897888184e-01
9.318227171897888184e-01
9.318227171897888184e-01
9.318227171897888184e-01
1.183079719543457031e+00
1.183079719543457031e+00
5.404685139656066895e-01
5.404685139656066895e-01
1.259151935577392578e+00
1.259151935577392578e+00
1.279467940330505371e+00
7.020606994628906250e-01
7.020606994628906250e-01
7.020606994628906250e-01
7.020606994628906250e-01
7.020606994628906250e-01
1.584159016609191895e+00
9.835157990455627441e-01
9.835157990455627441e-01
9.835157990455627441e-01
9.835157990455627441e-01
9.835157990455627441e-01
7.364354729652404785e-01
7.364354729652404785e-01
7.364354729652404785e-01
7.364354729652404785e-01
7.364354729652404785e-01
7.364354729652404785e-01
7.364354729652404785e-01
7.364354729652404785e-01
7.364354729652404785e-01
7.364354729652404785e-01
7.364354729652404785e-01
7.364354729652404785e-01
7.364354729652404785e-01
7.364354729652404785e-01
7.364354729652404785e-01
7.364354729652404785e-01
7.364354729652404785e-01
7.364354729652404785e-01
7.364354729652404785e-01
7.364354729652404785e-01
7.364354729652404785e-01
7.364354729652404785e-01
7.364354729652404785e-01
7.364354729652404785e-01
7.364354729652404785e-01
7.364354729652404785e-01
7.364354729652404785e-01
7.364354729652404785e-01
7.364354729652404785e-01
7.364354729652404785e-01
7.364354729652404785e-01
7.364354729652404785e-01
9.919044971466064453e-01
9.919044971466064453e-01
3.524133563041687012e-01
3.524133563041687012e-01
3.524133563041687012e-01
3.524133563041687012e-01
6.086970567703247070e-01
6.086970567703247070e-01
6.086970567703247070e-01
6.086970567703247070e-01
6.086970567703247070e-01
1.173164367675781250e+00
1.173164367675781250e+00
1.005076646804809570e+00
6.261702775955200195e-01
6.261702775955200195e-01
6.261702775955200195e-01
6.261702775955200195e-01
6.261702775955200195e-01
6.261702775955200195e-01
6.261702775955200195e-01
6.261702775955200195e-01
6.261702775955200195e-01
6.261702775955200195e-01
6.261702775955200195e-01
6.261702775955200195e-01
6.261702775955200195e-01
6.261702775955200195e-01
6.261702775955200195e-01
6.261702775955200195e-01
6.261702775955200195e-01
6.261702775955200195e-01
6.261702775955200195e-01
6.261702775955200195e-01
6.261702775955200195e-01
1.040511488914489746e+00
1.536535143852233887e+00
1.536535143852233887e+00
3.578755855560302734e-01
1.608000636100769043e+00
1.608000636100769043e+00
8.406534194946289062e-01
8.406534194946289062e-01
8.406534194946289062e-01
8.406534194946289062e-01
8.406534194946289062e-01
8.406534194946289062e-01
8.406534194946289062e-01
8.406534194946289062e-01
5.372614264488220215e-01
5.372614264488220215e-01
5.372614264488220215e-01
1.081923723220825195e+00
1.081923723220825195e+00
1.081923723220825195e+00
5.798261761665344238e-01
1.444128513336181641e+00
1.003141045570373535e+00
1.003141045570373535e+00
1.003141045570373535e+00
1.003141045570373535e+00
1.003141045570373535e+00
1.003141045570373535e+00
8.764229416847229004e-01
8.764229416847229004e-01
8.764229416847229004e-01
1.204439282417297363e+00
1.204439282417297363e+00
1.204439282417297363e+00
1.204439282417297363e+00
1.204439282417297363e+00
1.204439282417297363e+00
1.204439282417297363e+00
1.204439282417297363e+00
1.204439282417297363e+00
1.204439282417297363e+00
8.861347436904907227e-01
8.861347436904907227e-01
8.861347436904907227e-01
8.861347436904907227e-01
4.923441112041473389e-01
4.923441112041473389e-01
9.678246974945068359e-01
1.314326763153076172e+00
1.314326763153076172e+00
1.314326763153076172e+00
1.314326763153076172e+00
1.314326763153076172e+00
1.314326763153076172e+00
1.314326763153076172e+00
1.314326763153076172e+00
8.464963436126708984e-01
8.464963436126708984e-01
1.106874942779541016e+00
1.106874942779541016e+00
1.106874942779541016e+00
1.106874942779541016e+00
1.106874942779541016e+00
1.106874942779541016e+00
1.106874942779541016e+00
1.106874942779541016e+00
1.106874942779541016e+00
1.106874942779541016e+00
4.250180721282958984e-01
3.197441101074218750e-01
3.197441101074218750e-01
3.197441101074218750e-01
1.157792806625366211e+00
1.157792806625366211e+00
7.155480384826660156e-01
7.155480384826660156e-01
7.155480384826660156e-01
7.155480384826660156e-01
7.155480384826660156e-01
7.155480384826660156e-01
7.155480384826660156e-01
7.155480384826660156e-01
5.278240442276000977e-01
5.278240442276000977e-01
5.278240442276000977e-01
5.278240442276000977e-01
5.278240442276000977e-01
5.278240442276000977e-01
5.278240442276000977e-01
5.278240442276000977e-01
5.278240442276000977e-01
5.278240442276000977e-01
5.278240442276000977e-01
5.278240442276000977e-01
1.087383985519409180e+00
9.672235250473022461e-01
9.672235250473022461e-01
9.672235250473022461e-01
9.672235250473022461e-01
9.672235250473022461e-01
9.672235250473022461e-01
9.672235250473022461e-01
9.672235250473022461e-01
9.672235250473022461e-01
6.408697366714477539e-01
1.705354213714599609e+00
1.705354213714599609e+00
1.705354213714599609e+00
1.705354213714599609e+00
1.705354213714599609e+00
1.705354213714599609e+00
1.705354213714599609e+00
1.705354213714599609e+00
1.705354213714599609e+00
1.705354213714599609e+00
1.448345899581909180e+00
1.448345899581909180e+00
1.448345899581909180e+00
1.448345899581909180e+00
1.448345899581909180e+00
1.448345899581909180e+00
1.448345899581909180e+00
1.448345899581909180e+00
1.448345899581909180e+00
1.448345899581909180e+00
1.448345899581909180e+00
8.256242275238037109e-01
8.256242275238037109e-01
8.256242275238037109e-01
8.018476366996765137e-01
8.018476366996765137e-01
8.018476366996765137e-01
8.018476366996765137e-01
8.018476366996765137e-01
8.018476366996765137e-01
8.018476366996765137e-01
8.018476366996765137e-01
8.018476366996765137e-01
8.018476366996765137e-01
9.189696311950683594e-01
5.426304936408996582e-01
5.426304936408996582e-01
5.426304936408996582e-01
8.594646453857421875e-01
8.594646453857421875e-01
8.594646453857421875e-01
8.594646453857421875e-01
8.594646453857421875e-01
8.594646453857421875e-01
8.594646453857421875e-01
8.594646453857421875e-01
8.594646453857421875e-01
8.594646453857421875e-01
8.594646453857421875e-01
8.594646453857421875e-01
4.667494297027587891e-01
4.667494297027587891e-01
4.667494297027587891e-01
4.667494297027587891e-01
4.667494297027587891e-01
4.667494297027587891e-01
4.667494297027587891e-01
2.324936836957931519e-01
2.324936836957931519e-01
1.748567938804626465e+00
1.219741106033325195e+00
1.204547047615051270e+00
5.225803852081298828e-01
5.225803852081298828e-01
5.225803852081298828e-01
5.225803852081298828e-01
5.225803852081298828e-01
5.225803852081298828e-01
1.321728467941284180e+00
6.160982251167297363e-01
6.160982251167297363e-01
6.160982251167297363e-01
6.160982251167297363e-01
6.160982251167297363e-01
9.759082794189453125e-01
1.268382787704467773e+00
1.268382787704467773e+00
5.765893459320068359e-01
5.765893459320068359e-01
5.765893459320068359e-01
4.603133797645568848e-01
4.603133797645568848e-01
4.603133797645568848e-01
4.603133797645568848e-01
7.721967101097106934e-01
7.721967101097106934e-01
7.721967101097106934e-01
7.721967101097106934e-01
7.721967101097106934e-01
9.316642880439758301e-01
9.316642880439758301e-01
9.316642880439758301e-01
9.316642880439758301e-01
9.316642880439758301e-01
9.316642880439758301e-01
1.164379715919494629e+00
1.306883811950683594e+00
1.306883811950683594e+00
1.306883811950683594e+00
1.306883811950683594e+00
6.884753108024597168e-01
1.706628561019897461e+00
6.436154842376708984e-01
6.436154842376708984e-01
6.436154842376708984e-01
6.436154842376708984e-01
6.436154842376708984e-01
6.436154842376708984e-01
8.567219972610473633e-01
8.567219972610473633e-01
8.567219972610473633e-01
8.567219972610473633e-01
8.567219972610473633e-01
8.567219972610473633e-01
1.329178333282470703e+00
1.329178333282470703e+00
9.795204401016235352e-01
9.795204401016235352e-01
9.795204401016235352e-01
9.795204401016235352e-01
9.795204401016235352e-01
9.795204401016235352e-01
8.189105987548828125e-01
8.189105987548828125e-01
8.189105987548828125e-01
8.189105987548828125e-01
8.189105987548828125e-01
8.189105987548828125e-01
8.189105987548828125e-01
8.189105987548828125e-01
8.189105987548828125e-01
8.189105987548828125e-01
8.189105987548828125e-01
8.189105987548828125e-01
8.189105987548828125e-01
8.189105987548828125e-01
8.189105987548828125e-01
6.256220936775207520e-01
6.256220936775207520e-01
6.256220936775207520e-01
6.256220936775207520e-01
6.256220936775207520e-01
6.256220936775207520e-01
6.256220936775207520e-01
6.256220936775207520e-01
6.850802302360534668e-01
6.850802302360534668e-01
6.850802302360534668e-01
6.850802302360534668e-01
6.850802302360534668e-01
6.850802302360534668e-01
6.850802302360534668e-01
6.850802302360534668e-01
6.850802302360534668e-01
6.850802302360534668e-01
9.570327997207641602e-01
9.570327997207641602e-01
9.570327997207641602e-01
9.570327997207641602e-01
9.570327997207641602e-01
9.570327997207641602e-01
9.570327997207641602e-01
9.570327997207641602e-01
9.570327997207641602e-01
9.570327997207641602e-01
9.570327997207641602e-01
8.187922835350036621e-01
8.187922835350036621e-01
8.187922835350036621e-01
8.187922835350036621e-01
8.187922835350036621e-01
8.187922835350036621e-01
8.187922835350036621e-01
8.187922835350036621e-01
8.187922835350036621e-01
8.187922835350036621e-01
8.187922835350036621e-01
8.187922835350036621e-01
8.187922835350036621e-01
8.187922835350036621e-01
1.025098204612731934e+00
1.025098204612731934e+00
1.025098204612731934e+00
1.025098204612731934e+00
1.136580824851989746e+00
5.517053008079528809e-01
5.517053008079528809e-01
5.517053008079528809e-01
5.517053008079528809e-01
9.130519628524780273e-01
9.130519628524780273e-01
9.130519628524780273e-01
9.130519628524780273e-01
1.426215171813964844e+00
1.922235965728759766e+00
1.922235965728759766e+00
1.671931028366088867e+00
1.671931028366088867e+00
1.671931028366088867e+00
1.671931028366088867e+00
1.671931028366088867e+00
1.083572030067443848e+00
1.083572030067443848e+00
4.424265623092651367e-01
4.424265623092651367e-01
4.424265623092651367e-01
4.424265623092651367e-01
4.424265623092651367e-01
4.424265623092651367e-01
4.424265623092651367e-01
4.424265623092651367e-01
4.332742393016815186e-01
4.332742393016815186e-01
4.332742393016815186e-01
4.332742393016815186e-01
4.332742393016815186e-01
4.332742393016815186e-01
1.130013227462768555e+00
4.550644755363464355e-01
4.550644755363464355e-01
4.550644755363464355e-01
4.550644755363464355e-01
4.550644755363464355e-01
4.550644755363464355e-01
4.550644755363464355e-01
4.550644755363464355e-01
4.550644755363464355e-01
4.550644755363464355e-01
8.691238164901733398e-01
8.691238164901733398e-01
8.691238164901733398e-01
8.691238164901733398e-01
8.691238164901733398e-01
8.691238164901733398e-01
8.691238164901733398e-01
8.691238164901733398e-01
1.171681523323059082e+00
1.171681523323059082e+00
1.171681523323059082e+00
1.171681523323059082e+00
9.132930040359497070e-01
9.132930040359497070e-01
9.132930040359497070e-01
9.132930040359497070e-01
9.132930040359497070e-01
9.132930040359497070e-01
9.132930040359497070e-01
9.132930040359497070e-01
9.132930040359497070e-01
9.132930040359497070e-01
9.132930040359497070e-01
9.132930040359497070e-01
9.132930040359497070e-01
9.132930040359497070e-01
9.132930040359497070e-01
8.723008036613464355e-01
8.723008036613464355e-01
8.723008036613464355e-01
7.360224127769470215e-01
7.360224127769470215e-01
7.278077006340026855e-01
9.990625977516174316e-01
9.990625977516174316e-01
9.990625977516174316e-01
9.990625977516174316e-01
9.990625977516174316e-01
4.348877668380737305e-01
4.348877668380737305e-01
4.348877668380737305e-01
4.348877668380737305e-01
4.348877668380737305e-01
4.348877668380737305e-01
4.348877668380737305e-01
4.348877668380737305e-01
2.376690864562988281e+00
2.376690864562988281e+00
2.053036451339721680e+00
1.466789245605468750e-01
1.466789245605468750e-01
1.466789245605468750e-01
1.466789245605468750e-01
1.466789245605468750e-01
8.559687137603759766e-01
9.697852134704589844e-01
6.112093925476074219e-01
6.112093925476074219e-01
2.610001862049102783e-01
5.292400121688842773e-01
8.939456939697265625e-01
9.849326610565185547e-01
9.849326610565185547e-01
9.849326610565185547e-01
7.393550276756286621e-01
7.393550276756286621e-01
7.393550276756286621e-01
7.393550276756286621e-01
7.393550276756286621e-01
4.765686392784118652e-01
9.023989439010620117e-01
9.023989439010620117e-01
4.508106112480163574e-01
4.508106112480163574e-01
1.204725742340087891e+00
1.204725742340087891e+00
1.204725742340087891e+00
1.204725742340087891e+00
1.204725742340087891e+00
1.204725742340087891e+00
4.290243983268737793e-01
1.635909795761108398e+00
1.138667106628417969e+00
1.138667106628417969e+00
1.138667106628417969e+00
1.138667106628417969e+00
1.138667106628417969e+00
1.138667106628417969e+00
1.138667106628417969e+00
2.011229395866394043e-01
1.134679675102233887e+00
2.997838854789733887e-01
2.997838854789733887e-01
2.997838854789733887e-01
2.997838854789733887e-01
2.997838854789733887e-01
2.997838854789733887e-01
1.296179056167602539e+00
1.296179056167602539e+00
1.296179056167602539e+00
1.296179056167602539e+00
1.296179056167602539e+00
1.296179056167602539e+00
1.296179056167602539e+00
1.296179056167602539e+00
1.296179056167602539e+00
1.296179056167602539e+00
1.296179056167602539e+00
1.296179056167602539e+00
6.749467849731445312e-01
9.122751355171203613e-01
7.929914593696594238e-01
7.929914593696594238e-01
7.929914593696594238e-01
7.929914593696594238e-01
3.975869417190551758e-01
1.275921463966369629e+00
1.275921463966369629e+00
1.357897400856018066e+00
1.357897400856018066e+00
1.357897400856018066e+00
1.220254421234130859e+00
1.220254421234130859e+00
1.220254421234130859e+00
1.220254421234130859e+00
1.220254421234130859e+00
1.220254421234130859e+00
1.220254421234130859e+00
1.956233263015747070e+00
7.928508520126342773e-01
7.928508520126342773e-01
7.928508520126342773e-01
7.928508520126342773e-01
7.928508520126342773e-01
1.172628402709960938e+00
1.172628402709960938e+00
1.172628402709960938e+00
1.172628402709960938e+00
1.172628402709960938e+00
1.172628402709960938e+00
1.172628402709960938e+00
1.172628402709960938e+00
1.179204821586608887e+00
1.179204821586608887e+00
1.179204821586608887e+00
1.179204821586608887e+00
1.179204821586608887e+00
1.179204821586608887e+00
1.179204821586608887e+00
1.179204821586608887e+00
1.179204821586608887e+00
1.179204821586608887e+00
1.179204821586608887e+00
4.860045313835144043e-01
1.763632774353027344e+00
1.763632774353027344e+00
1.698244810104370117e+00
1.329543113708496094e+00
1.329543113708496094e+00
1.329543113708496094e+00
9.767503142356872559e-01
9.767503142356872559e-01
1.172196149826049805e+00
1.172196149826049805e+00
1.172196149826049805e+00
1.663926005363464355e+00
1.663926005363464355e+00
1.663926005363464355e+00
1.663926005363464355e+00
1.663926005363464355e+00
1.663926005363464355e+00
1.663926005363464355e+00
1.663926005363464355e+00
1.663926005363464355e+00
1.663926005363464355e+00
1.062369227409362793e+00
3.414108157157897949e-01
3.414108157157897949e-01
3.414108157157897949e-01
3.414108157157897949e-01
2.295229434967041016e-01
1.212185621261596680e+00
1.212185621261596680e+00
1.212185621261596680e+00
1.212185621261596680e+00
1.212185621261596680e+00
1.212185621261596680e+00
1.212185621261596680e+00
1.212185621261596680e+00
1.212185621261596680e+00
6.238545179367065430e-01
9.066641330718994141e-01
9.066641330718994141e-01
9.066641330718994141e-01
9.066641330718994141e-01
1.435409069061279297e+00
1.435409069061279297e+00
1.435409069061279297e+00
1.435409069061279297e+00
1.435409069061279297e+00
1.435409069061279297e+00
1.435409069061279297e+00
1.435409069061279297e+00
1.098666191101074219e+00
1.098666191101074219e+00
1.098666191101074219e+00
1.098666191101074219e+00
1.098666191101074219e+00
1.098666191101074219e+00
4.134875535964965820e-01
4.134875535964965820e-01
4.134875535964965820e-01
5.630593299865722656e-01
8.055011034011840820e-01
8.055011034011840820e-01
8.055011034011840820e-01
8.055011034011840820e-01
8.055011034011840820e-01
8.055011034011840820e-01
9.986192584037780762e-01
9.986192584037780762e-01
1.390761494636535645e+00
1.390761494636535645e+00
1.390761494636535645e+00
1.390761494636535645e+00
1.390761494636535645e+00
1.390761494636535645e+00
1.390761494636535645e+00
7.125966548919677734e-01
7.125966548919677734e-01
8.878816962242126465e-01
8.878816962242126465e-01
8.878816962242126465e-01
6.578711271286010742e-01
6.578711271286010742e-01
6.578711271286010742e-01
6.578711271286010742e-01
6.578711271286010742e-01
6.578711271286010742e-01
2.407165765762329102e-01
2.407165765762329102e-01
2.407165765762329102e-01
2.407165765762329102e-01
2.407165765762329102e-01
2.407165765762329102e-01
2.407165765762329102e-01
2.407165765762329102e-01
2.407165765762329102e-01
2.407165765762329102e-01
2.407165765762329102e-01
2.407165765762329102e-01
2.407165765762329102e-01
2.407165765762329102e-01
2.407165765762329102e-01
8.323489427566528320e-01
8.323489427566528320e-01
8.323489427566528320e-01
8.323489427566528320e-01
8.323489427566528320e-01
8.323489427566528320e-01
8.323489427566528320e-01
8.323489427566528320e-01
1.947177410125732422e+00
1.947177410125732422e+00
9.297375679016113281e-01
9.297375679016113281e-01
9.297375679016113281e-01
9.297375679016113281e-01
7.500262260437011719e-01
2.264644503593444824e-01
2.264644503593444824e-01
1.428147077560424805e+00
2.689100503921508789e-01
9.613291025161743164e-01
9.613291025161743164e-01
9.613291025161743164e-01
9.613291025161743164e-01
9.613291025161743164e-01
9.613291025161743164e-01
9.613291025161743164e-01
8.107663989067077637e-01
8.107663989067077637e-01
1.567674279212951660e+00
1.516146898269653320e+00
1.516146898269653320e+00
1.516146898269653320e+00
1.516146898269653320e+00
1.287313461303710938e+00
1.287313461303710938e+00
1.287313461303710938e+00
3.523322939872741699e-01
3.523322939872741699e-01
1.286854743957519531e+00
1.286854743957519531e+00
4.615572094917297363e-01
4.615572094917297363e-01
4.615572094917297363e-01
4.615572094917297363e-01
4.615572094917297363e-01
4.615572094917297363e-01
4.615572094917297363e-01
4.615572094917297363e-01
4.615572094917297363e-01
4.615572094917297363e-01
4.615572094917297363e-01
4.615572094917297363e-01
4.615572094917297363e-01
4.615572094917297363e-01
4.615572094917297363e-01
4.615572094917297363e-01
4.615572094917297363e-01
4.615572094917297363e-01
4.615572094917297363e-01
4.615572094917297363e-01
4.615572094917297363e-01
4.960194528102874756e-01
4.960194528102874756e-01
1.604588985443115234e+00
1.604588985443115234e+00
1.370025277137756348e+00
1.200143814086914062e+00
1.200143814086914062e+00
1.200143814086914062e+00
1.200143814086914062e+00
1.200143814086914062e+00
1.200143814086914062e+00
6.586772799491882324e-01
6.586772799491882324e-01
6.586772799491882324e-01
6.586772799491882324e-01
6.586772799491882324e-01
6.792461276054382324e-01
6.792461276054382324e-01
6.792461276054382324e-01
1.137484312057495117e+00
1.137484312057495117e+00
1.137484312057495117e+00
1.414492845535278320e+00
1.277806162834167480e+00
1.277806162834167480e+00
1.277806162834167480e+00
1.277806162834167480e+00
1.277806162834167480e+00
1.277806162834167480e+00
1.277806162834167480e+00
1.277806162834167480e+00
1.277806162834167480e+00
1.277806162834167480e+00
1.277806162834167480e+00
1.277806162834167480e+00
1.277806162834167480e+00
1.277806162834167480e+00
1.277806162834167480e+00
1.277806162834167480e+00
1.277806162834167480e+00
1.277806162834167480e+00
1.277806162834167480e+00
1.277806162834167480e+00
1.277806162834167480e+00
1.705569744110107422e+00
1.705569744110107422e+00
1.013376235961914062e+00
1.013376235961914062e+00
7.059519290924072266e-01
7.059519290924072266e-01
7.059519290924072266e-01
7.059519290924072266e-01
7.059519290924072266e-01
7.059519290924072266e-01
7.059519290924072266e-01
7.059519290924072266e-01
7.059519290924072266e-01
7.059519290924072266e-01
7.059519290924072266e-01
7.059519290924072266e-01
7.059519290924072266e-01
7.059519290924072266e-01
7.059519290924072266e-01
7.059519290924072266e-01
7.059519290924072266e-01
7.059519290924072266e-01
7.059519290924072266e-01
8.452320098876953125e-01
8.452320098876953125e-01
8.452320098876953125e-01
8.452320098876953125e-01
8.452320098876953125e-01
8.452320098876953125e-01
9.793599843978881836e-01
7.187298536300659180e-01
7.187298536300659180e-01
2.191318869590759277e-01
2.191318869590759277e-01
2.191318869590759277e-01
2.191318869590759277e-01
3.671509623527526855e-01
3.671509623527526855e-01
3.671509623527526855e-01
3.671509623527526855e-01
3.671509623527526855e-01
3.671509623527526855e-01
3.671509623527526855e-01
3.671509623527526855e-01
3.671509623527526855e-01
3.671509623527526855e-01
3.671509623527526855e-01
3.671509623527526855e-01
3.671509623527526855e-01
3.671509623527526855e-01
4.416372776031494141e-01
9.641434550285339355e-01
9.641434550285339355e-01
1.380456328392028809e+00
1.380456328392028809e+00
1.143407464027404785e+00
1.129745960235595703e+00
1.129745960235595703e+00
1.129745960235595703e+00
1.129745960235595703e+00
1.129745960235595703e+00
1.129745960235595703e+00
8.253905773162841797e-01
8.253905773162841797e-01
8.253905773162841797e-01
8.253905773162841797e-01
8.253905773162841797e-01
8.253905773162841797e-01
8.253905773162841797e-01
8.253905773162841797e-01
8.253905773162841797e-01
8.253905773162841797e-01
1.175329446792602539e+00
6.442426443099975586e-01
1.512772917747497559e+00
7.219126224517822266e-01
3.802270591259002686e-01
3.802270591259002686e-01
3.802270591259002686e-01
4.182913899421691895e-01
4.182913899421691895e-01
1.058419466018676758e+00
8.762559890747070312e-01
8.762559890747070312e-01
8.762559890747070312e-01
8.762559890747070312e-01
8.762559890747070312e-01
8.762559890747070312e-01
8.762559890747070312e-01
8.762559890747070312e-01
1.242007851600646973e+00
1.242007851600646973e+00
4.022620320320129395e-01
1.642856597900390625e+00
1.642856597900390625e+00
1.642856597900390625e+00
1.642856597900390625e+00
1.642856597900390625e+00
1.642856597900390625e+00
1.370754480361938477e+00
1.370754480361938477e+00
1.370754480361938477e+00
1.995214223861694336e-01
1.995214223861694336e-01
1.995214223861694336e-01
1.306385397911071777e+00
1.306385397911071777e+00
1.258089065551757812e+00
1.258089065551757812e+00
1.258089065551757812e+00
9.184173345565795898e-01
9.184173345565795898e-01
9.184173345565795898e-01
9.184173345565795898e-01
9.184173345565795898e-01
9.184173345565795898e-01
9.184173345565795898e-01
7.201935648918151855e-01
7.201935648918151855e-01
7.201935648918151855e-01
7.201935648918151855e-01
4.171997606754302979e-01
4.171997606754302979e-01
4.171997606754302979e-01
4.171997606754302979e-01
4.171997606754302979e-01
4.171997606754302979e-01
4.088174700736999512e-01
4.088174700736999512e-01
4.088174700736999512e-01
8.104940652847290039e-01
8.104940652847290039e-01
8.104940652847290039e-01
8.104940652847290039e-01
8.104940652847290039e-01
8.104940652847290039e-01
1.361988067626953125e+00
1.361988067626953125e+00
1.361988067626953125e+00
1.361988067626953125e+00
1.361988067626953125e+00
1.361988067626953125e+00
1.361988067626953125e+00
1.361988067626953125e+00
1.361988067626953125e+00
1.361988067626953125e+00
2.213265895843505859e-01
1.128339529037475586e+00
7.120605111122131348e-01
4.662903249263763428e-01
6.550859212875366211e-01
6.550859212875366211e-01
6.550859212875366211e-01
6.550859212875366211e-01
6.550859212875366211e-01
6.550859212875366211e-01
6.550859212875366211e-01
1.007196664810180664e+00
1.007196664810180664e+00
1.007196664810180664e+00
1.007196664810180664e+00
1.007196664810180664e+00
1.007196664810180664e+00
1.007196664810180664e+00
4.988233447074890137e-01
4.988233447074890137e-01
4.988233447074890137e-01
4.988233447074890137e-01
4.988233447074890137e-01
4.988233447074890137e-01
4.988233447074890137e-01
4.988233447074890137e-01
4.988233447074890137e-01
4.988233447074890137e-01
4.988233447074890137e-01
4.988233447074890137e-01
4.988233447074890137e-01
4.988233447074890137e-01
9.631693363189697266e-01
9.631693363189697266e-01
7.552868723869323730e-01
7.552868723869323730e-01
7.552868723869323730e-01
5.121898055076599121e-01
5.121898055076599121e-01
5.121898055076599121e-01
3.927455842494964600e-01
3.706358075141906738e-01
3.706358075141906738e-01
3.706358075141906738e-01
1.166371703147888184e+00
1.166371703147888184e+00
1.166371703147888184e+00
1.166371703147888184e+00
1.166371703147888184e+00
1.166371703147888184e+00
1.166371703147888184e+00
1.166371703147888184e+00
1.166371703147888184e+00
1.166371703147888184e+00
1.166371703147888184e+00
1.166371703147888184e+00
1.166371703147888184e+00
1.166371703147888184e+00
1.166371703147888184e+00
1.166371703147888184e+00
8.216856718063354492e-01
8.216856718063354492e-01
8.216856718063354492e-01
3.620007932186126709e-01
3.620007932186126709e-01
3.620007932186126709e-01
3.620007932186126709e-01
3.620007932186126709e-01
3.620007932186126709e-01
8.504880666732788086e-01
8.504880666732788086e-01
8.504880666732788086e-01
8.504880666732788086e-01
8.504880666732788086e-01
8.504880666732788086e-01
8.504880666732788086e-01
8.504880666732788086e-01
8.504880666732788086e-01
8.504880666732788086e-01
8.504880666732788086e-01
8.504880666732788086e-01
8.504880666732788086e-01
8.504880666732788086e-01
8.504880666732788086e-01
2.116363286972045898e+00
2.116363286972045898e+00
2.116363286972045898e+00
8.292939662933349609e-01
8.292939662933349609e-01
1.397918581962585449e+00
1.397918581962585449e+00
1.397918581962585449e+00
6.113072633743286133e-01
9.237406253814697266e-01
9.237406253814697266e-01
9.237406253814697266e-01
9.237406253814697266e-01
8.720942735671997070e-01
8.720942735671997070e-01
8.720942735671997070e-01
1.039888143539428711e+00
1.039888143539428711e+00
1.039888143539428711e+00
7.480574250221252441e-01
7.480574250221252441e-01
7.480574250221252441e-01
7.480574250221252441e-01
1.148810148239135742e+00
1.148810148239135742e+00
1.148810148239135742e+00
1.148810148239135742e+00
1.148810148239135742e+00
1.148810148239135742e+00
8.689635396003723145e-01
2.066983938217163086e+00
2.066983938217163086e+00
2.066983938217163086e+00
3.024669885635375977e-01
9.021472930908203125e-01
9.021472930908203125e-01
5.378999710083007812e-01
5.378999710083007812e-01
5.378999710083007812e-01
5.378999710083007812e-01
5.378999710083007812e-01
5.501450300216674805e-01
5.501450300216674805e-01
5.501450300216674805e-01
5.501450300216674805e-01
5.501450300216674805e-01
5.501450300216674805e-01
5.501450300216674805e-01
9.555824995040893555e-01
9.914522767066955566e-01
9.914522767066955566e-01
9.914522767066955566e-01
9.914522767066955566e-01
9.914522767066955566e-01
9.914522767066955566e-01
9.914522767066955566e-01
9.914522767066955566e-01
4.119120836257934570e-01
1.148190736770629883e+00
9.193949103355407715e-01
9.193949103355407715e-01
9.193949103355407715e-01
9.193949103355407715e-01
3.932252526283264160e-01
3.932252526283264160e-01
1.797725439071655273e+00
1.797725439071655273e+00
1.797725439071655273e+00
1.797725439071655273e+00
1.797725439071655273e+00
1.797725439071655273e+00
1.797725439071655273e+00
1.797725439071655273e+00
2.384996414184570312e+00
2.384996414184570312e+00
1.851119041442871094e+00
1.472638368606567383e+00
1.472638368606567383e+00
1.472638368606567383e+00
1.472638368606567383e+00
1.472638368606567383e+00
1.472638368606567383e+00
1.472638368606567383e+00
1.472638368606567383e+00
4.450795650482177734e-01
1.014153242111206055e+00
1.014153242111206055e+00
1.014153242111206055e+00
1.014153242111206055e+00
1.014153242111206055e+00
5.309251546859741211e-01
1.960922122001647949e+00
1.960922122001647949e+00
9.838299155235290527e-01
9.838299155235290527e-01
9.838299155235290527e-01
9.838299155235290527e-01
9.838299155235290527e-01
9.838299155235290527e-01
9.838299155235290527e-01
7.503638267517089844e-01
6.475291848182678223e-01
6.475291848182678223e-01
7.770195007324218750e-01
7.770195007324218750e-01
7.770195007324218750e-01
7.770195007324218750e-01
1.515486717224121094e+00
4.004744291305541992e-01
4.004744291305541992e-01
1.664029598236083984e+00
1.190620422363281250e+00
1.190620422363281250e+00
1.190620422363281250e+00
1.190620422363281250e+00
1.190620422363281250e+00
6.894443631172180176e-01
6.894443631172180176e-01
6.894443631172180176e-01
6.894443631172180176e-01
6.353329420089721680e-01
8.759106993675231934e-01
8.759106993675231934e-01
8.759106993675231934e-01
8.759106993675231934e-01
5.684273242950439453e-01
5.684273242950439453e-01
5.684273242950439453e-01
5.684273242950439453e-01
9.605298042297363281e-01
9.605298042297363281e-01
9.605298042297363281e-01
7.064583897590637207e-01
7.064583897590637207e-01
1.613050699234008789e+00
1.373425960540771484e+00
1.215641736984252930e+00
1.053717136383056641e+00
1.053717136383056641e+00
1.053717136383056641e+00
1.053717136383056641e+00
1.053717136383056641e+00
1.053717136383056641e+00
6.245977878570556641e-01
1.156716585159301758e+00
1.156716585159301758e+00
3.146694898605346680e-01
5.538139343261718750e-01
5.538139343261718750e-01
5.538139343261718750e-01
8.913067579269409180e-01
8.913067579269409180e-01
8.913067579269409180e-01
9.736824035644531250e-01
9.736824035644531250e-01
9.736824035644531250e-01
9.736824035644531250e-01
9.736824035644531250e-01
9.736824035644531250e-01
9.736824035644531250e-01
9.736824035644531250e-01
9.736824035644531250e-01
9.736824035644531250e-01
9.736824035644531250e-01
4.487774372100830078e-01
4.487774372100830078e-01
4.487774372100830078e-01
1.545486569404602051e+00
9.421812295913696289e-01
9.421812295913696289e-01
9.421812295913696289e-01
2.087382316589355469e+00
6.029552221298217773e-01
6.029552221298217773e-01
6.029552221298217773e-01
8.964781761169433594e-01
8.964781761169433594e-01
8.906734585762023926e-01
8.906734585762023926e-01
8.906734585762023926e-01
8.906734585762023926e-01
8.906734585762023926e-01
8.906734585762023926e-01
8.906734585762023926e-01
1.219887495040893555e+00
1.219887495040893555e+00
1.295827031135559082e+00
1.295827031135559082e+00
1.295827031135559082e+00
1.295827031135559082e+00
1.295827031135559082e+00
5.932685732841491699e-01
5.932685732841491699e-01
5.932685732841491699e-01
5.932685732841491699e-01
1.319336891174316406e+00
1.319336891174316406e+00
1.235905885696411133e+00
1.235905885696411133e+00
1.317193031311035156e+00
1.317193031311035156e+00
1.317193031311035156e+00
1.317193031311035156e+00
1.317193031311035156e+00
5.354499220848083496e-01
9.222778677940368652e-01
9.222778677940368652e-01
9.222778677940368652e-01
9.222778677940368652e-01
9.222778677940368652e-01
8.750342726707458496e-01
8.750342726707458496e-01
8.750342726707458496e-01
8.750342726707458496e-01
4.456352889537811279e-01
5.016578435897827148e-01
5.016578435897827148e-01
5.016578435897827148e-01
7.839309573173522949e-01
7.839309573173522949e-01
7.839309573173522949e-01
7.839309573173522949e-01
7.839309573173522949e-01
7.839309573173522949e-01
7.839309573173522949e-01
7.839309573173522949e-01
7.839309573173522949e-01
7.839309573173522949e-01
7.839309573173522949e-01
7.839309573173522949e-01
7.839309573173522949e-01
7.839309573173522949e-01
7.839309573173522949e-01
7.839309573173522949e-01
7.839309573173522949e-01
8.320038318634033203e-01
8.320038318634033203e-01
8.320038318634033203e-01
6.424956321716308594e-01
6.424956321716308594e-01
6.424956321716308594e-01
6.424956321716308594e-01
6.424956321716308594e-01
6.424956321716308594e-01
6.424956321716308594e-01
6.424956321716308594e-01
5.144146084785461426e-01
5.144146084785461426e-01
5.144146084785461426e-01
5.144146084785461426e-01
6.904417276382446289e-01
6.904417276382446289e-01
6.904417276382446289e-01
4.687114953994750977e-01
4.687114953994750977e-01
4.687114953994750977e-01
4.687114953994750977e-01
5.435583591461181641e-01
5.435583591461181641e-01
5.435583591461181641e-01
1.289105534553527832e+00
1.289105534553527832e+00
1.289105534553527832e+00
1.289105534553527832e+00
1.289105534553527832e+00
7.313024997711181641e-01
7.313024997711181641e-01
7.313024997711181641e-01
7.313024997711181641e-01
8.366916179656982422e-01
8.366916179656982422e-01
8.366916179656982422e-01
8.366916179656982422e-01
8.366916179656982422e-01
8.366916179656982422e-01
8.366916179656982422e-01
8.366916179656982422e-01
8.366916179656982422e-01
8.366916179656982422e-01
6.293575167655944824e-01
6.293575167655944824e-01
9.678767919540405273e-01
9.678767919540405273e-01
9.678767919540405273e-01
1.122859477996826172e+00
1.122859477996826172e+00
1.122859477996826172e+00
1.122859477996826172e+00
3.774744868278503418e-01
3.774744868278503418e-01
5.292611718177795410e-01
2.896616756916046143e-01
1.790802478790283203e+00
1.790802478790283203e+00
1.790802478790283203e+00
1.790802478790283203e+00
1.487289905548095703e+00
1.619588255882263184e+00
1.619588255882263184e+00
1.619588255882263184e+00
7.496649026870727539e-01
7.496649026870727539e-01
7.496649026870727539e-01
7.496649026870727539e-01
7.496649026870727539e-01
7.496649026870727539e-01
7.496649026870727539e-01
7.496649026870727539e-01
1.620483875274658203e+00
1.620483875274658203e+00
4.039181470870971680e-01
4.039181470870971680e-01
4.039181470870971680e-01
4.039181470870971680e-01
4.039181470870971680e-01
4.039181470870971680e-01
2.365789264440536499e-01
2.365789264440536499e-01
2.365789264440536499e-01
2.163591384887695312e+00
2.163591384887695312e+00
5.143363475799560547e-01
5.143363475799560547e-01
5.143363475799560547e-01
6.308396458625793457e-01
6.308396458625793457e-01
6.308396458625793457e-01
6.308396458625793457e-01
6.308396458625793457e-01
6.308396458625793457e-01
8.652843236923217773e-01
8.652843236923217773e-01
1.273226857185363770e+00
1.066354274749755859e+00
1.066354274749755859e+00
1.066354274749755859e+00
1.066354274749755859e+00
1.066354274749755859e+00
7.697026729583740234e-01
7.697026729583740234e-01
7.697026729583740234e-01
7.697026729583740234e-01
7.697026729583740234e-01
7.697026729583740234e-01
7.697026729583740234e-01
7.697026729583740234e-01
7.697026729583740234e-01
7.697026729583740234e-01
7.697026729583740234e-01
7.697026729583740234e-01
7.697026729583740234e-01
7.697026729583740234e-01
1.233006358146667480e+00
1.233006358146667480e+00
1.233006358146667480e+00
1.233006358146667480e+00
1.233006358146667480e+00
1.233006358146667480e+00
1.233006358146667480e+00
1.233006358146667480e+00
1.061152577400207520e+00
1.061152577400207520e+00
1.061152577400207520e+00
1.061152577400207520e+00
8.017721772193908691e-01
8.017721772193908691e-01
8.017721772193908691e-01
8.017721772193908691e-01
8.017721772193908691e-01
8.017721772193908691e-01
8.017721772193908691e-01
7.375646233558654785e-01
7.375646233558654785e-01
7.375646233558654785e-01
7.375646233558654785e-01
8.281776309013366699e-01
8.281776309013366699e-01
8.281776309013366699e-01
8.281776309013366699e-01
8.281776309013366699e-01
8.281776309013366699e-01
8.281776309013366699e-01
8.281776309013366699e-01
8.281776309013366699e-01
8.281776309013366699e-01
8.281776309013366699e-01
8.281776309013366699e-01
8.281776309013366699e-01
8.281776309013366699e-01
8.281776309013366699e-01
8.281776309013366699e-01
8.281776309013366699e-01
8.281776309013366699e-01
8.281776309013366699e-01
4.935144186019897461e-01
4.935144186019897461e-01
1.610365390777587891e+00
1.610365390777587891e+00
1.610365390777587891e+00
1.610365390777587891e+00
1.488180279731750488e+00
1.488180279731750488e+00
1.192658305168151855e+00
1.192658305168151855e+00
1.192658305168151855e+00
1.700238704681396484e+00
1.700238704681396484e+00
1.321879029273986816e+00
8.146817684173583984e-01
8.146817684173583984e-01
8.146817684173583984e-01
8.146817684173583984e-01
8.146817684173583984e-01
8.146817684173583984e-01
8.146817684173583984e-01
8.146817684173583984e-01
8.146817684173583984e-01
8.146817684173583984e-01
8.146817684173583984e-01
5.124668478965759277e-01
5.124668478965759277e-01
5.124668478965759277e-01
5.124668478965759277e-01
5.124668478965759277e-01
5.124668478965759277e-01
5.124668478965759277e-01
5.124668478965759277e-01
5.124668478965759277e-01
5.059993863105773926e-01
5.059993863105773926e-01
5.059993863105773926e-01
5.059993863105773926e-01
5.059993863105773926e-01
5.059993863105773926e-01
5.059993863105773926e-01
5.059993863105773926e-01
5.059993863105773926e-01
1.394114971160888672e+00
1.394114971160888672e+00
1.147139072418212891e+00
1.147139072418212891e+00
1.147139072418212891e+00
1.147139072418212891e+00
1.147139072418212891e+00
1.548653483390808105e+00
1.139197468757629395e+00
1.139197468757629395e+00
1.139197468757629395e+00
1.139197468757629395e+00
1.139197468757629395e+00
8.802207708358764648e-01
8.802207708358764648e-01
8.802207708358764648e-01
1.635237812995910645e+00
1.635237812995910645e+00
1.635237812995910645e+00
1.486001372337341309e+00
1.486001372337341309e+00
1.486001372337341309e+00
1.486001372337341309e+00
1.486001372337341309e+00
1.486001372337341309e+00
1.486001372337341309e+00
6.816129088401794434e-01
1.112055301666259766e+00
1.857351541519165039e+00
1.857351541519165039e+00
1.857351541519165039e+00
1.857351541519165039e+00
1.857351541519165039e+00
1.857351541519165039e+00
1.857351541519165039e+00
1.857351541519165039e+00
2.221965312957763672e+00
2.051726341247558594e+00
1.075491070747375488e+00
1.174560666084289551e+00
1.174560666084289551e+00
1.174560666084289551e+00
1.174560666084289551e+00
1.174560666084289551e+00
1.174560666084289551e+00
1.174560666084289551e+00
1.160403132438659668e+00
1.160403132438659668e+00
1.160403132438659668e+00
1.160403132438659668e+00
1.160403132438659668e+00
1.160403132438659668e+00
1.160403132438659668e+00
1.237984657287597656e+00
1.237984657287597656e+00
5.827094316482543945e-01
1.240616083145141602e+00
1.240616083145141602e+00
1.240616083145141602e+00
1.240616083145141602e+00
1.240616083145141602e+00
1.240616083145141602e+00
1.240616083145141602e+00
1.240616083145141602e+00
1.240616083145141602e+00
1.469325780868530273e+00
9.984226226806640625e-01
9.181579947471618652e-01
9.181579947471618652e-01
9.181579947471618652e-01
9.181579947471618652e-01
9.181579947471618652e-01
9.181579947471618652e-01
9.181579947471618652e-01
9.181579947471618652e-01
9.181579947471618652e-01
9.181579947471618652e-01
9.181579947471618652e-01
9.181579947471618652e-01
9.181579947471618652e-01
9.181579947471618652e-01
9.181579947471618652e-01
9.181579947471618652e-01
5.875107049942016602e-01
5.875107049942016602e-01
1.369884729385375977e+00
1.369884729385375977e+00
1.369884729385375977e+00
1.590525269508361816e+00
9.159595370292663574e-01
9.159595370292663574e-01
9.159595370292663574e-01
8.380453586578369141e-01
8.380453586578369141e-01
8.380453586578369141e-01
8.380453586578369141e-01
8.380453586578369141e-01
8.380453586578369141e-01
8.380453586578369141e-01
8.380453586578369141e-01
8.380453586578369141e-01
8.380453586578369141e-01
8.380453586578369141e-01
8.380453586578369141e-01
8.380453586578369141e-01
8.380453586578369141e-01
9.991895556449890137e-01
9.991895556449890137e-01
9.991895556449890137e-01
9.991895556449890137e-01
9.991895556449890137e-01
9.991895556449890137e-01
7.800784707069396973e-01
7.800784707069396973e-01
1.215801358222961426e+00
1.215801358222961426e+00
5.272827744483947754e-01
1.258277893066406250e+00
1.258277893066406250e+00
1.258277893066406250e+00
9.965686798095703125e-01
9.965686798095703125e-01
6.435762643814086914e-01
6.435762643814086914e-01
6.435762643814086914e-01
9.338871836662292480e-01
9.338871836662292480e-01
9.338871836662292480e-01
9.338871836662292480e-01
9.338871836662292480e-01
9.338871836662292480e-01
9.338871836662292480e-01
9.338871836662292480e-01
9.338871836662292480e-01
9.338871836662292480e-01
9.338871836662292480e-01
9.338871836662292480e-01
9.338871836662292480e-01
9.338871836662292480e-01
9.338871836662292480e-01
9.338871836662292480e-01
9.338871836662292480e-01
9.338871836662292480e-01
9.338871836662292480e-01
9.338871836662292480e-01
9.338871836662292480e-01
9.338871836662292480e-01
9.338871836662292480e-01
9.338871836662292480e-01
9.338871836662292480e-01
1.056605577468872070e+00
1.056605577468872070e+00
1.056605577468872070e+00
3.633971810340881348e-01
3.633971810340881348e-01
1.718679428100585938e+00
3.892775774002075195e-01
3.892775774002075195e-01
3.892775774002075195e-01
1.444350838661193848e+00
1.444350838661193848e+00
1.444350838661193848e+00
1.444350838661193848e+00
1.256533980369567871e+00
1.256533980369567871e+00
8.937243819236755371e-01
8.937243819236755371e-01
8.937243819236755371e-01
1.684516191482543945e+00
1.748360872268676758e+00
1.516206741333007812e+00
1.516206741333007812e+00
1.496815919876098633e+00
1.496815919876098633e+00
1.496815919876098633e+00
1.496815919876098633e+00
8.336405754089355469e-01
5.054138898849487305e-01
5.054138898849487305e-01
1.241895437240600586e+00
8.089032173156738281e-01
8.089032173156738281e-01
1.157454848289489746e+00
1.157454848289489746e+00
1.157454848289489746e+00
1.157454848289489746e+00
1.157454848289489746e+00
1.157454848289489746e+00
9.306791424751281738e-01
9.306791424751281738e-01
9.306791424751281738e-01
9.306791424751281738e-01
9.306791424751281738e-01
9.306791424751281738e-01
8.456357717514038086e-01
1.469025611877441406e+00
1.469025611877441406e+00
1.469025611877441406e+00
1.469025611877441406e+00
1.469025611877441406e+00
5.584741830825805664e-01
5.584741830825805664e-01
5.584741830825805664e-01
1.497162342071533203e+00
1.497162342071533203e+00
1.497162342071533203e+00
1.497162342071533203e+00
1.497162342071533203e+00
1.497162342071533203e+00
1.497162342071533203e+00
1.110333681106567383e+00
6.303890943527221680e-01
6.303890943527221680e-01
6.303890943527221680e-01
6.303890943527221680e-01
6.303890943527221680e-01
5.550425648689270020e-01
5.550425648689270020e-01
5.550425648689270020e-01
5.550425648689270020e-01
5.550425648689270020e-01
5.550425648689270020e-01
1.436872243881225586e+00
2.279404401779174805e-01
4.725393056869506836e-01
4.725393056869506836e-01
4.725393056869506836e-01
4.840649962425231934e-01
4.840649962425231934e-01
4.840649962425231934e-01
4.840649962425231934e-01
4.840649962425231934e-01
4.840649962425231934e-01
4.840649962425231934e-01
4.840649962425231934e-01
4.840649962425231934e-01
4.840649962425231934e-01
4.840649962425231934e-01
4.840649962425231934e-01
4.840649962425231934e-01
4.840649962425231934e-01
4.840649962425231934e-01
4.840649962425231934e-01
4.840649962425231934e-01
4.840649962425231934e-01
4.840649962425231934e-01
4.840649962425231934e-01
4.840649962425231934e-01
4.840649962425231934e-01
1.070789217948913574e+00
5.737795829772949219e-01
5.737795829772949219e-01
5.737795829772949219e-01
5.737795829772949219e-01
5.737795829772949219e-01
5.737795829772949219e-01
5.737795829772949219e-01
5.737795829772949219e-01
1.288984417915344238e+00
1.288984417915344238e+00
1.288984417915344238e+00
1.288984417915344238e+00
1.288984417915344238e+00
1.288984417915344238e+00
1.288984417915344238e+00
1.288984417915344238e+00
1.288984417915344238e+00
1.288984417915344238e+00
1.288984417915344238e+00
1.288984417915344238e+00
1.288984417915344238e+00
1.288984417915344238e+00
1.288984417915344238e+00
1.288984417915344238e+00
1.288984417915344238e+00
1.288984417915344238e+00
1.288984417915344238e+00
6.462430357933044434e-01
6.462430357933044434e-01
6.462430357933044434e-01
6.462430357933044434e-01
6.462430357933044434e-01
6.462430357933044434e-01
6.462430357933044434e-01
6.462430357933044434e-01
6.462430357933044434e-01
6.462430357933044434e-01
6.462430357933044434e-01
6.462430357933044434e-01
6.462430357933044434e-01
7.349949479103088379e-01
7.349949479103088379e-01
1.045649647712707520e+00
1.502469062805175781e+00
1.076467037200927734e+00
1.076467037200927734e+00
1.076467037200927734e+00
1.076467037200927734e+00
1.076467037200927734e+00
1.076467037200927734e+00
1.693385601043701172e+00
1.693385601043701172e+00
1.693385601043701172e+00
2.861564159393310547e-01
8.432968258857727051e-01
6.399565935134887695e-01
6.399565935134887695e-01
6.399565935134887695e-01
1.067165374755859375e+00
1.067165374755859375e+00
1.067165374755859375e+00
