7.040669918060302734e-01
7.040669918060302734e-01
1.036067843437194824e+00
1.036067843437194824e+00
1.036067843437194824e+00
1.036067843437194824e+00
8.461056947708129883e-01
8.461056947708129883e-01
7.234010696411132812e-01
7.234010696411132812e-01
7.234010696411132812e-01
7.234010696411132812e-01
6.586502790451049805e-01
7.291290163993835449e-01
7.291290163993835449e-01
7.291290163993835449e-01
7.291290163993835449e-01
7.291290163993835449e-01
7.291290163993835449e-01
7.291290163993835449e-01
7.291290163993835449e-01
7.291290163993835449e-01
1.958834409713745117e+00
1.958834409713745117e+00
1.958834409713745117e+00
1.958834409713745117e+00
1.958834409713745117e+00
1.958834409713745117e+00
1.993331313133239746e+00
1.993331313133239746e+00
4.486272335052490234e-01
5.635963082313537598e-01
7.204250097274780273e-01
7.204250097274780273e-01
1.450685977935791016e+00
1.450685977935791016e+00
1.450685977935791016e+00
1.450685977935791016e+00
1.662472963333129883e+00
1.662472963333129883e+00
1.060137748718261719e+00
1.060137748718261719e+00
1.060137748718261719e+00
1.060137748718261719e+00
9.565867185592651367e-01
9.565867185592651367e-01
9.565867185592651367e-01
9.565867185592651367e-01
1.232989549636840820e+00
7.023183703422546387e-01
7.023183703422546387e-01
7.115459442138671875e-01
7.115459442138671875e-01
1.210128664970397949e+00
1.210128664970397949e+00
1.210128664970397949e+00
1.210128664970397949e+00
1.210128664970397949e+00
1.210128664970397949e+00
1.175574421882629395e+00
1.356748104095458984e+00
1.418789982795715332e+00
5.081110596656799316e-01
5.081110596656799316e-01
5.081110596656799316e-01
4.653312265872955322e-01
9.440950155258178711e-01
9.440950155258178711e-01
9.440950155258178711e-01
9.440950155258178711e-01
6.232837438583374023e-01
6.232837438583374023e-01
8.999826908111572266e-01
8.999826908111572266e-01
8.999826908111572266e-01
8.999826908111572266e-01
8.999826908111572266e-01
8.999826908111572266e-01
8.999826908111572266e-01
8.999826908111572266e-01
8.999826908111572266e-01
8.999826908111572266e-01
8.999826908111572266e-01
1.461371183395385742e+00
1.168108105659484863e+00
1.168108105659484863e+00
1.168108105659484863e+00
7.162079811096191406e-01
2.474343478679656982e-01
5.909543037414550781e-01
5.909543037414550781e-01
5.909543037414550781e-01
8.003931045532226562e-01
1.113886713981628418e+00
1.864305377006530762e+00
1.904958128929138184e+00
1.904958128929138184e+00
1.904958128929138184e+00
1.904958128929138184e+00
1.904958128929138184e+00
5.352365970611572266e-01
5.352365970611572266e-01
5.352365970611572266e-01
5.352365970611572266e-01
1.077184438705444336e+00
1.077184438705444336e+00
1.077184438705444336e+00
1.315947294235229492e+00
3.820258975028991699e-01
3.820258975028991699e-01
3.820258975028991699e-01
3.820258975028991699e-01
3.820258975028991699e-01
7.475806474685668945e-01
1.070926427841186523e+00
1.070926427841186523e+00
1.406015753746032715e-01
4.084357321262359619e-01
5.605155825614929199e-01
5.605155825614929199e-01
5.605155825614929199e-01
4.623131453990936279e-01
4.623131453990936279e-01
3.943568468093872070e-01
1.698177099227905273e+00
9.037314653396606445e-01
1.209309935569763184e+00
1.132214188575744629e+00
1.132214188575744629e+00
4.493875503540039062e-01
4.493875503540039062e-01
4.493875503540039062e-01
4.493875503540039062e-01
6.051789522171020508e-01
6.051789522171020508e-01
6.051789522171020508e-01
6.051789522171020508e-01
6.051789522171020508e-01
1.447318196296691895e+00
7.413610816001892090e-01
9.530893564224243164e-01
9.530893564224243164e-01
9.530893564224243164e-01
9.530893564224243164e-01
1.008699655532836914e+00
1.008699655532836914e+00
1.246129870414733887e+00
9.037370681762695312e-01
5.632085204124450684e-01
8.602457046508789062e-01
8.602457046508789062e-01
8.602457046508789062e-01
8.602457046508789062e-01
8.602457046508789062e-01
3.943860828876495361e-01
3.943860828876495361e-01
3.943860828876495361e-01
3.943860828876495361e-01
8.575476408004760742e-01
8.575476408004760742e-01
8.575476408004760742e-01
6.672775149345397949e-01
1.109187960624694824e+00
1.340719461441040039e+00
4.392558336257934570e-01
4.392558336257934570e-01
4.392558336257934570e-01
4.392558336257934570e-01
4.392558336257934570e-01
3.446211814880371094e-01
3.446211814880371094e-01
5.340046882629394531e-01
5.340046882629394531e-01
5.340046882629394531e-01
5.340046882629394531e-01
2.424753308296203613e-01
9.539942741394042969e-01
9.539942741394042969e-01
9.539942741394042969e-01
9.539942741394042969e-01
9.539942741394042969e-01
1.052902817726135254e+00
1.052902817726135254e+00
8.268140554428100586e-01
1.267651438713073730e+00
1.267651438713073730e+00
1.267651438713073730e+00
1.654458403587341309e+00
1.654458403587341309e+00
1.654458403587341309e+00
1.654458403587341309e+00
1.014248967170715332e+00
1.203269720077514648e+00
1.203269720077514648e+00
8.997972011566162109e-01
8.997972011566162109e-01
8.997972011566162109e-01
1.978743195533752441e+00
3.133342266082763672e-01
4.984146654605865479e-01
4.984146654605865479e-01
4.984146654605865479e-01
4.984146654605865479e-01
4.984146654605865479e-01
4.984146654605865479e-01
1.077440619468688965e+00
1.077440619468688965e+00
1.077440619468688965e+00
6.005918979644775391e-01
4.117554426193237305e-01
4.117554426193237305e-01
4.117554426193237305e-01
8.188358545303344727e-01
8.188358545303344727e-01
8.118851780891418457e-01
1.095244050025939941e+00
4.417506456375122070e-01
7.082086205482482910e-01
4.910093545913696289e-01
4.910093545913696289e-01
4.910093545913696289e-01
4.910093545913696289e-01
4.910093545913696289e-01
4.910093545913696289e-01
4.910093545913696289e-01
4.910093545913696289e-01
4.910093545913696289e-01
3.742867708206176758e-01
3.742867708206176758e-01
1.110084533691406250e+00
1.110084533691406250e+00
6.675635576248168945e-01
6.675635576248168945e-01
6.675635576248168945e-01
2.519482374191284180e-01
7.874153852462768555e-01
7.874153852462768555e-01
7.874153852462768555e-01
1.333851814270019531e+00
1.316948890686035156e+00
1.727842092514038086e-01
1.727842092514038086e-01
1.727842092514038086e-01
4.917929470539093018e-01
4.917929470539093018e-01
4.917929470539093018e-01
4.663512110710144043e-01
1.965782880783081055e+00
1.965782880783081055e+00
1.965782880783081055e+00
1.368579387664794922e+00
1.368579387664794922e+00
1.564486622810363770e+00
1.564486622810363770e+00
1.564486622810363770e+00
1.564486622810363770e+00
4.849065542221069336e-01
6.175795793533325195e-01
6.175795793533325195e-01
9.040830731391906738e-01
9.040830731391906738e-01
7.756435871124267578e-01
9.360274076461791992e-01
9.360274076461791992e-01
9.360274076461791992e-01
9.360274076461791992e-01
9.360274076461791992e-01
9.360274076461791992e-01
9.360274076461791992e-01
9.360274076461791992e-01
1.130723237991333008e+00
1.130723237991333008e+00
1.434776306152343750e+00
1.434776306152343750e+00
1.434776306152343750e+00
8.475522994995117188e-01
6.755877137184143066e-01
6.755877137184143066e-01
6.755877137184143066e-01
9.378216266632080078e-01
9.378216266632080078e-01
9.378216266632080078e-01
9.209440350532531738e-01
8.608185052871704102e-01
1.019248843193054199e+00
1.019248843193054199e+00
1.280434846878051758e+00
1.358612775802612305e+00
1.358612775802612305e+00
1.358612775802612305e+00
1.358612775802612305e+00
1.134189486503601074e+00
1.134189486503601074e+00
1.528328299522399902e+00
1.528328299522399902e+00
6.435665488243103027e-01
6.435665488243103027e-01
2.187516689300537109e-01
2.187516689300537109e-01
3.926847577095031738e-01
3.926847577095031738e-01
5.436293482780456543e-01
5.436293482780456543e-01
5.436293482780456543e-01
5.436293482780456543e-01
5.436293482780456543e-01
5.436293482780456543e-01
5.436293482780456543e-01
5.436293482780456543e-01
5.436293482780456543e-01
5.436293482780456543e-01
5.436293482780456543e-01
5.436293482780456543e-01
5.436293482780456543e-01
5.436293482780456543e-01
5.436293482780456543e-01
5.436293482780456543e-01
5.436293482780456543e-01
1.114762187004089355e+00
1.206532716751098633e+00
7.423074841499328613e-01
9.581335783004760742e-01
2.951834797859191895e-01
2.951834797859191895e-01
8.909724950790405273e-01
8.909724950790405273e-01
8.909724950790405273e-01
8.909724950790405273e-01
8.909724950790405273e-01
8.909724950790405273e-01
8.909724950790405273e-01
8.909724950790405273e-01
8.909724950790405273e-01
1.455463886260986328e+00
1.455463886260986328e+00
1.455463886260986328e+00
1.185193061828613281e+00
1.313641786575317383e+00
8.784605264663696289e-01
8.784605264663696289e-01
8.784605264663696289e-01
8.784605264663696289e-01
8.784605264663696289e-01
1.398864984512329102e+00
7.839273214340209961e-01
1.275827288627624512e+00
1.275827288627624512e+00
1.275827288627624512e+00
1.446991205215454102e+00
1.446991205215454102e+00
7.986371517181396484e-01
1.196921944618225098e+00
1.196921944618225098e+00
1.278041958808898926e+00
1.109942078590393066e+00
1.158406853675842285e+00
1.281953573226928711e+00
1.080764412879943848e+00
1.080764412879943848e+00
1.080764412879943848e+00
1.080764412879943848e+00
1.104770064353942871e+00
1.104770064353942871e+00
1.104770064353942871e+00
1.104770064353942871e+00
1.104770064353942871e+00
1.354544997215270996e+00
4.532918930053710938e-01
4.532918930053710938e-01
2.238587290048599243e-01
8.518269062042236328e-01
6.117542982101440430e-01
1.685357928276062012e+00
1.685357928276062012e+00
1.685357928276062012e+00
1.685357928276062012e+00
1.685357928276062012e+00
1.685357928276062012e+00
1.685357928276062012e+00
1.685357928276062012e+00
5.374494791030883789e-01
5.374494791030883789e-01
1.091448068618774414e+00
7.870035767555236816e-01
1.647485256195068359e+00
1.647485256195068359e+00
1.647485256195068359e+00
1.647485256195068359e+00
1.043935775756835938e+00
2.835392355918884277e-01
2.835392355918884277e-01
2.835392355918884277e-01
2.835392355918884277e-01
2.835392355918884277e-01
2.835392355918884277e-01
2.835392355918884277e-01
2.835392355918884277e-01
2.835392355918884277e-01
5.085277557373046875e-01
5.085277557373046875e-01
5.085277557373046875e-01
5.085277557373046875e-01
5.085277557373046875e-01
4.164538383483886719e-01
4.164538383483886719e-01
1.237092494964599609e+00
1.237092494964599609e+00
1.237092494964599609e+00
6.420225501060485840e-01
6.420225501060485840e-01
6.420225501060485840e-01
1.083101272583007812e+00
1.083101272583007812e+00
1.083101272583007812e+00
1.083101272583007812e+00
1.083101272583007812e+00
9.759072065353393555e-01
9.759072065353393555e-01
9.759072065353393555e-01
9.978351593017578125e-01
9.978351593017578125e-01
7.012865543365478516e-01
7.012865543365478516e-01
1.063075304031372070e+00
1.063075304031372070e+00
8.287048935890197754e-01
1.476096391677856445e+00
1.476096391677856445e+00
1.760350227355957031e+00
1.062653541564941406e+00
1.062653541564941406e+00
4.296785593032836914e-01
4.296785593032836914e-01
1.083930373191833496e+00
1.083930373191833496e+00
1.083930373191833496e+00
1.083930373191833496e+00
1.083930373191833496e+00
1.083930373191833496e+00
9.264202713966369629e-01
9.264202713966369629e-01
5.535905361175537109e-01
5.535905361175537109e-01
5.535905361175537109e-01
5.535905361175537109e-01
5.535905361175537109e-01
2.019852697849273682e-01
1.963343024253845215e+00
1.963343024253845215e+00
2.044001102447509766e+00
1.915254354476928711e+00
1.915254354476928711e+00
5.246769189834594727e-01
5.246769189834594727e-01
5.246769189834594727e-01
5.246769189834594727e-01
9.822577238082885742e-01
4.652032852172851562e-01
5.145002007484436035e-01
5.145002007484436035e-01
5.145002007484436035e-01
5.145002007484436035e-01
2.980883121490478516e-01
2.980883121490478516e-01
1.425032615661621094e+00
2.551600933074951172e-01
2.551600933074951172e-01
6.279428005218505859e-01
6.279428005218505859e-01
6.279428005218505859e-01
1.202157735824584961e+00
3.586059808731079102e-01
3.586059808731079102e-01
5.508767366409301758e-01
1.003290176391601562e+00
1.003290176391601562e+00
9.192534685134887695e-01
3.376156687736511230e-01
3.376156687736511230e-01
3.376156687736511230e-01
4.747937321662902832e-01
2.917812764644622803e-01
2.917812764644622803e-01
2.917812764644622803e-01
2.917812764644622803e-01
2.917812764644622803e-01
2.917812764644622803e-01
8.523089885711669922e-01
8.523089885711669922e-01
1.404099225997924805e+00
1.404099225997924805e+00
1.447171211242675781e+00
1.305606007575988770e+00
6.657175421714782715e-01
9.647866487503051758e-01
9.647866487503051758e-01
9.647866487503051758e-01
7.018558979034423828e-01
5.296664834022521973e-01
3.457259535789489746e-01
1.418908357620239258e+00
1.418908357620239258e+00
7.905281186103820801e-01
7.905281186103820801e-01
7.905281186103820801e-01
6.963473558425903320e-01
1.096114993095397949e+00
1.096114993095397949e+00
4.213590025901794434e-01
4.213590025901794434e-01
1.253022313117980957e+00
1.253022313117980957e+00
1.253022313117980957e+00
1.253022313117980957e+00
1.253022313117980957e+00
3.899218440055847168e-01
3.899218440055847168e-01
4.871134757995605469e-01
1.226226568222045898e+00
1.226226568222045898e+00
1.226226568222045898e+00
5.102188587188720703e-01
5.102188587188720703e-01
1.104540824890136719e+00
1.104540824890136719e+00
1.104540824890136719e+00
8.703840970993041992e-01
8.657979965209960938e-01
8.657979965209960938e-01
8.657979965209960938e-01
5.215772390365600586e-01
5.215772390365600586e-01
5.215772390365600586e-01
5.215772390365600586e-01
5.215772390365600586e-01
6.859289407730102539e-01
6.859289407730102539e-01
6.859289407730102539e-01
6.859289407730102539e-01
6.859289407730102539e-01
9.219649434089660645e-01
9.219649434089660645e-01
9.219649434089660645e-01
1.416443586349487305e+00
1.490303039550781250e+00
1.688229680061340332e+00
1.688229680061340332e+00
1.688229680061340332e+00
8.606736063957214355e-01
8.606736063957214355e-01
8.606736063957214355e-01
8.606736063957214355e-01
8.606736063957214355e-01
8.606736063957214355e-01
8.606736063957214355e-01
8.606736063957214355e-01
8.606736063957214355e-01
8.606736063957214355e-01
8.606736063957214355e-01
8.606736063957214355e-01
8.606736063957214355e-01
8.606736063957214355e-01
8.606736063957214355e-01
8.606736063957214355e-01
1.185776948928833008e+00
1.185776948928833008e+00
5.933554172515869141e-01
5.762441158294677734e-01
5.131036639213562012e-01
1.612383365631103516e+00
2.323594093322753906e-01
2.323594093322753906e-01
2.323594093322753906e-01
2.674184143543243408e-01
2.674184143543243408e-01
4.378189146518707275e-01
4.378189146518707275e-01
4.378189146518707275e-01
6.976937651634216309e-01
6.976937651634216309e-01
8.531151413917541504e-01
7.792559266090393066e-01
7.792559266090393066e-01
7.792559266090393066e-01
7.792559266090393066e-01
4.755935966968536377e-01
4.755935966968536377e-01
4.755935966968536377e-01
1.086624026298522949e+00
1.086624026298522949e+00
1.086624026298522949e+00
1.184082746505737305e+00
1.184082746505737305e+00
1.576838493347167969e+00
1.576838493347167969e+00
1.576838493347167969e+00
1.323107600212097168e+00
9.766300320625305176e-01
9.766300320625305176e-01
9.766300320625305176e-01
9.766300320625305176e-01
1.148884177207946777e+00
1.148884177207946777e+00
1.148884177207946777e+00
1.148884177207946777e+00
1.148884177207946777e+00
1.148884177207946777e+00
1.007293939590454102e+00
1.214196920394897461e+00
1.214196920394897461e+00
1.214196920394897461e+00
1.214196920394897461e+00
3.468276858329772949e-01
7.195544242858886719e-01
7.195544242858886719e-01
3.037713766098022461e-01
3.037713766098022461e-01
3.037713766098022461e-01
3.037713766098022461e-01
4.877435863018035889e-01
4.877435863018035889e-01
4.877435863018035889e-01
4.877435863018035889e-01
5.998799204826354980e-01
5.998799204826354980e-01
4.442346990108489990e-01
4.442346990108489990e-01
4.442346990108489990e-01
4.442346990108489990e-01
4.442346990108489990e-01
4.442346990108489990e-01
4.442346990108489990e-01
1.032667636871337891e+00
1.032667636871337891e+00
1.032667636871337891e+00
1.032667636871337891e+00
1.050229310989379883e+00
7.946935296058654785e-01
7.946935296058654785e-01
6.113642454147338867e-01
6.113642454147338867e-01
1.015370130538940430e+00
1.015370130538940430e+00
1.015370130538940430e+00
1.015370130538940430e+00
1.015370130538940430e+00
1.015370130538940430e+00
9.837847352027893066e-01
9.837847352027893066e-01
9.837847352027893066e-01
9.837847352027893066e-01
9.837847352027893066e-01
9.837847352027893066e-01
9.837847352027893066e-01
9.837847352027893066e-01
9.837847352027893066e-01
9.837847352027893066e-01
1.358714699745178223e-01
1.358714699745178223e-01
6.448947191238403320e-01
6.448947191238403320e-01
6.448947191238403320e-01
6.448947191238403320e-01
4.677668213844299316e-01
4.677668213844299316e-01
4.677668213844299316e-01
8.746829032897949219e-01
8.746829032897949219e-01
8.746829032897949219e-01
8.746829032897949219e-01
1.381535768508911133e+00
1.674339413642883301e+00
1.674339413642883301e+00
1.674339413642883301e+00
1.674339413642883301e+00
1.674339413642883301e+00
1.674339413642883301e+00
1.447710633277893066e+00
1.447710633277893066e+00
1.499610185623168945e+00
1.565486192703247070e+00
1.565486192703247070e+00
1.565486192703247070e+00
1.565486192703247070e+00
1.565486192703247070e+00
1.565486192703247070e+00
1.565486192703247070e+00
1.565486192703247070e+00
1.517679572105407715e+00
7.749050855636596680e-01
4.878761470317840576e-01
4.878761470317840576e-01
5.844411253929138184e-01
5.844411253929138184e-01
9.350683093070983887e-01
9.350683093070983887e-01
7.993173003196716309e-01
1.442896127700805664e+00
1.442896127700805664e+00
1.442896127700805664e+00
1.442896127700805664e+00
1.103342413902282715e+00
1.103342413902282715e+00
1.103342413902282715e+00
1.616693377494812012e+00
1.570813298225402832e+00
1.570327758789062500e+00
2.325775623321533203e-01
2.325775623321533203e-01
1.492384076118469238e+00
1.492384076118469238e+00
1.129645586013793945e+00
2.238510847091674805e-01
2.238510847091674805e-01
2.238510847091674805e-01
2.238510847091674805e-01
2.238510847091674805e-01
1.313597679138183594e+00
1.313597679138183594e+00
1.313597679138183594e+00
8.296831846237182617e-01
8.296831846237182617e-01
8.296831846237182617e-01
8.296831846237182617e-01
8.296831846237182617e-01
8.296831846237182617e-01
8.296831846237182617e-01
8.296831846237182617e-01
3.682460784912109375e-01
3.682460784912109375e-01
1.011858105659484863e+00
1.011858105659484863e+00
1.011858105659484863e+00
5.206313133239746094e-01
5.206313133239746094e-01
5.206313133239746094e-01
5.206313133239746094e-01
1.385266304016113281e+00
1.385266304016113281e+00
1.385266304016113281e+00
1.385266304016113281e+00
1.385266304016113281e+00
1.118283271789550781e+00
9.191932678222656250e-01
5.709176063537597656e-01
6.908617615699768066e-01
6.908617615699768066e-01
6.908617615699768066e-01
1.936502456665039062e-01
2.113098144531250000e+00
2.113098144531250000e+00
2.113098144531250000e+00
2.113098144531250000e+00
1.121056437492370605e+00
1.121056437492370605e+00
1.178148984909057617e+00
2.534337043762207031e-01
1.340461015701293945e+00
1.340461015701293945e+00
1.340461015701293945e+00
1.340461015701293945e+00
1.340461015701293945e+00
1.020241260528564453e+00
1.020241260528564453e+00
8.505637049674987793e-01
8.505637049674987793e-01
8.505637049674987793e-01
8.505637049674987793e-01
8.505637049674987793e-01
4.672887325286865234e-01
4.672887325286865234e-01
9.234951734542846680e-01
1.273557782173156738e+00
6.305352449417114258e-01
6.305352449417114258e-01
6.305352449417114258e-01
6.305352449417114258e-01
6.305352449417114258e-01
6.305352449417114258e-01
6.305352449417114258e-01
6.305352449417114258e-01
6.305352449417114258e-01
6.305352449417114258e-01
6.305352449417114258e-01
6.305352449417114258e-01
6.305352449417114258e-01
1.168745517730712891e+00
1.168745517730712891e+00
1.168745517730712891e+00
7.520732879638671875e-01
7.520732879638671875e-01
7.520732879638671875e-01
8.085278868675231934e-01
1.169611930847167969e+00
1.169611930847167969e+00
1.169611930847167969e+00
4.436380267143249512e-01
4.436380267143249512e-01
4.436380267143249512e-01
6.167598962783813477e-01
6.167598962783813477e-01
1.461206912994384766e+00
1.206088781356811523e+00
1.035698771476745605e+00
1.035698771476745605e+00
1.240761280059814453e+00
1.238101840019226074e+00
1.238101840019226074e+00
3.124620914459228516e-01
1.201097249984741211e+00
1.193766593933105469e+00
1.193766593933105469e+00
1.193766593933105469e+00
1.193766593933105469e+00
1.193766593933105469e+00
3.410463929176330566e-01
3.410463929176330566e-01
3.410463929176330566e-01
1.156983852386474609e+00
5.737997889518737793e-01
5.737997889518737793e-01
4.821375608444213867e-01
4.821375608444213867e-01
4.821375608444213867e-01
5.995575189590454102e-01
5.995575189590454102e-01
5.995575189590454102e-01
1.148677349090576172e+00
1.148677349090576172e+00
7.689653635025024414e-01
2.195078134536743164e-01
2.195078134536743164e-01
1.541958570480346680e+00
4.226539134979248047e-01
6.026205420494079590e-01
3.912604451179504395e-01
3.912604451179504395e-01
4.698252677917480469e-01
8.028393983840942383e-01
8.028393983840942383e-01
8.028393983840942383e-01
7.199840545654296875e-01
8.392031788825988770e-01
7.343477606773376465e-01
7.505415678024291992e-01
1.257566690444946289e+00
5.620880126953125000e-01
5.620880126953125000e-01
1.424893260002136230e+00
1.424893260002136230e+00
1.424893260002136230e+00
8.328930735588073730e-01
8.328930735588073730e-01
8.328930735588073730e-01
8.328930735588073730e-01
7.711156010627746582e-01
8.890330791473388672e-01
5.181667804718017578e-01
5.181667804718017578e-01
5.181667804718017578e-01
5.181667804718017578e-01
5.181667804718017578e-01
5.181667804718017578e-01
5.181667804718017578e-01
2.614744007587432861e-01
2.614744007587432861e-01
2.614744007587432861e-01
2.614744007587432861e-01
2.614744007587432861e-01
1.790665984153747559e-01
9.746334552764892578e-01
4.820963144302368164e-01
1.789859235286712646e-01
1.789859235286712646e-01
1.789859235286712646e-01
1.088409543037414551e+00
1.088409543037414551e+00
1.161735415458679199e+00
1.161735415458679199e+00
1.161735415458679199e+00
8.904787898063659668e-01
6.356470584869384766e-01
6.356470584869384766e-01
1.214163780212402344e+00
1.214163780212402344e+00
6.277183294296264648e-01
6.277183294296264648e-01
6.277183294296264648e-01
6.277183294296264648e-01
9.040305018424987793e-01
9.040305018424987793e-01
1.839627981185913086e+00
4.005340337753295898e-01
4.005340337753295898e-01
4.005340337753295898e-01
3.265243172645568848e-01
3.265243172645568848e-01
3.265243172645568848e-01
7.636862993240356445e-01
9.590622186660766602e-01
9.590622186660766602e-01
9.590622186660766602e-01
1.045157551765441895e+00
5.135744810104370117e-01
5.135744810104370117e-01
5.135744810104370117e-01
5.135744810104370117e-01
5.135744810104370117e-01
5.135744810104370117e-01
5.135744810104370117e-01
5.176038742065429688e-01
1.651773333549499512e+00
1.651773333549499512e+00
1.651773333549499512e+00
1.794260382652282715e+00
1.286477565765380859e+00
1.023078680038452148e+00
1.023078680038452148e+00
9.029225111007690430e-01
9.029225111007690430e-01
9.029225111007690430e-01
9.029225111007690430e-01
6.271566152572631836e-01
6.271566152572631836e-01
6.271566152572631836e-01
6.271566152572631836e-01
1.153268814086914062e+00
1.159669399261474609e+00
1.184820532798767090e+00
1.184820532798767090e+00
1.184820532798767090e+00
1.184820532798767090e+00
1.184820532798767090e+00
1.184820532798767090e+00
1.377251148223876953e+00
1.319369196891784668e+00
1.071000695228576660e+00
1.071000695228576660e+00
1.071000695228576660e+00
1.071000695228576660e+00
1.071000695228576660e+00
8.729300498962402344e-01
8.729300498962402344e-01
8.729300498962402344e-01
8.729300498962402344e-01
8.729300498962402344e-01
9.827846288681030273e-01
5.556923151016235352e-01
5.556923151016235352e-01
5.556923151016235352e-01
8.426877856254577637e-01
8.426877856254577637e-01
8.426877856254577637e-01
1.186927795410156250e+00
1.186927795410156250e+00
1.186927795410156250e+00
1.186927795410156250e+00
6.987653374671936035e-01
5.866363644599914551e-01
8.598029613494873047e-01
9.751877188682556152e-01
1.062525510787963867e+00
1.062525510787963867e+00
1.062525510787963867e+00
1.305671930313110352e-01
1.305671930313110352e-01
1.832993388175964355e+00
1.148012042045593262e+00
1.249475002288818359e+00
6.315569877624511719e-01
1.143985748291015625e+00
1.143985748291015625e+00
1.143985748291015625e+00
3.957101702690124512e-01
3.957101702690124512e-01
7.241936326026916504e-01
7.241936326026916504e-01
7.241936326026916504e-01
7.241936326026916504e-01
7.241936326026916504e-01
7.241936326026916504e-01
7.241936326026916504e-01
7.241936326026916504e-01
7.241936326026916504e-01
7.241936326026916504e-01
7.241936326026916504e-01
7.241936326026916504e-01
7.241936326026916504e-01
1.161864638328552246e+00
1.161864638328552246e+00
4.452703595161437988e-01
4.452703595161437988e-01
4.452703595161437988e-01
4.452703595161437988e-01
1.356060266494750977e+00
1.171891093254089355e+00
1.202762007713317871e+00
1.119731664657592773e+00
1.432723522186279297e+00
1.432723522186279297e+00
8.918220400810241699e-01
8.918220400810241699e-01
6.462198495864868164e-01
6.462198495864868164e-01
6.462198495864868164e-01
1.009617924690246582e+00
1.009617924690246582e+00
1.009617924690246582e+00
4.101989865303039551e-01
3.208011388778686523e-01
3.208011388778686523e-01
1.454427599906921387e+00
8.535162210464477539e-01
8.535162210464477539e-01
8.535162210464477539e-01
8.535162210464477539e-01
8.535162210464477539e-01
6.721873879432678223e-01
6.721873879432678223e-01
1.636059761047363281e+00
1.975474834442138672e+00
9.651576280593872070e-01
9.651576280593872070e-01
5.191916227340698242e-01
5.191916227340698242e-01
1.186197876930236816e+00
1.237607717514038086e+00
1.237607717514038086e+00
1.237607717514038086e+00
7.479197978973388672e-01
7.479197978973388672e-01
7.479197978973388672e-01
7.479197978973388672e-01
7.479197978973388672e-01
7.479197978973388672e-01
7.479197978973388672e-01
7.479197978973388672e-01
7.479197978973388672e-01
8.487762808799743652e-01
8.487762808799743652e-01
6.573647260665893555e-01
4.198384881019592285e-01
4.198384881019592285e-01
1.307934999465942383e+00
1.184212327003479004e+00
7.070541381835937500e-01
1.367236971855163574e+00
1.678684473037719727e+00
1.678684473037719727e+00
7.351399660110473633e-01
7.351399660110473633e-01
7.351399660110473633e-01
3.839029967784881592e-01
3.839029967784881592e-01
3.839029967784881592e-01
3.839029967784881592e-01
3.839029967784881592e-01
9.876663684844970703e-01
6.550225019454956055e-01
6.550225019454956055e-01
6.550225019454956055e-01
2.173886895179748535e-01
4.624307751655578613e-01
4.624307751655578613e-01
4.624307751655578613e-01
4.624307751655578613e-01
4.624307751655578613e-01
6.689877510070800781e-01
6.689877510070800781e-01
6.689877510070800781e-01
1.114142894744873047e+00
5.959387421607971191e-01
5.959387421607971191e-01
5.959387421607971191e-01
1.255311846733093262e+00
5.584142208099365234e-01
2.914101481437683105e-01
4.435105025768280029e-01
4.435105025768280029e-01
4.435105025768280029e-01
4.435105025768280029e-01
8.379861116409301758e-01
1.020553231239318848e+00
3.564180135726928711e-01
1.050113677978515625e+00
5.305694937705993652e-01
5.305694937705993652e-01
5.305694937705993652e-01
5.305694937705993652e-01
7.422970533370971680e-01
7.422970533370971680e-01
7.422970533370971680e-01
1.049320697784423828e+00
1.129207253456115723e+00
1.254390239715576172e+00
1.254390239715576172e+00
1.427297353744506836e+00
1.427297353744506836e+00
5.029557943344116211e-01
3.653594255447387695e-01
7.976325154304504395e-01
7.976325154304504395e-01
7.976325154304504395e-01
7.976325154304504395e-01
7.976325154304504395e-01
7.976325154304504395e-01
1.063480615615844727e+00
1.063480615615844727e+00
1.063480615615844727e+00
1.063480615615844727e+00
1.063480615615844727e+00
1.063480615615844727e+00
1.063480615615844727e+00
1.063480615615844727e+00
1.063480615615844727e+00
3.799290060997009277e-01
3.799290060997009277e-01
3.799290060997009277e-01
2.958883941173553467e-01
2.958883941173553467e-01
2.958883941173553467e-01
2.958883941173553467e-01
2.958883941173553467e-01
2.958883941173553467e-01
2.958883941173553467e-01
2.958883941173553467e-01
2.958883941173553467e-01
1.599767088890075684e+00
1.599767088890075684e+00
1.599767088890075684e+00
1.327178001403808594e+00
1.327178001403808594e+00
1.266834497451782227e+00
1.266834497451782227e+00
8.905305862426757812e-01
8.905305862426757812e-01
8.905305862426757812e-01
1.054405331611633301e+00
1.054405331611633301e+00
7.681633234024047852e-01
7.681633234024047852e-01
7.681633234024047852e-01
7.681633234024047852e-01
7.681633234024047852e-01
7.681633234024047852e-01
7.681633234024047852e-01
5.570710897445678711e-01
7.951453328132629395e-01
7.951453328132629395e-01
9.088069200515747070e-01
9.088069200515747070e-01
1.299900293350219727e+00
1.622020006179809570e+00
1.622020006179809570e+00
1.622020006179809570e+00
1.687911748886108398e+00
1.118878602981567383e+00
1.118878602981567383e+00
1.118878602981567383e+00
1.118878602981567383e+00
1.072461605072021484e+00
1.072461605072021484e+00
5.090702772140502930e-01
5.090702772140502930e-01
4.411104321479797363e-01
4.411104321479797363e-01
4.411104321479797363e-01
9.605460166931152344e-01
9.605460166931152344e-01
9.605460166931152344e-01
9.605460166931152344e-01
9.605460166931152344e-01
9.605460166931152344e-01
9.546206593513488770e-01
1.178529024124145508e+00
7.710282802581787109e-01
7.710282802581787109e-01
7.710282802581787109e-01
7.710282802581787109e-01
7.710282802581787109e-01
7.710282802581787109e-01
2.397888898849487305e-01
2.397888898849487305e-01
6.136291623115539551e-01
6.136291623115539551e-01
6.136291623115539551e-01
6.136291623115539551e-01
5.751087665557861328e-01
5.751087665557861328e-01
5.751087665557861328e-01
6.653667092323303223e-01
5.112155675888061523e-01
5.112155675888061523e-01
5.112155675888061523e-01
5.460235476493835449e-01
5.460235476493835449e-01
5.460235476493835449e-01
1.114799499511718750e+00
1.114799499511718750e+00
1.114799499511718750e+00
1.195295095443725586e+00
1.195295095443725586e+00
1.195295095443725586e+00
1.195295095443725586e+00
5.813593864440917969e-01
5.813593864440917969e-01
5.813593864440917969e-01
1.243278384208679199e+00
1.243278384208679199e+00
1.243278384208679199e+00
1.243278384208679199e+00
8.303259611129760742e-01
8.303259611129760742e-01
8.303259611129760742e-01
1.101733565330505371e+00
1.148901939392089844e+00
1.148901939392089844e+00
1.148901939392089844e+00
1.148901939392089844e+00
1.148901939392089844e+00
1.148901939392089844e+00
8.459092974662780762e-01
9.751567244529724121e-01
9.751567244529724121e-01
6.445953845977783203e-01
6.445953845977783203e-01
1.014288544654846191e+00
1.014288544654846191e+00
1.024739146232604980e+00
7.277189493179321289e-01
1.204232811927795410e+00
1.233891010284423828e+00
1.043033480644226074e+00
1.043033480644226074e+00
1.043033480644226074e+00
6.885793209075927734e-01
6.885793209075927734e-01
6.885793209075927734e-01
7.788497209548950195e-01
7.788497209548950195e-01
7.788497209548950195e-01
6.517508029937744141e-01
6.517508029937744141e-01
6.517508029937744141e-01
1.125254750251770020e+00
1.125254750251770020e+00
1.125254750251770020e+00
1.125254750251770020e+00
1.125254750251770020e+00
1.125254750251770020e+00
1.085339188575744629e+00
1.085339188575744629e+00
1.085339188575744629e+00
1.085339188575744629e+00
1.544699907302856445e+00
1.544699907302856445e+00
1.544699907302856445e+00
1.544699907302856445e+00
2.122093439102172852e-01
2.122093439102172852e-01
8.674203157424926758e-01
8.674203157424926758e-01
8.941937685012817383e-01
8.941937685012817383e-01
8.941937685012817383e-01
8.941937685012817383e-01
8.941937685012817383e-01
8.941937685012817383e-01
8.068203926086425781e-01
8.068203926086425781e-01
8.068203926086425781e-01
2.743565440177917480e-01
8.114976882934570312e-01
8.114976882934570312e-01
9.429118037223815918e-01
9.429118037223815918e-01
6.139554977416992188e-01
3.747335672378540039e-01
1.159785151481628418e+00
1.159785151481628418e+00
1.291618347167968750e+00
1.291618347167968750e+00
1.291618347167968750e+00
1.291618347167968750e+00
1.291618347167968750e+00
1.291618347167968750e+00
1.205153465270996094e+00
1.010242819786071777e+00
1.778971910476684570e+00
1.778971910476684570e+00
5.285849571228027344e-01
5.285849571228027344e-01
5.285849571228027344e-01
5.285849571228027344e-01
1.046072006225585938e+00
3.710405826568603516e-01
3.710405826568603516e-01
3.710405826568603516e-01
3.710405826568603516e-01
1.604838490486145020e+00
7.373151779174804688e-01
7.373151779174804688e-01
7.373151779174804688e-01
7.373151779174804688e-01
7.373151779174804688e-01
7.918667197227478027e-01
7.918667197227478027e-01
7.918667197227478027e-01
1.434935092926025391e+00
4.731798171997070312e-01
4.731798171997070312e-01
7.614419460296630859e-01
7.614419460296630859e-01
7.614419460296630859e-01
7.614419460296630859e-01
7.614419460296630859e-01
7.614419460296630859e-01
6.053761243820190430e-01
6.053761243820190430e-01
6.053761243820190430e-01
8.855522274971008301e-01
8.855522274971008301e-01
8.855522274971008301e-01
6.272715926170349121e-01
1.071871519088745117e+00
8.450261354446411133e-01
1.113735675811767578e+00
1.113735675811767578e+00
1.113735675811767578e+00
1.113735675811767578e+00
1.113735675811767578e+00
1.048551440238952637e+00
1.048551440238952637e+00
1.048551440238952637e+00
1.217284083366394043e+00
1.217284083366394043e+00
1.217284083366394043e+00
1.217284083366394043e+00
1.217284083366394043e+00
1.061666011810302734e+00
1.061666011810302734e+00
1.061666011810302734e+00
1.061666011810302734e+00
8.979291319847106934e-01
1.284890413284301758e+00
1.284890413284301758e+00
1.284890413284301758e+00
1.082323193550109863e+00
1.082323193550109863e+00
1.326911926269531250e+00
1.505153656005859375e+00
1.505153656005859375e+00
1.505153656005859375e+00
1.505153656005859375e+00
1.505153656005859375e+00
1.505153656005859375e+00
1.091602325439453125e+00
1.091602325439453125e+00
2.653574943542480469e-01
2.653574943542480469e-01
3.992971181869506836e-01
3.992971181869506836e-01
3.992971181869506836e-01
3.992971181869506836e-01
3.992971181869506836e-01
3.992971181869506836e-01
6.763222813606262207e-01
6.763222813606262207e-01
6.763222813606262207e-01
1.496213197708129883e+00
1.496213197708129883e+00
1.145463824272155762e+00
1.091310501098632812e+00
1.091310501098632812e+00
5.285350680351257324e-01
5.285350680351257324e-01
1.186518669128417969e+00
1.186518669128417969e+00
1.186518669128417969e+00
1.186518669128417969e+00
1.186518669128417969e+00
1.186518669128417969e+00
1.186518669128417969e+00
6.811591386795043945e-01
6.811591386795043945e-01
6.811591386795043945e-01
6.811591386795043945e-01
1.525377631187438965e+00
1.525377631187438965e+00
1.525377631187438965e+00
1.442689538002014160e+00
1.442689538002014160e+00
5.375735163688659668e-01
5.375735163688659668e-01
5.375735163688659668e-01
5.375735163688659668e-01
8.254129886627197266e-01
7.636020183563232422e-01
8.921424746513366699e-01
8.921424746513366699e-01
5.639113187789916992e-01
5.639113187789916992e-01
5.639113187789916992e-01
5.639113187789916992e-01
1.785478949546813965e+00
1.785478949546813965e+00
1.312787294387817383e+00
7.719395160675048828e-01
1.319513797760009766e+00
1.603538393974304199e+00
1.603538393974304199e+00
1.603538393974304199e+00
1.603538393974304199e+00
1.019264936447143555e+00
5.330219268798828125e-01
5.330219268798828125e-01
5.330219268798828125e-01
5.330219268798828125e-01
7.661279439926147461e-01
7.661279439926147461e-01
7.661279439926147461e-01
7.661279439926147461e-01
7.661279439926147461e-01
7.661279439926147461e-01
7.661279439926147461e-01
7.661279439926147461e-01
7.661279439926147461e-01
7.661279439926147461e-01
7.661279439926147461e-01
7.661279439926147461e-01
7.661279439926147461e-01
7.661279439926147461e-01
7.499289512634277344e-01
9.312686324119567871e-01
9.312686324119567871e-01
8.094913959503173828e-01
8.094913959503173828e-01
8.094913959503173828e-01
8.094913959503173828e-01
8.094913959503173828e-01
1.336238861083984375e+00
1.887365579605102539e+00
1.887365579605102539e+00
1.887365579605102539e+00
1.019343137741088867e+00
6.598039865493774414e-01
6.598039865493774414e-01
1.400732994079589844e+00
1.400732994079589844e+00
1.400732994079589844e+00
8.893830776214599609e-01
8.893830776214599609e-01
1.184799194335937500e+00
1.352768659591674805e+00
1.352768659591674805e+00
1.352768659591674805e+00
1.352768659591674805e+00
1.150754690170288086e+00
1.150754690170288086e+00
1.150754690170288086e+00
8.167111873626708984e-01
8.167111873626708984e-01
8.167111873626708984e-01
8.167111873626708984e-01
8.167111873626708984e-01
6.717812418937683105e-01
3.997510075569152832e-01
3.919351100921630859e-01
3.919351100921630859e-01
3.919351100921630859e-01
3.919351100921630859e-01
3.919351100921630859e-01
3.919351100921630859e-01
3.919351100921630859e-01
3.003692030906677246e-01
3.003692030906677246e-01
1.021311163902282715e+00
1.021311163902282715e+00
6.750782728195190430e-01
9.445086121559143066e-01
1.129596114158630371e+00
1.280045986175537109e+00
4.883854389190673828e-01
4.883854389190673828e-01
4.883854389190673828e-01
4.883854389190673828e-01
4.883854389190673828e-01
4.285726845264434814e-01
4.285726845264434814e-01
4.285726845264434814e-01
4.285726845264434814e-01
5.890064835548400879e-01
5.890064835548400879e-01
5.890064835548400879e-01
3.544551134109497070e-01
3.544551134109497070e-01
3.544551134109497070e-01
1.652026176452636719e-01
1.013835430145263672e+00
1.013835430145263672e+00
1.013835430145263672e+00
1.013835430145263672e+00
1.013835430145263672e+00
9.304747581481933594e-01
9.304747581481933594e-01
9.304747581481933594e-01
6.123633980751037598e-01
1.136104822158813477e+00
5.892874002456665039e-01
5.651413202285766602e-01
3.366944193840026855e-01
3.366944193840026855e-01
3.366944193840026855e-01
3.366944193840026855e-01
4.463171362876892090e-01
1.408462047576904297e+00
2.742516994476318359e-01
8.557975292205810547e-01
8.557975292205810547e-01
8.557975292205810547e-01
8.557975292205810547e-01
8.557975292205810547e-01
6.759323477745056152e-01
6.759323477745056152e-01
1.309590101242065430e+00
1.309590101242065430e+00
1.309590101242065430e+00
1.309590101242065430e+00
1.226971864700317383e+00
1.226971864700317383e+00
1.226971864700317383e+00
1.226971864700317383e+00
1.226971864700317383e+00
9.506676197052001953e-01
9.506676197052001953e-01
9.506676197052001953e-01
9.506676197052001953e-01
5.144020915031433105e-01
3.719927668571472168e-01
3.719927668571472168e-01
3.719927668571472168e-01
1.122443795204162598e+00
5.384631752967834473e-01
5.384631752967834473e-01
5.384631752967834473e-01
5.384631752967834473e-01
5.384631752967834473e-01
5.384631752967834473e-01
5.384631752967834473e-01
5.384631752967834473e-01
5.690486431121826172e-01
1.095319509506225586e+00
1.603685855865478516e+00
1.603685855865478516e+00
1.603685855865478516e+00
1.603685855865478516e+00
1.096240997314453125e+00
1.096240997314453125e+00
1.096240997314453125e+00
1.096240997314453125e+00
1.096240997314453125e+00
6.833627223968505859e-01
6.833627223968505859e-01
5.682862997055053711e-01
5.682862997055053711e-01
1.872308611869812012e+00
1.872308611869812012e+00
7.558244466781616211e-01
7.558244466781616211e-01
1.283397793769836426e+00
1.283397793769836426e+00
1.212286472320556641e+00
1.212286472320556641e+00
1.212286472320556641e+00
9.100131392478942871e-01
9.365136027336120605e-01
9.365136027336120605e-01
9.365136027336120605e-01
9.365136027336120605e-01
9.365136027336120605e-01
2.702272534370422363e-01
7.747029066085815430e-01
5.027369260787963867e-01
5.027369260787963867e-01
1.087073087692260742e+00
4.877350330352783203e-01
4.877350330352783203e-01
4.877350330352783203e-01
4.877350330352783203e-01
1.143507957458496094e+00
1.143507957458496094e+00
1.200855016708374023e+00
8.999931216239929199e-01
4.242974519729614258e-01
7.140708565711975098e-01
7.140708565711975098e-01
8.999487757682800293e-01
1.840143680572509766e+00
1.840143680572509766e+00
1.326622009277343750e+00
1.326622009277343750e+00
6.568489074707031250e-01
6.568489074707031250e-01
6.568489074707031250e-01
6.568489074707031250e-01
6.568489074707031250e-01
6.568489074707031250e-01
6.568489074707031250e-01
6.568489074707031250e-01
6.568489074707031250e-01
1.795887470245361328e+00
1.432634830474853516e+00
1.115972876548767090e+00
7.114102840423583984e-01
6.334705948829650879e-01
6.334705948829650879e-01
1.132511615753173828e+00
1.132511615753173828e+00
5.089296698570251465e-01
1.359564542770385742e+00
1.359564542770385742e+00
1.359564542770385742e+00
1.359564542770385742e+00
1.359564542770385742e+00
1.359564542770385742e+00
1.359564542770385742e+00
1.359564542770385742e+00
1.359564542770385742e+00
1.359564542770385742e+00
1.359564542770385742e+00
1.359564542770385742e+00
1.359564542770385742e+00
1.359564542770385742e+00
1.193848967552185059e+00
1.193848967552185059e+00
1.193848967552185059e+00
7.452173233032226562e-01
7.452874183654785156e-01
7.452874183654785156e-01
1.028339266777038574e+00
1.759964227676391602e-01
1.759964227676391602e-01
3.200256228446960449e-01
6.996825933456420898e-01
5.667666792869567871e-01
5.667666792869567871e-01
5.667666792869567871e-01
1.060222148895263672e+00
1.060222148895263672e+00
5.156155228614807129e-01
5.156155228614807129e-01
5.156155228614807129e-01
5.156155228614807129e-01
5.156155228614807129e-01
5.156155228614807129e-01
1.244559288024902344e+00
1.244559288024902344e+00
1.244559288024902344e+00
1.244559288024902344e+00
1.223472714424133301e+00
1.775716304779052734e+00
1.246923685073852539e+00
1.246923685073852539e+00
1.246923685073852539e+00
1.246923685073852539e+00
8.830721378326416016e-01
9.145148396492004395e-01
1.264258265495300293e+00
4.435734152793884277e-01
5.116190910339355469e-01
5.116190910339355469e-01
3.771052956581115723e-01
3.771052956581115723e-01
1.276809453964233398e+00
1.276809453964233398e+00
9.600446224212646484e-01
4.898817539215087891e-01
4.898817539215087891e-01
1.488751649856567383e+00
2.212613821029663086e-01
2.212613821029663086e-01
4.198851287364959717e-01
4.198851287364959717e-01
4.198851287364959717e-01
4.198851287364959717e-01
4.198851287364959717e-01
4.198851287364959717e-01
4.198851287364959717e-01
1.380908489227294922e+00
1.200759768486022949e+00
1.200759768486022949e+00
1.200759768486022949e+00
1.247563719749450684e+00
1.247563719749450684e+00
1.793457031250000000e+00
1.667131066322326660e+00
3.586874008178710938e-01
6.580194234848022461e-01
6.580194234848022461e-01
6.580194234848022461e-01
6.580194234848022461e-01
7.953279018402099609e-01
7.953279018402099609e-01
5.630293488502502441e-01
5.630293488502502441e-01
9.508457779884338379e-01
9.508457779884338379e-01
9.508457779884338379e-01
9.508457779884338379e-01
9.508457779884338379e-01
9.508457779884338379e-01
5.518224239349365234e-01
1.172648191452026367e+00
9.168648719787597656e-01
1.528095245361328125e+00
1.528095245361328125e+00
4.625041484832763672e-01
4.625041484832763672e-01
4.625041484832763672e-01
4.625041484832763672e-01
4.625041484832763672e-01
4.625041484832763672e-01
4.625041484832763672e-01
4.625041484832763672e-01
4.625041484832763672e-01
4.625041484832763672e-01
4.625041484832763672e-01
4.625041484832763672e-01
4.625041484832763672e-01
1.122355461120605469e+00
1.122355461120605469e+00
1.122355461120605469e+00
4.900225996971130371e-01
4.900225996971130371e-01
4.900225996971130371e-01
4.900225996971130371e-01
4.900225996971130371e-01
2.229086756706237793e-01
2.229086756706237793e-01
3.102176487445831299e-01
3.102176487445831299e-01
3.102176487445831299e-01
3.058079183101654053e-01
3.058079183101654053e-01
4.245075285434722900e-01
4.245075285434722900e-01
1.473535656929016113e+00
1.748352289199829102e+00
2.594234943389892578e-01
2.594234943389892578e-01
2.594234943389892578e-01
2.594234943389892578e-01
2.594234943389892578e-01
2.594234943389892578e-01
2.594234943389892578e-01
1.174077272415161133e+00
1.174077272415161133e+00
1.174077272415161133e+00
1.174077272415161133e+00
1.174077272415161133e+00
1.573816418647766113e+00
1.952406406402587891e+00
1.353958606719970703e+00
1.353958606719970703e+00
1.353958606719970703e+00
1.353958606719970703e+00
1.353958606719970703e+00
1.549317479133605957e+00
1.549317479133605957e+00
3.134778738021850586e-01
9.489980936050415039e-01
9.489980936050415039e-01
9.489980936050415039e-01
4.716925919055938721e-01
4.750755131244659424e-01
4.750755131244659424e-01
4.750755131244659424e-01
4.750755131244659424e-01
4.750755131244659424e-01
4.750755131244659424e-01
4.750755131244659424e-01
4.750755131244659424e-01
4.750755131244659424e-01
1.181758880615234375e+00
1.181758880615234375e+00
1.181758880615234375e+00
9.918910861015319824e-01
8.817347884178161621e-01
8.817347884178161621e-01
1.618933796882629395e+00
1.585298061370849609e+00
1.395636677742004395e+00
1.395636677742004395e+00
1.395636677742004395e+00
1.214158892631530762e+00
1.214158892631530762e+00
1.314696907997131348e+00
1.314696907997131348e+00
1.314696907997131348e+00
1.567644357681274414e+00
1.567644357681274414e+00
1.567644357681274414e+00
1.567644357681274414e+00
1.624518632888793945e+00
2.006479263305664062e+00
2.006479263305664062e+00
2.006479263305664062e+00
3.320094347000122070e-01
3.320094347000122070e-01
3.320094347000122070e-01
1.212645292282104492e+00
4.704366326332092285e-01
4.704366326332092285e-01
4.128811359405517578e-01
4.128811359405517578e-01
4.128811359405517578e-01
4.149521291255950928e-01
4.149521291255950928e-01
4.149521291255950928e-01
3.198040127754211426e-01
3.198040127754211426e-01
5.264956951141357422e-01
1.196338653564453125e+00
1.196338653564453125e+00
8.936991691589355469e-01
1.039177417755126953e+00
1.039177417755126953e+00
6.339539289474487305e-01
6.339539289474487305e-01
9.059420228004455566e-01
9.059420228004455566e-01
9.059420228004455566e-01
9.059420228004455566e-01
9.059420228004455566e-01
9.059420228004455566e-01
1.464731931686401367e+00
1.464731931686401367e+00
1.291510224342346191e+00
4.593584537506103516e-01
1.017807483673095703e+00
1.017807483673095703e+00
1.017807483673095703e+00
1.017807483673095703e+00
1.460105895996093750e+00
1.460105895996093750e+00
1.460105895996093750e+00
1.460105895996093750e+00
1.499021887779235840e+00
1.499021887779235840e+00
1.479438662528991699e+00
1.479438662528991699e+00
7.972702980041503906e-01
7.972702980041503906e-01
1.322997212409973145e+00
1.322997212409973145e+00
1.322997212409973145e+00
1.098855018615722656e+00
1.098855018615722656e+00
1.260928034782409668e+00
1.260928034782409668e+00
1.532764434814453125e+00
1.183914184570312500e+00
4.263145327568054199e-01
4.263145327568054199e-01
3.845005035400390625e-01
6.837212443351745605e-01
5.654030442237854004e-01
5.654030442237854004e-01
5.654030442237854004e-01
5.654030442237854004e-01
2.304596304893493652e-01
1.526442527770996094e+00
1.311856865882873535e+00
8.001733422279357910e-01
8.001733422279357910e-01
8.001733422279357910e-01
8.001733422279357910e-01
8.001733422279357910e-01
8.001733422279357910e-01
8.001733422279357910e-01
8.001733422279357910e-01
8.001733422279357910e-01
7.115688323974609375e-01
3.309932947158813477e-01
3.309932947158813477e-01
3.309932947158813477e-01
3.309932947158813477e-01
6.353309154510498047e-01
1.430145740509033203e+00
1.430145740509033203e+00
1.430145740509033203e+00
1.430145740509033203e+00
1.430145740509033203e+00
2.008545637130737305e+00
1.593839764595031738e+00
1.209924340248107910e+00
1.096996784210205078e+00
1.008511424064636230e+00
1.008511424064636230e+00
1.008511424064636230e+00
1.008511424064636230e+00
1.008511424064636230e+00
9.160673022270202637e-01
6.467454433441162109e-01
2.900423109531402588e-01
9.081919193267822266e-01
3.118765950202941895e-01
6.680592298507690430e-01
6.680592298507690430e-01
6.680592298507690430e-01
6.680592298507690430e-01
6.680592298507690430e-01
6.680592298507690430e-01
5.906093120574951172e-01
5.906093120574951172e-01
9.799652099609375000e-01
9.534593820571899414e-01
9.534593820571899414e-01
9.534593820571899414e-01
9.534593820571899414e-01
8.357467055320739746e-01
8.357467055320739746e-01
8.357467055320739746e-01
8.357467055320739746e-01
8.357467055320739746e-01
1.316468119621276855e+00
1.316468119621276855e+00
8.919323682785034180e-01
8.919323682785034180e-01
8.919323682785034180e-01
8.919323682785034180e-01
5.482581853866577148e-01
5.482581853866577148e-01
5.482581853866577148e-01
5.482581853866577148e-01
6.896758079528808594e-01
6.896758079528808594e-01
6.896758079528808594e-01
8.282175064086914062e-01
8.282175064086914062e-01
8.987457752227783203e-01
8.987457752227783203e-01
8.987457752227783203e-01
5.849379301071166992e-01
5.849379301071166992e-01
1.615283846855163574e+00
1.615283846855163574e+00
4.235131740570068359e-01
4.235131740570068359e-01
1.501448392868041992e+00
1.501448392868041992e+00
1.501448392868041992e+00
7.132645845413208008e-01
7.132645845413208008e-01
8.198213577270507812e-01
8.198213577270507812e-01
8.198213577270507812e-01
5.412892103195190430e-01
5.412892103195190430e-01
9.913944005966186523e-01
9.913944005966186523e-01
9.913944005966186523e-01
9.913944005966186523e-01
1.839254617691040039e+00
5.807371139526367188e-01
5.807371139526367188e-01
5.807371139526367188e-01
5.807371139526367188e-01
5.807371139526367188e-01
5.807371139526367188e-01
1.470535278320312500e+00
1.470535278320312500e+00
1.470535278320312500e+00
1.470535278320312500e+00
1.470535278320312500e+00
3.071795701980590820e-01
3.071795701980590820e-01
3.071795701980590820e-01
7.727793455123901367e-01
7.727793455123901367e-01
7.727793455123901367e-01
7.727793455123901367e-01
7.727793455123901367e-01
7.727793455123901367e-01
7.727793455123901367e-01
1.328653097152709961e+00
1.328653097152709961e+00
1.328653097152709961e+00
7.786426544189453125e-01
9.986856579780578613e-01
9.986856579780578613e-01
6.426190137863159180e-01
6.426190137863159180e-01
4.844789505004882812e-01
4.844789505004882812e-01
4.844789505004882812e-01
1.590968728065490723e+00
1.590968728065490723e+00
1.750425815582275391e+00
9.793199300765991211e-01
9.793199300765991211e-01
9.793199300765991211e-01
9.793199300765991211e-01
9.793199300765991211e-01
9.793199300765991211e-01
9.793199300765991211e-01
9.793199300765991211e-01
2.877132892608642578e-01
2.877132892608642578e-01
2.877132892608642578e-01
2.877132892608642578e-01
2.877132892608642578e-01
1.492388010025024414e+00
1.564034104347229004e+00
1.564034104347229004e+00
2.614078521728515625e-01
2.614078521728515625e-01
4.346466660499572754e-01
6.528865098953247070e-01
6.528865098953247070e-01
6.528865098953247070e-01
6.528865098953247070e-01
3.958916664123535156e-01
3.958916664123535156e-01
3.958916664123535156e-01
3.958916664123535156e-01
4.720331430435180664e-01
4.720331430435180664e-01
4.720331430435180664e-01
4.720331430435180664e-01
1.120574951171875000e+00
1.120574951171875000e+00
1.120574951171875000e+00
1.120574951171875000e+00
1.120574951171875000e+00
1.120574951171875000e+00
1.120574951171875000e+00
1.120574951171875000e+00
1.277579069137573242e+00
8.351846933364868164e-01
8.735007047653198242e-01
8.735007047653198242e-01
8.735007047653198242e-01
1.087653398513793945e+00
3.564434051513671875e-01
8.413010239601135254e-01
8.413010239601135254e-01
8.342735171318054199e-01
8.342735171318054199e-01
8.342735171318054199e-01
8.342735171318054199e-01
8.342735171318054199e-01
8.342735171318054199e-01
6.777120828628540039e-01
6.777120828628540039e-01
6.777120828628540039e-01
6.777120828628540039e-01
6.777120828628540039e-01
6.777120828628540039e-01
6.777120828628540039e-01
6.777120828628540039e-01
2.240929901599884033e-01
2.240929901599884033e-01
2.135627269744873047e-01
2.135627269744873047e-01
2.135627269744873047e-01
2.135627269744873047e-01
2.135627269744873047e-01
2.135627269744873047e-01
2.331431359052658081e-01
2.331431359052658081e-01
5.624271035194396973e-01
5.624271035194396973e-01
1.309077382087707520e+00
1.273661971092224121e+00
1.273661971092224121e+00
1.273661971092224121e+00
6.508820652961730957e-01
6.508820652961730957e-01
9.219139814376831055e-01
9.219139814376831055e-01
5.575839877128601074e-01
5.575839877128601074e-01
5.575839877128601074e-01
5.575839877128601074e-01
1.023284912109375000e+00
1.023284912109375000e+00
1.023284912109375000e+00
1.023284912109375000e+00
8.833146691322326660e-01
8.833146691322326660e-01
8.833146691322326660e-01
2.808284759521484375e-01
2.808284759521484375e-01
2.808284759521484375e-01
8.502029776573181152e-01
8.502029776573181152e-01
8.502029776573181152e-01
8.502029776573181152e-01
8.502029776573181152e-01
6.754747033119201660e-01
6.754747033119201660e-01
6.754747033119201660e-01
8.219131827354431152e-01
8.219131827354431152e-01
8.219131827354431152e-01
8.219131827354431152e-01
7.199462056159973145e-01
7.199462056159973145e-01
7.199462056159973145e-01
7.199462056159973145e-01
5.640851855278015137e-01
5.640851855278015137e-01
1.235478162765502930e+00
1.235478162765502930e+00
8.153308629989624023e-01
1.755237817764282227e+00
1.755237817764282227e+00
1.755237817764282227e+00
1.755237817764282227e+00
1.755237817764282227e+00
3.131647109985351562e-01
3.131647109985351562e-01
3.131647109985351562e-01
7.732216119766235352e-01
9.633809328079223633e-01
1.247071266174316406e+00
1.247071266174316406e+00
1.247071266174316406e+00
1.247071266174316406e+00
1.247071266174316406e+00
1.326262474060058594e+00
1.230432152748107910e+00
1.230432152748107910e+00
4.261866211891174316e-01
8.927570581436157227e-01
6.786217689514160156e-01
5.521967411041259766e-01
6.493138074874877930e-01
6.493138074874877930e-01
1.313793897628784180e+00
1.309467554092407227e-01
9.963054656982421875e-01
9.963054656982421875e-01
9.963054656982421875e-01
9.963054656982421875e-01
9.963054656982421875e-01
9.963054656982421875e-01
9.963054656982421875e-01
1.806731462478637695e+00
1.545222520828247070e+00
1.545222520828247070e+00
1.545222520828247070e+00
1.545222520828247070e+00
2.464170455932617188e-01
2.464170455932617188e-01
2.464170455932617188e-01
1.558247923851013184e+00
1.370326280593872070e+00
6.912065148353576660e-01
6.912065148353576660e-01
6.912065148353576660e-01
6.912065148353576660e-01
9.300676584243774414e-01
9.300676584243774414e-01
8.231322169303894043e-01
8.231322169303894043e-01
8.231322169303894043e-01
6.980822682380676270e-01
6.980822682380676270e-01
6.980822682380676270e-01
6.366397738456726074e-01
6.252664327621459961e-01
6.252664327621459961e-01
6.252664327621459961e-01
1.034595608711242676e+00
1.034595608711242676e+00
7.493907213211059570e-01
1.030565500259399414e+00
1.030565500259399414e+00
1.030565500259399414e+00
1.030565500259399414e+00
4.142039418220520020e-01
4.142039418220520020e-01
1.279952287673950195e+00
1.279952287673950195e+00
4.981303811073303223e-01
4.981303811073303223e-01
4.981303811073303223e-01
4.981303811073303223e-01
4.981303811073303223e-01
4.981303811073303223e-01
4.981303811073303223e-01
4.981303811073303223e-01
4.981303811073303223e-01
4.981303811073303223e-01
4.981303811073303223e-01
1.507215976715087891e+00
1.758495450019836426e+00
1.758495450019836426e+00
1.973019957542419434e+00
1.973019957542419434e+00
8.394227027893066406e-01
4.707168042659759521e-01
4.707168042659759521e-01
1.406438350677490234e+00
1.406438350677490234e+00
1.406438350677490234e+00
1.351739168167114258e-01
1.351739168167114258e-01
5.439773201942443848e-02
5.439773201942443848e-02
1.239991188049316406e+00
1.239991188049316406e+00
1.891161561012268066e+00
5.149457454681396484e-01
5.149457454681396484e-01
1.167287349700927734e+00
1.459789752960205078e+00
1.852258443832397461e+00
1.852258443832397461e+00
1.447623014450073242e+00
1.608339786529541016e+00
1.608339786529541016e+00
1.250476837158203125e+00
1.434544324874877930e+00
1.407977342605590820e+00
1.407977342605590820e+00
1.407977342605590820e+00
1.494291067123413086e+00
1.115919113159179688e+00
1.115919113159179688e+00
9.658004045486450195e-01
9.658004045486450195e-01
9.658004045486450195e-01
9.658004045486450195e-01
1.171948909759521484e+00
3.102389574050903320e-01
1.389348983764648438e+00
1.389348983764648438e+00
1.389348983764648438e+00
1.389348983764648438e+00
1.389348983764648438e+00
4.490967988967895508e-01
4.762053787708282471e-01
1.304661870002746582e+00
1.304661870002746582e+00
1.304661870002746582e+00
1.356119394302368164e+00
1.168749332427978516e+00
1.168749332427978516e+00
1.168749332427978516e+00
1.168749332427978516e+00
1.168749332427978516e+00
1.175048232078552246e+00
8.848507404327392578e-01
5.466797351837158203e-01
5.466797351837158203e-01
1.068191051483154297e+00
1.068191051483154297e+00
5.973570346832275391e-01
1.261548995971679688e+00
1.261548995971679688e+00
1.261548995971679688e+00
1.261548995971679688e+00
1.261548995971679688e+00
1.261548995971679688e+00
1.261548995971679688e+00
1.261548995971679688e+00
1.337659478187561035e+00
1.337659478187561035e+00
1.337659478187561035e+00
1.564965248107910156e+00
1.564965248107910156e+00
1.564965248107910156e+00
1.294301867485046387e+00
6.388255357742309570e-01
4.319273829460144043e-01
6.627548336982727051e-01
6.627548336982727051e-01
6.627548336982727051e-01
6.627548336982727051e-01
6.627548336982727051e-01
6.627548336982727051e-01
9.648489952087402344e-01
9.648489952087402344e-01
6.902207136154174805e-01
1.147809863090515137e+00
1.147809863090515137e+00
1.147809863090515137e+00
1.147809863090515137e+00
1.147809863090515137e+00
1.147809863090515137e+00
1.147809863090515137e+00
1.147809863090515137e+00
6.192302703857421875e-01
9.119637012481689453e-01
9.119637012481689453e-01
9.119637012481689453e-01
9.119637012481689453e-01
9.119637012481689453e-01
9.119637012481689453e-01
9.119637012481689453e-01
1.105387091636657715e+00
1.105387091636657715e+00
1.105387091636657715e+00
1.105387091636657715e+00
1.105387091636657715e+00
4.674571752548217773e-01
3.299984037876129150e-01
7.696617841720581055e-01
6.355379223823547363e-01
6.355379223823547363e-01
5.826394557952880859e-01
1.135333657264709473e+00
1.201943874359130859e+00
1.201943874359130859e+00
1.201943874359130859e+00
1.201943874359130859e+00
1.201943874359130859e+00
6.283778548240661621e-01
6.283778548240661621e-01
1.007333278656005859e+00
1.007333278656005859e+00
1.007333278656005859e+00
3.569095134735107422e-01
3.569095134735107422e-01
3.569095134735107422e-01
1.349280595779418945e+00
1.349280595779418945e+00
1.349280595779418945e+00
8.547231554985046387e-01
8.547231554985046387e-01
8.268880844116210938e-01
9.506421089172363281e-01
1.876182317733764648e+00
1.876182317733764648e+00
1.507675409317016602e+00
1.349504947662353516e+00
8.292422294616699219e-01
8.292422294616699219e-01
8.292422294616699219e-01
1.030941009521484375e+00
1.030941009521484375e+00
1.195178031921386719e+00
1.064482808113098145e+00
1.064482808113098145e+00
1.530836820602416992e+00
1.407573103904724121e+00
1.326408386230468750e+00
1.243113875389099121e+00
1.243113875389099121e+00
1.512771964073181152e+00
1.512771964073181152e+00
1.512771964073181152e+00
1.512771964073181152e+00
1.292031526565551758e+00
1.565755128860473633e+00
7.461960315704345703e-01
6.579017639160156250e-01
7.809184193611145020e-01
7.809184193611145020e-01
7.809184193611145020e-01
9.545258283615112305e-01
9.545258283615112305e-01
1.933756470680236816e-01
1.933756470680236816e-01
1.933756470680236816e-01
1.933756470680236816e-01
1.794084787368774414e+00
5.688177347183227539e-01
5.688177347183227539e-01
1.213495016098022461e+00
1.213495016098022461e+00
1.213495016098022461e+00
1.213495016098022461e+00
1.213495016098022461e+00
1.213495016098022461e+00
9.434821605682373047e-01
9.434821605682373047e-01
2.641806602478027344e-01
2.641806602478027344e-01
8.480008840560913086e-01
9.044488072395324707e-01
9.044488072395324707e-01
1.493543982505798340e+00
7.299498319625854492e-01
7.299498319625854492e-01
7.299498319625854492e-01
1.111368417739868164e+00
1.111368417739868164e+00
8.223797082901000977e-01
8.223797082901000977e-01
8.223797082901000977e-01
6.048613786697387695e-01
6.048613786697387695e-01
6.048613786697387695e-01
6.048613786697387695e-01
7.742101550102233887e-01
7.742101550102233887e-01
8.132737278938293457e-01
1.770846843719482422e-01
1.770846843719482422e-01
4.192928075790405273e-01
1.354234218597412109e+00
9.928358197212219238e-01
5.428000688552856445e-01
5.428000688552856445e-01
9.162920713424682617e-01
9.162920713424682617e-01
8.733749389648437500e-01
1.192476630210876465e+00
1.192476630210876465e+00
1.192476630210876465e+00
5.195711851119995117e-01
2.518585622310638428e-01
9.586430788040161133e-01
5.565118789672851562e-01
7.554974555969238281e-01
7.554974555969238281e-01
7.554974555969238281e-01
7.554974555969238281e-01
7.554974555969238281e-01
7.311952114105224609e-01
1.108266353607177734e+00
1.108266353607177734e+00
1.108266353607177734e+00
8.873820900917053223e-01
9.162002801895141602e-01
9.162002801895141602e-01
6.109098196029663086e-01
6.109098196029663086e-01
1.566966772079467773e+00
7.007691860198974609e-01
7.007691860198974609e-01
7.007691860198974609e-01
7.007691860198974609e-01
7.007691860198974609e-01
7.007691860198974609e-01
9.467369318008422852e-01
9.467369318008422852e-01
9.467369318008422852e-01
9.467369318008422852e-01
3.163510560989379883e-01
3.163510560989379883e-01
1.381129384040832520e+00
1.381129384040832520e+00
1.381129384040832520e+00
1.405858278274536133e+00
1.405858278274536133e+00
1.405858278274536133e+00
1.308374643325805664e+00
1.308374643325805664e+00
1.308374643325805664e+00
1.308374643325805664e+00
4.335075020790100098e-01
4.335075020790100098e-01
6.774390935897827148e-01
8.447048664093017578e-01
3.302153944969177246e-01
8.254735171794891357e-02
1.575807332992553711e+00
1.575807332992553711e+00
1.575807332992553711e+00
1.461748600006103516e+00
1.461748600006103516e+00
1.461748600006103516e+00
1.090201020240783691e+00
1.560856819152832031e+00
3.614660501480102539e-01
3.614660501480102539e-01
3.614660501480102539e-01
3.614660501480102539e-01
3.614660501480102539e-01
6.033324599266052246e-01
6.033324599266052246e-01
6.033324599266052246e-01
6.033324599266052246e-01
6.033324599266052246e-01
6.033324599266052246e-01
6.033324599266052246e-01
6.033324599266052246e-01
1.265977382659912109e+00
1.265977382659912109e+00
5.219951272010803223e-01
6.013180017471313477e-01
6.013180017471313477e-01
6.013180017471313477e-01
1.050695538520812988e+00
9.440422058105468750e-01
9.440422058105468750e-01
1.118177652359008789e+00
1.118177652359008789e+00
1.118177652359008789e+00
1.118177652359008789e+00
1.118177652359008789e+00
6.189928054809570312e-01
6.189928054809570312e-01
6.189928054809570312e-01
6.970723867416381836e-01
5.738216042518615723e-01
5.738216042518615723e-01
1.324921846389770508e+00
1.324921846389770508e+00
7.543584704399108887e-01
8.224131464958190918e-01
8.224131464958190918e-01
8.224131464958190918e-01
3.749217092990875244e-01
3.749217092990875244e-01
3.749217092990875244e-01
3.749217092990875244e-01
3.749217092990875244e-01
1.162504196166992188e+00
1.162504196166992188e+00
1.162504196166992188e+00
1.610456347465515137e+00
3.057975769042968750e-01
3.897780179977416992e-01
5.416918992996215820e-01
5.416918992996215820e-01
5.416918992996215820e-01
5.416918992996215820e-01
5.416918992996215820e-01
5.052672624588012695e-01
5.052672624588012695e-01
1.496528863906860352e+00
1.496528863906860352e+00
6.481466293334960938e-01
6.481466293334960938e-01
6.481466293334960938e-01
6.481466293334960938e-01
6.481466293334960938e-01
1.142893910408020020e+00
1.142893910408020020e+00
9.127802848815917969e-01
1.033379435539245605e+00
1.033379435539245605e+00
1.243226408958435059e+00
1.136810421943664551e+00
1.136810421943664551e+00
1.128996014595031738e+00
1.128996014595031738e+00
1.128996014595031738e+00
1.128996014595031738e+00
7.991133332252502441e-01
7.991133332252502441e-01
7.991133332252502441e-01
7.991133332252502441e-01
7.991133332252502441e-01
7.991133332252502441e-01
7.991133332252502441e-01
7.991133332252502441e-01
7.991133332252502441e-01
7.991133332252502441e-01
7.991133332252502441e-01
4.360366761684417725e-01
4.360366761684417725e-01
6.743615865707397461e-01
6.743615865707397461e-01
6.743615865707397461e-01
9.569945335388183594e-01
9.569945335388183594e-01
9.569945335388183594e-01
9.569945335388183594e-01
8.685923814773559570e-01
8.685923814773559570e-01
8.685923814773559570e-01
8.685923814773559570e-01
7.351662516593933105e-01
7.351662516593933105e-01
6.324273347854614258e-01
1.029348134994506836e+00
2.176600456237792969e+00
2.176600456237792969e+00
2.143571853637695312e+00
1.812286615371704102e+00
7.357662916183471680e-01
7.357662916183471680e-01
9.929568767547607422e-01
1.335664749145507812e+00
1.335664749145507812e+00
1.335664749145507812e+00
1.335664749145507812e+00
3.297612667083740234e-01
3.297612667083740234e-01
3.297612667083740234e-01
7.601003050804138184e-01
7.601003050804138184e-01
4.885276257991790771e-01
4.885276257991790771e-01
2.860199213027954102e-01
3.232991695404052734e-01
3.232991695404052734e-01
1.384561657905578613e+00
4.913001656532287598e-01
1.294631004333496094e+00
1.869142770767211914e+00
1.869142770767211914e+00
1.034190058708190918e+00
1.454041719436645508e+00
1.391189336776733398e+00
7.119197845458984375e-01
5.599023103713989258e-01
5.599023103713989258e-01
5.599023103713989258e-01
8.210033178329467773e-01
8.210033178329467773e-01
6.263738274574279785e-01
6.263738274574279785e-01
6.263738274574279785e-01
6.263738274574279785e-01
6.263738274574279785e-01
6.263738274574279785e-01
6.263738274574279785e-01
8.696898818016052246e-01
8.696898818016052246e-01
8.696898818016052246e-01
8.696898818016052246e-01
1.513936758041381836e+00
1.358476400375366211e+00
1.358476400375366211e+00
1.358476400375366211e+00
1.358476400375366211e+00
1.358476400375366211e+00
1.358476400375366211e+00
1.072254419326782227e+00
1.072254419326782227e+00
1.072254419326782227e+00
1.072254419326782227e+00
1.050451517105102539e+00
1.050451517105102539e+00
1.050451517105102539e+00
1.050451517105102539e+00
1.050451517105102539e+00
1.050451517105102539e+00
1.050451517105102539e+00
1.050451517105102539e+00
1.050451517105102539e+00
9.234063625335693359e-01
9.234063625335693359e-01
1.290579676628112793e+00
1.290579676628112793e+00
1.290579676628112793e+00
1.497120022773742676e+00
1.286494493484497070e+00
1.286494493484497070e+00
4.111385345458984375e-01
1.401411175727844238e+00
1.401411175727844238e+00
1.401411175727844238e+00
1.582897305488586426e+00
1.582897305488586426e+00
1.582897305488586426e+00
1.582897305488586426e+00
5.470864772796630859e-01
1.022646665573120117e+00
1.022646665573120117e+00
1.022646665573120117e+00
7.549104094505310059e-01
1.189563512802124023e+00
7.757834196090698242e-01
9.972044229507446289e-01
1.380587339401245117e+00
1.885661125183105469e+00
1.885661125183105469e+00
1.885661125183105469e+00
1.588561296463012695e+00
7.095767259597778320e-01
7.095767259597778320e-01
7.095767259597778320e-01
7.095767259597778320e-01
7.095767259597778320e-01
7.095767259597778320e-01
7.095767259597778320e-01
3.939712345600128174e-01
3.939712345600128174e-01
1.055245518684387207e+00
1.047962784767150879e+00
1.047962784767150879e+00
1.047962784767150879e+00
5.082433819770812988e-01
5.070404410362243652e-01
5.070404410362243652e-01
1.121258258819580078e+00
1.121258258819580078e+00
1.121258258819580078e+00
7.841825485229492188e-01
1.122611880302429199e+00
1.122611880302429199e+00
1.122611880302429199e+00
1.122611880302429199e+00
3.665290474891662598e-01
1.319023728370666504e+00
1.319023728370666504e+00
1.319023728370666504e+00
1.319023728370666504e+00
1.319023728370666504e+00
1.436672687530517578e+00
1.194438576698303223e+00
1.153150200843811035e+00
1.153150200843811035e+00
1.153150200843811035e+00
5.715575814247131348e-01
5.715575814247131348e-01
9.969850778579711914e-01
9.969850778579711914e-01
9.969850778579711914e-01
9.969850778579711914e-01
9.969850778579711914e-01
9.969850778579711914e-01
4.094776511192321777e-01
4.094776511192321777e-01
7.692550420761108398e-01
1.424736022949218750e+00
3.549818992614746094e-01
3.549818992614746094e-01
3.549818992614746094e-01
7.078505754470825195e-01
7.078505754470825195e-01
7.078505754470825195e-01
7.078505754470825195e-01
7.078505754470825195e-01
7.078505754470825195e-01
7.078505754470825195e-01
6.677712798118591309e-01
6.677712798118591309e-01
6.677712798118591309e-01
6.677712798118591309e-01
6.677712798118591309e-01
6.677712798118591309e-01
6.677712798118591309e-01
6.677712798118591309e-01
8.764667510986328125e-01
8.764667510986328125e-01
6.539381742477416992e-01
6.539381742477416992e-01
6.539381742477416992e-01
6.539381742477416992e-01
7.368313074111938477e-01
7.368313074111938477e-01
7.368313074111938477e-01
2.494987547397613525e-01
2.494987547397613525e-01
1.066641569137573242e+00
9.539301395416259766e-01
9.539301395416259766e-01
1.178067445755004883e+00
1.178067445755004883e+00
8.238912224769592285e-01
1.199917554855346680e+00
6.043663024902343750e-01
6.043663024902343750e-01
4.697422385215759277e-01
4.697422385215759277e-01
4.697422385215759277e-01
9.048839807510375977e-01
4.483952820301055908e-01
4.483952820301055908e-01
4.483952820301055908e-01
5.977321863174438477e-01
5.977321863174438477e-01
5.977321863174438477e-01
9.123740196228027344e-01
1.421507716178894043e+00
4.066153764724731445e-01
4.066153764724731445e-01
4.066153764724731445e-01
1.217407703399658203e+00
7.913761138916015625e-01
7.913761138916015625e-01
7.913761138916015625e-01
7.913761138916015625e-01
7.913761138916015625e-01
7.913761138916015625e-01
7.913761138916015625e-01
7.913761138916015625e-01
7.913761138916015625e-01
1.569576501846313477e+00
1.569576501846313477e+00
1.569576501846313477e+00
3.826587200164794922e-01
3.826587200164794922e-01
4.457854926586151123e-01
7.378883361816406250e-01
3.470163941383361816e-01
3.470163941383361816e-01
1.437688350677490234e+00
9.570791721343994141e-01
9.570791721343994141e-01
9.570791721343994141e-01
9.570791721343994141e-01
9.570791721343994141e-01
9.570791721343994141e-01
9.570791721343994141e-01
9.570791721343994141e-01
9.570791721343994141e-01
8.604655861854553223e-01
8.604655861854553223e-01
8.604655861854553223e-01
8.604655861854553223e-01
1.259789705276489258e+00
1.666575670242309570e+00
1.699417591094970703e+00
1.579996705055236816e+00
1.579996705055236816e+00
1.570021986961364746e+00
1.570021986961364746e+00
5.059566497802734375e-01
5.059566497802734375e-01
3.371157348155975342e-01
3.371157348155975342e-01
7.159643173217773438e-01
4.932316541671752930e-01
4.932316541671752930e-01
6.725277304649353027e-01
6.725277304649353027e-01
6.725277304649353027e-01
6.725277304649353027e-01
6.725277304649353027e-01
4.869990348815917969e-01
4.869990348815917969e-01
4.869990348815917969e-01
4.869990348815917969e-01
1.223253607749938965e+00
1.223253607749938965e+00
1.223253607749938965e+00
1.223253607749938965e+00
1.527759552001953125e+00
1.527759552001953125e+00
1.527759552001953125e+00
1.527759552001953125e+00
1.059368848800659180e+00
1.059368848800659180e+00
7.020503282546997070e-01
5.279623866081237793e-01
5.279623866081237793e-01
8.913316726684570312e-01
1.638137578964233398e+00
1.638137578964233398e+00
7.236038446426391602e-01
7.236038446426391602e-01
4.767187833786010742e-01
4.767187833786010742e-01
4.767187833786010742e-01
4.767187833786010742e-01
4.767187833786010742e-01
4.379602968692779541e-01
4.379602968692779541e-01
9.354225397109985352e-01
6.904591321945190430e-01
6.904591321945190430e-01
3.793488740921020508e-01
3.793488740921020508e-01
3.793488740921020508e-01
3.793488740921020508e-01
3.793488740921020508e-01
3.793488740921020508e-01
3.793488740921020508e-01
1.216574907302856445e+00
1.216574907302856445e+00
6.851023435592651367e-01
6.851023435592651367e-01
6.851023435592651367e-01
9.481092691421508789e-01
9.481092691421508789e-01
9.481092691421508789e-01
1.519827127456665039e+00
1.519827127456665039e+00
1.519827127456665039e+00
1.519827127456665039e+00
1.504054665565490723e+00
1.504054665565490723e+00
9.731568694114685059e-01
9.731568694114685059e-01
9.731568694114685059e-01
9.731568694114685059e-01
9.731568694114685059e-01
9.731568694114685059e-01
5.943431854248046875e-01
5.943431854248046875e-01
5.943431854248046875e-01
5.943431854248046875e-01
1.581614613533020020e+00
1.637026429176330566e+00
1.637026429176330566e+00
1.769589185714721680e+00
2.509495019912719727e-01
1.229712009429931641e+00
1.229712009429931641e+00
1.229712009429931641e+00
1.229712009429931641e+00
1.229712009429931641e+00
1.384255290031433105e+00
1.384255290031433105e+00
1.559457898139953613e+00
1.559457898139953613e+00
1.559457898139953613e+00
1.559457898139953613e+00
1.559457898139953613e+00
1.559457898139953613e+00
1.559457898139953613e+00
1.376650452613830566e+00
1.094968199729919434e+00
1.094968199729919434e+00
4.642311334609985352e-01
4.642311334609985352e-01
4.642311334609985352e-01
4.642311334609985352e-01
4.642311334609985352e-01
4.642311334609985352e-01
5.221798419952392578e-01
9.961589574813842773e-01
9.961589574813842773e-01
9.961589574813842773e-01
7.168918848037719727e-01
7.168918848037719727e-01
7.168918848037719727e-01
7.168918848037719727e-01
7.625461816787719727e-01
7.625461816787719727e-01
7.625461816787719727e-01
7.625461816787719727e-01
7.625461816787719727e-01
6.032211184501647949e-01
6.032211184501647949e-01
9.287886619567871094e-01
1.608062028884887695e+00
1.925406932830810547e+00
1.925406932830810547e+00
2.612742185592651367e-01
2.612742185592651367e-01
2.612742185592651367e-01
2.612742185592651367e-01
2.612742185592651367e-01
4.810317754745483398e-01
1.061557888984680176e+00
1.214506626129150391e+00
1.214506626129150391e+00
1.214506626129150391e+00
1.214506626129150391e+00
1.383071422576904297e+00
1.383071422576904297e+00
3.295043706893920898e-01
9.305733442306518555e-01
9.305733442306518555e-01
9.305733442306518555e-01
9.305733442306518555e-01
8.491569161415100098e-01
1.037045001983642578e+00
5.769050121307373047e-01
5.769050121307373047e-01
5.769050121307373047e-01
9.797627925872802734e-01
9.797627925872802734e-01
9.797627925872802734e-01
5.085829496383666992e-01
5.085829496383666992e-01
1.192070007324218750e+00
1.100362658500671387e+00
1.100362658500671387e+00
6.619930863380432129e-01
6.619930863380432129e-01
6.619930863380432129e-01
8.074127435684204102e-01
8.074127435684204102e-01
8.074127435684204102e-01
8.074127435684204102e-01
5.939680337905883789e-01
5.939680337905883789e-01
1.246802806854248047e+00
1.246802806854248047e+00
1.246802806854248047e+00
1.186223983764648438e+00
1.186223983764648438e+00
1.186223983764648438e+00
8.603513240814208984e-01
6.470063328742980957e-01
2.513961493968963623e-01
7.228229641914367676e-01
7.228229641914367676e-01
5.005539059638977051e-01
5.005539059638977051e-01
5.005539059638977051e-01
5.005539059638977051e-01
5.005539059638977051e-01
5.005539059638977051e-01
5.005539059638977051e-01
5.005539059638977051e-01
5.005539059638977051e-01
5.005539059638977051e-01
5.246970057487487793e-01
5.246970057487487793e-01
4.176329970359802246e-01
4.176329970359802246e-01
4.176329970359802246e-01
4.176329970359802246e-01
2.046091109514236450e-01
2.443203926086425781e-01
2.443203926086425781e-01
