1.714848279953002930e+00
7.615660429000854492e-01
7.615660429000854492e-01
7.615660429000854492e-01
1.161962032318115234e+00
6.777478456497192383e-01
6.777478456497192383e-01
6.777478456497192383e-01
6.777478456497192383e-01
6.777478456497192383e-01
6.777478456497192383e-01
6.777478456497192383e-01
6.777478456497192383e-01
6.777478456497192383e-01
4.951416254043579102e-01
4.951416254043579102e-01
4.951416254043579102e-01
4.951416254043579102e-01
4.951416254043579102e-01
4.951416254043579102e-01
7.681273221969604492e-01
7.681273221969604492e-01
7.681273221969604492e-01
7.681273221969604492e-01
1.209172010421752930e+00
7.403369545936584473e-01
7.403369545936584473e-01
7.403369545936584473e-01
7.403369545936584473e-01
7.403369545936584473e-01
7.403369545936584473e-01
7.403369545936584473e-01
7.403369545936584473e-01
7.403369545936584473e-01
7.403369545936584473e-01
2.341496944427490234e-01
2.341496944427490234e-01
2.341496944427490234e-01
1.257251381874084473e+00
1.257251381874084473e+00
1.257251381874084473e+00
1.257251381874084473e+00
1.257251381874084473e+00
7.156991958618164062e-02
7.156991958618164062e-02
2.140491962432861328e+00
2.140491962432861328e+00
2.140491962432861328e+00
7.830250263214111328e-01
5.867421030998229980e-01
5.867421030998229980e-01
5.867421030998229980e-01
9.153169393539428711e-01
2.790733575820922852e-01
2.790733575820922852e-01
7.741864919662475586e-01
6.518285870552062988e-01
6.518285870552062988e-01
6.518285870552062988e-01
6.518285870552062988e-01
6.518285870552062988e-01
6.518285870552062988e-01
6.518285870552062988e-01
6.518285870552062988e-01
6.518285870552062988e-01
7.263393998146057129e-01
9.174789786338806152e-01
1.533007144927978516e+00
1.533007144927978516e+00
1.533007144927978516e+00
1.533007144927978516e+00
1.533007144927978516e+00
1.533007144927978516e+00
1.533007144927978516e+00
1.533007144927978516e+00
1.533007144927978516e+00
1.533007144927978516e+00
1.533007144927978516e+00
1.533007144927978516e+00
1.533007144927978516e+00
3.326022624969482422e-02
3.326022624969482422e-02
3.326022624969482422e-02
3.326022624969482422e-02
9.369015693664550781e-01
5.134429931640625000e-01
5.134429931640625000e-01
5.134429931640625000e-01
5.134429931640625000e-01
5.134429931640625000e-01
5.134429931640625000e-01
5.134429931640625000e-01
5.134429931640625000e-01
4.757987260818481445e-01
4.757987260818481445e-01
7.286432981491088867e-01
7.286432981491088867e-01
7.286432981491088867e-01
7.286432981491088867e-01
7.286432981491088867e-01
7.881156206130981445e-01
7.881156206130981445e-01
7.881156206130981445e-01
7.881156206130981445e-01
7.881156206130981445e-01
7.881156206130981445e-01
7.881156206130981445e-01
7.881156206130981445e-01
1.863819956779479980e-01
1.863819956779479980e-01
1.863819956779479980e-01
2.189380526542663574e-01
2.189380526542663574e-01
2.189380526542663574e-01
2.189380526542663574e-01
2.189380526542663574e-01
1.583752632141113281e+00
1.583752632141113281e+00
7.971402406692504883e-01
7.971402406692504883e-01
2.001374363899230957e-01
2.001374363899230957e-01
2.001374363899230957e-01
4.058223962783813477e-01
1.536549091339111328e+00
6.965233087539672852e-01
6.965233087539672852e-01
6.965233087539672852e-01
6.965233087539672852e-01
6.965233087539672852e-01
6.965233087539672852e-01
6.965233087539672852e-01
6.965233087539672852e-01
1.764928817749023438e+00
1.764928817749023438e+00
9.050834774971008301e-01
9.050834774971008301e-01
9.050834774971008301e-01
8.999962210655212402e-01
8.999962210655212402e-01
8.999962210655212402e-01
1.129548072814941406e+00
1.129548072814941406e+00
1.594894409179687500e+00
1.594894409179687500e+00
1.594894409179687500e+00
2.129109621047973633e+00
1.567518949508666992e+00
1.567518949508666992e+00
1.567518949508666992e+00
1.867064952850341797e+00
1.867064952850341797e+00
1.867064952850341797e+00
1.867064952850341797e+00
1.867064952850341797e+00
7.567266225814819336e-01
7.567266225814819336e-01
7.567266225814819336e-01
7.567266225814819336e-01
1.296858310699462891e+00
1.097301363945007324e+00
1.097301363945007324e+00
1.097301363945007324e+00
1.097301363945007324e+00
1.097301363945007324e+00
3.950436115264892578e-01
3.950436115264892578e-01
3.950436115264892578e-01
2.780231237411499023e-01
2.780231237411499023e-01
2.780231237411499023e-01
2.780231237411499023e-01
2.780231237411499023e-01
6.516885757446289062e-01
6.516885757446289062e-01
6.516885757446289062e-01
2.961039841175079346e-01
2.961039841175079346e-01
5.285621285438537598e-01
2.933675646781921387e-01
2.933675646781921387e-01
2.933675646781921387e-01
2.933675646781921387e-01
2.933675646781921387e-01
2.933675646781921387e-01
5.052468180656433105e-01
5.052468180656433105e-01
5.052468180656433105e-01
5.052468180656433105e-01
6.635128855705261230e-01
6.635128855705261230e-01
6.635128855705261230e-01
6.635128855705261230e-01
7.664284706115722656e-01
7.664284706115722656e-01
7.664284706115722656e-01
7.664284706115722656e-01
7.664284706115722656e-01
7.664284706115722656e-01
7.664284706115722656e-01
7.664284706115722656e-01
7.664284706115722656e-01
7.664284706115722656e-01
7.664284706115722656e-01
7.664284706115722656e-01
1.024539113044738770e+00
1.024539113044738770e+00
1.024539113044738770e+00
1.024539113044738770e+00
1.257921218872070312e+00
1.096741080284118652e+00
1.096741080284118652e+00
1.096741080284118652e+00
1.096741080284118652e+00
1.096741080284118652e+00
1.096741080284118652e+00
1.175656914710998535e+00
1.175656914710998535e+00
1.175656914710998535e+00
1.782236099243164062e-01
1.782236099243164062e-01
1.782236099243164062e-01
1.782236099243164062e-01
1.782236099243164062e-01
8.957126736640930176e-01
1.046519994735717773e+00
1.046519994735717773e+00
5.995804667472839355e-01
1.369863033294677734e+00
1.369863033294677734e+00
1.369863033294677734e+00
1.369863033294677734e+00
1.369863033294677734e+00
1.369863033294677734e+00
1.369863033294677734e+00
1.514469027519226074e+00
1.495487689971923828e-01
1.495487689971923828e-01
1.495487689971923828e-01
1.495487689971923828e-01
1.495487689971923828e-01
8.052512407302856445e-01
8.052512407302856445e-01
8.052512407302856445e-01
8.052512407302856445e-01
8.052512407302856445e-01
8.052512407302856445e-01
7.140328288078308105e-01
7.140328288078308105e-01
7.140328288078308105e-01
7.140328288078308105e-01
2.563133716583251953e+00
2.793535470962524414e+00
1.768280148506164551e+00
1.768280148506164551e+00
1.768280148506164551e+00
1.103874444961547852e+00
4.743039608001708984e-01
7.318065166473388672e-01
7.318065166473388672e-01
7.318065166473388672e-01
7.318065166473388672e-01
7.318065166473388672e-01
1.116194009780883789e+00
1.921279072761535645e+00
1.921279072761535645e+00
1.921279072761535645e+00
1.921279072761535645e+00
1.582101106643676758e+00
1.582101106643676758e+00
1.582101106643676758e+00
1.582101106643676758e+00
4.488817453384399414e-01
9.645067453384399414e-01
9.645067453384399414e-01
9.645067453384399414e-01
9.645067453384399414e-01
9.645067453384399414e-01
9.645067453384399414e-01
9.645067453384399414e-01
9.645067453384399414e-01
9.645067453384399414e-01
9.645067453384399414e-01
9.645067453384399414e-01
7.039840817451477051e-01
7.039840817451477051e-01
1.343851804733276367e+00
1.343851804733276367e+00
1.343851804733276367e+00
1.343851804733276367e+00
1.343851804733276367e+00
1.343851804733276367e+00
4.108284711837768555e-01
4.108284711837768555e-01
5.613296031951904297e-01
5.613296031951904297e-01
5.613296031951904297e-01
8.831204175949096680e-01
8.831204175949096680e-01
1.664179086685180664e+00
1.664179086685180664e+00
1.664179086685180664e+00
1.664179086685180664e+00
1.664179086685180664e+00
1.664179086685180664e+00
1.664179086685180664e+00
2.014585256576538086e+00
1.639653682708740234e+00
1.639653682708740234e+00
1.639653682708740234e+00
1.639653682708740234e+00
1.639653682708740234e+00
1.639653682708740234e+00
1.639653682708740234e+00
1.639653682708740234e+00
8.826413154602050781e-01
1.748733997344970703e+00
1.748733997344970703e+00
1.748733997344970703e+00
1.110316991806030273e+00
1.110316991806030273e+00
1.110316991806030273e+00
1.110316991806030273e+00
1.110316991806030273e+00
1.110316991806030273e+00
1.110316991806030273e+00
1.110316991806030273e+00
1.110316991806030273e+00
1.110316991806030273e+00
1.110316991806030273e+00
1.777778267860412598e-01
1.777778267860412598e-01
1.777778267860412598e-01
1.777778267860412598e-01
1.777778267860412598e-01
1.777778267860412598e-01
1.777778267860412598e-01
1.777778267860412598e-01
1.290642023086547852e+00
1.290642023086547852e+00
1.290642023086547852e+00
1.290642023086547852e+00
1.290642023086547852e+00
1.290642023086547852e+00
1.290642023086547852e+00
1.290642023086547852e+00
1.290642023086547852e+00
1.290642023086547852e+00
1.290642023086547852e+00
1.290642023086547852e+00
1.290642023086547852e+00
1.413967847824096680e+00
1.413967847824096680e+00
1.413967847824096680e+00
1.762363791465759277e+00
1.762363791465759277e+00
1.762363791465759277e+00
1.762363791465759277e+00
5.532524585723876953e-01
5.532524585723876953e-01
5.532524585723876953e-01
5.532524585723876953e-01
5.532524585723876953e-01
5.532524585723876953e-01
5.532524585723876953e-01
5.532524585723876953e-01
5.532524585723876953e-01
5.532524585723876953e-01
1.227200865745544434e+00
8.565270900726318359e-01
8.565270900726318359e-01
2.030639052391052246e-01
2.030639052391052246e-01
2.030639052391052246e-01
2.030639052391052246e-01
2.030639052391052246e-01
1.537345647811889648e+00
1.537345647811889648e+00
1.359832167625427246e+00
1.359832167625427246e+00
1.359832167625427246e+00
1.359832167625427246e+00
1.359832167625427246e+00
8.683439493179321289e-01
8.683439493179321289e-01
8.683439493179321289e-01
8.683439493179321289e-01
8.683439493179321289e-01
1.195829629898071289e+00
1.195829629898071289e+00
2.460721135139465332e-01
2.460721135139465332e-01
2.460721135139465332e-01
2.460721135139465332e-01
2.460721135139465332e-01
2.460721135139465332e-01
9.381303191184997559e-01
1.617373228073120117e+00
1.617373228073120117e+00
1.617373228073120117e+00
1.617373228073120117e+00
1.617373228073120117e+00
1.617373228073120117e+00
1.617373228073120117e+00
3.188036680221557617e-01
9.490535855293273926e-01
9.490535855293273926e-01
9.490535855293273926e-01
9.490535855293273926e-01
9.490535855293273926e-01
9.490535855293273926e-01
9.490535855293273926e-01
9.490535855293273926e-01
9.490535855293273926e-01
9.490535855293273926e-01
9.490535855293273926e-01
9.490535855293273926e-01
9.490535855293273926e-01
9.490535855293273926e-01
9.490535855293273926e-01
9.490535855293273926e-01
9.490535855293273926e-01
9.490535855293273926e-01
9.490535855293273926e-01
9.490535855293273926e-01
9.490535855293273926e-01
9.490535855293273926e-01
9.490535855293273926e-01
9.490535855293273926e-01
9.490535855293273926e-01
9.490535855293273926e-01
4.375137686729431152e-01
4.375137686729431152e-01
4.375137686729431152e-01
4.375137686729431152e-01
4.375137686729431152e-01
4.375137686729431152e-01
4.375137686729431152e-01
4.375137686729431152e-01
4.375137686729431152e-01
4.375137686729431152e-01
4.375137686729431152e-01
4.375137686729431152e-01
4.375137686729431152e-01
4.375137686729431152e-01
4.375137686729431152e-01
4.375137686729431152e-01
4.375137686729431152e-01
4.375137686729431152e-01
1.084126114845275879e+00
1.084126114845275879e+00
1.084126114845275879e+00
1.084126114845275879e+00
1.084126114845275879e+00
1.084126114845275879e+00
1.084126114845275879e+00
1.084126114845275879e+00
1.084126114845275879e+00
2.741147279739379883e-01
8.717162013053894043e-01
8.717162013053894043e-01
8.717162013053894043e-01
8.717162013053894043e-01
5.297843217849731445e-01
5.297843217849731445e-01
1.731719613075256348e+00
1.510851263999938965e+00
1.510851263999938965e+00
1.510851263999938965e+00
1.510851263999938965e+00
1.394299864768981934e+00
1.394299864768981934e+00
1.394299864768981934e+00
5.148126482963562012e-01
5.148126482963562012e-01
5.148126482963562012e-01
5.148126482963562012e-01
5.148126482963562012e-01
5.148126482963562012e-01
5.148126482963562012e-01
5.148126482963562012e-01
1.020634651184082031e+00
1.333490967750549316e+00
1.333490967750549316e+00
1.070612430572509766e+00
1.070612430572509766e+00
1.070612430572509766e+00
1.070612430572509766e+00
1.070612430572509766e+00
1.070612430572509766e+00
1.070612430572509766e+00
1.070612430572509766e+00
7.133406996726989746e-01
1.579088568687438965e-01
8.981943130493164062e-01
8.981943130493164062e-01
8.981943130493164062e-01
8.981943130493164062e-01
8.981943130493164062e-01
8.981943130493164062e-01
8.981943130493164062e-01
8.981943130493164062e-01
2.380738019943237305e+00
2.380738019943237305e+00
7.298300266265869141e-01
7.356366515159606934e-01
7.356366515159606934e-01
6.733975410461425781e-01
6.733975410461425781e-01
1.223021745681762695e+00
1.223021745681762695e+00
1.223021745681762695e+00
1.223021745681762695e+00
1.223021745681762695e+00
1.223021745681762695e+00
1.223021745681762695e+00
1.223021745681762695e+00
1.223021745681762695e+00
1.160824179649353027e+00
1.486936807632446289e+00
1.598612070083618164e+00
5.632871389389038086e-01
6.283511519432067871e-01
6.283511519432067871e-01
6.283511519432067871e-01
6.283511519432067871e-01
6.283511519432067871e-01
6.283511519432067871e-01
6.283511519432067871e-01
6.283511519432067871e-01
6.283511519432067871e-01
1.126409292221069336e+00
1.126409292221069336e+00
1.126409292221069336e+00
1.126409292221069336e+00
1.283936262130737305e+00
1.283936262130737305e+00
1.283936262130737305e+00
1.283936262130737305e+00
1.283936262130737305e+00
1.283936262130737305e+00
1.283936262130737305e+00
1.283936262130737305e+00
2.294435501098632812e+00
1.766561985015869141e+00
1.766561985015869141e+00
1.766561985015869141e+00
9.531418085098266602e-01
1.093493103981018066e-01
1.273508310317993164e+00
1.273508310317993164e+00
1.273508310317993164e+00
1.273508310317993164e+00
1.165452361106872559e+00
1.165452361106872559e+00
1.238627314567565918e+00
1.238627314567565918e+00
1.238627314567565918e+00
1.238627314567565918e+00
1.238627314567565918e+00
1.173221707344055176e+00
1.173221707344055176e+00
1.173221707344055176e+00
1.173221707344055176e+00
9.382692575454711914e-01
9.382692575454711914e-01
9.382692575454711914e-01
1.027259349822998047e+00
1.027259349822998047e+00
1.027259349822998047e+00
5.363638401031494141e-01
5.363638401031494141e-01
5.363638401031494141e-01
5.363638401031494141e-01
5.363638401031494141e-01
1.194362401962280273e+00
1.194362401962280273e+00
1.194362401962280273e+00
1.194362401962280273e+00
1.194362401962280273e+00
1.194362401962280273e+00
1.194362401962280273e+00
8.257266879081726074e-01
8.257266879081726074e-01
7.034053802490234375e-01
7.034053802490234375e-01
7.034053802490234375e-01
7.034053802490234375e-01
7.034053802490234375e-01
4.584066271781921387e-01
4.584066271781921387e-01
4.584066271781921387e-01
6.576445698738098145e-01
6.576445698738098145e-01
6.576445698738098145e-01
9.380691051483154297e-01
9.380691051483154297e-01
9.380691051483154297e-01
9.380691051483154297e-01
9.380691051483154297e-01
9.380691051483154297e-01
9.380691051483154297e-01
9.380691051483154297e-01
7.423196434974670410e-01
1.366401076316833496e+00
1.366401076316833496e+00
1.366401076316833496e+00
1.366401076316833496e+00
9.290373325347900391e-01
9.290373325347900391e-01
9.290373325347900391e-01
1.463704347610473633e+00
1.402399539947509766e-01
1.848140239715576172e+00
1.848140239715576172e+00
1.848140239715576172e+00
1.009592890739440918e+00
1.009592890739440918e+00
1.009592890739440918e+00
1.009592890739440918e+00
1.009592890739440918e+00
1.009592890739440918e+00
1.009592890739440918e+00
6.671066284179687500e-01
6.671066284179687500e-01
1.083863258361816406e+00
1.083863258361816406e+00
1.083863258361816406e+00
1.083863258361816406e+00
1.083863258361816406e+00
1.083863258361816406e+00
9.135209321975708008e-01
9.135209321975708008e-01
1.254411220550537109e+00
2.487355470657348633e-01
7.456064224243164062e-01
7.456064224243164062e-01
2.208535671234130859e-01
2.208535671234130859e-01
2.208535671234130859e-01
2.208535671234130859e-01
5.977731943130493164e-01
5.977731943130493164e-01
5.977731943130493164e-01
8.995797634124755859e-01
4.926199615001678467e-01
1.286127328872680664e+00
1.286127328872680664e+00
1.286127328872680664e+00
1.982379794120788574e+00
1.982379794120788574e+00
1.982379794120788574e+00
2.535323381423950195e+00
2.535323381423950195e+00
8.156071901321411133e-01
4.078547060489654541e-01
4.078547060489654541e-01
4.078547060489654541e-01
4.078547060489654541e-01
4.078547060489654541e-01
2.349957466125488281e+00
2.349957466125488281e+00
2.349957466125488281e+00
5.930155515670776367e-01
5.930155515670776367e-01
1.206242799758911133e+00
1.206242799758911133e+00
1.206242799758911133e+00
1.206242799758911133e+00
1.206242799758911133e+00
1.206242799758911133e+00
1.206242799758911133e+00
1.206242799758911133e+00
1.206242799758911133e+00
1.206242799758911133e+00
1.206242799758911133e+00
4.002199172973632812e-01
3.877087533473968506e-01
8.977547883987426758e-01
8.977547883987426758e-01
8.977547883987426758e-01
8.977547883987426758e-01
6.397537589073181152e-01
6.397537589073181152e-01
6.397537589073181152e-01
6.397537589073181152e-01
6.397537589073181152e-01
6.397537589073181152e-01
6.397537589073181152e-01
6.397537589073181152e-01
6.397537589073181152e-01
6.397537589073181152e-01
6.397537589073181152e-01
6.397537589073181152e-01
6.397537589073181152e-01
8.100348711013793945e-02
8.100348711013793945e-02
8.100348711013793945e-02
8.100348711013793945e-02
8.100348711013793945e-02
8.100348711013793945e-02
5.140296220779418945e-01
5.140296220779418945e-01
5.140296220779418945e-01
5.140296220779418945e-01
1.063161253929138184e+00
1.063161253929138184e+00
1.063161253929138184e+00
1.138694047927856445e+00
1.023951411247253418e+00
9.781562685966491699e-01
9.781562685966491699e-01
9.781562685966491699e-01
9.781562685966491699e-01
9.781562685966491699e-01
9.781562685966491699e-01
9.781562685966491699e-01
9.781562685966491699e-01
9.781562685966491699e-01
9.781562685966491699e-01
9.781562685966491699e-01
5.693978667259216309e-01
9.995509386062622070e-01
1.515257239341735840e+00
6.065284013748168945e-01
6.065284013748168945e-01
8.952192068099975586e-01
8.952192068099975586e-01
8.952192068099975586e-01
8.952192068099975586e-01
8.952192068099975586e-01
8.952192068099975586e-01
8.952192068099975586e-01
9.724283218383789062e-01
7.472214102745056152e-01
7.472214102745056152e-01
7.472214102745056152e-01
7.472214102745056152e-01
7.472214102745056152e-01
7.472214102745056152e-01
4.588671028614044189e-01
4.588671028614044189e-01
4.588671028614044189e-01
4.588671028614044189e-01
4.588671028614044189e-01
9.308881759643554688e-01
9.308881759643554688e-01
9.308881759643554688e-01
9.005085229873657227e-01
7.922825813293457031e-01
1.077457189559936523e+00
1.077457189559936523e+00
1.077457189559936523e+00
1.077457189559936523e+00
1.077457189559936523e+00
5.400280356407165527e-01
4.744050502777099609e-01
4.744050502777099609e-01
4.744050502777099609e-01
1.183855056762695312e+00
1.183855056762695312e+00
1.183855056762695312e+00
8.526478409767150879e-01
8.526478409767150879e-01
8.526478409767150879e-01
8.526478409767150879e-01
1.165727376937866211e+00
1.165727376937866211e+00
1.165727376937866211e+00
1.165727376937866211e+00
1.039818882942199707e+00
1.039818882942199707e+00
7.066519260406494141e-01
7.066519260406494141e-01
7.066519260406494141e-01
7.066519260406494141e-01
7.066519260406494141e-01
7.066519260406494141e-01
7.066519260406494141e-01
7.066519260406494141e-01
2.251126170158386230e-01
2.251126170158386230e-01
3.034764230251312256e-01
3.034764230251312256e-01
3.034764230251312256e-01
3.034764230251312256e-01
3.034764230251312256e-01
3.034764230251312256e-01
3.034764230251312256e-01
7.613499760627746582e-01
7.613499760627746582e-01
7.613499760627746582e-01
7.613499760627746582e-01
7.613499760627746582e-01
7.613499760627746582e-01
7.613499760627746582e-01
7.613499760627746582e-01
4.168958961963653564e-01
4.168958961963653564e-01
4.168958961963653564e-01
1.432980418205261230e+00
1.432980418205261230e+00
1.432980418205261230e+00
9.464927911758422852e-01
1.177700519561767578e+00
3.943741917610168457e-01
3.943741917610168457e-01
3.943741917610168457e-01
3.943741917610168457e-01
3.943741917610168457e-01
3.943741917610168457e-01
3.943741917610168457e-01
3.943741917610168457e-01
3.943741917610168457e-01
3.943741917610168457e-01
3.943741917610168457e-01
3.943741917610168457e-01
7.024692296981811523e-01
7.024692296981811523e-01
7.024692296981811523e-01
7.024692296981811523e-01
7.024692296981811523e-01
7.024692296981811523e-01
8.484852313995361328e-01
5.459054708480834961e-01
6.331421136856079102e-01
8.555262088775634766e-01
4.933856725692749023e-01
4.933856725692749023e-01
2.565374851226806641e+00
2.565374851226806641e+00
2.565374851226806641e+00
2.565374851226806641e+00
2.565374851226806641e+00
2.565374851226806641e+00
2.565374851226806641e+00
2.565374851226806641e+00
9.431192874908447266e-01
9.431192874908447266e-01
9.431192874908447266e-01
9.431192874908447266e-01
9.431192874908447266e-01
1.094296932220458984e+00
1.094296932220458984e+00
1.094296932220458984e+00
1.094296932220458984e+00
1.094296932220458984e+00
1.094296932220458984e+00
1.094296932220458984e+00
1.094296932220458984e+00
1.094296932220458984e+00
1.094296932220458984e+00
1.094296932220458984e+00
1.094296932220458984e+00
7.104074954986572266e-02
1.567886114120483398e+00
1.567886114120483398e+00
1.976718425750732422e+00
1.976718425750732422e+00
1.024658918380737305e+00
1.024658918380737305e+00
1.082504749298095703e+00
1.082504749298095703e+00
1.082504749298095703e+00
1.082504749298095703e+00
1.082504749298095703e+00
1.082504749298095703e+00
1.082504749298095703e+00
1.487484097480773926e+00
1.487484097480773926e+00
7.857121825218200684e-01
7.857121825218200684e-01
1.155079603195190430e-01
1.155079603195190430e-01
1.155079603195190430e-01
1.155079603195190430e-01
2.649807929992675781e+00
2.649807929992675781e+00
8.767139911651611328e-01
8.767139911651611328e-01
1.670655608177185059e+00
1.670655608177185059e+00
1.670655608177185059e+00
1.670655608177185059e+00
1.418167471885681152e+00
1.225218057632446289e+00
1.225218057632446289e+00
1.225218057632446289e+00
1.264688372611999512e+00
1.264688372611999512e+00
7.309009432792663574e-01
7.309009432792663574e-01
7.309009432792663574e-01
7.309009432792663574e-01
1.051735281944274902e+00
1.051735281944274902e+00
1.051735281944274902e+00
1.644596099853515625e+00
1.644596099853515625e+00
3.071366548538208008e-01
3.071366548538208008e-01
3.071366548538208008e-01
3.071366548538208008e-01
1.484789848327636719e+00
1.484789848327636719e+00
1.484789848327636719e+00
1.484789848327636719e+00
1.484789848327636719e+00
1.484789848327636719e+00
1.201271653175354004e+00
1.201271653175354004e+00
1.201271653175354004e+00
1.201271653175354004e+00
2.773294448852539062e-01
2.773294448852539062e-01
2.773294448852539062e-01
2.773294448852539062e-01
2.773294448852539062e-01
2.773294448852539062e-01
4.225138425827026367e-01
1.907698214054107666e-01
1.080014348030090332e+00
1.080014348030090332e+00
1.080014348030090332e+00
1.101063847541809082e+00
7.101883888244628906e-01
7.101883888244628906e-01
7.101883888244628906e-01
9.809732437133789062e-01
1.375369191169738770e+00
1.375369191169738770e+00
1.375369191169738770e+00
4.225201010704040527e-01
4.225201010704040527e-01
4.225201010704040527e-01
4.225201010704040527e-01
4.225201010704040527e-01
4.225201010704040527e-01
4.225201010704040527e-01
4.225201010704040527e-01
4.225201010704040527e-01
1.456107139587402344e+00
1.670447468757629395e+00
1.670447468757629395e+00
1.670447468757629395e+00
1.670447468757629395e+00
1.670447468757629395e+00
1.519181489944458008e+00
4.722334146499633789e-01
4.722334146499633789e-01
4.722334146499633789e-01
7.191539406776428223e-01
3.897315263748168945e-01
3.897315263748168945e-01
3.897315263748168945e-01
3.897315263748168945e-01
3.897315263748168945e-01
3.897315263748168945e-01
1.398681402206420898e+00
1.398681402206420898e+00
1.398681402206420898e+00
1.398681402206420898e+00
1.476211071014404297e+00
1.476211071014404297e+00
1.476211071014404297e+00
1.476211071014404297e+00
1.476211071014404297e+00
1.476211071014404297e+00
1.002935767173767090e+00
6.929948329925537109e-01
3.619018495082855225e-01
4.149554967880249023e-01
4.195254743099212646e-01
4.195254743099212646e-01
4.195254743099212646e-01
4.195254743099212646e-01
2.500001192092895508e-01
9.695819020271301270e-01
9.695819020271301270e-01
9.695819020271301270e-01
9.965084195137023926e-01
9.965084195137023926e-01
9.965084195137023926e-01
9.965084195137023926e-01
9.965084195137023926e-01
9.965084195137023926e-01
9.965084195137023926e-01
9.965084195137023926e-01
9.965084195137023926e-01
9.965084195137023926e-01
9.965084195137023926e-01
9.965084195137023926e-01
3.026785373687744141e+00
2.003870964050292969e+00
2.003870964050292969e+00
2.003870964050292969e+00
7.150570154190063477e-01
7.150570154190063477e-01
1.784836530685424805e+00
1.602298021316528320e-01
1.602298021316528320e-01
1.602298021316528320e-01
1.602298021316528320e-01
1.602298021316528320e-01
1.602298021316528320e-01
1.437419176101684570e+00
1.437419176101684570e+00
1.100615262985229492e-01
1.616637349128723145e+00
8.627458214759826660e-01
8.627458214759826660e-01
5.781638622283935547e-01
8.739968538284301758e-01
8.739968538284301758e-01
4.354686439037322998e-01
4.354686439037322998e-01
4.354686439037322998e-01
4.354686439037322998e-01
4.354686439037322998e-01
4.354686439037322998e-01
4.354686439037322998e-01
1.325530171394348145e+00
1.458477139472961426e+00
1.814745187759399414e+00
1.814745187759399414e+00
1.814745187759399414e+00
3.251441717147827148e-01
3.251441717147827148e-01
3.251441717147827148e-01
3.251441717147827148e-01
3.251441717147827148e-01
1.115317583084106445e+00
1.115317583084106445e+00
1.115317583084106445e+00
1.115317583084106445e+00
1.922081947326660156e+00
1.922081947326660156e+00
2.078709125518798828e+00
2.078709125518798828e+00
2.078709125518798828e+00
2.078709125518798828e+00
2.173628807067871094e-01
8.025490045547485352e-01
8.025490045547485352e-01
8.025490045547485352e-01
8.025490045547485352e-01
8.025490045547485352e-01
8.025490045547485352e-01
8.025490045547485352e-01
8.025490045547485352e-01
6.618986129760742188e-01
6.618986129760742188e-01
6.618986129760742188e-01
6.618986129760742188e-01
6.618986129760742188e-01
1.129673361778259277e+00
1.129673361778259277e+00
1.129673361778259277e+00
9.967268109321594238e-01
9.967268109321594238e-01
9.967268109321594238e-01
9.297761917114257812e-01
3.831840157508850098e-01
3.831840157508850098e-01
3.831840157508850098e-01
1.483038663864135742e+00
1.483038663864135742e+00
1.483038663864135742e+00
1.658464431762695312e+00
1.658464431762695312e+00
2.365424871444702148e+00
2.365424871444702148e+00
2.365424871444702148e+00
1.908709287643432617e+00
1.285049676895141602e+00
1.285049676895141602e+00
1.285049676895141602e+00
1.285049676895141602e+00
1.595107197761535645e+00
1.595107197761535645e+00
1.595107197761535645e+00
1.595107197761535645e+00
1.595107197761535645e+00
1.595107197761535645e+00
1.340244770050048828e+00
1.712670087814331055e+00
1.712670087814331055e+00
1.712670087814331055e+00
1.712670087814331055e+00
3.309243917465209961e-01
3.309243917465209961e-01
3.309243917465209961e-01
3.309243917465209961e-01
3.309243917465209961e-01
3.309243917465209961e-01
3.309243917465209961e-01
6.620743870735168457e-01
6.620743870735168457e-01
6.620743870735168457e-01
6.620743870735168457e-01
8.639198541641235352e-01
8.639198541641235352e-01
5.837584733963012695e-01
5.837584733963012695e-01
5.837584733963012695e-01
5.837584733963012695e-01
5.837584733963012695e-01
5.837584733963012695e-01
5.837584733963012695e-01
5.837584733963012695e-01
5.837584733963012695e-01
5.837584733963012695e-01
5.837584733963012695e-01
6.153694391250610352e-01
6.153694391250610352e-01
6.153694391250610352e-01
6.153694391250610352e-01
6.153694391250610352e-01
6.153694391250610352e-01
6.153694391250610352e-01
6.153694391250610352e-01
6.153694391250610352e-01
6.153694391250610352e-01
6.153694391250610352e-01
6.153694391250610352e-01
5.585157275199890137e-01
5.585157275199890137e-01
5.585157275199890137e-01
5.585157275199890137e-01
5.585157275199890137e-01
5.585157275199890137e-01
5.585157275199890137e-01
5.585157275199890137e-01
5.585157275199890137e-01
5.585157275199890137e-01
5.585157275199890137e-01
5.585157275199890137e-01
1.474757552146911621e+00
1.474757552146911621e+00
1.474757552146911621e+00
6.169626712799072266e-01
2.981324195861816406e-01
2.981324195861816406e-01
2.981324195861816406e-01
1.030581355094909668e+00
1.030581355094909668e+00
1.030581355094909668e+00
1.030581355094909668e+00
1.942916512489318848e+00
1.942916512489318848e+00
1.942916512489318848e+00
1.942916512489318848e+00
1.942916512489318848e+00
1.942916512489318848e+00
1.942916512489318848e+00
1.534984588623046875e+00
1.534984588623046875e+00
1.628403902053833008e+00
1.746980667114257812e+00
1.769664049148559570e+00
1.155945897102355957e+00
1.155945897102355957e+00
1.155945897102355957e+00
1.155945897102355957e+00
1.155945897102355957e+00
1.155945897102355957e+00
1.155945897102355957e+00
1.155945897102355957e+00
1.155945897102355957e+00
1.329762935638427734e+00
1.159862995147705078e+00
1.790991902351379395e+00
1.790991902351379395e+00
1.546640038490295410e+00
2.705081939697265625e+00
1.388659477233886719e-01
1.388659477233886719e-01
1.388659477233886719e-01
1.388659477233886719e-01
1.388659477233886719e-01
1.107400774955749512e+00
1.498647212982177734e+00
2.422678947448730469e+00
2.422678947448730469e+00
2.422678947448730469e+00
4.118807315826416016e-01
4.118807315826416016e-01
4.118807315826416016e-01
4.118807315826416016e-01
4.118807315826416016e-01
4.118807315826416016e-01
2.006242424249649048e-01
2.006242424249649048e-01
8.713812828063964844e-01
8.713812828063964844e-01
3.575573563575744629e-01
3.575573563575744629e-01
1.209061264991760254e+00
3.380151987075805664e-01
3.380151987075805664e-01
3.380151987075805664e-01
3.380151987075805664e-01
3.380151987075805664e-01
3.380151987075805664e-01
3.380151987075805664e-01
3.380151987075805664e-01
3.380151987075805664e-01
5.860975980758666992e-01
5.860975980758666992e-01
1.410388231277465820e+00
1.746334075927734375e+00
1.746334075927734375e+00
1.746334075927734375e+00
1.746334075927734375e+00
1.746334075927734375e+00
1.746334075927734375e+00
1.746334075927734375e+00
1.746334075927734375e+00
1.746334075927734375e+00
1.265764713287353516e+00
9.074026346206665039e-01
2.805064320564270020e-01
4.964059591293334961e-01
4.964059591293334961e-01
4.964059591293334961e-01
4.964059591293334961e-01
4.964059591293334961e-01
3.258173465728759766e-01
3.505232930183410645e-01
3.505232930183410645e-01
3.505232930183410645e-01
3.505232930183410645e-01
3.505232930183410645e-01
4.532899260520935059e-01
4.532899260520935059e-01
4.532899260520935059e-01
4.532899260520935059e-01
4.532899260520935059e-01
4.532899260520935059e-01
4.532899260520935059e-01
4.532899260520935059e-01
4.532899260520935059e-01
4.532899260520935059e-01
4.532899260520935059e-01
4.532899260520935059e-01
4.532899260520935059e-01
4.532899260520935059e-01
4.532899260520935059e-01
4.532899260520935059e-01
1.135969400405883789e+00
1.957141041755676270e+00
1.957141041755676270e+00
7.997004985809326172e-01
5.573738813400268555e-01
5.573738813400268555e-01
5.573738813400268555e-01
5.573738813400268555e-01
5.573738813400268555e-01
5.573738813400268555e-01
5.573738813400268555e-01
5.573738813400268555e-01
5.573738813400268555e-01
5.573738813400268555e-01
5.573738813400268555e-01
1.526152372360229492e+00
1.526152372360229492e+00
1.526152372360229492e+00
7.761424183845520020e-01
7.761424183845520020e-01
7.761424183845520020e-01
8.777606487274169922e-01
8.777606487274169922e-01
8.777606487274169922e-01
8.777606487274169922e-01
8.777606487274169922e-01
8.777606487274169922e-01
8.777606487274169922e-01
8.777606487274169922e-01
8.777606487274169922e-01
2.397765159606933594e+00
1.345432519912719727e+00
1.345432519912719727e+00
1.345432519912719727e+00
1.714545011520385742e+00
1.709758043289184570e+00
1.709758043289184570e+00
1.709758043289184570e+00
1.709758043289184570e+00
1.696562886238098145e+00
1.696562886238098145e+00
1.696562886238098145e+00
1.696562886238098145e+00
1.696562886238098145e+00
1.616665124893188477e-01
1.616665124893188477e-01
1.616665124893188477e-01
1.616665124893188477e-01
1.616665124893188477e-01
1.616665124893188477e-01
1.616665124893188477e-01
1.616665124893188477e-01
1.616665124893188477e-01
1.616665124893188477e-01
1.616665124893188477e-01
1.616665124893188477e-01
1.616665124893188477e-01
1.150082111358642578e+00
5.218833684921264648e-01
1.379493236541748047e+00
1.379493236541748047e+00
1.379493236541748047e+00
1.379493236541748047e+00
1.379493236541748047e+00
6.612988114356994629e-01
6.612988114356994629e-01
6.612988114356994629e-01
6.078994274139404297e-01
6.078994274139404297e-01
6.078994274139404297e-01
6.078994274139404297e-01
9.998672008514404297e-01
9.998672008514404297e-01
9.998672008514404297e-01
7.155790328979492188e-01
7.155790328979492188e-01
7.447278499603271484e-01
1.657372951507568359e+00
4.055113792419433594e-01
4.055113792419433594e-01
4.055113792419433594e-01
4.055113792419433594e-01
4.055113792419433594e-01
4.055113792419433594e-01
3.970457911491394043e-01
3.970457911491394043e-01
3.970457911491394043e-01
2.858463525772094727e-01
4.980978667736053467e-01
4.980978667736053467e-01
4.980978667736053467e-01
4.980978667736053467e-01
4.980978667736053467e-01
4.980978667736053467e-01
4.980978667736053467e-01
4.980978667736053467e-01
1.403744935989379883e+00
1.909258127212524414e+00
1.909258127212524414e+00
1.401468992233276367e+00
1.401468992233276367e+00
1.401468992233276367e+00
1.549283742904663086e+00
1.549283742904663086e+00
4.718132019042968750e-01
4.718132019042968750e-01
4.718132019042968750e-01
3.420374989509582520e-01
3.420374989509582520e-01
4.032282829284667969e-01
4.032282829284667969e-01
1.346271038055419922e+00
1.346271038055419922e+00
1.478257536888122559e+00
1.478257536888122559e+00
1.478257536888122559e+00
9.899955987930297852e-01
5.312983989715576172e-01
5.312983989715576172e-01
5.312983989715576172e-01
4.424011707305908203e-01
4.424011707305908203e-01
4.424011707305908203e-01
4.424011707305908203e-01
4.424011707305908203e-01
4.424011707305908203e-01
9.397630691528320312e-01
9.397630691528320312e-01
9.397630691528320312e-01
9.397630691528320312e-01
8.244346976280212402e-01
8.244346976280212402e-01
6.912171840667724609e-01
6.912171840667724609e-01
6.912171840667724609e-01
1.478108882904052734e+00
1.478108882904052734e+00
1.478108882904052734e+00
1.478108882904052734e+00
1.633080482482910156e+00
6.762309074401855469e-01
6.762309074401855469e-01
6.762309074401855469e-01
6.762309074401855469e-01
6.762309074401855469e-01
1.268213510513305664e+00
1.268213510513305664e+00
1.268213510513305664e+00
1.268213510513305664e+00
1.268213510513305664e+00
1.268213510513305664e+00
1.524690151214599609e+00
6.106810569763183594e-01
6.106810569763183594e-01
6.106810569763183594e-01
3.944000005722045898e-01
3.944000005722045898e-01
3.944000005722045898e-01
3.944000005722045898e-01
7.476891279220581055e-01
7.476891279220581055e-01
7.476891279220581055e-01
7.476891279220581055e-01
3.344227969646453857e-01
3.459438681602478027e-01
1.136925578117370605e+00
1.136925578117370605e+00
1.136925578117370605e+00
1.136925578117370605e+00
1.136925578117370605e+00
1.136925578117370605e+00
1.483300566673278809e+00
1.379113197326660156e+00
9.320498108863830566e-01
9.320498108863830566e-01
1.616956591606140137e-01
1.616956591606140137e-01
1.616956591606140137e-01
1.616956591606140137e-01
8.021841645240783691e-01
9.900515675544738770e-01
9.900515675544738770e-01
9.900515675544738770e-01
1.187789916992187500e+00
4.190237522125244141e-01
4.190237522125244141e-01
4.190237522125244141e-01
9.356155991554260254e-01
9.356155991554260254e-01
9.356155991554260254e-01
9.356155991554260254e-01
9.356155991554260254e-01
9.356155991554260254e-01
9.356155991554260254e-01
5.692321062088012695e-02
5.692321062088012695e-02
8.292181491851806641e-01
8.292181491851806641e-01
8.292181491851806641e-01
8.292181491851806641e-01
8.292181491851806641e-01
8.292181491851806641e-01
8.292181491851806641e-01
8.292181491851806641e-01
1.845596194267272949e+00
1.837683916091918945e+00
6.047174930572509766e-01
7.873507142066955566e-01
7.873507142066955566e-01
5.268713235855102539e-01
5.268713235855102539e-01
5.268713235855102539e-01
5.268713235855102539e-01
5.268713235855102539e-01
5.268713235855102539e-01
5.268713235855102539e-01
5.268713235855102539e-01
5.268713235855102539e-01
5.268713235855102539e-01
5.268713235855102539e-01
5.268713235855102539e-01
5.268713235855102539e-01
6.926758289337158203e-01
2.575824558734893799e-01
2.575824558734893799e-01
2.575824558734893799e-01
2.575824558734893799e-01
2.575824558734893799e-01
2.012100219726562500e+00
1.787912845611572266e-01
1.787912845611572266e-01
1.787912845611572266e-01
1.787912845611572266e-01
1.787912845611572266e-01
1.039327740669250488e+00
1.039327740669250488e+00
8.898730278015136719e-01
1.453258514404296875e+00
1.453258514404296875e+00
4.796358346939086914e-01
4.796358346939086914e-01
4.796358346939086914e-01
4.796358346939086914e-01
4.796358346939086914e-01
4.060889482498168945e-01
4.060889482498168945e-01
4.060889482498168945e-01
4.060889482498168945e-01
2.451728284358978271e-01
2.451728284358978271e-01
9.292497634887695312e-01
9.292497634887695312e-01
9.292497634887695312e-01
9.292497634887695312e-01
9.292497634887695312e-01
9.292497634887695312e-01
6.028578281402587891e-01
6.028578281402587891e-01
6.028578281402587891e-01
1.213804960250854492e+00
1.213804960250854492e+00
8.457592725753784180e-01
8.457592725753784180e-01
8.457592725753784180e-01
8.457592725753784180e-01
9.382970333099365234e-01
9.382970333099365234e-01
8.049645423889160156e-01
8.049645423889160156e-01
8.049645423889160156e-01
8.049645423889160156e-01
7.877281904220581055e-01
7.877281904220581055e-01
7.877281904220581055e-01
7.877281904220581055e-01
7.877281904220581055e-01
7.877281904220581055e-01
7.877281904220581055e-01
7.877281904220581055e-01
9.692698717117309570e-01
9.692698717117309570e-01
9.692698717117309570e-01
9.692698717117309570e-01
9.692698717117309570e-01
9.692698717117309570e-01
7.465690374374389648e-01
7.465690374374389648e-01
7.465690374374389648e-01
7.465690374374389648e-01
7.465690374374389648e-01
7.465690374374389648e-01
7.465690374374389648e-01
7.887039184570312500e-01
7.887039184570312500e-01
7.887039184570312500e-01
7.887039184570312500e-01
7.887039184570312500e-01
7.887039184570312500e-01
7.887039184570312500e-01
7.887039184570312500e-01
7.887039184570312500e-01
7.887039184570312500e-01
7.887039184570312500e-01
7.887039184570312500e-01
7.887039184570312500e-01
7.887039184570312500e-01
7.887039184570312500e-01
7.887039184570312500e-01
7.887039184570312500e-01
7.887039184570312500e-01
1.160506486892700195e+00
1.160506486892700195e+00
1.160506486892700195e+00
1.160506486892700195e+00
2.277389764785766602e-01
2.277389764785766602e-01
2.277389764785766602e-01
2.277389764785766602e-01
2.277389764785766602e-01
2.277389764785766602e-01
1.231661796569824219e+00
1.223100781440734863e+00
1.046893954277038574e+00
3.977655172348022461e-01
3.977655172348022461e-01
3.977655172348022461e-01
3.977655172348022461e-01
3.977655172348022461e-01
3.977655172348022461e-01
1.484546899795532227e+00
9.438719153404235840e-01
9.438719153404235840e-01
9.438719153404235840e-01
9.438719153404235840e-01
9.438719153404235840e-01
9.438719153404235840e-01
1.553447842597961426e-01
1.553447842597961426e-01
1.878552436828613281e+00
1.878552436828613281e+00
2.189785242080688477e+00
2.189785242080688477e+00
5.259703397750854492e-01
2.782968580722808838e-01
1.056388378143310547e+00
1.056388378143310547e+00
1.056388378143310547e+00
1.056388378143310547e+00
1.056388378143310547e+00
1.056388378143310547e+00
1.056388378143310547e+00
1.056388378143310547e+00
1.056388378143310547e+00
1.056388378143310547e+00
1.091866493225097656e+00
1.091866493225097656e+00
1.091866493225097656e+00
1.091866493225097656e+00
1.091866493225097656e+00
1.884577751159667969e+00
1.884577751159667969e+00
1.884577751159667969e+00
1.733304619789123535e+00
1.733304619789123535e+00
1.733304619789123535e+00
1.733304619789123535e+00
1.733304619789123535e+00
1.733304619789123535e+00
7.047216892242431641e-01
7.047216892242431641e-01
7.047216892242431641e-01
7.047216892242431641e-01
7.047216892242431641e-01
7.047216892242431641e-01
2.140614092350006104e-01
5.997116565704345703e-01
4.910934567451477051e-01
1.209984779357910156e+00
5.326377749443054199e-01
5.326377749443054199e-01
5.326377749443054199e-01
5.326377749443054199e-01
5.326377749443054199e-01
5.326377749443054199e-01
1.570710897445678711e+00
1.570710897445678711e+00
1.570710897445678711e+00
1.570710897445678711e+00
1.200485467910766602e+00
6.747667789459228516e-01
6.747667789459228516e-01
6.747667789459228516e-01
1.103300333023071289e+00
1.103300333023071289e+00
1.307891130447387695e+00
1.307891130447387695e+00
2.011859178543090820e+00
2.011859178543090820e+00
2.011859178543090820e+00
2.011859178543090820e+00
2.130464315414428711e+00
1.106204509735107422e+00
1.382617592811584473e+00
1.382617592811584473e+00
1.382617592811584473e+00
1.299067020416259766e+00
1.299067020416259766e+00
2.849626541137695312e-01
2.849626541137695312e-01
1.626349091529846191e-01
1.626349091529846191e-01
1.626349091529846191e-01
1.097618937492370605e+00
1.097618937492370605e+00
1.097618937492370605e+00
1.097618937492370605e+00
1.097618937492370605e+00
1.097618937492370605e+00
1.086953282356262207e+00
1.086953282356262207e+00
1.146632075309753418e+00
1.146632075309753418e+00
1.146632075309753418e+00
1.146632075309753418e+00
1.146632075309753418e+00
1.092795252799987793e+00
1.092795252799987793e+00
1.092795252799987793e+00
1.092795252799987793e+00
1.092795252799987793e+00
1.092795252799987793e+00
1.092795252799987793e+00
1.023458480834960938e+00
1.023458480834960938e+00
1.023458480834960938e+00
1.185922861099243164e+00
9.084508419036865234e-01
9.084508419036865234e-01
2.388202548027038574e-01
3.014746606349945068e-01
3.014746606349945068e-01
3.014746606349945068e-01
3.014746606349945068e-01
3.014746606349945068e-01
3.014746606349945068e-01
1.050601482391357422e+00
1.050601482391357422e+00
1.050601482391357422e+00
1.050601482391357422e+00
1.723142623901367188e+00
1.037165284156799316e+00
1.037165284156799316e+00
1.037165284156799316e+00
1.037165284156799316e+00
1.037165284156799316e+00
1.037165284156799316e+00
1.037165284156799316e+00
1.037165284156799316e+00
1.037165284156799316e+00
1.037165284156799316e+00
1.122068405151367188e+00
1.122068405151367188e+00
1.122068405151367188e+00
1.122068405151367188e+00
1.122068405151367188e+00
1.122068405151367188e+00
5.766816139221191406e-01
8.093270063400268555e-01
8.093270063400268555e-01
2.143166661262512207e-01
1.442564725875854492e+00
1.442564725875854492e+00
1.442564725875854492e+00
1.461375832557678223e+00
9.267395138740539551e-01
9.267395138740539551e-01
9.267395138740539551e-01
9.267395138740539551e-01
9.267395138740539551e-01
9.267395138740539551e-01
2.887220978736877441e-01
2.887220978736877441e-01
2.887220978736877441e-01
2.887220978736877441e-01
1.046276330947875977e+00
1.673910617828369141e+00
1.673910617828369141e+00
1.673910617828369141e+00
1.673910617828369141e+00
1.673910617828369141e+00
1.673910617828369141e+00
1.673910617828369141e+00
1.673910617828369141e+00
1.673910617828369141e+00
1.673910617828369141e+00
1.673910617828369141e+00
1.602062702178955078e+00
1.602062702178955078e+00
1.602062702178955078e+00
5.380619764328002930e-01
5.380619764328002930e-01
5.380619764328002930e-01
5.380619764328002930e-01
5.380619764328002930e-01
5.380619764328002930e-01
5.380619764328002930e-01
5.380619764328002930e-01
5.380619764328002930e-01
5.380619764328002930e-01
5.380619764328002930e-01
5.380619764328002930e-01
5.380619764328002930e-01
5.380619764328002930e-01
5.380619764328002930e-01
5.380619764328002930e-01
5.380619764328002930e-01
5.380619764328002930e-01
5.380619764328002930e-01
9.287192821502685547e-01
9.287192821502685547e-01
9.287192821502685547e-01
9.287192821502685547e-01
3.365978598594665527e-01
3.365978598594665527e-01
3.365978598594665527e-01
3.365978598594665527e-01
5.738976001739501953e-01
5.738976001739501953e-01
5.738976001739501953e-01
5.738976001739501953e-01
5.738976001739501953e-01
1.096552371978759766e+00
1.096552371978759766e+00
9.409155845642089844e-01
5.900763869285583496e-01
1.973788738250732422e+00
1.973788738250732422e+00
1.973788738250732422e+00
1.973788738250732422e+00
1.973788738250732422e+00
7.882661819458007812e-01
7.882661819458007812e-01
7.882661819458007812e-01
2.860900759696960449e-01
2.860900759696960449e-01
2.860900759696960449e-01
2.860900759696960449e-01
2.860900759696960449e-01
2.860900759696960449e-01
1.134618878364562988e+00
1.134618878364562988e+00
1.134618878364562988e+00
1.134618878364562988e+00
1.134618878364562988e+00
1.134618878364562988e+00
1.593900084495544434e+00
1.593900084495544434e+00
5.025486946105957031e-01
1.660071849822998047e+00
5.616741180419921875e-01
5.616741180419921875e-01
5.616741180419921875e-01
5.616741180419921875e-01
1.311479330062866211e+00
1.242711901664733887e+00
4.965336322784423828e-01
4.965336322784423828e-01
4.965336322784423828e-01
2.156151235103607178e-01
2.156151235103607178e-01
2.156151235103607178e-01
2.156151235103607178e-01
9.527955055236816406e-01
9.527955055236816406e-01
9.527955055236816406e-01
4.878903925418853760e-01
1.288170337677001953e+00
8.798485994338989258e-01
8.798485994338989258e-01
8.798485994338989258e-01
8.798485994338989258e-01
8.798485994338989258e-01
8.798485994338989258e-01
7.625169754028320312e-01
7.625169754028320312e-01
7.625169754028320312e-01
1.066235780715942383e+00
1.066235780715942383e+00
1.066235780715942383e+00
1.066235780715942383e+00
1.066235780715942383e+00
7.861231565475463867e-01
7.861231565475463867e-01
7.861231565475463867e-01
7.861231565475463867e-01
4.913967549800872803e-01
1.187927126884460449e+00
1.187927126884460449e+00
1.187927126884460449e+00
8.233062028884887695e-01
8.233062028884887695e-01
1.263566017150878906e+00
1.584401249885559082e+00
1.584401249885559082e+00
1.584401249885559082e+00
1.584401249885559082e+00
1.584401249885559082e+00
1.584401249885559082e+00
1.584401249885559082e+00
8.400087356567382812e-01
8.400087356567382812e-01
4.068324565887451172e-01
4.068324565887451172e-01
6.479238271713256836e-01
6.479238271713256836e-01
6.479238271713256836e-01
6.479238271713256836e-01
6.479238271713256836e-01
6.479238271713256836e-01
1.146569132804870605e+00
1.146569132804870605e+00
1.146569132804870605e+00
5.751993060111999512e-01
1.272779941558837891e+00
6.414309740066528320e-01
5.439550876617431641e-01
5.439550876617431641e-01
5.439550876617431641e-01
5.439550876617431641e-01
5.439550876617431641e-01
1.344692111015319824e-01
1.344692111015319824e-01
1.344692111015319824e-01
1.344692111015319824e-01
1.344692111015319824e-01
1.391158103942871094e+00
4.815109372138977051e-01
4.815109372138977051e-01
4.815109372138977051e-01
4.815109372138977051e-01
2.001104116439819336e+00
2.001104116439819336e+00
2.001104116439819336e+00
1.852265596389770508e+00
1.852265596389770508e+00
2.230566740036010742e-01
2.230566740036010742e-01
2.230566740036010742e-01
2.230566740036010742e-01
2.230566740036010742e-01
2.230566740036010742e-01
2.230566740036010742e-01
2.230566740036010742e-01
2.230566740036010742e-01
2.230566740036010742e-01
1.457546949386596680e-01
1.457546949386596680e-01
4.444131553173065186e-01
2.677822113037109375e-01
2.677822113037109375e-01
2.677822113037109375e-01
2.677822113037109375e-01
2.677822113037109375e-01
2.677822113037109375e-01
1.421090602874755859e+00
3.693983554840087891e-01
3.693983554840087891e-01
3.693983554840087891e-01
3.693983554840087891e-01
3.693983554840087891e-01
7.889891266822814941e-01
5.510184168815612793e-01
5.510184168815612793e-01
5.510184168815612793e-01
5.510184168815612793e-01
5.510184168815612793e-01
5.510184168815612793e-01
5.510184168815612793e-01
5.510184168815612793e-01
5.510184168815612793e-01
5.510184168815612793e-01
5.510184168815612793e-01
5.510184168815612793e-01
4.025501012802124023e-01
1.417086958885192871e+00
1.395071625709533691e+00
1.395071625709533691e+00
1.395071625709533691e+00
1.395071625709533691e+00
1.395071625709533691e+00
1.395071625709533691e+00
1.395071625709533691e+00
1.395071625709533691e+00
1.395071625709533691e+00
1.395071625709533691e+00
1.503517866134643555e+00
1.155055761337280273e+00
1.992726445198059082e+00
4.302860498428344727e-01
4.302860498428344727e-01
2.276814877986907959e-01
9.793471097946166992e-01
9.793471097946166992e-01
9.793471097946166992e-01
9.793471097946166992e-01
5.891728401184082031e-02
5.891728401184082031e-02
5.906662344932556152e-01
8.930113911628723145e-01
8.930113911628723145e-01
8.930113911628723145e-01
8.930113911628723145e-01
5.293861627578735352e-01
5.293861627578735352e-01
1.059889197349548340e+00
1.059889197349548340e+00
4.586109519004821777e-01
4.586109519004821777e-01
4.586109519004821777e-01
2.417074888944625854e-01
2.417074888944625854e-01
1.645479917526245117e+00
1.155825495719909668e+00
1.155825495719909668e+00
5.243748426437377930e-01
5.243748426437377930e-01
5.243748426437377930e-01
5.243748426437377930e-01
5.243748426437377930e-01
5.243748426437377930e-01
1.264326810836791992e+00
6.109654307365417480e-01
6.109654307365417480e-01
6.109654307365417480e-01
6.109654307365417480e-01
6.109654307365417480e-01
9.441229104995727539e-01
1.214932680130004883e+00
1.214932680130004883e+00
5.743831992149353027e-01
5.743831992149353027e-01
5.743831992149353027e-01
4.667202532291412354e-01
4.667202532291412354e-01
4.667202532291412354e-01
4.667202532291412354e-01
7.555011510848999023e-01
7.555011510848999023e-01
7.555011510848999023e-01
7.555011510848999023e-01
7.555011510848999023e-01
7.555011510848999023e-01
4.148466587066650391e-01
1.942385673522949219e+00
1.942385673522949219e+00
1.942385673522949219e+00
1.942385673522949219e+00
2.157862901687622070e+00
2.289811134338378906e+00
2.289811134338378906e+00
2.289811134338378906e+00
2.289811134338378906e+00
1.717210650444030762e+00
1.717210650444030762e+00
7.329393029212951660e-01
7.329393029212951660e-01
7.329393029212951660e-01
7.329393029212951660e-01
6.752851605415344238e-01
6.752851605415344238e-01
8.726060390472412109e-01
8.726060390472412109e-01
8.726060390472412109e-01
8.726060390472412109e-01
8.726060390472412109e-01
8.726060390472412109e-01
1.310065627098083496e+00
1.310065627098083496e+00
9.863083362579345703e-01
9.863083362579345703e-01
9.863083362579345703e-01
4.245877265930175781e-01
4.245877265930175781e-01
4.245877265930175781e-01
4.245877265930175781e-01
4.245877265930175781e-01
4.245877265930175781e-01
4.245877265930175781e-01
4.245877265930175781e-01
4.245877265930175781e-01
4.245877265930175781e-01
4.245877265930175781e-01
4.245877265930175781e-01
1.033920049667358398e+00
1.033920049667358398e+00
1.033920049667358398e+00
1.033920049667358398e+00
1.033920049667358398e+00
1.033920049667358398e+00
1.033920049667358398e+00
1.033920049667358398e+00
1.033920049667358398e+00
1.033920049667358398e+00
1.359223365783691406e+00
1.359223365783691406e+00
1.359223365783691406e+00
1.359223365783691406e+00
1.359223365783691406e+00
1.359223365783691406e+00
1.414277195930480957e+00
1.414277195930480957e+00
1.414277195930480957e+00
1.414277195930480957e+00
1.414277195930480957e+00
1.414277195930480957e+00
5.008764266967773438e-01
5.008764266967773438e-01
1.038802146911621094e+00
1.038802146911621094e+00
1.038802146911621094e+00
1.038802146911621094e+00
2.956212162971496582e-01
2.956212162971496582e-01
2.956212162971496582e-01
2.956212162971496582e-01
2.956212162971496582e-01
2.956212162971496582e-01
2.956212162971496582e-01
8.976464867591857910e-01
8.976464867591857910e-01
8.976464867591857910e-01
7.696459889411926270e-01
7.696459889411926270e-01
7.696459889411926270e-01
7.696459889411926270e-01
8.173468112945556641e-01
8.173468112945556641e-01
8.173468112945556641e-01
8.173468112945556641e-01
8.173468112945556641e-01
8.173468112945556641e-01
8.173468112945556641e-01
8.173468112945556641e-01
8.173468112945556641e-01
8.173468112945556641e-01
4.834823906421661377e-01
6.745064258575439453e-01
6.745064258575439453e-01
6.745064258575439453e-01
6.745064258575439453e-01
7.777310609817504883e-01
7.777310609817504883e-01
7.777310609817504883e-01
7.777310609817504883e-01
7.777310609817504883e-01
1.112311363220214844e+00
1.112311363220214844e+00
1.112311363220214844e+00
1.879722476005554199e-01
1.879722476005554199e-01
6.472507715225219727e-01
6.472507715225219727e-01
4.154869914054870605e-01
4.154869914054870605e-01
4.154869914054870605e-01
5.429186820983886719e-01
1.209012985229492188e+00
6.642361283302307129e-01
6.642361283302307129e-01
6.642361283302307129e-01
6.642361283302307129e-01
6.642361283302307129e-01
6.642361283302307129e-01
6.642361283302307129e-01
6.642361283302307129e-01
6.642361283302307129e-01
6.642361283302307129e-01
6.557617783546447754e-01
6.557617783546447754e-01
6.557617783546447754e-01
6.557617783546447754e-01
6.557617783546447754e-01
6.557617783546447754e-01
1.861165046691894531e+00
1.861165046691894531e+00
2.096364021301269531e+00
2.096364021301269531e+00
2.096364021301269531e+00
7.167855501174926758e-01
7.167855501174926758e-01
7.167855501174926758e-01
7.167855501174926758e-01
1.100173830986022949e+00
1.100173830986022949e+00
1.100173830986022949e+00
3.597315549850463867e-01
3.597315549850463867e-01
3.598577380180358887e-01
3.598577380180358887e-01
8.693510293960571289e-01
8.693510293960571289e-01
8.693510293960571289e-01
8.693510293960571289e-01
1.552733540534973145e+00
1.313484907150268555e+00
4.389517307281494141e-01
4.389517307281494141e-01
4.389517307281494141e-01
4.389517307281494141e-01
4.389517307281494141e-01
4.389517307281494141e-01
4.389517307281494141e-01
1.130077004432678223e+00
1.130077004432678223e+00
1.729874730110168457e+00
1.729874730110168457e+00
1.729874730110168457e+00
1.149675607681274414e+00
1.362301468849182129e+00
1.362301468849182129e+00
1.362301468849182129e+00
4.104747772216796875e-01
4.104747772216796875e-01
4.104747772216796875e-01
4.028685688972473145e-01
6.540305018424987793e-01
6.540305018424987793e-01
6.540305018424987793e-01
1.283568620681762695e+00
1.283568620681762695e+00
7.611845135688781738e-01
7.611845135688781738e-01
5.190596580505371094e-01
5.190596580505371094e-01
5.190596580505371094e-01
5.190596580505371094e-01
5.190596580505371094e-01
5.190596580505371094e-01
2.317025661468505859e+00
3.554320335388183594e-02
3.554320335388183594e-02
3.554320335388183594e-02
3.930659592151641846e-01
3.930659592151641846e-01
3.930659592151641846e-01
3.930659592151641846e-01
3.930659592151641846e-01
3.930659592151641846e-01
3.930659592151641846e-01
3.930659592151641846e-01
6.879818439483642578e-02
3.171684145927429199e-01
6.548588275909423828e-01
7.391059994697570801e-01
7.391059994697570801e-01
1.721714019775390625e+00
1.494327306747436523e+00
1.494327306747436523e+00
5.153892040252685547e-01
1.283405303955078125e+00
1.283405303955078125e+00
1.677692651748657227e+00
1.014721989631652832e+00
5.965846180915832520e-01
5.965846180915832520e-01
5.965846180915832520e-01
5.965846180915832520e-01
5.965846180915832520e-01
5.965846180915832520e-01
5.965846180915832520e-01
5.965846180915832520e-01
5.965846180915832520e-01
1.154543399810791016e+00
1.154543399810791016e+00
1.154543399810791016e+00
1.154543399810791016e+00
1.154543399810791016e+00
1.154543399810791016e+00
1.154543399810791016e+00
2.864469289779663086e-01
1.150851249694824219e+00
3.777996301651000977e-01
3.777996301651000977e-01
3.777996301651000977e-01
3.777996301651000977e-01
3.777996301651000977e-01
3.777996301651000977e-01
3.777996301651000977e-01
6.954972147941589355e-01
6.954972147941589355e-01
6.954972147941589355e-01
6.954972147941589355e-01
6.954972147941589355e-01
6.954972147941589355e-01
6.954972147941589355e-01
6.954972147941589355e-01
6.954972147941589355e-01
2.146921753883361816e-01
2.146921753883361816e-01
3.718483150005340576e-01
3.718483150005340576e-01
3.718483150005340576e-01
3.639107942581176758e-01
3.639107942581176758e-01
5.775700807571411133e-01
5.775700807571411133e-01
5.775700807571411133e-01
1.072240114212036133e+00
1.072240114212036133e+00
1.072240114212036133e+00
4.076572060585021973e-01
4.076572060585021973e-01
1.087796211242675781e+00
9.603490233421325684e-01
9.603490233421325684e-01
1.080622315406799316e+00
1.080622315406799316e+00
1.080622315406799316e+00
1.080622315406799316e+00
1.800152778625488281e+00
2.481614589691162109e+00
1.404408693313598633e+00
1.404408693313598633e+00
1.404408693313598633e+00
1.404408693313598633e+00
1.404408693313598633e+00
1.756054639816284180e+00
1.756054639816284180e+00
1.756054639816284180e+00
1.239587068557739258e-01
1.239587068557739258e-01
1.239587068557739258e-01
1.364096999168395996e+00
1.364096999168395996e+00
1.370186209678649902e+00
3.423759937286376953e-01
3.423759937286376953e-01
9.179139733314514160e-01
9.179139733314514160e-01
1.922859907150268555e+00
1.634728908538818359e-02
1.194284558296203613e+00
1.194284558296203613e+00
1.194284558296203613e+00
1.194284558296203613e+00
8.525224924087524414e-01
6.542412042617797852e-01
6.542412042617797852e-01
1.981199502944946289e+00
1.920655131340026855e+00
1.579264640808105469e+00
1.579264640808105469e+00
1.579264640808105469e+00
1.252604603767395020e+00
1.252604603767395020e+00
1.433573007583618164e+00
1.433573007583618164e+00
1.433573007583618164e+00
1.888878345489501953e+00
1.888878345489501953e+00
1.888878345489501953e+00
1.888878345489501953e+00
1.991252064704895020e+00
1.991252064704895020e+00
1.991252064704895020e+00
1.991252064704895020e+00
1.991252064704895020e+00
1.482276678085327148e+00
1.496823549270629883e+00
1.496823549270629883e+00
1.425690412521362305e+00
1.425690412521362305e+00
1.322090506553649902e+00
1.322090506553649902e+00
1.322090506553649902e+00
1.325818300247192383e+00
8.948895931243896484e-01
8.948895931243896484e-01
7.236229777336120605e-01
7.236229777336120605e-01
1.095667958259582520e+00
1.095667958259582520e+00
1.095667958259582520e+00
5.509169697761535645e-01
8.127777576446533203e-01
8.127777576446533203e-01
8.127777576446533203e-01
8.127777576446533203e-01
1.302356362342834473e+00
1.302356362342834473e+00
1.302356362342834473e+00
1.302356362342834473e+00
1.302356362342834473e+00
1.302356362342834473e+00
1.302356362342834473e+00
1.302356362342834473e+00
9.905573725700378418e-01
9.905573725700378418e-01
9.905573725700378418e-01
9.905573725700378418e-01
9.905573725700378418e-01
9.905573725700378418e-01
3.561326861381530762e-01
3.561326861381530762e-01
3.561326861381530762e-01
4.946250915527343750e-01
7.191081643104553223e-01
7.191081643104553223e-01
4.613278210163116455e-01
4.613278210163116455e-01
4.613278210163116455e-01
4.613278210163116455e-01
1.407636165618896484e+00
1.407636165618896484e+00
1.407636165618896484e+00
1.004180192947387695e+00
1.004180192947387695e+00
1.004180192947387695e+00
9.392657279968261719e-01
9.392657279968261719e-01
9.392657279968261719e-01
3.113353252410888672e-01
3.113353252410888672e-01
4.736362695693969727e-01
4.736362695693969727e-01
4.736362695693969727e-01
2.606635093688964844e-01
2.606635093688964844e-01
2.606635093688964844e-01
2.606635093688964844e-01
2.606635093688964844e-01
2.606635093688964844e-01
2.606635093688964844e-01
1.876877427101135254e+00
5.672653913497924805e-01
5.672653913497924805e-01
5.672653913497924805e-01
5.672653913497924805e-01
5.672653913497924805e-01
5.672653913497924805e-01
5.672653913497924805e-01
5.672653913497924805e-01
4.077772498130798340e-01
4.077772498130798340e-01
4.077772498130798340e-01
4.077772498130798340e-01
4.077772498130798340e-01
9.555850028991699219e-01
9.555850028991699219e-01
9.555850028991699219e-01
9.555850028991699219e-01
3.756248354911804199e-01
3.756248354911804199e-01
3.756248354911804199e-01
3.756248354911804199e-01
3.756248354911804199e-01
3.756248354911804199e-01
3.756248354911804199e-01
3.756248354911804199e-01
1.440199613571166992e+00
1.440199613571166992e+00
1.363972902297973633e+00
1.197573423385620117e+00
7.127940654754638672e-01
7.127940654754638672e-01
1.825463294982910156e+00
7.520956993103027344e-01
1.393224477767944336e+00
2.668876647949218750e-01
2.668876647949218750e-01
2.668876647949218750e-01
2.668876647949218750e-01
1.274777650833129883e-01
1.274777650833129883e-01
8.283183574676513672e-01
7.806078791618347168e-01
7.806078791618347168e-01
7.806078791618347168e-01
7.806078791618347168e-01
5.687250494956970215e-01
5.687250494956970215e-01
5.687250494956970215e-01
5.687250494956970215e-01
5.687250494956970215e-01
1.434023618698120117e+00
1.434023618698120117e+00
6.698592305183410645e-01
6.698592305183410645e-01
6.698592305183410645e-01
6.698592305183410645e-01
6.698592305183410645e-01
6.698592305183410645e-01
6.698592305183410645e-01
6.698592305183410645e-01
6.698592305183410645e-01
6.698592305183410645e-01
6.698592305183410645e-01
6.698592305183410645e-01
6.698592305183410645e-01
6.698592305183410645e-01
6.698592305183410645e-01
1.050050854682922363e-01
1.050050854682922363e-01
1.959627866744995117e+00
1.959627866744995117e+00
1.959627866744995117e+00
1.991537332534790039e+00
7.093164920806884766e-01
7.093164920806884766e-01
7.093164920806884766e-01
7.093164920806884766e-01
7.093164920806884766e-01
7.093164920806884766e-01
9.011186361312866211e-01
9.011186361312866211e-01
9.011186361312866211e-01
9.011186361312866211e-01
3.997607231140136719e-01
3.997607231140136719e-01
1.209950208663940430e+00
1.209950208663940430e+00
1.209950208663940430e+00
1.228995442390441895e+00
1.228995442390441895e+00
1.228995442390441895e+00
1.653290033340454102e+00
1.653290033340454102e+00
1.653290033340454102e+00
1.909779429435729980e+00
1.783217668533325195e+00
1.783217668533325195e+00
5.315822362899780273e-01
5.315822362899780273e-01
5.315822362899780273e-01
5.315822362899780273e-01
1.249287843704223633e+00
1.249287843704223633e+00
1.249287843704223633e+00
5.175684690475463867e-01
5.175684690475463867e-01
5.175684690475463867e-01
1.986187994480133057e-01
1.986187994480133057e-01
1.566471219062805176e+00
1.566471219062805176e+00
1.566471219062805176e+00
1.566471219062805176e+00
1.566471219062805176e+00
1.566471219062805176e+00
5.764524340629577637e-01
9.725298881530761719e-01
9.725298881530761719e-01
3.316099643707275391e-01
3.316099643707275391e-01
3.316099643707275391e-01
3.316099643707275391e-01
3.316099643707275391e-01
3.316099643707275391e-01
1.123351573944091797e+00
1.123351573944091797e+00
6.216073036193847656e-01
6.216073036193847656e-01
6.216073036193847656e-01
6.216073036193847656e-01
6.216073036193847656e-01
6.216073036193847656e-01
6.216073036193847656e-01
2.134346008300781250e+00
2.134346008300781250e+00
2.134346008300781250e+00
1.477823853492736816e+00
9.425655007362365723e-01
9.425655007362365723e-01
1.071528553962707520e+00
1.071528553962707520e+00
1.071528553962707520e+00
1.071528553962707520e+00
1.071528553962707520e+00
1.071528553962707520e+00
1.195721149444580078e+00
1.195721149444580078e+00
1.195721149444580078e+00
7.331304550170898438e-01
7.331304550170898438e-01
7.331304550170898438e-01
7.331304550170898438e-01
8.701851367950439453e-01
8.701851367950439453e-01
8.701851367950439453e-01
8.701851367950439453e-01
8.701851367950439453e-01
8.701851367950439453e-01
8.701851367950439453e-01
6.126469373703002930e-01
6.126469373703002930e-01
6.126469373703002930e-01
6.126469373703002930e-01
3.544307649135589600e-01
3.544307649135589600e-01
3.544307649135589600e-01
4.233995676040649414e-01
4.233995676040649414e-01
4.233995676040649414e-01
8.088744878768920898e-01
8.088744878768920898e-01
8.088744878768920898e-01
8.088744878768920898e-01
7.962249517440795898e-01
7.962249517440795898e-01
7.962249517440795898e-01
7.962249517440795898e-01
7.962249517440795898e-01
7.962249517440795898e-01
5.144144296646118164e-01
5.144144296646118164e-01
5.144144296646118164e-01
5.144144296646118164e-01
5.144144296646118164e-01
5.144144296646118164e-01
5.144144296646118164e-01
5.144144296646118164e-01
5.144144296646118164e-01
5.144144296646118164e-01
5.144144296646118164e-01
5.144144296646118164e-01
8.384319543838500977e-01
3.466849327087402344e-01
1.150879621505737305e+00
4.186015725135803223e-01
1.022260487079620361e-01
1.022260487079620361e-01
1.022260487079620361e-01
1.374707818031311035e-01
1.374707818031311035e-01
7.301819324493408203e-01
5.615120530128479004e-01
1.213777065277099609e+00
1.213777065277099609e+00
1.213777065277099609e+00
9.277331829071044922e-02
9.277331829071044922e-02
9.277331829071044922e-02
9.277331829071044922e-02
4.314324557781219482e-01
4.314324557781219482e-01
4.314324557781219482e-01
1.580131173133850098e+00
1.580131173133850098e+00
1.580131173133850098e+00
1.580131173133850098e+00
1.580131173133850098e+00
1.580131173133850098e+00
1.328184843063354492e+00
1.328184843063354492e+00
1.328184843063354492e+00
2.437096834182739258e-01
2.437096834182739258e-01
2.437096834182739258e-01
1.268583774566650391e+00
1.268583774566650391e+00
1.223864912986755371e+00
1.223864912986755371e+00
1.223864912986755371e+00
9.093540310859680176e-01
9.093540310859680176e-01
9.093540310859680176e-01
9.093540310859680176e-01
9.093540310859680176e-01
9.093540310859680176e-01
9.093540310859680176e-01
7.258135080337524414e-01
7.258135080337524414e-01
7.258135080337524414e-01
7.258135080337524414e-01
4.452636837959289551e-01
4.452636837959289551e-01
4.452636837959289551e-01
4.452636837959289551e-01
4.452636837959289551e-01
2.137096166610717773e+00
2.137096166610717773e+00
2.137096166610717773e+00
2.137096166610717773e+00
2.137096166610717773e+00
2.137096166610717773e+00
1.500225663185119629e+00
1.500225663185119629e+00
1.500225663185119629e+00
1.500225663185119629e+00
2.010868072509765625e+00
2.010868072509765625e+00
2.010868072509765625e+00
2.010868072509765625e+00
2.010868072509765625e+00
2.010868072509765625e+00
2.010868072509765625e+00
2.010868072509765625e+00
2.010868072509765625e+00
5.632261037826538086e-01
1.403052806854248047e+00
1.017609357833862305e+00
7.900443673133850098e-01
9.648550748825073242e-01
9.648550748825073242e-01
9.648550748825073242e-01
9.648550748825073242e-01
9.648550748825073242e-01
9.648550748825073242e-01
1.440681219100952148e-01
1.440681219100952148e-01
1.440681219100952148e-01
1.440681219100952148e-01
1.440681219100952148e-01
1.440681219100952148e-01
1.440681219100952148e-01
1.602834820747375488e+00
1.132118821144104004e+00
1.132118821144104004e+00
1.132118821144104004e+00
1.132118821144104004e+00
1.132118821144104004e+00
1.132118821144104004e+00
1.132118821144104004e+00
1.132118821144104004e+00
7.938598394393920898e-01
7.938598394393920898e-01
7.938598394393920898e-01
7.938598394393920898e-01
7.938598394393920898e-01
1.223809838294982910e+00
1.223809838294982910e+00
1.031326055526733398e+00
1.031326055526733398e+00
1.031326055526733398e+00
8.062361478805541992e-01
8.062361478805541992e-01
3.966818153858184814e-01
2.860853075981140137e-01
2.656132876873016357e-01
2.656132876873016357e-01
2.656132876873016357e-01
1.002405762672424316e+00
1.002405762672424316e+00
1.002405762672424316e+00
1.002405762672424316e+00
1.002405762672424316e+00
1.002405762672424316e+00
1.002405762672424316e+00
1.002405762672424316e+00
1.002405762672424316e+00
1.002405762672424316e+00
1.002405762672424316e+00
1.002405762672424316e+00
1.002405762672424316e+00
1.415786623954772949e+00
1.415786623954772949e+00
1.415786623954772949e+00
1.096632957458496094e+00
1.096632957458496094e+00
1.096632957458496094e+00
6.709988117218017578e-01
6.709988117218017578e-01
6.709988117218017578e-01
6.709988117218017578e-01
6.709988117218017578e-01
6.709988117218017578e-01
1.123301863670349121e+00
1.123301863670349121e+00
6.446729898452758789e-01
6.446729898452758789e-01
6.446729898452758789e-01
6.446729898452758789e-01
6.446729898452758789e-01
9.754803180694580078e-01
5.303146839141845703e-01
5.303146839141845703e-01
5.303146839141845703e-01
5.303146839141845703e-01
8.720942735671997070e-01
8.720942735671997070e-01
8.720942735671997070e-01
2.044200897216796875e+00
2.044200897216796875e+00
2.044200897216796875e+00
8.524700403213500977e-01
2.026684761047363281e+00
2.553189039230346680e+00
3.259632825851440430e+00
3.259632825851440430e+00
2.531289100646972656e+00
2.820579290390014648e+00
2.820579290390014648e+00
2.176425933837890625e+00
2.176425933837890625e+00
2.128605365753173828e+00
2.128605365753173828e+00
2.128605365753173828e+00
2.283970117568969727e+00
1.602900743484497070e+00
1.602900743484497070e+00
1.332687139511108398e+00
1.332687139511108398e+00
1.332687139511108398e+00
1.332687139511108398e+00
1.703754425048828125e+00
1.526764631271362305e-01
1.526764631271362305e-01
7.277783751487731934e-01
7.277783751487731934e-01
8.229028582572937012e-01
1.251587748527526855e+00
1.251587748527526855e+00
8.576396107673645020e-01
8.576396107673645020e-01
8.576396107673645020e-01
8.576396107673645020e-01
9.502630829811096191e-01
6.129970550537109375e-01
6.129970550537109375e-01
6.782531738281250000e-01
6.782531738281250000e-01
6.782531738281250000e-01
1.270827531814575195e+00
3.579792380332946777e-01
3.579792380332946777e-01
3.579792380332946777e-01
3.579792380332946777e-01
3.579792380332946777e-01
3.579792380332946777e-01
3.579792380332946777e-01
7.333842515945434570e-01
7.665970325469970703e-01
7.665970325469970703e-01
7.665970325469970703e-01
7.665970325469970703e-01
1.814798951148986816e+00
1.814798951148986816e+00
1.814798951148986816e+00
1.814798951148986816e+00
1.951797723770141602e+00
1.951797723770141602e+00
1.951797723770141602e+00
1.951797723770141602e+00
1.951797723770141602e+00
1.951797723770141602e+00
1.464603662490844727e+00
2.847462892532348633e-01
2.847462892532348633e-01
2.847462892532348633e-01
2.847462892532348633e-01
2.847462892532348633e-01
2.847462892532348633e-01
2.847462892532348633e-01
2.847462892532348633e-01
2.847462892532348633e-01
2.847462892532348633e-01
2.847462892532348633e-01
2.847462892532348633e-01
2.847462892532348633e-01
2.847462892532348633e-01
1.275631546974182129e+00
1.275631546974182129e+00
1.275631546974182129e+00
1.275631546974182129e+00
1.275631546974182129e+00
1.275631546974182129e+00
1.275631546974182129e+00
3.241882324218750000e-01
8.511083126068115234e-01
8.511083126068115234e-01
8.511083126068115234e-01
8.511083126068115234e-01
8.511083126068115234e-01
4.036749005317687988e-01
1.727746009826660156e+00
1.727746009826660156e+00
8.230310082435607910e-01
8.230310082435607910e-01
8.230310082435607910e-01
8.230310082435607910e-01
8.230310082435607910e-01
5.756052136421203613e-01
5.756052136421203613e-01
5.756052136421203613e-01
5.756052136421203613e-01
4.803879261016845703e-01
4.803879261016845703e-01
6.002863645553588867e-01
6.002863645553588867e-01
6.002863645553588867e-01
6.002863645553588867e-01
1.284052371978759766e+00
2.516336441040039062e-01
2.516336441040039062e-01
1.421592116355895996e+00
9.832503199577331543e-01
9.832503199577331543e-01
9.832503199577331543e-01
9.832503199577331543e-01
1.174646615982055664e-01
1.174646615982055664e-01
8.089133501052856445e-01
8.089133501052856445e-01
8.089133501052856445e-01
8.089133501052856445e-01
7.588101625442504883e-01
9.815673828125000000e-01
9.815673828125000000e-01
9.815673828125000000e-01
3.182550668716430664e-01
3.182550668716430664e-01
3.182550668716430664e-01
3.182550668716430664e-01
3.182550668716430664e-01
3.182550668716430664e-01
3.182550668716430664e-01
6.138817667961120605e-01
3.786304593086242676e-01
3.786304593086242676e-01
1.218067884445190430e+00
9.961931705474853516e-01
8.500966429710388184e-01
7.001664638519287109e-01
7.001664638519287109e-01
1.185551047325134277e+00
1.185551047325134277e+00
1.185551047325134277e+00
1.185551047325134277e+00
7.882183790206909180e-01
1.280920982360839844e+00
1.280920982360839844e+00
5.012477636337280273e-01
7.226777672767639160e-01
7.226777672767639160e-01
7.226777672767639160e-01
7.226777672767639160e-01
7.226777672767639160e-01
7.226777672767639160e-01
7.989515066146850586e-01
5.819767713546752930e-01
5.819767713546752930e-01
5.819767713546752930e-01
5.819767713546752930e-01
5.819767713546752930e-01
5.819767713546752930e-01
5.819767713546752930e-01
5.819767713546752930e-01
1.797771692276000977e+00
1.797771692276000977e+00
1.311748623847961426e+00
1.311748623847961426e+00
8.900594711303710938e-02
8.900594711303710938e-02
1.139882326126098633e+00
1.241488575935363770e+00
1.241488575935363770e+00
2.301859855651855469e+00
1.979349851608276367e+00
1.979349851608276367e+00
1.979349851608276367e+00
1.979349851608276367e+00
1.321679592132568359e+00
1.316304802894592285e+00
1.316304802894592285e+00
1.316304802894592285e+00
9.247717857360839844e-01
4.087408185005187988e-01
4.087408185005187988e-01
4.087408185005187988e-01
7.135685682296752930e-01
7.135685682296752930e-01
7.838829755783081055e-01
7.838829755783081055e-01
7.838829755783081055e-01
1.219857692718505859e+00
1.219857692718505859e+00
5.693405866622924805e-01
5.693405866622924805e-01
5.693405866622924805e-01
5.693405866622924805e-01
1.241626024246215820e+00
1.241626024246215820e+00
1.164375185966491699e+00
1.164375185966491699e+00
1.239641070365905762e+00
1.239641070365905762e+00
1.239641070365905762e+00
1.239641070365905762e+00
1.252855420112609863e+00
1.164835333824157715e+00
1.164835333824157715e+00
1.164835333824157715e+00
1.329748392105102539e+00
1.329748392105102539e+00
1.286004304885864258e+00
1.286004304885864258e+00
1.286004304885864258e+00
1.286004304885864258e+00
8.884126543998718262e-01
9.402853846549987793e-01
9.402853846549987793e-01
3.907624483108520508e-01
3.907624483108520508e-01
3.907624483108520508e-01
3.907624483108520508e-01
3.907624483108520508e-01
3.907624483108520508e-01
3.907624483108520508e-01
3.907624483108520508e-01
8.335044384002685547e-01
8.335044384002685547e-01
8.335044384002685547e-01
8.335044384002685547e-01
8.335044384002685547e-01
8.335044384002685547e-01
8.335044384002685547e-01
8.335044384002685547e-01
8.335044384002685547e-01
2.012895345687866211e-01
2.012895345687866211e-01
2.012895345687866211e-01
2.012895345687866211e-01
1.167988777160644531e+00
1.167988777160644531e+00
1.167988777160644531e+00
1.167988777160644531e+00
1.167988777160644531e+00
1.167988777160644531e+00
1.167988777160644531e+00
1.167988777160644531e+00
2.031880617141723633e-01
2.031880617141723633e-01
3.661761283874511719e-01
1.539321780204772949e+00
1.539321780204772949e+00
1.334016084671020508e+00
1.334016084671020508e+00
1.334016084671020508e+00
6.652304530143737793e-01
1.512410879135131836e+00
1.512410879135131836e+00
2.202732324600219727e+00
2.202732324600219727e+00
2.202732324600219727e+00
2.202732324600219727e+00
5.863569974899291992e-01
5.863569974899291992e-01
5.863569974899291992e-01
5.863569974899291992e-01
1.070482730865478516e+00
1.168065190315246582e+00
