6.304286718368530273e-01
6.304286718368530273e-01
1.326859712600708008e+00
1.687886357307434082e+00
1.687886357307434082e+00
1.687886357307434082e+00
1.687886357307434082e+00
1.244377613067626953e+00
1.244377613067626953e+00
1.244377613067626953e+00
1.244377613067626953e+00
1.244377613067626953e+00
1.303847670555114746e+00
1.482226848602294922e+00
1.482226848602294922e+00
1.749724030494689941e+00
1.749724030494689941e+00
1.749724030494689941e+00
1.735134720802307129e+00
1.385128021240234375e+00
7.064521908760070801e-01
7.064521908760070801e-01
1.814497709274291992e+00
1.814497709274291992e+00
1.814497709274291992e+00
1.814497709274291992e+00
1.814497709274291992e+00
1.814497709274291992e+00
1.814497709274291992e+00
2.239520549774169922e-01
2.239520549774169922e-01
2.239520549774169922e-01
2.239520549774169922e-01
2.239520549774169922e-01
1.348012804985046387e+00
1.348012804985046387e+00
1.348012804985046387e+00
1.348012804985046387e+00
9.912119507789611816e-01
7.585597038269042969e-01
4.504069983959197998e-01
4.504069983959197998e-01
4.504069983959197998e-01
2.846357822418212891e-01
2.846357822418212891e-01
1.955082774162292480e+00
1.837716937065124512e+00
1.837716937065124512e+00
1.837716937065124512e+00
2.120285987854003906e+00
3.211113214492797852e-01
3.211113214492797852e-01
3.211113214492797852e-01
3.211113214492797852e-01
7.143251299858093262e-01
1.166331052780151367e+00
1.166331052780151367e+00
6.042861938476562500e-01
6.042861938476562500e-01
3.385271430015563965e-01
3.385271430015563965e-01
3.385271430015563965e-01
3.385271430015563965e-01
3.385271430015563965e-01
3.385271430015563965e-01
3.385271430015563965e-01
3.385271430015563965e-01
3.385271430015563965e-01
3.385271430015563965e-01
3.385271430015563965e-01
3.385271430015563965e-01
3.385271430015563965e-01
5.479514002799987793e-01
5.479514002799987793e-01
5.479514002799987793e-01
1.664728403091430664e+00
1.664728403091430664e+00
6.351835727691650391e-01
6.351835727691650391e-01
6.351835727691650391e-01
1.067611217498779297e+00
5.446599125862121582e-01
5.446599125862121582e-01
7.763482332229614258e-01
7.763482332229614258e-01
7.763482332229614258e-01
7.763482332229614258e-01
1.649580359458923340e+00
9.498254060745239258e-01
9.498254060745239258e-01
7.526106834411621094e-01
7.526106834411621094e-01
7.526106834411621094e-01
7.526106834411621094e-01
7.526106834411621094e-01
7.526106834411621094e-01
1.047435283660888672e+00
2.300018072128295898e-01
2.300018072128295898e-01
2.300018072128295898e-01
7.063300609588623047e-01
7.063300609588623047e-01
7.063300609588623047e-01
7.063300609588623047e-01
7.063300609588623047e-01
1.320975303649902344e+00
1.320975303649902344e+00
1.320975303649902344e+00
1.320975303649902344e+00
1.320975303649902344e+00
7.461123466491699219e-01
7.461123466491699219e-01
7.461123466491699219e-01
8.283466100692749023e-01
8.283466100692749023e-01
8.283466100692749023e-01
8.283466100692749023e-01
8.283466100692749023e-01
8.283466100692749023e-01
8.283466100692749023e-01
8.283466100692749023e-01
1.215687751770019531e+00
1.215687751770019531e+00
1.215687751770019531e+00
1.215687751770019531e+00
1.215687751770019531e+00
1.215687751770019531e+00
1.829158067703247070e-01
1.829158067703247070e-01
5.377767086029052734e-01
5.377767086029052734e-01
4.095941483974456787e-01
4.095941483974456787e-01
4.095941483974456787e-01
1.665893077850341797e+00
1.665893077850341797e+00
1.665893077850341797e+00
1.665893077850341797e+00
1.665893077850341797e+00
2.878072261810302734e-01
2.878072261810302734e-01
7.210706472396850586e-01
7.269267439842224121e-01
7.269267439842224121e-01
7.269267439842224121e-01
7.269267439842224121e-01
7.269267439842224121e-01
7.269267439842224121e-01
8.377786278724670410e-01
8.377786278724670410e-01
8.377786278724670410e-01
8.377786278724670410e-01
9.155275821685791016e-01
9.155275821685791016e-01
9.155275821685791016e-01
9.155275821685791016e-01
9.155275821685791016e-01
1.459146261215209961e+00
7.905324697494506836e-01
7.905324697494506836e-01
7.905324697494506836e-01
3.331972360610961914e-01
3.331972360610961914e-01
3.331972360610961914e-01
3.331972360610961914e-01
3.331972360610961914e-01
3.331972360610961914e-01
3.331972360610961914e-01
3.331972360610961914e-01
3.331972360610961914e-01
3.331972360610961914e-01
6.062693595886230469e-01
6.062693595886230469e-01
6.062693595886230469e-01
6.062693595886230469e-01
6.062693595886230469e-01
6.062693595886230469e-01
6.062693595886230469e-01
6.062693595886230469e-01
6.062693595886230469e-01
6.062693595886230469e-01
6.062693595886230469e-01
6.062693595886230469e-01
5.220633745193481445e-01
5.220633745193481445e-01
5.220633745193481445e-01
5.220633745193481445e-01
5.220633745193481445e-01
5.572239160537719727e-01
5.572239160537719727e-01
5.572239160537719727e-01
5.572239160537719727e-01
5.572239160537719727e-01
2.031223535537719727e+00
2.031223535537719727e+00
2.364726066589355469e-01
2.101768493652343750e+00
6.488442420959472656e-01
6.488442420959472656e-01
6.488442420959472656e-01
6.488442420959472656e-01
6.488442420959472656e-01
6.488442420959472656e-01
6.488442420959472656e-01
6.488442420959472656e-01
6.488442420959472656e-01
6.488442420959472656e-01
6.488442420959472656e-01
6.488442420959472656e-01
1.802722096443176270e+00
1.802722096443176270e+00
8.740891814231872559e-01
8.740891814231872559e-01
8.740891814231872559e-01
8.685949444770812988e-01
8.685949444770812988e-01
1.983794569969177246e-01
1.983794569969177246e-01
7.266077399253845215e-01
1.229181766510009766e+00
1.229181766510009766e+00
1.229181766510009766e+00
1.806134223937988281e+00
1.199616312980651855e+00
1.199616312980651855e+00
1.199616312980651855e+00
1.523125886917114258e+00
1.523125886917114258e+00
1.523125886917114258e+00
1.523125886917114258e+00
1.613491415977478027e+00
1.613491415977478027e+00
1.613491415977478027e+00
1.613491415977478027e+00
1.613491415977478027e+00
1.613491415977478027e+00
1.397969961166381836e+00
1.397969961166381836e+00
1.397969961166381836e+00
1.397969961166381836e+00
1.397969961166381836e+00
6.395316123962402344e-01
6.395316123962402344e-01
6.395316123962402344e-01
5.131494998931884766e-01
5.131494998931884766e-01
5.131494998931884766e-01
5.131494998931884766e-01
5.131494998931884766e-01
1.560097098350524902e+00
1.107208251953125000e+00
7.231768965721130371e-01
7.231768965721130371e-01
9.742317199707031250e-01
7.202215790748596191e-01
7.202215790748596191e-01
7.202215790748596191e-01
7.202215790748596191e-01
7.202215790748596191e-01
8.929592370986938477e-02
8.929592370986938477e-02
8.929592370986938477e-02
8.929592370986938477e-02
8.929592370986938477e-02
2.602232694625854492e-01
2.602232694625854492e-01
2.602232694625854492e-01
2.602232694625854492e-01
3.713721334934234619e-01
3.713721334934234619e-01
3.713721334934234619e-01
3.713721334934234619e-01
3.713721334934234619e-01
3.713721334934234619e-01
3.713721334934234619e-01
3.713721334934234619e-01
3.713721334934234619e-01
3.713721334934234619e-01
1.156023502349853516e+00
1.601846814155578613e+00
1.601846814155578613e+00
1.102007269859313965e+00
6.418852806091308594e-01
8.939378857612609863e-01
7.198634147644042969e-01
7.198634147644042969e-01
7.198634147644042969e-01
7.198634147644042969e-01
7.198634147644042969e-01
7.198634147644042969e-01
8.050925135612487793e-01
8.050925135612487793e-01
8.050925135612487793e-01
8.050925135612487793e-01
8.050925135612487793e-01
8.050925135612487793e-01
8.050925135612487793e-01
8.050925135612487793e-01
8.050925135612487793e-01
9.679644107818603516e-01
9.679644107818603516e-01
4.852696955204010010e-01
4.852696955204010010e-01
4.852696955204010010e-01
4.852696955204010010e-01
4.852696955204010010e-01
4.852696955204010010e-01
8.783977627754211426e-01
8.783977627754211426e-01
8.783977627754211426e-01
8.783977627754211426e-01
8.783977627754211426e-01
8.783977627754211426e-01
8.783977627754211426e-01
8.783977627754211426e-01
8.783977627754211426e-01
8.783977627754211426e-01
8.783977627754211426e-01
8.783977627754211426e-01
8.783977627754211426e-01
7.798818349838256836e-01
7.798818349838256836e-01
7.798818349838256836e-01
7.798818349838256836e-01
2.776910781860351562e+00
3.025744676589965820e+00
1.918468952178955078e+00
1.918468952178955078e+00
1.918468952178955078e+00
1.200910806655883789e+00
5.209746956825256348e-01
7.990773916244506836e-01
7.990773916244506836e-01
7.990773916244506836e-01
7.990773916244506836e-01
7.990773916244506836e-01
1.214215874671936035e+00
2.083707809448242188e+00
2.083707809448242188e+00
2.083707809448242188e+00
2.083707809448242188e+00
1.717395544052124023e+00
1.717395544052124023e+00
1.717395544052124023e+00
1.717395544052124023e+00
4.935185909271240234e-01
4.935185909271240234e-01
4.935185909271240234e-01
4.935185909271240234e-01
4.935185909271240234e-01
4.935185909271240234e-01
4.935185909271240234e-01
8.363541364669799805e-01
8.363541364669799805e-01
8.363541364669799805e-01
8.363541364669799805e-01
8.044510483741760254e-01
8.044510483741760254e-01
8.044510483741760254e-01
5.230865478515625000e-01
5.230865478515625000e-01
1.214143753051757812e+00
1.214143753051757812e+00
1.214143753051757812e+00
1.214143753051757812e+00
1.214143753051757812e+00
1.214143753051757812e+00
2.064785957336425781e-01
2.064785957336425781e-01
2.064785957336425781e-01
2.568632066249847412e-01
2.568632066249847412e-01
6.043972969055175781e-01
6.043972969055175781e-01
1.447940587997436523e+00
1.447940587997436523e+00
1.447940587997436523e+00
1.447940587997436523e+00
1.447940587997436523e+00
1.447940587997436523e+00
1.447940587997436523e+00
1.826379299163818359e+00
1.421453237533569336e+00
1.421453237533569336e+00
1.290995478630065918e+00
9.535603523254394531e-01
9.535603523254394531e-01
9.535603523254394531e-01
9.535603523254394531e-01
9.535603523254394531e-01
9.535603523254394531e-01
1.359869837760925293e-01
1.359869837760925293e-01
1.558414936065673828e+00
1.558414936065673828e+00
8.689245581626892090e-01
8.689245581626892090e-01
8.689245581626892090e-01
8.689245581626892090e-01
8.689245581626892090e-01
8.689245581626892090e-01
8.689245581626892090e-01
8.689245581626892090e-01
8.689245581626892090e-01
8.689245581626892090e-01
8.689245581626892090e-01
8.689245581626892090e-01
8.689245581626892090e-01
8.689245581626892090e-01
6.193769574165344238e-01
5.622075200080871582e-01
5.622075200080871582e-01
3.761978149414062500e-01
3.761978149414062500e-01
3.761978149414062500e-01
3.761978149414062500e-01
8.179923892021179199e-01
8.179923892021179199e-01
8.409631848335266113e-01
8.409631848335266113e-01
8.409631848335266113e-01
8.409631848335266113e-01
1.773533225059509277e+00
1.510033607482910156e-01
1.510033607482910156e-01
1.510033607482910156e-01
5.290298461914062500e-01
5.290298461914062500e-01
9.375815391540527344e-01
6.308418512344360352e-01
6.308418512344360352e-01
1.007109522819519043e+00
1.007109522819519043e+00
4.639863967895507812e-02
4.639863967895507812e-02
4.639863967895507812e-02
4.639863967895507812e-02
4.639863967895507812e-02
1.172661662101745605e+00
1.172661662101745605e+00
1.172661662101745605e+00
1.172661662101745605e+00
1.172661662101745605e+00
1.172661662101745605e+00
1.172661662101745605e+00
7.723339796066284180e-01
7.723339796066284180e-01
6.659376621246337891e-02
6.659376621246337891e-02
6.659376621246337891e-02
6.659376621246337891e-02
6.659376621246337891e-02
1.507617950439453125e+00
1.507617950439453125e+00
1.315903306007385254e+00
1.315903306007385254e+00
1.315903306007385254e+00
1.315903306007385254e+00
1.315903306007385254e+00
7.850960493087768555e-01
7.850960493087768555e-01
7.850960493087768555e-01
7.850960493087768555e-01
7.850960493087768555e-01
1.138780474662780762e+00
1.138780474662780762e+00
1.130423545837402344e-01
1.130423545837402344e-01
1.130423545837402344e-01
1.130423545837402344e-01
1.130423545837402344e-01
1.130423545837402344e-01
8.604651689529418945e-01
1.594047546386718750e+00
1.594047546386718750e+00
1.594047546386718750e+00
1.594047546386718750e+00
1.317531347274780273e+00
1.642777442932128906e+00
1.642777442932128906e+00
1.642777442932128906e+00
1.218411922454833984e-01
1.218411922454833984e-01
1.218411922454833984e-01
1.218411922454833984e-01
1.218411922454833984e-01
1.218411922454833984e-01
1.733910083770751953e+00
1.733910083770751953e+00
1.733910083770751953e+00
1.733910083770751953e+00
1.733910083770751953e+00
1.733910083770751953e+00
1.733910083770751953e+00
1.733910083770751953e+00
1.733910083770751953e+00
1.733910083770751953e+00
7.016922235488891602e-01
7.016922235488891602e-01
7.016922235488891602e-01
7.016922235488891602e-01
7.016922235488891602e-01
7.016922235488891602e-01
7.016922235488891602e-01
7.016922235488891602e-01
7.016922235488891602e-01
1.492292284965515137e-01
1.492292284965515137e-01
1.492292284965515137e-01
1.492292284965515137e-01
1.492292284965515137e-01
1.492292284965515137e-01
1.209346532821655273e+00
1.209346532821655273e+00
1.209346532821655273e+00
1.209346532821655273e+00
1.209346532821655273e+00
1.209346532821655273e+00
1.209346532821655273e+00
3.104349374771118164e-01
3.104349374771118164e-01
3.104349374771118164e-01
3.104349374771118164e-01
3.104349374771118164e-01
1.008776187896728516e+00
1.008776187896728516e+00
1.008776187896728516e+00
1.008776187896728516e+00
1.008776187896728516e+00
1.008776187896728516e+00
1.008776187896728516e+00
1.008776187896728516e+00
1.008776187896728516e+00
1.339638829231262207e-01
7.793734669685363770e-01
7.793734669685363770e-01
7.793734669685363770e-01
7.793734669685363770e-01
4.100870490074157715e-01
6.405040025711059570e-01
6.405040025711059570e-01
4.019662141799926758e-01
4.019662141799926758e-01
4.019662141799926758e-01
4.019662141799926758e-01
2.760906815528869629e-01
4.131013751029968262e-01
4.131013751029968262e-01
2.508041381835937500e+00
2.508041381835937500e+00
6.016196012496948242e-01
6.016196012496948242e-01
6.016196012496948242e-01
6.016196012496948242e-01
6.016196012496948242e-01
6.016196012496948242e-01
1.147907257080078125e+00
1.147907257080078125e+00
1.147907257080078125e+00
8.639984130859375000e-01
8.639984130859375000e-01
8.639984130859375000e-01
8.639984130859375000e-01
8.639984130859375000e-01
8.639984130859375000e-01
8.639984130859375000e-01
8.639984130859375000e-01
4.781449437141418457e-01
4.781449437141418457e-01
4.781449437141418457e-01
4.781449437141418457e-01
4.781449437141418457e-01
4.781449437141418457e-01
4.781449437141418457e-01
4.781449437141418457e-01
4.781449437141418457e-01
1.103889584541320801e+00
1.103889584541320801e+00
1.103889584541320801e+00
1.263163089752197266e-01
1.325874626636505127e-01
6.240690350532531738e-01
5.568507909774780273e-01
5.568507909774780273e-01
1.150444984436035156e+00
1.150444984436035156e+00
1.150444984436035156e+00
1.150444984436035156e+00
1.150444984436035156e+00
1.150444984436035156e+00
1.150444984436035156e+00
1.150444984436035156e+00
1.150444984436035156e+00
1.083271622657775879e+00
1.435473203659057617e+00
1.556082487106323242e+00
4.379315376281738281e-01
5.082006454467773438e-01
5.082006454467773438e-01
5.082006454467773438e-01
5.082006454467773438e-01
5.082006454467773438e-01
5.082006454467773438e-01
5.082006454467773438e-01
5.082006454467773438e-01
5.082006454467773438e-01
1.046103477478027344e+00
1.046103477478027344e+00
1.046103477478027344e+00
1.046103477478027344e+00
1.046103477478027344e+00
1.046103477478027344e+00
1.046103477478027344e+00
2.669869661331176758e-01
1.008269071578979492e+00
1.008269071578979492e+00
1.008269071578979492e+00
1.008269071578979492e+00
2.099608182907104492e+00
2.789592504501342773e+00
2.789592504501342773e+00
2.789592504501342773e+00
2.548093080520629883e+00
2.548093080520629883e+00
2.548093080520629883e+00
2.548093080520629883e+00
2.548093080520629883e+00
2.431392669677734375e+00
6.285859346389770508e-01
6.285859346389770508e-01
6.285859346389770508e-01
6.285859346389770508e-01
6.285859346389770508e-01
6.285859346389770508e-01
5.579478740692138672e-01
1.419193744659423828e+00
2.920497655868530273e-01
2.920497655868530273e-01
2.920497655868530273e-01
2.920497655868530273e-01
3.881590962409973145e-01
8.523141145706176758e-01
8.523141145706176758e-01
8.523141145706176758e-01
8.523141145706176758e-01
8.523141145706176758e-01
8.523141145706176758e-01
8.523141145706176758e-01
8.523141145706176758e-01
8.523141145706176758e-01
1.010566234588623047e+00
1.153260111808776855e+00
1.153260111808776855e+00
1.153260111808776855e+00
1.153260111808776855e+00
1.153260111808776855e+00
9.623546004295349121e-01
9.623546004295349121e-01
8.302475810050964355e-01
8.302475810050964355e-01
8.302475810050964355e-01
8.302475810050964355e-01
8.302475810050964355e-01
5.656489133834838867e-01
5.656489133834838867e-01
5.656489133834838867e-01
7.808258533477783203e-01
7.808258533477783203e-01
7.808258533477783203e-01
1.083684325218200684e+00
1.083684325218200684e+00
1.083684325218200684e+00
1.083684325218200684e+00
1.083684325218200684e+00
1.083684325218200684e+00
1.083684325218200684e+00
1.083684325218200684e+00
1.083684325218200684e+00
1.757692337036132812e+00
1.757692337036132812e+00
1.757692337036132812e+00
1.757692337036132812e+00
2.219256639480590820e+00
1.553644895553588867e+00
8.916574120521545410e-01
8.386848568916320801e-01
1.023223638534545898e+00
1.023223638534545898e+00
1.023223638534545898e+00
1.023223638534545898e+00
6.211625933647155762e-01
6.211625933647155762e-01
6.211625933647155762e-01
6.211625933647155762e-01
6.211625933647155762e-01
1.521548748016357422e+00
1.521548748016357422e+00
1.521548748016357422e+00
1.151663661003112793e+00
1.151663661003112793e+00
1.151663661003112793e+00
1.151663661003112793e+00
1.151663661003112793e+00
1.151663661003112793e+00
1.151663661003112793e+00
1.151663661003112793e+00
9.676939249038696289e-01
9.676939249038696289e-01
1.335855484008789062e+00
2.497256994247436523e-01
7.863462567329406738e-01
7.863462567329406738e-01
2.196131944656372070e-01
2.196131944656372070e-01
2.196131944656372070e-01
2.196131944656372070e-01
2.196131944656372070e-01
2.196131944656372070e-01
2.196131944656372070e-01
5.455642938613891602e-01
5.455642938613891602e-01
1.402552247047424316e+00
1.402552247047424316e+00
1.402552247047424316e+00
1.402552247047424316e+00
1.402552247047424316e+00
1.402552247047424316e+00
1.999731302261352539e+00
1.999731302261352539e+00
1.424378156661987305e-01
1.424378156661987305e-01
1.424378156661987305e-01
1.424378156661987305e-01
9.261428713798522949e-01
9.261428713798522949e-01
9.261428713798522949e-01
9.261428713798522949e-01
9.261428713798522949e-01
9.261428713798522949e-01
9.261428713798522949e-01
9.261428713798522949e-01
9.261428713798522949e-01
9.261428713798522949e-01
9.261428713798522949e-01
9.261428713798522949e-01
9.261428713798522949e-01
9.261428713798522949e-01
9.261428713798522949e-01
9.261428713798522949e-01
9.261428713798522949e-01
9.261428713798522949e-01
9.261428713798522949e-01
9.261428713798522949e-01
1.933441162109375000e-01
1.933441162109375000e-01
3.245424926280975342e-01
3.245424926280975342e-01
7.826238870620727539e-01
5.039827823638916016e-01
5.039827823638916016e-01
5.039827823638916016e-01
5.039827823638916016e-01
5.039827823638916016e-01
5.039827823638916016e-01
5.039827823638916016e-01
5.039827823638916016e-01
5.039827823638916016e-01
2.770740687847137451e-01
2.770740687847137451e-01
2.770740687847137451e-01
2.770740687847137451e-01
2.770740687847137451e-01
2.770740687847137451e-01
2.770740687847137451e-01
2.770740687847137451e-01
2.770740687847137451e-01
1.318022131919860840e+00
1.318022131919860840e+00
7.218542695045471191e-01
1.784126520156860352e+00
1.751267313957214355e+00
1.751267313957214355e+00
1.751267313957214355e+00
2.070990324020385742e+00
2.070990324020385742e+00
2.070990324020385742e+00
1.947068333625793457e+00
1.897609591484069824e+00
1.897609591484069824e+00
1.897609591484069824e+00
1.897609591484069824e+00
7.366459369659423828e-01
7.366459369659423828e-01
1.117489695549011230e+00
1.117489695549011230e+00
1.117489695549011230e+00
1.117489695549011230e+00
1.117489695549011230e+00
1.117489695549011230e+00
1.360625028610229492e-01
1.130740165710449219e+00
1.130740165710449219e+00
1.130740165710449219e+00
1.130740165710449219e+00
1.130740165710449219e+00
1.301530599594116211e+00
1.301530599594116211e+00
1.301530599594116211e+00
1.301530599594116211e+00
1.301530599594116211e+00
1.301530599594116211e+00
1.301530599594116211e+00
1.301530599594116211e+00
1.301530599594116211e+00
1.599671840667724609e-01
1.599671840667724609e-01
1.599671840667724609e-01
1.599671840667724609e-01
1.599671840667724609e-01
1.599671840667724609e-01
1.599671840667724609e-01
1.599671840667724609e-01
1.271571516990661621e-01
1.271571516990661621e-01
4.351457655429840088e-01
4.351457655429840088e-01
9.428914785385131836e-01
1.094869375228881836e+00
1.094869375228881836e+00
1.094869375228881836e+00
1.094869375228881836e+00
6.585905551910400391e-01
6.585905551910400391e-01
6.585905551910400391e-01
6.585905551910400391e-01
3.008867502212524414e-01
3.008867502212524414e-01
3.008867502212524414e-01
6.390126347541809082e-01
6.390126347541809082e-01
9.324489235877990723e-01
9.324489235877990723e-01
9.324489235877990723e-01
9.324489235877990723e-01
1.427391648292541504e+00
1.427391648292541504e+00
1.427391648292541504e+00
1.427391648292541504e+00
1.427391648292541504e+00
5.479253530502319336e-01
5.479253530502319336e-01
2.786290645599365234e-02
2.786290645599365234e-02
2.786290645599365234e-02
2.786290645599365234e-02
1.138145089149475098e+00
1.138145089149475098e+00
2.356912493705749512e-01
6.552572250366210938e-01
6.552572250366210938e-01
6.552572250366210938e-01
6.552572250366210938e-01
6.552572250366210938e-01
6.552572250366210938e-01
6.552572250366210938e-01
6.552572250366210938e-01
6.552572250366210938e-01
6.552572250366210938e-01
6.552572250366210938e-01
6.552572250366210938e-01
1.752628445625305176e+00
1.752628445625305176e+00
1.752628445625305176e+00
1.227221846580505371e+00
1.476926207542419434e+00
6.309337615966796875e-01
6.309337615966796875e-01
6.309337615966796875e-01
6.309337615966796875e-01
6.309337615966796875e-01
6.309337615966796875e-01
6.309337615966796875e-01
6.309337615966796875e-01
6.309337615966796875e-01
6.309337615966796875e-01
6.309337615966796875e-01
6.309337615966796875e-01
9.636763930320739746e-01
9.636763930320739746e-01
9.636763930320739746e-01
9.636763930320739746e-01
9.636763930320739746e-01
9.636763930320739746e-01
1.121373653411865234e+00
7.945875525474548340e-01
8.888031244277954102e-01
1.128978013992309570e+00
7.378662824630737305e-01
7.378662824630737305e-01
7.378662824630737305e-01
7.378662824630737305e-01
7.845332026481628418e-01
7.845332026481628418e-01
7.845332026481628418e-01
7.845332026481628418e-01
7.845332026481628418e-01
1.270095586776733398e+00
1.270095586776733398e+00
1.270095586776733398e+00
1.270095586776733398e+00
1.270095586776733398e+00
8.033944368362426758e-01
8.033944368362426758e-01
8.033944368362426758e-01
8.033944368362426758e-01
8.033944368362426758e-01
8.033944368362426758e-01
8.033944368362426758e-01
8.033944368362426758e-01
8.033944368362426758e-01
8.033944368362426758e-01
4.204084575176239014e-01
4.204084575176239014e-01
4.204084575176239014e-01
4.204084575176239014e-01
4.204084575176239014e-01
4.204084575176239014e-01
8.619472980499267578e-01
8.619472980499267578e-01
8.619472980499267578e-01
8.619472980499267578e-01
8.619472980499267578e-01
8.619472980499267578e-01
8.619472980499267578e-01
8.619472980499267578e-01
8.619472980499267578e-01
8.619472980499267578e-01
8.619472980499267578e-01
1.299324989318847656e+00
1.299324989318847656e+00
5.414113402366638184e-01
5.414113402366638184e-01
5.414113402366638184e-01
3.624196648597717285e-01
3.624196648597717285e-01
3.624196648597717285e-01
3.624196648597717285e-01
3.624196648597717285e-01
3.624196648597717285e-01
3.624196648597717285e-01
3.624196648597717285e-01
1.219876646995544434e+00
1.219876646995544434e+00
1.219876646995544434e+00
1.219876646995544434e+00
9.471894502639770508e-01
7.388041019439697266e-01
7.388041019439697266e-01
7.388041019439697266e-01
7.388041019439697266e-01
7.388041019439697266e-01
7.388041019439697266e-01
7.388041019439697266e-01
7.388041019439697266e-01
7.388041019439697266e-01
1.085305213928222656e+00
1.085305213928222656e+00
1.085305213928222656e+00
1.725594758987426758e+00
1.725594758987426758e+00
2.811385393142700195e-01
2.811385393142700195e-01
2.811385393142700195e-01
2.811385393142700195e-01
1.553004026412963867e+00
1.553004026412963867e+00
1.553004026412963867e+00
1.553004026412963867e+00
1.553004026412963867e+00
1.553004026412963867e+00
1.553004026412963867e+00
1.553004026412963867e+00
8.282229304313659668e-01
8.282229304313659668e-01
8.282229304313659668e-01
8.282229304313659668e-01
8.282229304313659668e-01
3.015147447586059570e-01
3.015147447586059570e-01
3.015147447586059570e-01
4.583138823509216309e-01
2.080303430557250977e-01
1.168414354324340820e+00
1.168414354324340820e+00
1.168414354324340820e+00
1.191147804260253906e+00
7.690023183822631836e-01
7.690023183822631836e-01
7.690023183822631836e-01
1.061450004577636719e+00
1.061450004577636719e+00
1.061450004577636719e+00
1.061450004577636719e+00
3.237295150756835938e-02
3.237295150756835938e-02
3.237295150756835938e-02
3.237295150756835938e-02
3.237295150756835938e-02
3.237295150756835938e-02
4.241319894790649414e-01
4.241319894790649414e-01
1.540405988693237305e+00
1.771893501281738281e+00
1.771893501281738281e+00
1.771893501281738281e+00
1.771893501281738281e+00
1.771893501281738281e+00
1.608526229858398438e+00
4.778223037719726562e-01
4.778223037719726562e-01
4.778223037719726562e-01
7.444964647293090820e-01
3.887202739715576172e-01
3.887202739715576172e-01
3.887202739715576172e-01
3.887202739715576172e-01
3.887202739715576172e-01
1.202816724777221680e+00
1.202816724777221680e+00
1.026275515556335449e+00
1.026275515556335449e+00
6.651645898818969727e-01
7.488965988159179688e-01
7.488965988159179688e-01
7.488965988159179688e-01
1.330286860466003418e+00
1.330286860466003418e+00
1.330286860466003418e+00
8.191495537757873535e-01
4.844133555889129639e-01
1.268329322338104248e-01
1.841308623552322388e-01
1.890664547681808472e-01
1.890664547681808472e-01
1.890664547681808472e-01
1.890664547681808472e-01
5.979061126708984375e-03
7.831273674964904785e-01
7.831273674964904785e-01
7.831273674964904785e-01
8.122079968452453613e-01
8.122079968452453613e-01
8.122079968452453613e-01
8.122079968452453613e-01
8.122079968452453613e-01
8.122079968452453613e-01
8.122079968452453613e-01
8.122079968452453613e-01
8.122079968452453613e-01
1.001148462295532227e+00
1.001148462295532227e+00
1.001148462295532227e+00
1.001148462295532227e+00
1.001148462295532227e+00
1.165886521339416504e+00
1.165886521339416504e+00
1.165886521339416504e+00
1.165886521339416504e+00
5.135812163352966309e-01
5.135812163352966309e-01
5.046659111976623535e-01
5.046659111976623535e-01
5.046659111976623535e-01
5.046659111976623535e-01
5.046659111976623535e-01
5.046659111976623535e-01
5.046659111976623535e-01
5.046659111976623535e-01
5.046659111976623535e-01
8.241655826568603516e-01
8.241655826568603516e-01
3.505550920963287354e-01
3.505550920963287354e-01
3.505550920963287354e-01
3.505550920963287354e-01
3.505550920963287354e-01
3.505550920963287354e-01
3.505550920963287354e-01
1.311821579933166504e+00
1.455404281616210938e+00
1.455404281616210938e+00
1.455404281616210938e+00
1.455404281616210938e+00
1.455404281616210938e+00
1.455404281616210938e+00
1.455404281616210938e+00
1.455404281616210938e+00
1.455404281616210938e+00
1.455404281616210938e+00
1.455404281616210938e+00
1.455404281616210938e+00
1.890597343444824219e-01
1.890597343444824219e-01
1.491771221160888672e+00
1.491771221160888672e+00
1.491771221160888672e+00
1.491771221160888672e+00
1.491771221160888672e+00
1.491771221160888672e+00
1.491771221160888672e+00
1.491771221160888672e+00
1.491771221160888672e+00
3.401037454605102539e-01
3.068393766880035400e-01
1.840943545103073120e-01
1.840943545103073120e-01
1.840943545103073120e-01
1.840943545103073120e-01
3.219191730022430420e-02
3.219191730022430420e-02
3.219191730022430420e-02
3.219191730022430420e-02
3.219191730022430420e-02
1.003983736038208008e+00
1.003983736038208008e+00
1.003983736038208008e+00
8.604014515876770020e-01
8.604014515876770020e-01
8.604014515876770020e-01
1.298584461212158203e+00
7.082648873329162598e-01
7.082648873329162598e-01
5.081260204315185547e-01
1.695969223976135254e+00
1.695969223976135254e+00
1.695969223976135254e+00
1.885429024696350098e+00
1.885429024696350098e+00
2.648946285247802734e+00
2.648946285247802734e+00
2.648946285247802734e+00
2.155693531036376953e+00
1.482141137123107910e+00
1.482141137123107910e+00
1.482141137123107910e+00
1.482141137123107910e+00
1.482141137123107910e+00
1.482141137123107910e+00
1.482141137123107910e+00
1.482141137123107910e+00
1.482141137123107910e+00
1.482141137123107910e+00
1.206889748573303223e+00
1.609109044075012207e+00
1.609109044075012207e+00
1.609109044075012207e+00
1.609109044075012207e+00
1.168236732482910156e-01
1.334915399551391602e+00
1.334915399551391602e+00
1.334915399551391602e+00
1.069884181022644043e+00
1.069884181022644043e+00
1.069884181022644043e+00
1.069884181022644043e+00
1.069884181022644043e+00
1.069884181022644043e+00
1.069884181022644043e+00
1.287877321243286133e+00
1.287877321243286133e+00
9.853030443191528320e-01
7.230372428894042969e-01
7.230372428894042969e-01
7.230372428894042969e-01
7.230372428894042969e-01
7.230372428894042969e-01
7.230372428894042969e-01
7.230372428894042969e-01
7.230372428894042969e-01
7.230372428894042969e-01
7.230372428894042969e-01
7.571771144866943359e-01
2.604155540466308594e-01
2.604155540466308594e-01
2.604155540466308594e-01
2.604155540466308594e-01
2.604155540466308594e-01
1.045803070068359375e+00
1.045803070068359375e+00
1.045803070068359375e+00
1.045803070068359375e+00
1.045803070068359375e+00
3.269527554512023926e-01
4.777899980545043945e-01
4.163879752159118652e-01
4.163879752159118652e-01
4.163879752159118652e-01
4.163879752159118652e-01
4.163879752159118652e-01
4.163879752159118652e-01
1.151994466781616211e+00
1.151994466781616211e+00
1.151994466781616211e+00
1.151994466781616211e+00
1.151994466781616211e+00
1.151994466781616211e+00
1.151994466781616211e+00
1.151994466781616211e+00
1.151994466781616211e+00
2.255760431289672852e-01
2.255760431289672852e-01
2.255760431289672852e-01
2.255760431289672852e-01
1.473740696907043457e+00
1.360593438148498535e+00
1.360593438148498535e+00
1.360593438148498535e+00
1.077867865562438965e+00
2.063189983367919922e+00
2.063189983367919922e+00
2.063189983367919922e+00
2.063189983367919922e+00
2.063189983367919922e+00
2.063189983367919922e+00
2.063189983367919922e+00
1.622623562812805176e+00
1.622623562812805176e+00
1.723516345024108887e+00
1.851579189300537109e+00
1.876077294349670410e+00
1.213261723518371582e+00
1.213261723518371582e+00
1.213261723518371582e+00
1.213261723518371582e+00
1.213261723518371582e+00
1.213261723518371582e+00
1.213261723518371582e+00
1.213261723518371582e+00
1.213261723518371582e+00
1.400984048843383789e+00
1.217492103576660156e+00
1.899111270904541016e+00
1.899111270904541016e+00
1.635211229324340820e+00
2.886328220367431641e+00
1.148149967193603516e-01
1.148149967193603516e-01
1.148149967193603516e-01
1.148149967193603516e-01
1.148149967193603516e-01
1.160832643508911133e+00
1.583378791809082031e+00
1.583378791809082031e+00
1.583378791809082031e+00
1.583378791809082031e+00
1.583378791809082031e+00
1.576863646507263184e+00
1.576863646507263184e+00
1.576863646507263184e+00
8.717001080513000488e-01
8.717001080513000488e-01
6.435431241989135742e-01
6.435431241989135742e-01
6.435431241989135742e-01
6.435431241989135742e-01
6.435431241989135742e-01
3.125974237918853760e-01
1.232221603393554688e+00
1.232221603393554688e+00
1.232221603393554688e+00
1.232221603393554688e+00
1.232221603393554688e+00
1.232221603393554688e+00
1.232221603393554688e+00
1.232221603393554688e+00
1.232221603393554688e+00
3.351878523826599121e-01
3.351878523826599121e-01
3.351878523826599121e-01
3.351878523826599121e-01
3.351878523826599121e-01
3.351878523826599121e-01
3.351878523826599121e-01
3.351878523826599121e-01
3.351878523826599121e-01
3.351878523826599121e-01
3.351878523826599121e-01
3.351878523826599121e-01
1.102290868759155273e+00
5.832759141921997070e-01
1.962448656558990479e-01
1.962448656558990479e-01
1.962448656558990479e-01
1.962448656558990479e-01
3.008979856967926025e-01
3.008979856967926025e-01
3.008979856967926025e-01
3.008979856967926025e-01
3.008979856967926025e-01
3.008979856967926025e-01
3.008979856967926025e-01
3.008979856967926025e-01
4.118859767913818359e-01
4.118859767913818359e-01
4.118859767913818359e-01
4.118859767913818359e-01
4.118859767913818359e-01
4.118859767913818359e-01
4.118859767913818359e-01
4.118859767913818359e-01
4.118859767913818359e-01
4.118859767913818359e-01
4.118859767913818359e-01
4.118859767913818359e-01
4.118859767913818359e-01
4.118859767913818359e-01
1.101138353347778320e+00
1.101138353347778320e+00
1.988003730773925781e+00
1.988003730773925781e+00
7.379679679870605469e-01
7.379679679870605469e-01
8.932173252105712891e-01
8.932173252105712891e-01
8.932173252105712891e-01
8.932173252105712891e-01
8.932173252105712891e-01
4.996967911720275879e-01
4.996967911720275879e-01
4.996967911720275879e-01
4.996967911720275879e-01
4.996967911720275879e-01
4.996967911720275879e-01
4.996967911720275879e-01
1.545977592468261719e+00
1.545977592468261719e+00
1.545977592468261719e+00
7.359668612480163574e-01
7.359668612480163574e-01
7.359668612480163574e-01
8.457145690917968750e-01
8.457145690917968750e-01
8.457145690917968750e-01
8.457145690917968750e-01
8.457145690917968750e-01
8.457145690917968750e-01
8.457145690917968750e-01
8.457145690917968750e-01
8.457145690917968750e-01
2.487319469451904297e+00
1.991369724273681641e+00
1.660131454467773438e+00
1.660131454467773438e+00
2.058773040771484375e+00
2.058773040771484375e+00
1.471450448036193848e+00
1.471450448036193848e+00
1.601843953132629395e+00
1.145315885543823242e+00
1.145315885543823242e+00
1.145315885543823242e+00
1.145315885543823242e+00
1.145315885543823242e+00
1.145315885543823242e+00
1.145315885543823242e+00
1.145315885543823242e+00
1.145315885543823242e+00
1.160597801208496094e-02
1.160597801208496094e-02
1.160597801208496094e-02
1.160597801208496094e-02
1.160597801208496094e-02
1.160597801208496094e-02
1.160597801208496094e-02
1.160597801208496094e-02
1.160597801208496094e-02
1.079094767570495605e+00
4.006401300430297852e-01
1.326858758926391602e+00
1.326858758926391602e+00
1.326858758926391602e+00
1.326858758926391602e+00
1.326858758926391602e+00
5.512087941169738770e-01
5.512087941169738770e-01
5.512087941169738770e-01
4.935374855995178223e-01
4.935374855995178223e-01
4.935374855995178223e-01
4.935374855995178223e-01
9.168626666069030762e-01
9.168626666069030762e-01
9.168626666069030762e-01
6.098314523696899414e-01
4.059925079345703125e-01
4.374732673168182373e-01
1.423130035400390625e+00
7.111954689025878906e-02
7.111954689025878906e-02
1.748412966728210449e+00
1.748412966728210449e+00
1.748412966728210449e+00
1.748412966728210449e+00
1.748412966728210449e+00
1.124164104461669922e+00
1.124164104461669922e+00
1.124164104461669922e+00
1.353395700454711914e+00
6.324316263198852539e-01
6.324316263198852539e-01
6.324316263198852539e-01
6.324316263198852539e-01
6.324316263198852539e-01
6.324316263198852539e-01
6.324316263198852539e-01
1.610530376434326172e+00
2.156484603881835938e+00
4.829016923904418945e-01
1.913117289543151855e+00
1.913117289543151855e+00
2.072757244110107422e+00
2.072757244110107422e+00
9.090889692306518555e-01
9.090889692306518555e-01
9.090889692306518555e-01
9.090889692306518555e-01
9.090889692306518555e-01
9.090889692306518555e-01
1.460235357284545898e+00
4.162060022354125977e-01
5.587514638900756836e-01
5.587514638900756836e-01
5.587514638900756836e-01
5.587514638900756836e-01
6.335851550102233887e-02
2.193921566009521484e+00
2.193921566009521484e+00
2.097912549972534180e+00
5.918245315551757812e-01
5.918245315551757812e-01
1.041593790054321289e+00
1.041593790054321289e+00
1.041593790054321289e+00
1.041593790054321289e+00
1.041593790054321289e+00
1.041593790054321289e+00
9.170391559600830078e-01
9.170391559600830078e-01
7.731642723083496094e-01
7.731642723083496094e-01
7.731642723083496094e-01
1.623007297515869141e+00
1.623007297515869141e+00
1.623007297515869141e+00
1.623007297515869141e+00
1.790376663208007812e+00
7.569791078567504883e-01
7.569791078567504883e-01
7.569791078567504883e-01
7.569791078567504883e-01
7.569791078567504883e-01
2.596099674701690674e-01
2.596099674701690674e-01
2.674431502819061279e-01
2.674431502819061279e-01
2.674431502819061279e-01
2.674431502819061279e-01
2.674431502819061279e-01
9.516813755035400391e-01
7.180978059768676758e-01
7.180978059768676758e-01
7.180978059768676758e-01
7.180978059768676758e-01
1.099650144577026367e+00
1.099650144577026367e+00
1.099650144577026367e+00
1.099650144577026367e+00
6.533224582672119141e-01
6.657652258872985840e-01
7.146590948104858398e-01
9.454556107521057129e-01
9.454556107521057129e-01
9.454556107521057129e-01
9.454556107521057129e-01
9.454556107521057129e-01
4.960756301879882812e-01
4.960756301879882812e-01
2.615860700607299805e-01
9.253953695297241211e-01
9.253953695297241211e-01
9.253953695297241211e-01
9.253953695297241211e-01
9.253953695297241211e-01
9.253953695297241211e-01
1.617122888565063477e+00
1.617122888565063477e+00
1.617122888565063477e+00
1.617122888565063477e+00
1.830680251121520996e+00
1.000412821769714355e+00
1.000412821769714355e+00
1.000412821769714355e+00
1.558331966400146484e+00
1.558331966400146484e+00
1.558331966400146484e+00
1.558331966400146484e+00
1.558331966400146484e+00
1.558331966400146484e+00
1.558331966400146484e+00
6.093441843986511230e-01
3.913654983043670654e-01
9.224013090133666992e-01
1.146709322929382324e+00
1.316494107246398926e+00
1.316494107246398926e+00
1.316494107246398926e+00
1.316494107246398926e+00
1.316494107246398926e+00
7.900714874267578125e-03
1.254174232482910156e+00
2.953251600265502930e-01
2.953251600265502930e-01
2.953251600265502930e-01
2.953251600265502930e-01
2.953251600265502930e-01
2.953251600265502930e-01
2.953251600265502930e-01
2.953251600265502930e-01
9.338970184326171875e-01
9.338970184326171875e-01
9.338970184326171875e-01
9.338970184326171875e-01
9.338970184326171875e-01
9.338970184326171875e-01
9.338970184326171875e-01
9.338970184326171875e-01
9.338970184326171875e-01
9.338970184326171875e-01
4.119857549667358398e-01
4.119857549667358398e-01
1.262818336486816406e+00
1.262818336486816406e+00
1.262818336486816406e+00
1.262818336486816406e+00
1.262818336486816406e+00
1.262818336486816406e+00
9.047935009002685547e-01
9.047935009002685547e-01
7.433823943138122559e-01
1.351838707923889160e+00
1.351838707923889160e+00
3.003262281417846680e-01
3.003262281417846680e-01
3.003262281417846680e-01
3.003262281417846680e-01
2.208955883979797363e-01
2.208955883979797363e-01
2.208955883979797363e-01
2.208955883979797363e-01
4.710617661476135254e-02
4.710617661476135254e-02
4.710617661476135254e-02
4.710617661476135254e-02
4.710617661476135254e-02
4.710617661476135254e-02
1.504970192909240723e+00
1.374487638473510742e+00
2.034310579299926758e+00
7.025396823883056641e-02
1.399008393287658691e+00
5.320504307746887207e-01
5.320504307746887207e-01
5.320504307746887207e-01
6.319912075996398926e-01
6.319912075996398926e-01
4.879921078681945801e-01
4.879921078681945801e-01
4.879921078681945801e-01
4.879921078681945801e-01
4.693768620491027832e-01
4.693768620491027832e-01
4.693768620491027832e-01
4.693768620491027832e-01
4.693768620491027832e-01
4.693768620491027832e-01
4.693768620491027832e-01
6.654418706893920898e-01
6.654418706893920898e-01
6.654418706893920898e-01
6.654418706893920898e-01
6.654418706893920898e-01
6.654418706893920898e-01
4.249249696731567383e-01
4.249249696731567383e-01
4.249249696731567383e-01
4.249249696731567383e-01
4.249249696731567383e-01
2.044769525527954102e+00
2.090275287628173828e+00
2.090275287628173828e+00
5.278123617172241211e-01
5.278123617172241211e-01
5.278123617172241211e-01
5.278123617172241211e-01
5.278123617172241211e-01
5.278123617172241211e-01
5.278123617172241211e-01
5.278123617172241211e-01
5.278123617172241211e-01
5.278123617172241211e-01
1.004174232482910156e+00
1.004174232482910156e+00
1.004174232482910156e+00
1.004174232482910156e+00
1.004174232482910156e+00
1.405720949172973633e+00
1.405720949172973633e+00
1.412216424942016602e-01
1.412216424942016602e-01
1.412216424942016602e-01
1.412216424942016602e-01
1.423042893409729004e+00
6.827390193939208984e-02
6.827390193939208984e-02
1.152510523796081543e+00
1.143264651298522949e+00
9.529613256454467773e-01
2.519025802612304688e-01
6.068130731582641602e-01
6.068130731582641602e-01
6.068130731582641602e-01
6.068130731582641602e-01
6.068130731582641602e-01
1.780537009239196777e+00
1.196608066558837891e+00
1.196608066558837891e+00
1.196608066558837891e+00
1.196608066558837891e+00
1.196608066558837891e+00
1.196608066558837891e+00
1.351907491683959961e+00
1.595263123512268066e+00
1.595263123512268066e+00
1.931394577026367188e+00
1.931394577026367188e+00
1.344745159149169922e-01
1.344745159149169922e-01
1.922538399696350098e+00
1.922538399696350098e+00
1.922538399696350098e+00
1.546229124069213867e-01
1.546229124069213867e-01
6.714317202568054199e-01
6.714317202568054199e-01
6.714317202568054199e-01
6.714317202568054199e-01
7.097480893135070801e-01
7.097480893135070801e-01
7.097480893135070801e-01
7.097480893135070801e-01
7.097480893135070801e-01
1.565876245498657227e+00
1.565876245498657227e+00
1.565876245498657227e+00
1.402501344680786133e+00
1.402501344680786133e+00
1.402501344680786133e+00
1.402501344680786133e+00
1.402501344680786133e+00
1.402501344680786133e+00
2.916316986083984375e-01
2.916316986083984375e-01
2.916316986083984375e-01
2.916316986083984375e-01
2.916316986083984375e-01
2.916316986083984375e-01
2.916316986083984375e-01
7.081339359283447266e-01
5.908262729644775391e-01
1.367228984832763672e+00
6.356942057609558105e-01
6.356942057609558105e-01
6.356942057609558105e-01
6.356942057609558105e-01
6.356942057609558105e-01
6.356942057609558105e-01
6.356942057609558105e-01
6.356942057609558105e-01
6.356942057609558105e-01
6.356942057609558105e-01
6.356942057609558105e-01
6.356942057609558105e-01
6.356942057609558105e-01
6.356942057609558105e-01
1.098510503768920898e+00
1.098510503768920898e+00
1.319468617439270020e+00
1.319468617439270020e+00
1.945669412612915039e+00
1.945669412612915039e+00
1.945669412612915039e+00
2.073762893676757812e+00
9.675623178482055664e-01
9.675623178482055664e-01
9.675623178482055664e-01
9.675623178482055664e-01
8.773276805877685547e-01
8.773276805877685547e-01
8.773276805877685547e-01
9.460755586624145508e-01
8.048733472824096680e-01
6.340283155441284180e-01
9.333247542381286621e-01
6.777316331863403320e-01
6.777316331863403320e-01
6.777316331863403320e-01
6.777316331863403320e-01
6.777316331863403320e-01
6.777316331863403320e-01
6.662127375602722168e-01
1.101490616798400879e+00
3.093091249465942383e-01
3.093091249465942383e-01
3.093091249465942383e-01
1.267349570989608765e-01
1.267349570989608765e-01
1.267349570989608765e-01
1.267349570989608765e-01
1.267349570989608765e-01
8.534804582595825195e-01
8.534804582595825195e-01
8.534804582595825195e-01
8.534804582595825195e-01
7.235145568847656250e-01
7.235145568847656250e-01
8.989760279655456543e-01
5.993062257766723633e-01
5.993062257766723633e-01
5.993062257766723633e-01
5.993062257766723633e-01
5.993062257766723633e-01
5.993062257766723633e-01
5.993062257766723633e-01
5.993062257766723633e-01
5.993062257766723633e-01
5.993062257766723633e-01
5.993062257766723633e-01
5.993062257766723633e-01
1.325650572776794434e+00
5.847950577735900879e-01
5.847950577735900879e-01
5.847950577735900879e-01
5.847950577735900879e-01
5.847950577735900879e-01
5.847950577735900879e-01
5.847950577735900879e-01
5.847950577735900879e-01
5.847950577735900879e-01
5.847950577735900879e-01
6.764903664588928223e-01
6.764903664588928223e-01
6.764903664588928223e-01
6.764903664588928223e-01
6.764903664588928223e-01
6.764903664588928223e-01
6.764903664588928223e-01
9.277473688125610352e-01
9.277473688125610352e-01
2.851361632347106934e-01
2.851361632347106934e-01
1.003819704055786133e+00
1.003819704055786133e+00
1.003819704055786133e+00
4.264124631881713867e-01
1.352755427360534668e+00
1.410411000251770020e+00
1.039384007453918457e+00
1.039384007453918457e+00
1.039384007453918457e+00
1.921482324600219727e+00
1.320839166641235352e+00
1.320839166641235352e+00
1.320839166641235352e+00
1.320839166641235352e+00
1.320839166641235352e+00
3.933124542236328125e-01
3.933124542236328125e-01
3.933124542236328125e-01
9.854161143302917480e-01
9.854161143302917480e-01
9.854161143302917480e-01
9.854161143302917480e-01
9.854161143302917480e-01
9.854161143302917480e-01
9.854161143302917480e-01
9.854161143302917480e-01
9.854161143302917480e-01
9.854161143302917480e-01
9.854161143302917480e-01
9.854161143302917480e-01
9.854161143302917480e-01
9.854161143302917480e-01
9.854161143302917480e-01
9.854161143302917480e-01
9.854161143302917480e-01
9.854161143302917480e-01
9.854161143302917480e-01
9.854161143302917480e-01
9.854161143302917480e-01
1.037463784217834473e+00
1.037463784217834473e+00
1.037463784217834473e+00
1.037463784217834473e+00
1.037463784217834473e+00
8.676099777221679688e-01
8.676099777221679688e-01
8.676099777221679688e-01
8.676099777221679688e-01
8.676099777221679688e-01
8.676099777221679688e-01
8.676099777221679688e-01
2.281188368797302246e-01
2.281188368797302246e-01
2.281188368797302246e-01
4.844025373458862305e-01
4.844025373458862305e-01
4.844025373458862305e-01
4.844025373458862305e-01
1.048869848251342773e+00
1.048869848251342773e+00
8.807820677757263184e-01
5.018757581710815430e-01
1.996285200119018555e+00
1.996285200119018555e+00
1.996285200119018555e+00
1.996285200119018555e+00
7.159208059310913086e-01
7.159208059310913086e-01
7.159208059310913086e-01
1.735706329345703125e-01
1.735706329345703125e-01
1.735706329345703125e-01
1.735706329345703125e-01
1.735706329345703125e-01
1.735706329345703125e-01
1.735706329345703125e-01
1.735706329345703125e-01
1.752885460853576660e+00
1.752885460853576660e+00
1.752885460853576660e+00
5.698442459106445312e-02
5.698442459106445312e-02
5.698442459106445312e-02
5.698442459106445312e-02
5.698442459106445312e-02
6.173660159111022949e-01
6.173660159111022949e-01
6.173660159111022949e-01
6.173660159111022949e-01
6.173660159111022949e-01
6.173660159111022949e-01
3.139740228652954102e-01
3.139740228652954102e-01
3.139740228652954102e-01
3.139740228652954102e-01
1.402846425771713257e-01
1.402846425771713257e-01
6.248593926429748535e-01
6.248593926429748535e-01
6.248593926429748535e-01
1.147230863571166992e+00
1.147230863571166992e+00
1.147230863571166992e+00
1.147230863571166992e+00
1.147230863571166992e+00
1.020512700080871582e+00
1.020512700080871582e+00
1.020512700080871582e+00
1.348529100418090820e+00
1.348529100418090820e+00
1.348529100418090820e+00
1.348529100418090820e+00
1.348529100418090820e+00
1.046007513999938965e+00
1.046007513999938965e+00
1.046007513999938965e+00
1.046007513999938965e+00
7.277029752731323242e-01
1.479955792427062988e+00
1.479955792427062988e+00
1.479955792427062988e+00
1.086165189743041992e+00
1.086165189743041992e+00
1.086165189743041992e+00
1.432667255401611328e+00
1.432667255401611328e+00
1.432667255401611328e+00
1.432667255401611328e+00
1.432667255401611328e+00
1.432667255401611328e+00
1.432667255401611328e+00
6.287233829498291016e-01
6.287233829498291016e-01
6.287233829498291016e-01
6.287233829498291016e-01
6.287233829498291016e-01
7.997801899909973145e-01
7.997801899909973145e-01
7.997801899909973145e-01
7.997801899909973145e-01
7.997801899909973145e-01
7.997801899909973145e-01
7.997801899909973145e-01
7.997801899909973145e-01
7.997801899909973145e-01
7.997801899909973145e-01
7.997801899909973145e-01
1.553167343139648438e+00
8.713104724884033203e-01
1.052885651588439941e+00
1.052885651588439941e+00
1.052885651588439941e+00
1.052885651588439941e+00
1.052885651588439941e+00
6.106408834457397461e-01
6.106408834457397461e-01
6.106408834457397461e-01
6.106408834457397461e-01
6.106408834457397461e-01
6.106408834457397461e-01
6.106408834457397461e-01
6.106408834457397461e-01
4.229168891906738281e-01
4.229168891906738281e-01
2.064077615737915039e+00
2.064077615737915039e+00
2.064077615737915039e+00
1.903331995010375977e+00
1.903331995010375977e+00
1.903331995010375977e+00
8.468579053878784180e-01
8.468579053878784180e-01
8.468579053878784180e-01
8.468579053878784180e-01
8.468579053878784180e-01
8.468579053878784180e-01
8.468579053878784180e-01
8.468579053878784180e-01
7.633717656135559082e-01
4.243255257606506348e-01
4.243255257606506348e-01
4.243255257606506348e-01
4.243255257606506348e-01
4.243255257606506348e-01
4.243255257606506348e-01
4.243255257606506348e-01
7.087310552597045898e-01
5.610992312431335449e-01
3.986790180206298828e-01
3.986790180206298828e-01
3.986790180206298828e-01
3.986790180206298828e-01
8.518370389938354492e-01
8.518370389938354492e-01
8.518370389938354492e-01
8.518370389938354492e-01
8.518370389938354492e-01
8.518370389938354492e-01
8.518370389938354492e-01
8.518370389938354492e-01
8.518370389938354492e-01
8.518370389938354492e-01
8.518370389938354492e-01
8.518370389938354492e-01
8.518370389938354492e-01
8.518370389938354492e-01
8.280604481697082520e-01
8.280604481697082520e-01
8.280604481697082520e-01
8.280604481697082520e-01
8.280604481697082520e-01
8.280604481697082520e-01
8.280604481697082520e-01
8.280604481697082520e-01
8.280604481697082520e-01
1.899450778961181641e+00
2.016572713851928711e+00
1.640233516693115234e+00
2.544917821884155273e+00
8.574821949005126953e-01
8.574821949005126953e-01
6.386692523956298828e-01
6.386692523956298828e-01
6.386692523956298828e-01
6.386692523956298828e-01
6.386692523956298828e-01
8.203494548797607422e-01
8.203494548797607422e-01
8.203494548797607422e-01
8.203494548797607422e-01
8.203494548797607422e-01
8.203494548797607422e-01
8.203494548797607422e-01
4.276342391967773438e-01
4.276342391967773438e-01
1.000577569007873535e+00
1.000577569007873535e+00
3.511970639228820801e-01
3.511970639228820801e-01
3.511970639228820801e-01
1.169413179159164429e-01
1.169413179159164429e-01
1.633015632629394531e+00
1.104188919067382812e+00
1.088994860649108887e+00
4.070281982421875000e-01
4.070281982421875000e-01
4.070281982421875000e-01
4.070281982421875000e-01
4.070281982421875000e-01
4.070281982421875000e-01
1.206176280975341797e+00
5.005460381507873535e-01
5.005460381507873535e-01
1.108932971954345703e+00
4.358562231063842773e-01
9.596288204193115234e-01
1.319438934326171875e+00
1.611913442611694336e+00
7.292532920837402344e-02
7.292532920837402344e-02
7.292532920837402344e-02
7.292532920837402344e-02
5.662267208099365234e-01
1.836250722408294678e-01
1.836250722408294678e-01
1.836250722408294678e-01
1.836250722408294678e-01
4.955084025859832764e-01
4.955084025859832764e-01
4.955084025859832764e-01
4.955084025859832764e-01
4.955084025859832764e-01
4.955084025859832764e-01
1.276015639305114746e-01
1.777343750000000000e+00
1.777343750000000000e+00
1.777343750000000000e+00
1.777343750000000000e+00
1.777343750000000000e+00
1.615290641784667969e+00
1.615290641784667969e+00
1.615290641784667969e+00
9.968821406364440918e-01
2.015035390853881836e+00
9.520223140716552734e-01
9.050823450088500977e-01
4.609815776348114014e-01
4.609815776348114014e-01
4.609815776348114014e-01
4.609815776348114014e-01
6.740881204605102539e-01
6.740881204605102539e-01
6.740881204605102539e-01
6.740881204605102539e-01
6.740881204605102539e-01
6.740881204605102539e-01
1.146544456481933594e+00
1.146544456481933594e+00
7.968865633010864258e-01
7.968865633010864258e-01
7.968865633010864258e-01
7.968865633010864258e-01
7.968865633010864258e-01
7.968865633010864258e-01
6.362767219543457031e-01
6.362767219543457031e-01
6.362767219543457031e-01
6.362767219543457031e-01
6.362767219543457031e-01
1.072672367095947266e+00
1.072672367095947266e+00
1.072672367095947266e+00
1.072672367095947266e+00
1.072672367095947266e+00
2.245721817016601562e-01
2.245721817016601562e-01
2.245721817016601562e-01
2.245721817016601562e-01
2.245721817016601562e-01
1.683448910713195801e+00
5.481905937194824219e-01
5.481905937194824219e-01
5.481905937194824219e-01
5.481905937194824219e-01
5.481905937194824219e-01
5.481905937194824219e-01
5.481905937194824219e-01
5.481905937194824219e-01
6.076487302780151367e-01
6.076487302780151367e-01
1.595912694931030273e+00
1.595912694931030273e+00
1.595912694931030273e+00
1.595912694931030273e+00
6.094398498535156250e-01
6.094398498535156250e-01
6.094398498535156250e-01
6.094398498535156250e-01
6.094398498535156250e-01
6.094398498535156250e-01
6.094398498535156250e-01
6.094398498535156250e-01
6.094398498535156250e-01
6.094398498535156250e-01
6.094398498535156250e-01
6.094398498535156250e-01
6.094398498535156250e-01
6.094398498535156250e-01
6.094398498535156250e-01
6.094398498535156250e-01
4.711993336677551270e-01
4.711993336677551270e-01
4.711993336677551270e-01
4.711993336677551270e-01
5.227161645889282227e-01
5.227161645889282227e-01
5.227161645889282227e-01
5.227161645889282227e-01
5.227161645889282227e-01
5.227161645889282227e-01
5.227161645889282227e-01
5.227161645889282227e-01
5.227161645889282227e-01
5.227161645889282227e-01
5.227161645889282227e-01
7.290221452713012695e-01
7.290221452713012695e-01
7.290221452713012695e-01
7.290221452713012695e-01
8.405047655105590820e-01
8.405047655105590820e-01
8.405047655105590820e-01
8.405047655105590820e-01
8.405047655105590820e-01
8.405047655105590820e-01
1.201851367950439453e+00
1.201851367950439453e+00
1.201851367950439453e+00
2.035651206970214844e-01
2.035651206970214844e-01
6.995859146118164062e-01
6.995859146118164062e-01
4.492810070514678955e-01
4.492810070514678955e-01
4.492810070514678955e-01
5.869072079658508301e-01
1.306289196014404297e+00
7.179301977157592773e-01
7.179301977157592773e-01
7.179301977157592773e-01
1.216181397438049316e+00
4.297117590904235840e-01
2.781970202922821045e-01
2.781970202922821045e-01
2.781970202922821045e-01
2.781970202922821045e-01
2.781970202922821045e-01
2.690446972846984863e-01
2.690446972846984863e-01
2.690446972846984863e-01
2.690446972846984863e-01
2.690446972846984863e-01
2.690446972846984863e-01
1.570880174636840820e+00
1.570880174636840820e+00
1.570880174636840820e+00
1.570880174636840820e+00
1.570880174636840820e+00
1.570880174636840820e+00
1.570880174636840820e+00
1.570880174636840820e+00
1.570880174636840820e+00
1.570880174636840820e+00
1.570880174636840820e+00
1.570880174636840820e+00
7.712025046348571777e-01
7.712025046348571777e-01
7.713388204574584961e-01
7.713388204574584961e-01
7.713388204574584961e-01
7.713388204574584961e-01
7.713388204574584961e-01
1.051331520080566406e+00
1.789384603500366211e+00
1.530996084213256836e+00
5.865002274513244629e-01
5.865002274513244629e-01
5.865002274513244629e-01
5.865002274513244629e-01
5.865002274513244629e-01
5.865002274513244629e-01
5.865002274513244629e-01
1.332915544509887695e+00
1.332915544509887695e+00
1.980697154998779297e+00
1.980697154998779297e+00
1.980697154998779297e+00
1.354082107543945312e+00
1.583718061447143555e+00
1.583718061447143555e+00
1.583718061447143555e+00
5.557452440261840820e-01
5.557452440261840820e-01
5.557452440261840820e-01
5.475305318832397461e-01
8.187854290008544922e-01
8.187854290008544922e-01
8.187854290008544922e-01
1.498686552047729492e+00
1.498686552047729492e+00
9.345117211341857910e-01
9.345117211341857910e-01
6.730168461799621582e-01
6.730168461799621582e-01
6.730168461799621582e-01
6.730168461799621582e-01
6.730168461799621582e-01
6.730168461799621582e-01
2.614820003509521484e+00
1.508190631866455078e-01
1.508190631866455078e-01
5.369436740875244141e-01
5.369436740875244141e-01
5.369436740875244141e-01
5.369436740875244141e-01
5.369436740875244141e-01
5.369436740875244141e-01
5.369436740875244141e-01
5.369436740875244141e-01
1.867344677448272705e-01
4.549743235111236572e-01
8.196799755096435547e-01
9.106669425964355469e-01
9.106669425964355469e-01
1.971883654594421387e+00
1.726305961608886719e+00
1.726305961608886719e+00
6.690528392791748047e-01
1.498510122299194336e+00
9.440138339996337891e-01
9.440138339996337891e-01
9.440138339996337891e-01
9.440138339996337891e-01
4.924255013465881348e-01
4.924255013465881348e-01
4.924255013465881348e-01
4.924255013465881348e-01
8.079223036766052246e-01
8.079223036766052246e-01
8.079223036766052246e-01
8.079223036766052246e-01
8.079223036766052246e-01
8.079223036766052246e-01
1.996154069900512695e+00
1.996154069900512695e+00
1.996154069900512695e+00
1.996154069900512695e+00
1.996154069900512695e+00
1.996154069900512695e+00
1.058609962463378906e+00
1.058609962463378906e+00
2.237141728401184082e-01
2.237141728401184082e-01
2.237141728401184082e-01
2.237141728401184082e-01
2.237141728401184082e-01
2.237141728401184082e-01
2.125604152679443359e+00
2.125604152679443359e+00
2.125604152679443359e+00
8.963490724563598633e-01
8.963490724563598633e-01
8.963490724563598633e-01
8.963490724563598633e-01
8.963490724563598633e-01
3.770796060562133789e-01
3.770796060562133789e-01
5.468082427978515625e-01
5.468082427978515625e-01
5.468082427978515625e-01
5.382357239723205566e-01
5.382357239723205566e-01
7.689877748489379883e-01
7.689877748489379883e-01
7.689877748489379883e-01
7.986537814140319824e-01
7.986537814140319824e-01
8.090424537658691406e-02
8.090424537658691406e-02
8.154543042182922363e-01
6.778113245964050293e-01
6.778113245964050293e-01
8.077064752578735352e-01
8.077064752578735352e-01
8.077064752578735352e-01
8.077064752578735352e-01
8.077064752578735352e-01
8.077064752578735352e-01
8.077064752578735352e-01
1.637679934501647949e-01
1.637679934501647949e-01
1.637679934501647949e-01
1.637679934501647949e-01
1.637679934501647949e-01
1.637679934501647949e-01
9.522623419761657715e-01
9.522623419761657715e-01
9.522623419761657715e-01
9.522623419761657715e-01
9.522623419761657715e-01
9.522623419761657715e-01
9.522623419761657715e-01
9.522623419761657715e-01
9.522623419761657715e-01
9.522623419761657715e-01
9.522623419761657715e-01
9.522623419761657715e-01
9.522623419761657715e-01
9.522623419761657715e-01
9.522623419761657715e-01
9.522623419761657715e-01
2.590620517730712891e-01
1.536690235137939453e+00
1.536690235137939453e+00
1.471302270889282227e+00
1.102600574493408203e+00
1.102600574493408203e+00
1.102600574493408203e+00
7.498077750205993652e-01
7.498077750205993652e-01
9.452536106109619141e-01
9.452536106109619141e-01
9.452536106109619141e-01
9.452536106109619141e-01
9.452536106109619141e-01
9.452536106109619141e-01
9.452536106109619141e-01
1.055817246437072754e+00
1.798348903656005859e+00
1.798348903656005859e+00
1.798348903656005859e+00
1.798348903656005859e+00
1.798348903656005859e+00
1.196792125701904297e+00
4.758337140083312988e-01
4.758337140083312988e-01
3.990099132061004639e-01
3.990099132061004639e-01
2.871220409870147705e-01
1.269784688949584961e+00
1.269784688949584961e+00
1.269784688949584961e+00
1.269784688949584961e+00
2.679010391235351562e+00
2.679010391235351562e+00
2.679010391235351562e+00
2.679010391235351562e+00
1.411486864089965820e+00
1.411486864089965820e+00
5.718219280242919922e-02
5.718219280242919922e-02
5.718219280242919922e-02
5.718219280242919922e-02
5.718219280242919922e-02
5.718219280242919922e-02
5.718219280242919922e-02
5.718219280242919922e-02
1.353792548179626465e+00
1.353792548179626465e+00
1.353792548179626465e+00
1.353792548179626465e+00
1.017049670219421387e+00
1.017049670219421387e+00
1.017049670219421387e+00
1.017049670219421387e+00
1.017049670219421387e+00
1.017049670219421387e+00
3.318710327148437500e-01
3.318710327148437500e-01
3.318710327148437500e-01
4.814428091049194336e-01
4.814428091049194336e-01
4.814428091049194336e-01
1.765855312347412109e+00
1.765855312347412109e+00
5.189998149871826172e-01
1.646279931068420410e+00
1.646279931068420410e+00
1.646279931068420410e+00
1.646279931068420410e+00
1.646279931068420410e+00
1.210547566413879395e+00
1.210547566413879395e+00
1.210547566413879395e+00
1.210547566413879395e+00
1.210547566413879395e+00
5.323827266693115234e-01
5.323827266693115234e-01
7.076677680015563965e-01
7.076677680015563965e-01
7.076677680015563965e-01
4.776571989059448242e-01
4.776571989059448242e-01
4.776571989059448242e-01
4.776571989059448242e-01
4.776571989059448242e-01
4.776571989059448242e-01
6.050264835357666016e-02
6.050264835357666016e-02
6.050264835357666016e-02
6.050264835357666016e-02
6.050264835357666016e-02
2.067036628723144531e+00
2.067036628723144531e+00
2.067036628723144531e+00
1.738893270492553711e+00
4.290390014648437500e-01
4.290390014648437500e-01
4.290390014648437500e-01
4.290390014648437500e-01
1.020671367645263672e+00
1.020671367645263672e+00
1.020671367645263672e+00
1.020671367645263672e+00
3.943144083023071289e-01
3.943144083023071289e-01
3.943144083023071289e-01
3.943144083023071289e-01
3.943144083023071289e-01
3.943144083023071289e-01
3.943144083023071289e-01
3.943144083023071289e-01
1.544055223464965820e+00
1.544055223464965820e+00
1.461730360984802246e+00
1.282019019126892090e+00
7.584572434425354004e-01
6.502634286880493164e-02
1.266709089279174805e+00
1.074720621109008789e-01
7.998911142349243164e-01
7.998911142349243164e-01
7.998911142349243164e-01
7.998911142349243164e-01
7.998911142349243164e-01
7.998911142349243164e-01
6.493284106254577637e-01
6.493284106254577637e-01
1.406236290931701660e+00
1.406236290931701660e+00
1.406236290931701660e+00
1.406236290931701660e+00
1.406236290931701660e+00
1.177402853965759277e+00
1.177402853965759277e+00
1.177402853965759277e+00
2.424216866493225098e-01
2.424216866493225098e-01
1.176944136619567871e+00
1.176944136619567871e+00
3.516466021537780762e-01
3.516466021537780762e-01
3.516466021537780762e-01
3.516466021537780762e-01
3.516466021537780762e-01
3.516466021537780762e-01
3.516466021537780762e-01
3.516466021537780762e-01
3.516466021537780762e-01
3.516466021537780762e-01
3.516466021537780762e-01
3.516466021537780762e-01
3.516466021537780762e-01
3.516466021537780762e-01
3.516466021537780762e-01
3.516466021537780762e-01
3.516466021537780762e-01
3.516466021537780762e-01
3.516466021537780762e-01
3.516466021537780762e-01
3.516466021537780762e-01
3.516466021537780762e-01
3.516466021537780762e-01
3.516466021537780762e-01
1.170829087495803833e-01
1.170829087495803833e-01
1.170829087495803833e-01
4.708346724510192871e-01
4.708346724510192871e-01
4.708346724510192871e-01
4.708346724510192871e-01
4.708346724510192871e-01
4.708346724510192871e-01
4.708346724510192871e-01
6.910983920097351074e-01
6.910983920097351074e-01
6.910983920097351074e-01
6.910983920097351074e-01
6.910983920097351074e-01
7.116672396659851074e-01
7.116672396659851074e-01
7.116672396659851074e-01
1.169905424118041992e+00
1.169905424118041992e+00
2.194263696670532227e+00
2.471272230148315430e+00
2.334585666656494141e+00
2.334585666656494141e+00
9.828193187713623047e-01
9.828193187713623047e-01
9.828193187713623047e-01
9.828193187713623047e-01
9.828193187713623047e-01
9.828193187713623047e-01
9.828193187713623047e-01
1.925624012947082520e-01
3.940537869930267334e-01
3.940537869930267334e-01
4.958814382553100586e-02
4.958814382553100586e-02
1.526868820190429688e+00
1.526868820190429688e+00
1.526868820190429688e+00
1.526868820190429688e+00
7.996010780334472656e-02
7.996010780334472656e-02
7.996010780334472656e-02
7.996010780334472656e-02
7.996010780334472656e-02
7.996010780334472656e-02
7.996010780334472656e-02
7.996010780334472656e-02
7.996010780334472656e-02
7.996010780334472656e-02
7.996010780334472656e-02
7.996010780334472656e-02
1.462663292884826660e+00
1.462663292884826660e+00
1.772647738456726074e+00
2.736178636550903320e-01
1.218887209892272949e+00
1.218887209892272949e+00
1.218887209892272949e+00
1.218887209892272949e+00
1.218887209892272949e+00
1.218887209892272949e+00
1.218887209892272949e+00
1.218887209892272949e+00
1.218887209892272949e+00
1.218887209892272949e+00
5.098432898521423340e-01
5.098432898521423340e-01
5.098432898521423340e-01
6.491233706474304199e-01
6.491233706474304199e-01
6.491233706474304199e-01
6.491233706474304199e-01
6.491233706474304199e-01
6.491233706474304199e-01
7.832513451576232910e-01
5.226212739944458008e-01
5.226212739944458008e-01
2.302330732345581055e-02
2.302330732345581055e-02
2.302330732345581055e-02
2.302330732345581055e-02
2.307264328002929688e+00
2.307264328002929688e+00
2.307264328002929688e+00
2.307264328002929688e+00
2.307264328002929688e+00
2.029123067855834961e+00
1.696613311767578125e+00
1.696613311767578125e+00
1.696613311767578125e+00
1.696613311767578125e+00
4.492255449295043945e-01
4.492255449295043945e-01
4.492255449295043945e-01
4.492255449295043945e-01
8.655384778976440430e-01
8.655384778976440430e-01
6.284896135330200195e-01
6.148281693458557129e-01
6.148281693458557129e-01
6.148281693458557129e-01
6.148281693458557129e-01
6.148281693458557129e-01
6.148281693458557129e-01
3.104727864265441895e-01
3.104727864265441895e-01
3.104727864265441895e-01
3.104727864265441895e-01
3.104727864265441895e-01
3.104727864265441895e-01
3.104727864265441895e-01
3.104727864265441895e-01
3.104727864265441895e-01
3.104727864265441895e-01
3.104727864265441895e-01
6.604117155075073242e-01
1.293249130249023438e-01
9.978551864624023438e-01
2.069948911666870117e-01
2.069948911666870117e-01
1.321378588676452637e+00
1.321378588676452637e+00
1.321378588676452637e+00
1.431009531021118164e+00
1.431009531021118164e+00
1.431009531021118164e+00
2.426140308380126953e-01
9.470602869987487793e-01
9.470602869987487793e-01
9.470602869987487793e-01
9.470602869987487793e-01
9.470602869987487793e-01
9.470602869987487793e-01
9.470602869987487793e-01
1.312812089920043945e+00
1.312812089920043945e+00
4.730662703514099121e-01
1.713660955429077148e+00
1.713660955429077148e+00
1.713660955429077148e+00
1.713660955429077148e+00
1.713660955429077148e+00
1.713660955429077148e+00
1.441558837890625000e+00
1.441558837890625000e+00
1.441558837890625000e+00
2.703257799148559570e-01
2.703257799148559570e-01
2.703257799148559570e-01
2.703257799148559570e-01
2.703257799148559570e-01
2.220294624567031860e-01
2.220294624567031860e-01
2.220294624567031860e-01
2.220294624567031860e-01
2.220294624567031860e-01
2.220294624567031860e-01
2.220294624567031860e-01
5.067058801651000977e-01
5.067058801651000977e-01
5.067058801651000977e-01
5.067058801651000977e-01
5.067058801651000977e-01
5.067058801651000977e-01
5.067058801651000977e-01
5.067058801651000977e-01
2.037120759487152100e-01
2.037120759487152100e-01
2.037120759487152100e-01
2.037120759487152100e-01
2.037120759487152100e-01
2.030891180038452148e+00
2.030891180038452148e+00
2.030891180038452148e+00
2.030891180038452148e+00
2.030891180038452148e+00
2.030891180038452148e+00
2.030891180038452148e+00
2.030891180038452148e+00
2.030891180038452148e+00
2.030891180038452148e+00
2.582385063171386719e+00
2.582385063171386719e+00
3.076002597808837891e-01
3.076002597808837891e-01
3.076002597808837891e-01
4.615479707717895508e-01
2.752537727355957031e-01
1.343024015426635742e+00
1.343024015426635742e+00
2.023625373840332031e-01
2.023625373840332031e-01
2.023625373840332031e-01
2.023625373840332031e-01
2.023625373840332031e-01
2.023625373840332031e-01
1.341463625431060791e-01
5.541289597749710083e-02
5.541289597749710083e-02
5.541289597749710083e-02
1.625946998596191406e+00
1.625946998596191406e+00
1.625946998596191406e+00
1.625946998596191406e+00
1.625946998596191406e+00
1.625946998596191406e+00
1.117573738098144531e+00
1.117573738098144531e+00
1.117573738098144531e+00
1.117573738098144531e+00
1.117573738098144531e+00
1.117573738098144531e+00
1.117573738098144531e+00
1.117573738098144531e+00
1.117573738098144531e+00
1.416560173034667969e+00
1.416560173034667969e+00
1.416560173034667969e+00
2.308532953262329102e+00
2.308532953262329102e+00
2.308532953262329102e+00
2.100650548934936523e+00
2.100650548934936523e+00
2.100650548934936523e+00
1.857553482055664062e+00
1.857553482055664062e+00
1.415234804153442383e+00
1.295790553092956543e+00
1.273680806159973145e+00
1.273680806159973145e+00
1.273680806159973145e+00
2.069416761398315430e+00
2.069416761398315430e+00
1.514978528022766113e+00
1.514978528022766113e+00
1.514978528022766113e+00
1.514978528022766113e+00
1.514978528022766113e+00
3.167716264724731445e-01
3.167716264724731445e-01
1.999786257743835449e+00
1.999786257743835449e+00
4.799245595932006836e-01
4.799245595932006836e-01
4.799245595932006836e-01
4.799245595932006836e-01
4.799245595932006836e-01
4.799245595932006836e-01
4.799245595932006836e-01
4.799245595932006836e-01
4.799245595932006836e-01
4.799245595932006836e-01
4.799245595932006836e-01
4.799245595932006836e-01
4.799245595932006836e-01
9.684118032455444336e-01
9.684118032455444336e-01
4.514926671981811523e-01
4.514926671981811523e-01
4.514926671981811523e-01
4.514926671981811523e-01
4.514926671981811523e-01
8.087645769119262695e-01
3.279857039451599121e-01
3.279857039451599121e-01
3.279857039451599121e-01
3.279857039451599121e-01
6.971076726913452148e-01
6.971076726913452148e-01
6.971076726913452148e-01
1.962982892990112305e+00
1.962982892990112305e+00
1.962982892990112305e+00
6.759135723114013672e-01
1.944065451622009277e+00
2.512690067291259766e+00
3.275649309158325195e+00
3.275649309158325195e+00
2.489037990570068359e+00
1.387946128845214844e+00
1.387946128845214844e+00
1.387946128845214844e+00
1.387946128845214844e+00
1.387946128845214844e+00
1.387946128845214844e+00
1.387946128845214844e+00
1.555739998817443848e+00
8.201850652694702148e-01
8.201850652694702148e-01
5.283543467521667480e-01
5.283543467521667480e-01
5.283543467521667480e-01
5.283543467521667480e-01
9.291070103645324707e-01
9.291070103645324707e-01
9.291070103645324707e-01
9.291070103645324707e-01
9.291070103645324707e-01
9.291070103645324707e-01
6.492604017257690430e-01
1.847280740737915039e+00
1.847280740737915039e+00
2.234174728393554688e+00
4.696577787399291992e-01
1.069338083267211914e+00
1.069338083267211914e+00
7.050907611846923828e-01
7.050907611846923828e-01
7.755673527717590332e-01
7.755673527717590332e-01
7.755673527717590332e-01
7.878124713897705078e-01
7.878124713897705078e-01
1.304081082344055176e-01
1.304081082344055176e-01
1.144226312637329102e+00
1.144226312637329102e+00
2.289249897003173828e-01
1.520114302635192871e+00
1.520114302635192871e+00
1.520114302635192871e+00
1.520114302635192871e+00
6.200014352798461914e-01
6.200014352798461914e-01
6.200014352798461914e-01
6.200014352798461914e-01
6.200014352798461914e-01
4.046124219894409180e-02
7.767398953437805176e-01
5.479440689086914062e-01
5.479440689086914062e-01
5.479440689086914062e-01
5.479440689086914062e-01
2.177441120147705078e-02
2.177441120147705078e-02
1.426274657249450684e+00
1.426274657249450684e+00
1.426274657249450684e+00
1.426274657249450684e+00
1.426274657249450684e+00
1.426274657249450684e+00
1.426274657249450684e+00
4.271399378776550293e-01
1.014410972595214844e+00
1.014410972595214844e+00
4.926629662513732910e-01
1.733856916427612305e+00
2.517789602279663086e-01
2.517789602279663086e-01
2.517789602279663086e-01
1.185971975326538086e+00
1.185971975326538086e+00
1.185971975326538086e+00
1.185971975326538086e+00
1.185971975326538086e+00
1.185971975326538086e+00
2.159012794494628906e+00
1.031379103660583496e+00
1.031379103660583496e+00
1.031379103660583496e+00
1.031379103660583496e+00
1.407394170761108398e+00
1.407394170761108398e+00
1.407394170761108398e+00
1.407394170761108398e+00
1.407394170761108398e+00
1.672585010528564453e-01
1.672585010528564453e-01
1.672585010528564453e-01
1.672585010528564453e-01
1.672585010528564453e-01
7.075940370559692383e-01
7.075940370559692383e-01
7.075940370559692383e-01
7.075940370559692383e-01
7.075940370559692383e-01
1.446061253547668457e+00
3.310489654541015625e-01
3.310489654541015625e-01
1.594604134559631348e+00
1.121194958686828613e+00
1.121194958686828613e+00
1.121194958686828613e+00
1.121194958686828613e+00
1.861464381217956543e-01
1.861464381217956543e-01
9.329110383987426758e-01
9.329110383987426758e-01
9.329110383987426758e-01
9.329110383987426758e-01
8.787996172904968262e-01
1.119377374649047852e+00
1.119377374649047852e+00
1.119377374649047852e+00
4.030000567436218262e-01
4.030000567436218262e-01
4.030000567436218262e-01
4.030000567436218262e-01
4.030000567436218262e-01
7.951025962829589844e-01
7.951025962829589844e-01
7.951025962829589844e-01
7.951025962829589844e-01
7.951025962829589844e-01
1.701694965362548828e+00
1.462070226669311523e+00
1.304286003112792969e+00
1.142361402511596680e+00
1.142361402511596680e+00
1.666576743125915527e+00
1.666576743125915527e+00
1.666576743125915527e+00
1.666576743125915527e+00
1.237457394599914551e+00
1.769576191902160645e+00
1.763532161712646484e-01
1.763532161712646484e-01
1.763532161712646484e-01
1.763532161712646484e-01
1.763532161712646484e-01
1.763532161712646484e-01
1.763532161712646484e-01
1.763532161712646484e-01
2.587288916110992432e-01
2.587288916110992432e-01
2.587288916110992432e-01
2.587288916110992432e-01
2.587288916110992432e-01
1.511981487274169922e+00
1.511981487274169922e+00
1.511981487274169922e+00
1.511981487274169922e+00
1.511981487274169922e+00
9.870765209197998047e-01
1.754767894744873047e-01
1.754767894744873047e-01
1.754767894744873047e-01
1.754767894744873047e-01
1.754767894744873047e-01
2.852115631103515625e-01
2.852115631103515625e-01
1.430412530899047852e+00
1.430412530899047852e+00
1.430412530899047852e+00
1.430412530899047852e+00
1.430412530899047852e+00
7.201285958290100098e-01
7.143238782882690430e-01
7.143238782882690430e-01
7.143238782882690430e-01
7.143238782882690430e-01
7.143238782882690430e-01
7.143238782882690430e-01
7.143238782882690430e-01
1.043537855148315430e+00
1.043537855148315430e+00
1.119477391242980957e+00
1.119477391242980957e+00
1.119477391242980957e+00
1.119477391242980957e+00
1.119477391242980957e+00
4.169189333915710449e-01
4.169189333915710449e-01
4.169189333915710449e-01
4.169189333915710449e-01
1.142987251281738281e+00
1.142987251281738281e+00
1.059556245803833008e+00
1.059556245803833008e+00
1.140843391418457031e+00
1.140843391418457031e+00
1.140843391418457031e+00
1.140843391418457031e+00
1.155114889144897461e+00
1.060053229331970215e+00
1.060053229331970215e+00
1.060053229331970215e+00
1.238159298896789551e+00
1.238159298896789551e+00
1.190915703773498535e+00
1.190915703773498535e+00
1.190915703773498535e+00
2.625458240509033203e+00
2.625458240509033203e+00
2.625458240509033203e+00
2.625458240509033203e+00
2.031973361968994141e+00
2.031973361968994141e+00
2.031973361968994141e+00
3.480852842330932617e-01
3.480852842330932617e-01
3.480852842330932617e-01
3.480852842330932617e-01
3.480852842330932617e-01
8.262466192245483398e-01
8.262466192245483398e-01
8.262466192245483398e-01
8.262466192245483398e-01
8.262466192245483398e-01
8.262466192245483398e-01
8.262466192245483398e-01
8.262466192245483398e-01
8.262466192245483398e-01
8.743194937705993652e-01
