6.868420839309692383e-01
6.868420839309692383e-01
6.868420839309692383e-01
6.868420839309692383e-01
1.560074210166931152e+00
8.603192567825317383e-01
8.603192567825317383e-01
6.631045341491699219e-01
6.631045341491699219e-01
6.631045341491699219e-01
6.631045341491699219e-01
6.631045341491699219e-01
6.631045341491699219e-01
9.579291343688964844e-01
1.404956579208374023e-01
1.404956579208374023e-01
1.404956579208374023e-01
6.168239116668701172e-01
6.168239116668701172e-01
6.168239116668701172e-01
6.168239116668701172e-01
6.168239116668701172e-01
6.168239116668701172e-01
6.168239116668701172e-01
6.168239116668701172e-01
6.168239116668701172e-01
6.168239116668701172e-01
6.168239116668701172e-01
6.168239116668701172e-01
6.168239116668701172e-01
6.168239116668701172e-01
6.168239116668701172e-01
6.168239116668701172e-01
6.168239116668701172e-01
6.168239116668701172e-01
6.168239116668701172e-01
6.168239116668701172e-01
1.004164934158325195e+00
1.004164934158325195e+00
1.004164934158325195e+00
1.004164934158325195e+00
1.004164934158325195e+00
1.004164934158325195e+00
1.004164934158325195e+00
1.004164934158325195e+00
1.004164934158325195e+00
1.004164934158325195e+00
1.004164934158325195e+00
1.004164934158325195e+00
1.004164934158325195e+00
9.012356996536254883e-01
9.012356996536254883e-01
9.012356996536254883e-01
9.012356996536254883e-01
9.012356996536254883e-01
9.012356996536254883e-01
9.012356996536254883e-01
9.012356996536254883e-01
9.817073941230773926e-01
1.188138127326965332e+00
1.188138127326965332e+00
1.188138127326965332e+00
1.188138127326965332e+00
1.188138127326965332e+00
1.188138127326965332e+00
1.188138127326965332e+00
1.188138127326965332e+00
1.188138127326965332e+00
1.188138127326965332e+00
1.265887141227722168e+00
1.265887141227722168e+00
1.265887141227722168e+00
1.265887141227722168e+00
1.265887141227722168e+00
1.809505820274353027e+00
1.272756338119506836e+00
4.787334203720092773e-01
2.857368588447570801e-01
1.307032823562622070e+00
1.307032823562622070e+00
1.307032823562622070e+00
1.307032823562622070e+00
1.307032823562622070e+00
1.307032823562622070e+00
1.307032823562622070e+00
1.307032823562622070e+00
1.266376972198486328e+00
1.266376972198486328e+00
1.539449095726013184e+00
9.692524075508117676e-01
9.692524075508117676e-01
9.692524075508117676e-01
9.692524075508117676e-01
9.692524075508117676e-01
9.692524075508117676e-01
9.692524075508117676e-01
9.692524075508117676e-01
9.692524075508117676e-01
9.692524075508117676e-01
8.850464224815368652e-01
8.850464224815368652e-01
8.850464224815368652e-01
8.850464224815368652e-01
8.850464224815368652e-01
8.850464224815368652e-01
4.392847418785095215e-01
4.207435846328735352e-01
3.101420402526855469e-01
3.101420402526855469e-01
1.034591674804687500e+00
4.306498169898986816e-01
4.306498169898986816e-01
4.306498169898986816e-01
4.306498169898986816e-01
8.145772218704223633e-01
8.145772218704223633e-01
8.145772218704223633e-01
8.145772218704223633e-01
8.145772218704223633e-01
8.145772218704223633e-01
8.145772218704223633e-01
8.677396178245544434e-01
5.686935186386108398e-01
5.686935186386108398e-01
5.686935186386108398e-01
5.686935186386108398e-01
1.722571372985839844e+00
1.722571372985839844e+00
7.939384579658508301e-01
7.939384579658508301e-01
7.939384579658508301e-01
7.884442210197448730e-01
5.139832496643066406e-01
5.139832496643066406e-01
7.618992328643798828e-01
1.290127515792846680e+00
1.290127515792846680e+00
1.290127515792846680e+00
1.290127515792846680e+00
1.867079973220825195e+00
1.260562062263488770e+00
1.260562062263488770e+00
1.260562062263488770e+00
1.584071636199951172e+00
1.584071636199951172e+00
1.584071636199951172e+00
1.584071636199951172e+00
1.674437165260314941e+00
1.674437165260314941e+00
1.674437165260314941e+00
1.674437165260314941e+00
1.674437165260314941e+00
1.674437165260314941e+00
1.458915710449218750e+00
1.458915710449218750e+00
1.458915710449218750e+00
1.458915710449218750e+00
1.458915710449218750e+00
7.004773616790771484e-01
7.004773616790771484e-01
7.004773616790771484e-01
5.740952491760253906e-01
5.740952491760253906e-01
5.740952491760253906e-01
5.740952491760253906e-01
5.740952491760253906e-01
9.776539802551269531e-01
9.776539802551269531e-01
5.247651338577270508e-01
5.247651338577270508e-01
5.247651338577270508e-01
7.758198976516723633e-01
5.218097567558288574e-01
5.218097567558288574e-01
5.218097567558288574e-01
5.218097567558288574e-01
5.218097567558288574e-01
5.218097567558288574e-01
7.506393194198608398e-01
7.506393194198608398e-01
7.506393194198608398e-01
7.506393194198608398e-01
9.215666651725769043e-01
9.215666651725769043e-01
9.215666651725769043e-01
9.215666651725769043e-01
1.032715559005737305e+00
1.032715559005737305e+00
1.032715559005737305e+00
1.032715559005737305e+00
1.032715559005737305e+00
1.032715559005737305e+00
1.032715559005737305e+00
1.032715559005737305e+00
1.032715559005737305e+00
1.032715559005737305e+00
1.032715559005737305e+00
1.478538870811462402e+00
1.478538870811462402e+00
9.786993265151977539e-01
5.185773372650146484e-01
7.706299424171447754e-01
5.965554714202880859e-01
5.965554714202880859e-01
5.965554714202880859e-01
5.965554714202880859e-01
5.965554714202880859e-01
5.965554714202880859e-01
6.817845702171325684e-01
6.817845702171325684e-01
6.817845702171325684e-01
6.817845702171325684e-01
6.817845702171325684e-01
6.817845702171325684e-01
6.817845702171325684e-01
6.817845702171325684e-01
6.817845702171325684e-01
8.446564674377441406e-01
8.446564674377441406e-01
8.446564674377441406e-01
1.676561594009399414e+00
1.676561594009399414e+00
1.676561594009399414e+00
3.389322757720947266e-01
3.389322757720947266e-01
7.320603132247924805e-01
7.320603132247924805e-01
7.320603132247924805e-01
7.320603132247924805e-01
7.320603132247924805e-01
7.320603132247924805e-01
7.320603132247924805e-01
7.320603132247924805e-01
7.320603132247924805e-01
7.320603132247924805e-01
7.320603132247924805e-01
7.320603132247924805e-01
7.320603132247924805e-01
6.335443854331970215e-01
6.335443854331970215e-01
6.335443854331970215e-01
6.335443854331970215e-01
2.630573272705078125e+00
2.879407167434692383e+00
1.772131443023681641e+00
1.772131443023681641e+00
1.772131443023681641e+00
1.054573297500610352e+00
3.746371865272521973e-01
6.527398824691772461e-01
6.527398824691772461e-01
6.527398824691772461e-01
6.527398824691772461e-01
6.527398824691772461e-01
1.067878365516662598e+00
1.937370300292968750e+00
1.937370300292968750e+00
1.937370300292968750e+00
1.937370300292968750e+00
1.571058034896850586e+00
1.571058034896850586e+00
1.571058034896850586e+00
1.571058034896850586e+00
1.571058034896850586e+00
1.571058034896850586e+00
1.571058034896850586e+00
1.571058034896850586e+00
1.571058034896850586e+00
1.571058034896850586e+00
3.507237434387207031e-01
3.507237434387207031e-01
3.507237434387207031e-01
3.507237434387207031e-01
3.507237434387207031e-01
3.507237434387207031e-01
3.507237434387207031e-01
3.507237434387207031e-01
1.041780948638916016e+00
1.041780948638916016e+00
1.041780948638916016e+00
1.041780948638916016e+00
1.041780948638916016e+00
1.041780948638916016e+00
6.348252296447753906e-01
6.348252296447753906e-01
6.852098703384399414e-01
6.852098703384399414e-01
6.852098703384399414e-01
6.852098703384399414e-01
6.852098703384399414e-01
6.852098703384399414e-01
6.852098703384399414e-01
8.286201953887939453e-02
8.272858709096908569e-02
8.272858709096908569e-02
8.272858709096908569e-02
8.272858709096908569e-02
4.611673057079315186e-01
4.611673057079315186e-01
1.131471514701843262e+00
1.001013755798339844e+00
6.635786294937133789e-01
6.635786294937133789e-01
6.635786294937133789e-01
6.635786294937133789e-01
6.635786294937133789e-01
6.635786294937133789e-01
6.635786294937133789e-01
6.635786294937133789e-01
6.635786294937133789e-01
6.635786294937133789e-01
6.635786294937133789e-01
6.635786294937133789e-01
6.635786294937133789e-01
6.635786294937133789e-01
6.635786294937133789e-01
6.635786294937133789e-01
6.635786294937133789e-01
6.635786294937133789e-01
6.635786294937133789e-01
6.635786294937133789e-01
6.635786294937133789e-01
6.635786294937133789e-01
6.635786294937133789e-01
6.635786294937133789e-01
6.635786294937133789e-01
4.140310287475585938e-01
3.568615913391113281e-01
3.568615913391113281e-01
3.568615913391113281e-01
3.568615913391113281e-01
3.568615913391113281e-01
3.568615913391113281e-01
7.986561655998229980e-01
7.986561655998229980e-01
8.216269612312316895e-01
8.216269612312316895e-01
8.216269612312316895e-01
8.216269612312316895e-01
1.754197001457214355e+00
1.754197001457214355e+00
1.754197001457214355e+00
1.754197001457214355e+00
1.754197001457214355e+00
1.754197001457214355e+00
1.754197001457214355e+00
1.447457313537597656e+00
1.447457313537597656e+00
1.823724985122680664e+00
1.823724985122680664e+00
8.630141019821166992e-01
8.630141019821166992e-01
8.630141019821166992e-01
8.630141019821166992e-01
8.630141019821166992e-01
8.630141019821166992e-01
8.630141019821166992e-01
8.630141019821166992e-01
8.630141019821166992e-01
8.630141019821166992e-01
8.630141019821166992e-01
8.630141019821166992e-01
4.626864194869995117e-01
4.626864194869995117e-01
4.626864194869995117e-01
4.626864194869995117e-01
4.626864194869995117e-01
6.610736846923828125e-01
7.993199825286865234e-01
7.993199825286865234e-01
7.993199825286865234e-01
7.993199825286865234e-01
6.076053977012634277e-01
6.076053977012634277e-01
6.076053977012634277e-01
8.792457580566406250e-01
8.792457580566406250e-01
3.484385013580322266e-01
3.484385013580322266e-01
3.484385013580322266e-01
3.484385013580322266e-01
3.484385013580322266e-01
7.021229267120361328e-01
7.021229267120361328e-01
7.021229267120361328e-01
7.021229267120361328e-01
7.021229267120361328e-01
7.021229267120361328e-01
2.286077022552490234e+00
2.678063392639160156e+00
2.678063392639160156e+00
2.678063392639160156e+00
1.000400900840759277e+00
1.000400900840759277e+00
1.483899474143981934e+00
4.180550575256347656e-01
4.180550575256347656e-01
4.180550575256347656e-01
4.180550575256347656e-01
8.708283901214599609e-01
8.708283901214599609e-01
8.708283901214599609e-01
8.708283901214599609e-01
8.708283901214599609e-01
8.708283901214599609e-01
8.708283901214599609e-01
8.708283901214599609e-01
8.708283901214599609e-01
8.708283901214599609e-01
8.708283901214599609e-01
8.708283901214599609e-01
8.708283901214599609e-01
8.708283901214599609e-01
8.708283901214599609e-01
8.708283901214599609e-01
8.708283901214599609e-01
8.708283901214599609e-01
8.708283901214599609e-01
8.708283901214599609e-01
8.708283901214599609e-01
8.708283901214599609e-01
8.708283901214599609e-01
8.708283901214599609e-01
8.708283901214599609e-01
8.708283901214599609e-01
3.386927247047424316e-01
3.386927247047424316e-01
3.386927247047424316e-01
3.386927247047424316e-01
3.386927247047424316e-01
3.386927247047424316e-01
3.386927247047424316e-01
3.386927247047424316e-01
3.386927247047424316e-01
3.386927247047424316e-01
3.386927247047424316e-01
3.386927247047424316e-01
3.386927247047424316e-01
3.386927247047424316e-01
3.386927247047424316e-01
3.386927247047424316e-01
3.386927247047424316e-01
3.386927247047424316e-01
1.037034034729003906e+00
1.037034034729003906e+00
1.037034034729003906e+00
1.037034034729003906e+00
1.037034034729003906e+00
1.037034034729003906e+00
1.037034034729003906e+00
1.037034034729003906e+00
1.037034034729003906e+00
1.037034034729003906e+00
1.682443618774414062e+00
1.682443618774414062e+00
1.682443618774414062e+00
1.682443618774414062e+00
1.682443618774414062e+00
1.682443618774414062e+00
1.682443618774414062e+00
1.443905830383300781e+00
1.443905830383300781e+00
1.443905830383300781e+00
1.443905830383300781e+00
1.318030357360839844e+00
1.318030357360839844e+00
1.318030357360839844e+00
3.681841492652893066e-01
3.681841492652893066e-01
3.681841492652893066e-01
3.681841492652893066e-01
3.681841492652893066e-01
3.681841492652893066e-01
3.681841492652893066e-01
3.681841492652893066e-01
9.144718647003173828e-01
1.252356767654418945e+00
1.252356767654418945e+00
9.684479236602783203e-01
9.684479236602783203e-01
9.684479236602783203e-01
9.684479236602783203e-01
9.684479236602783203e-01
9.684479236602783203e-01
9.684479236602783203e-01
9.684479236602783203e-01
5.825944542884826660e-01
5.825944542884826660e-01
5.825944542884826660e-01
5.825944542884826660e-01
5.825944542884826660e-01
5.825944542884826660e-01
5.825944542884826660e-01
5.825944542884826660e-01
5.825944542884826660e-01
5.825944542884826660e-01
2.183741569519042969e+00
2.183741569519042969e+00
1.206168293952941895e+00
1.212439417839050293e+00
1.212439417839050293e+00
1.145221114158630371e+00
1.145221114158630371e+00
1.145221114158630371e+00
1.145221114158630371e+00
1.145221114158630371e+00
1.145221114158630371e+00
1.145221114158630371e+00
1.145221114158630371e+00
1.145221114158630371e+00
1.145221114158630371e+00
1.145221114158630371e+00
1.078047752380371094e+00
1.078047752380371094e+00
1.198657035827636719e+00
1.198657035827636719e+00
1.268926143646240234e+00
4.574515819549560547e-01
3.742875754833221436e-01
1.305004358291625977e+00
1.305004358291625977e+00
1.305004358291625977e+00
1.305004358291625977e+00
6.813472509384155273e-01
6.813472509384155273e-01
1.219249963760375977e+00
1.219249963760375977e+00
1.219249963760375977e+00
1.219249963760375977e+00
1.389379024505615234e+00
1.389379024505615234e+00
1.389379024505615234e+00
1.389379024505615234e+00
1.389379024505615234e+00
1.389379024505615234e+00
1.389379024505615234e+00
1.389379024505615234e+00
2.480718135833740234e+00
3.170702457427978516e+00
3.170702457427978516e+00
3.170702457427978516e+00
2.929203033447265625e+00
2.929203033447265625e+00
2.929203033447265625e+00
2.929203033447265625e+00
2.929203033447265625e+00
2.812502622604370117e+00
1.009695887565612793e+00
1.009695887565612793e+00
3.485390543937683105e-01
1.109562039375305176e+00
1.109562039375305176e+00
1.109562039375305176e+00
1.109562039375305176e+00
1.109562039375305176e+00
1.109562039375305176e+00
3.229829072952270508e-01
3.229829072952270508e-01
3.229829072952270508e-01
4.190922379493713379e-01
8.832472562789916992e-01
8.832472562789916992e-01
8.832472562789916992e-01
8.832472562789916992e-01
8.832472562789916992e-01
8.832472562789916992e-01
8.832472562789916992e-01
8.832472562789916992e-01
8.832472562789916992e-01
1.041499376296997070e+00
1.184193253517150879e+00
1.184193253517150879e+00
1.184193253517150879e+00
1.184193253517150879e+00
1.184193253517150879e+00
9.932877421379089355e-01
9.932877421379089355e-01
8.611807227134704590e-01
8.611807227134704590e-01
8.611807227134704590e-01
8.611807227134704590e-01
8.611807227134704590e-01
5.965820550918579102e-01
5.965820550918579102e-01
5.965820550918579102e-01
8.117589950561523438e-01
8.117589950561523438e-01
8.117589950561523438e-01
1.114617466926574707e+00
1.114617466926574707e+00
1.114617466926574707e+00
1.114617466926574707e+00
1.114617466926574707e+00
1.114617466926574707e+00
1.114617466926574707e+00
1.114617466926574707e+00
1.114617466926574707e+00
1.788625478744506836e+00
1.788625478744506836e+00
1.788625478744506836e+00
1.788625478744506836e+00
1.316272735595703125e+00
1.316272735595703125e+00
1.316272735595703125e+00
1.316272735595703125e+00
1.316272735595703125e+00
1.316272735595703125e+00
1.316272735595703125e+00
1.316272735595703125e+00
9.142116904258728027e-01
9.142116904258728027e-01
9.142116904258728027e-01
9.142116904258728027e-01
9.142116904258728027e-01
9.142116904258728027e-01
9.142116904258728027e-01
9.142116904258728027e-01
5.443265438079833984e-01
5.443265438079833984e-01
9.944236874580383301e-01
9.944236874580383301e-01
9.944236874580383301e-01
9.944236874580383301e-01
9.944236874580383301e-01
9.944236874580383301e-01
8.104539513587951660e-01
8.104539513587951660e-01
1.178615450859069824e+00
1.178615450859069824e+00
1.178615450859069824e+00
1.178615450859069824e+00
6.118823885917663574e-01
6.118823885917663574e-01
6.118823885917663574e-01
1.018955588340759277e+00
1.018955588340759277e+00
1.018955588340759277e+00
1.018955588340759277e+00
5.794389843940734863e-01
1.436426877975463867e+00
1.436426877975463867e+00
1.436426877975463867e+00
1.436426877975463867e+00
1.436426877975463867e+00
1.436426877975463867e+00
2.033605813980102539e+00
2.033605813980102539e+00
1.763123273849487305e-01
1.763123273849487305e-01
1.763123273849487305e-01
1.763123273849487305e-01
9.600173830986022949e-01
9.600173830986022949e-01
9.600173830986022949e-01
9.600173830986022949e-01
9.600173830986022949e-01
9.600173830986022949e-01
9.600173830986022949e-01
9.600173830986022949e-01
9.600173830986022949e-01
9.600173830986022949e-01
9.600173830986022949e-01
9.600173830986022949e-01
9.600173830986022949e-01
9.600173830986022949e-01
5.929192900657653809e-01
5.929192900657653809e-01
5.929192900657653809e-01
5.929192900657653809e-01
5.929192900657653809e-01
5.929192900657653809e-01
5.794072151184082031e-01
1.130256891250610352e+00
1.130256891250610352e+00
1.130256891250610352e+00
1.130256891250610352e+00
8.516157865524291992e-01
8.516157865524291992e-01
2.588090896606445312e-01
2.588090896606445312e-01
2.588090896606445312e-01
2.588090896606445312e-01
2.588090896606445312e-01
2.588090896606445312e-01
2.588090896606445312e-01
2.588090896606445312e-01
2.588090896606445312e-01
2.588090896606445312e-01
2.588090896606445312e-01
2.588090896606445312e-01
2.588090896606445312e-01
2.588090896606445312e-01
2.588090896606445312e-01
1.299757122993469238e+00
1.299757122993469238e+00
7.035892605781555176e-01
1.765861511230468750e+00
1.733002305030822754e+00
1.733002305030822754e+00
1.733002305030822754e+00
2.052725315093994141e+00
2.052725315093994141e+00
1.666633844375610352e+00
1.542711853981018066e+00
1.493253111839294434e+00
1.493253111839294434e+00
1.493253111839294434e+00
1.493253111839294434e+00
3.322894573211669922e-01
3.322894573211669922e-01
7.131332159042358398e-01
7.131332159042358398e-01
7.131332159042358398e-01
7.131332159042358398e-01
7.131332159042358398e-01
7.131332159042358398e-01
7.131332159042358398e-01
7.131332159042358398e-01
1.024919271469116211e+00
1.024919271469116211e+00
1.024919271469116211e+00
1.024919271469116211e+00
1.024919271469116211e+00
1.024919271469116211e+00
1.024919271469116211e+00
1.024919271469116211e+00
1.024919271469116211e+00
1.024919271469116211e+00
1.024919271469116211e+00
1.024919271469116211e+00
1.024919271469116211e+00
1.024919271469116211e+00
1.024919271469116211e+00
1.024919271469116211e+00
1.024919271469116211e+00
1.024919271469116211e+00
1.024919271469116211e+00
5.492297410964965820e-01
5.492297410964965820e-01
1.213663578033447266e+00
1.213663578033447266e+00
1.213663578033447266e+00
1.213663578033447266e+00
1.721409320831298828e+00
1.873387217521667480e+00
1.873387217521667480e+00
1.873387217521667480e+00
1.873387217521667480e+00
1.437108397483825684e+00
1.437108397483825684e+00
1.437108397483825684e+00
1.263464093208312988e+00
1.263464093208312988e+00
9.057602882385253906e-01
9.057602882385253906e-01
9.057602882385253906e-01
9.057602882385253906e-01
1.243886232376098633e+00
1.243886232376098633e+00
1.243886232376098633e+00
1.243886232376098633e+00
1.107905149459838867e+00
1.107905149459838867e+00
7.480848431587219238e-01
7.480848431587219238e-01
7.480848431587219238e-01
7.480848431587219238e-01
7.480848431587219238e-01
7.480848431587219238e-01
7.480848431587219238e-01
2.280223965644836426e-01
2.280223965644836426e-01
2.280223965644836426e-01
2.280223965644836426e-01
2.280223965644836426e-01
2.280223965644836426e-01
2.280223965644836426e-01
2.280223965644836426e-01
1.241469860076904297e+00
1.241469860076904297e+00
1.241469860076904297e+00
2.399683713912963867e+00
2.399683713912963867e+00
2.399683713912963867e+00
2.399683713912963867e+00
2.399683713912963867e+00
1.789653301239013672e-01
1.789653301239013672e-01
1.789653301239013672e-01
1.276336550712585449e+00
1.276336550712585449e+00
1.276336550712585449e+00
7.509299516677856445e-01
1.000634312629699707e+00
1.000634312629699707e+00
1.000634312629699707e+00
1.000634312629699707e+00
1.000634312629699707e+00
1.000634312629699707e+00
1.000634312629699707e+00
1.000634312629699707e+00
1.000634312629699707e+00
1.000634312629699707e+00
1.000634312629699707e+00
1.000634312629699707e+00
1.000634312629699707e+00
1.333376884460449219e+00
1.333376884460449219e+00
1.333376884460449219e+00
1.333376884460449219e+00
1.333376884460449219e+00
1.491074204444885254e+00
1.164288043975830078e+00
1.258503675460815430e+00
1.258503675460815430e+00
8.673919439315795898e-01
8.673919439315795898e-01
8.673919439315795898e-01
8.673919439315795898e-01
9.140588641166687012e-01
9.140588641166687012e-01
9.140588641166687012e-01
9.140588641166687012e-01
9.140588641166687012e-01
1.399621248245239258e+00
1.399621248245239258e+00
1.399621248245239258e+00
1.399621248245239258e+00
1.399621248245239258e+00
1.058779478073120117e+00
1.058779478073120117e+00
1.058779478073120117e+00
1.058779478073120117e+00
1.222051262855529785e+00
1.222051262855529785e+00
1.222051262855529785e+00
1.222051262855529785e+00
1.222051262855529785e+00
1.222051262855529785e+00
1.222051262855529785e+00
1.222051262855529785e+00
1.222051262855529785e+00
1.222051262855529785e+00
1.222051262855529785e+00
1.222051262855529785e+00
1.169345378875732422e-01
1.733527541160583496e+00
1.733527541160583496e+00
1.733527541160583496e+00
1.733527541160583496e+00
7.053031921386718750e-01
7.053031921386718750e-01
7.677767276763916016e-01
7.677767276763916016e-01
7.677767276763916016e-01
7.677767276763916016e-01
7.677767276763916016e-01
1.918295383453369141e+00
1.918295383453369141e+00
2.355673074722290039e+00
1.889224052429199219e-01
1.889224052429199219e-01
1.889224052429199219e-01
1.889224052429199219e-01
1.889224052429199219e-01
1.889224052429199219e-01
1.889224052429199219e-01
1.889224052429199219e-01
2.925966262817382812e+00
2.925966262817382812e+00
1.011024713516235352e+00
1.011024713516235352e+00
1.868481636047363281e+00
1.868481636047363281e+00
1.868481636047363281e+00
1.868481636047363281e+00
1.595794439315795898e+00
1.387409090995788574e+00
1.387409090995788574e+00
1.387409090995788574e+00
1.430037140846252441e+00
1.430037140846252441e+00
8.535466790199279785e-01
8.535466790199279785e-01
8.535466790199279785e-01
8.535466790199279785e-01
3.979306221008300781e-01
1.656459569931030273e+00
1.656459569931030273e+00
1.656459569931030273e+00
3.001371622085571289e-01
3.001371622085571289e-01
3.001371622085571289e-01
3.001371622085571289e-01
1.572002649307250977e+00
1.572002649307250977e+00
1.572002649307250977e+00
1.572002649307250977e+00
1.572002649307250977e+00
1.572002649307250977e+00
1.265802979469299316e+00
1.265802979469299316e+00
5.410218834877014160e-01
5.410218834877014160e-01
5.410218834877014160e-01
5.410218834877014160e-01
5.410218834877014160e-01
5.410218834877014160e-01
5.410218834877014160e-01
5.410218834877014160e-01
6.978210210800170898e-01
4.475374817848205566e-01
1.407921552658081055e+00
1.407921552658081055e+00
1.407921552658081055e+00
1.430655002593994141e+00
1.008509516716003418e+00
1.008509516716003418e+00
1.008509516716003418e+00
1.104342818260192871e+00
1.104342818260192871e+00
1.104342818260192871e+00
1.104342818260192871e+00
1.104342818260192871e+00
1.104342818260192871e+00
1.104342818260192871e+00
1.104342818260192871e+00
1.496101856231689453e+00
1.496101856231689453e+00
1.496101856231689453e+00
1.727589368820190430e+00
1.727589368820190430e+00
1.727589368820190430e+00
1.727589368820190430e+00
1.727589368820190430e+00
1.564222097396850586e+00
4.335181713104248047e-01
4.335181713104248047e-01
4.335181713104248047e-01
7.001923322677612305e-01
3.444161415100097656e-01
3.444161415100097656e-01
3.444161415100097656e-01
3.444161415100097656e-01
3.444161415100097656e-01
3.444161415100097656e-01
1.434082031250000000e+00
1.434082031250000000e+00
1.434082031250000000e+00
1.072971105575561523e+00
1.156703114509582520e+00
1.156703114509582520e+00
1.156703114509582520e+00
1.156703114509582520e+00
1.156703114509582520e+00
1.156703114509582520e+00
6.455658078193664551e-01
3.108296096324920654e-01
3.108296096324920654e-01
3.108296096324920654e-01
3.108296096324920654e-01
3.108296096324920654e-01
2.935569286346435547e-01
2.935569286346435547e-01
1.375009894371032715e+00
1.375009894371032715e+00
1.375009894371032715e+00
1.375009894371032715e+00
1.375009894371032715e+00
1.404090523719787598e+00
1.404090523719787598e+00
1.404090523719787598e+00
1.404090523719787598e+00
1.404090523719787598e+00
1.404090523719787598e+00
1.404090523719787598e+00
1.404090523719787598e+00
1.404090523719787598e+00
1.404090523719787598e+00
1.404090523719787598e+00
1.404090523719787598e+00
1.404090523719787598e+00
1.404090523719787598e+00
1.404090523719787598e+00
1.404090523719787598e+00
1.404090523719787598e+00
1.404090523719787598e+00
1.404090523719787598e+00
7.517852187156677246e-01
7.517852187156677246e-01
7.428699135780334473e-01
7.428699135780334473e-01
7.428699135780334473e-01
7.428699135780334473e-01
7.428699135780334473e-01
7.428699135780334473e-01
7.428699135780334473e-01
7.428699135780334473e-01
7.428699135780334473e-01
4.355213642120361328e-01
4.355213642120361328e-01
4.706932008266448975e-01
4.706932008266448975e-01
4.706932008266448975e-01
4.706932008266448975e-01
4.706932008266448975e-01
4.706932008266448975e-01
4.706932008266448975e-01
4.706932008266448975e-01
1.431959629058837891e+00
1.575542330741882324e+00
1.575542330741882324e+00
1.575542330741882324e+00
1.575542330741882324e+00
1.575542330741882324e+00
1.575542330741882324e+00
1.575542330741882324e+00
1.575542330741882324e+00
1.575542330741882324e+00
1.575542330741882324e+00
1.575542330741882324e+00
1.575542330741882324e+00
1.575542330741882324e+00
1.575542330741882324e+00
1.744699597358703613e+00
1.744699597358703613e+00
1.744699597358703613e+00
1.744699597358703613e+00
1.744699597358703613e+00
1.744699597358703613e+00
1.744699597358703613e+00
1.744699597358703613e+00
5.930321216583251953e-01
5.597677826881408691e-01
4.370227456092834473e-01
4.370227456092834473e-01
4.370227456092834473e-01
4.370227456092834473e-01
2.851203083992004395e-01
2.851203083992004395e-01
2.851203083992004395e-01
2.851203083992004395e-01
2.851203083992004395e-01
1.256912231445312500e+00
1.128671169281005859e+00
1.128671169281005859e+00
1.128671169281005859e+00
9.850888848304748535e-01
9.850888848304748535e-01
9.850888848304748535e-01
9.850888848304748535e-01
3.947693109512329102e-01
3.947693109512329102e-01
3.947693109512329102e-01
1.582612514495849609e+00
1.582612514495849609e+00
1.582612514495849609e+00
1.772072315216064453e+00
1.772072315216064453e+00
2.535589456558227539e+00
2.535589456558227539e+00
2.535589456558227539e+00
2.042336702346801758e+00
1.368784308433532715e+00
1.368784308433532715e+00
1.368784308433532715e+00
1.368784308433532715e+00
1.703646421432495117e+00
1.703646421432495117e+00
1.703646421432495117e+00
1.703646421432495117e+00
1.703646421432495117e+00
1.703646421432495117e+00
1.428395032882690430e+00
1.830614328384399414e+00
1.830614328384399414e+00
1.830614328384399414e+00
1.830614328384399414e+00
3.383289575576782227e-01
3.383289575576782227e-01
3.383289575576782227e-01
3.383289575576782227e-01
3.383289575576782227e-01
1.216665387153625488e+00
1.216665387153625488e+00
1.216665387153625488e+00
1.216665387153625488e+00
1.216665387153625488e+00
1.216665387153625488e+00
1.434658527374267578e+00
1.434658527374267578e+00
1.132084250450134277e+00
8.698184490203857422e-01
8.698184490203857422e-01
8.698184490203857422e-01
8.698184490203857422e-01
8.698184490203857422e-01
8.698184490203857422e-01
8.698184490203857422e-01
8.698184490203857422e-01
8.698184490203857422e-01
8.698184490203857422e-01
9.039583206176757812e-01
4.071967601776123047e-01
4.071967601776123047e-01
4.071967601776123047e-01
4.071967601776123047e-01
1.192584276199340820e+00
1.192584276199340820e+00
1.192584276199340820e+00
1.192584276199340820e+00
1.192584276199340820e+00
1.192584276199340820e+00
1.343421459197998047e+00
1.282019376754760742e+00
1.282019376754760742e+00
1.282019376754760742e+00
1.282019376754760742e+00
1.282019376754760742e+00
1.282019376754760742e+00
1.282019376754760742e+00
1.282019376754760742e+00
1.282019376754760742e+00
1.282019376754760742e+00
1.282019376754760742e+00
1.282019376754760742e+00
1.282019376754760742e+00
1.282019376754760742e+00
1.282019376754760742e+00
3.556009531021118164e-01
3.556009531021118164e-01
3.556009531021118164e-01
3.556009531021118164e-01
1.146645784378051758e+00
1.146645784378051758e+00
1.146645784378051758e+00
1.146645784378051758e+00
1.146645784378051758e+00
4.069534540176391602e-01
4.069534540176391602e-01
1.160243749618530273e+00
1.160243749618530273e+00
7.196773290634155273e-01
7.196773290634155273e-01
8.205701112747192383e-01
9.486330151557922363e-01
9.731311202049255371e-01
3.103155493736267090e-01
8.907444477081298828e-01
8.907444477081298828e-01
8.907444477081298828e-01
8.907444477081298828e-01
8.907444477081298828e-01
8.907444477081298828e-01
8.907444477081298828e-01
8.907444477081298828e-01
1.078466773033142090e+00
8.949748277664184570e-01
1.576594114303588867e+00
1.576594114303588867e+00
1.312694072723388672e+00
2.563811302185058594e+00
2.563811302185058594e+00
2.563811302185058594e+00
2.563811302185058594e+00
1.903718948364257812e+00
1.903718948364257812e+00
1.903718948364257812e+00
6.507011651992797852e-01
6.507011651992797852e-01
6.507011651992797852e-01
6.441860198974609375e-01
6.441860198974609375e-01
6.441860198974609375e-01
6.441860198974609375e-01
6.441860198974609375e-01
4.160290360450744629e-01
4.160290360450744629e-01
1.140446662902832031e+00
1.140446662902832031e+00
5.855168104171752930e-01
2.545711100101470947e-01
1.174195289611816406e+00
1.174195289611816406e+00
1.174195289611816406e+00
1.174195289611816406e+00
1.174195289611816406e+00
1.174195289611816406e+00
1.174195289611816406e+00
1.174195289611816406e+00
1.174195289611816406e+00
2.771615386009216309e-01
2.771615386009216309e-01
1.528343200683593750e+00
1.528343200683593750e+00
1.528343200683593750e+00
5.733984112739562988e-01
5.733984112739562988e-01
5.733984112739562988e-01
5.733984112739562988e-01
5.733984112739562988e-01
5.733984112739562988e-01
5.733984112739562988e-01
5.733984112739562988e-01
5.733984112739562988e-01
5.733984112739562988e-01
1.863673627376556396e-01
1.863673627376556396e-01
1.863673627376556396e-01
1.863673627376556396e-01
2.910204827785491943e-01
2.910204827785491943e-01
2.910204827785491943e-01
3.177029192447662354e-01
3.177029192447662354e-01
3.177029192447662354e-01
3.177029192447662354e-01
3.177029192447662354e-01
4.286909103393554688e-01
4.286909103393554688e-01
4.286909103393554688e-01
4.286909103393554688e-01
4.286909103393554688e-01
4.286909103393554688e-01
4.286909103393554688e-01
4.286909103393554688e-01
4.286909103393554688e-01
4.286909103393554688e-01
4.286909103393554688e-01
4.286909103393554688e-01
4.286909103393554688e-01
4.286909103393554688e-01
1.117943286895751953e+00
1.117943286895751953e+00
2.004808664321899414e+00
2.004808664321899414e+00
7.547729015350341797e-01
7.547729015350341797e-01
9.100222587585449219e-01
9.100222587585449219e-01
9.100222587585449219e-01
9.100222587585449219e-01
9.100222587585449219e-01
5.165017247200012207e-01
5.165017247200012207e-01
5.165017247200012207e-01
5.165017247200012207e-01
5.165017247200012207e-01
5.165017247200012207e-01
1.562782526016235352e+00
1.562782526016235352e+00
1.562782526016235352e+00
7.527717947959899902e-01
7.527717947959899902e-01
7.527717947959899902e-01
8.625195026397705078e-01
8.625195026397705078e-01
8.625195026397705078e-01
4.856249094009399414e-01
4.856249094009399414e-01
4.856249094009399414e-01
1.567219018936157227e+00
1.567219018936157227e+00
1.567219018936157227e+00
1.567219018936157227e+00
4.306997060775756836e-01
4.306997060775756836e-01
4.306997060775756836e-01
8.293411731719970703e-01
8.293411731719970703e-01
8.293411731719970703e-01
1.189035415649414062e+00
1.319428920745849609e+00
8.629008531570434570e-01
8.629008531570434570e-01
8.629008531570434570e-01
8.629008531570434570e-01
8.629008531570434570e-01
8.629008531570434570e-01
8.629008531570434570e-01
8.629008531570434570e-01
8.629008531570434570e-01
8.629008531570434570e-01
8.629008531570434570e-01
6.847094893455505371e-01
6.847094893455505371e-01
6.847094893455505371e-01
9.129739403724670410e-01
9.129739403724670410e-01
9.129739403724670410e-01
1.980462789535522461e+00
1.302008152008056641e+00
2.228226661682128906e+00
2.228226661682128906e+00
2.228226661682128906e+00
2.228226661682128906e+00
2.228226661682128906e+00
1.817342638969421387e+00
1.759431362152099609e-01
1.759431362152099609e-01
1.759431362152099609e-01
1.759431362152099609e-01
5.992683172225952148e-01
5.992683172225952148e-01
5.992683172225952148e-01
2.922370731830596924e-01
2.922370731830596924e-01
3.237178325653076172e-01
1.309374570846557617e+00
1.309374570846557617e+00
1.067782759666442871e+00
1.067782759666442871e+00
1.067782759666442871e+00
1.067782759666442871e+00
1.067782759666442871e+00
1.067782759666442871e+00
4.435338973999023438e-01
8.024738430976867676e-01
8.024738430976867676e-01
1.031705498695373535e+00
3.107414245605468750e-01
3.107414245605468750e-01
3.107414245605468750e-01
3.107414245605468750e-01
3.107414245605468750e-01
3.107414245605468750e-01
3.107414245605468750e-01
1.288840174674987793e+00
1.834794521331787109e+00
1.834794521331787109e+00
1.286382317543029785e+00
1.286382317543029785e+00
1.286382317543029785e+00
1.446022272109985352e+00
1.446022272109985352e+00
2.823539972305297852e-01
2.823539972305297852e-01
1.658758044242858887e+00
1.518600225448608398e+00
1.518600225448608398e+00
1.584686279296875000e+00
1.584686279296875000e+00
1.584686279296875000e+00
1.727231740951538086e+00
1.727231740951538086e+00
1.199908852577209473e+00
7.045159339904785156e-01
7.045159339904785156e-01
7.045159339904785156e-01
7.045159339904785156e-01
7.045159339904785156e-01
7.045159339904785156e-01
1.154285192489624023e+00
1.154285192489624023e+00
1.154285192489624023e+00
1.154285192489624023e+00
1.154285192489624023e+00
1.154285192489624023e+00
1.029730558395385742e+00
1.029730558395385742e+00
8.858556747436523438e-01
8.858556747436523438e-01
8.858556747436523438e-01
1.735698699951171875e+00
1.735698699951171875e+00
1.735698699951171875e+00
1.735698699951171875e+00
1.903068065643310547e+00
8.696705102920532227e-01
8.696705102920532227e-01
8.696705102920532227e-01
8.696705102920532227e-01
8.696705102920532227e-01
3.723013699054718018e-01
3.723013699054718018e-01
3.801345527172088623e-01
3.801345527172088623e-01
3.801345527172088623e-01
3.801345527172088623e-01
3.801345527172088623e-01
1.064372777938842773e+00
8.307892084121704102e-01
8.307892084121704102e-01
8.307892084121704102e-01
8.307892084121704102e-01
1.212341547012329102e+00
1.212341547012329102e+00
1.212341547012329102e+00
1.212341547012329102e+00
7.660138607025146484e-01
7.784566283226013184e-01
8.273504972457885742e-01
1.058146953582763672e+00
1.058146953582763672e+00
1.058146953582763672e+00
1.058146953582763672e+00
1.058146953582763672e+00
1.432231903076171875e+00
1.319709539413452148e+00
8.368810415267944336e-01
8.368810415267944336e-01
8.368810415267944336e-01
8.368810415267944336e-01
8.368810415267944336e-01
8.368810415267944336e-01
1.528608560562133789e+00
1.528608560562133789e+00
1.528608560562133789e+00
1.528608560562133789e+00
1.742165923118591309e+00
9.118984937667846680e-01
9.118984937667846680e-01
9.118984937667846680e-01
1.469817638397216797e+00
1.469817638397216797e+00
1.469817638397216797e+00
1.469817638397216797e+00
1.469817638397216797e+00
1.469817638397216797e+00
1.469817638397216797e+00
5.208298563957214355e-01
5.208298563957214355e-01
1.051865577697753906e+00
1.276173591613769531e+00
1.445958375930786133e+00
1.445958375930786133e+00
1.445958375930786133e+00
1.445958375930786133e+00
1.445958375930786133e+00
1.373649835586547852e-01
1.383638501167297363e+00
4.247894287109375000e-01
4.247894287109375000e-01
4.247894287109375000e-01
4.247894287109375000e-01
4.247894287109375000e-01
4.247894287109375000e-01
4.247894287109375000e-01
4.247894287109375000e-01
1.063361287117004395e+00
1.063361287117004395e+00
1.063361287117004395e+00
1.063361287117004395e+00
1.063361287117004395e+00
1.063361287117004395e+00
1.063361287117004395e+00
1.063361287117004395e+00
1.063361287117004395e+00
1.063361287117004395e+00
1.063361287117004395e+00
1.063361287117004395e+00
1.063361287117004395e+00
1.063361287117004395e+00
1.063361287117004395e+00
1.063361287117004395e+00
1.063361287117004395e+00
1.063361287117004395e+00
1.063361287117004395e+00
7.053364515304565430e-01
7.653495669364929199e-01
6.039384603500366211e-01
1.212394714355468750e+00
1.212394714355468750e+00
1.212394714355468750e+00
1.212394714355468750e+00
7.349441051483154297e-01
7.349441051483154297e-01
7.349441051483154297e-01
6.555134654045104980e-01
6.555134654045104980e-01
6.555134654045104980e-01
6.555134654045104980e-01
4.817240536212921143e-01
4.817240536212921143e-01
4.817240536212921143e-01
4.817240536212921143e-01
4.817240536212921143e-01
4.817240536212921143e-01
4.817240536212921143e-01
4.817240536212921143e-01
3.512414395809173584e-01
1.011064410209655762e+00
1.011064410209655762e+00
6.135751008987426758e-01
6.135751008987426758e-01
6.135751008987426758e-01
6.135751008987426758e-01
7.135158777236938477e-01
7.135158777236938477e-01
5.695167779922485352e-01
5.695167779922485352e-01
5.695167779922485352e-01
5.695167779922485352e-01
5.509015321731567383e-01
2.233370244503021240e-01
2.233370244503021240e-01
1.203732490539550781e+00
1.203732490539550781e+00
1.203732490539550781e+00
1.203732490539550781e+00
1.399797439575195312e+00
1.399797439575195312e+00
1.399797439575195312e+00
1.399797439575195312e+00
1.399797439575195312e+00
1.399797439575195312e+00
1.159280538558959961e+00
1.159280538558959961e+00
1.159280538558959961e+00
7.261644601821899414e-01
7.261644601821899414e-01
7.261644601821899414e-01
7.716701030731201172e-01
7.716701030731201172e-01
7.716701030731201172e-01
7.716701030731201172e-01
7.716701030731201172e-01
7.716701030731201172e-01
7.716701030731201172e-01
7.716701030731201172e-01
7.716701030731201172e-01
7.716701030731201172e-01
7.716701030731201172e-01
7.716701030731201172e-01
7.716701030731201172e-01
1.248031854629516602e+00
1.248031854629516602e+00
1.248031854629516602e+00
1.248031854629516602e+00
1.248031854629516602e+00
1.649578571319580078e+00
1.649578571319580078e+00
3.850792646408081055e-01
3.850792646408081055e-01
3.850792646408081055e-01
1.666900515556335449e+00
3.121315240859985352e-01
3.121315240859985352e-01
1.396368145942687988e+00
1.387122273445129395e+00
1.196818947792053223e+00
4.957602024078369141e-01
4.957602024078369141e-01
4.957602024078369141e-01
4.957602024078369141e-01
4.957602024078369141e-01
4.957602024078369141e-01
1.669484138488769531e+00
1.085555195808410645e+00
1.085555195808410645e+00
1.085555195808410645e+00
1.085555195808410645e+00
1.085555195808410645e+00
1.085555195808410645e+00
2.339459061622619629e-01
2.339459061622619629e-01
2.339459061622619629e-01
2.339459061622619629e-01
5.700773596763610840e-01
5.700773596763610840e-01
5.700773596763610840e-01
5.700773596763610840e-01
5.700773596763610840e-01
5.700773596763610840e-01
5.700773596763610840e-01
5.700773596763610840e-01
5.700773596763610840e-01
5.700773596763610840e-01
1.086886167526245117e+00
1.086886167526245117e+00
1.086886167526245117e+00
1.086886167526245117e+00
1.125202536582946777e+00
1.125202536582946777e+00
1.125202536582946777e+00
1.125202536582946777e+00
1.125202536582946777e+00
1.981330752372741699e+00
1.981330752372741699e+00
1.981330752372741699e+00
1.817955732345581055e+00
1.817955732345581055e+00
1.817955732345581055e+00
1.817955732345581055e+00
1.817955732345581055e+00
3.454867601394653320e-01
3.454867601394653320e-01
3.454867601394653320e-01
3.454867601394653320e-01
3.454867601394653320e-01
3.454867601394653320e-01
3.454867601394653320e-01
7.619889974594116211e-01
6.446813344955444336e-01
6.446813344955444336e-01
6.446813344955444336e-01
6.446813344955444336e-01
6.446813344955444336e-01
6.446813344955444336e-01
9.632539153099060059e-01
9.632539153099060059e-01
4.067994356155395508e-01
4.067994356155395508e-01
4.067994356155395508e-01
4.067994356155395508e-01
4.067994356155395508e-01
4.067994356155395508e-01
4.067994356155395508e-01
4.067994356155395508e-01
1.378058791160583496e+00
1.378058791160583496e+00
1.378058791160583496e+00
2.659966945648193359e-01
2.659966945648193359e-01
2.659966945648193359e-01
1.398037433624267578e+00
1.398037433624267578e+00
1.526130914688110352e+00
4.199303388595581055e-01
4.199303388595581055e-01
4.199303388595581055e-01
4.199303388595581055e-01
3.296956717967987061e-01
3.296956717967987061e-01
3.296956717967987061e-01
3.984435796737670898e-01
2.663296163082122803e-01
2.663296163082122803e-01
7.316688895225524902e-01
1.344409584999084473e+00
1.510583281517028809e+00
1.510583281517028809e+00
1.021534562110900879e+00
1.021534562110900879e+00
1.021534562110900879e+00
1.021534562110900879e+00
1.021534562110900879e+00
2.293530702590942383e-01
2.293530702590942383e-01
2.293530702590942383e-01
2.293530702590942383e-01
2.293530702590942383e-01
2.293530702590942383e-01
2.293530702590942383e-01
2.293530702590942383e-01
9.560985565185546875e-01
9.560985565185546875e-01
9.560985565185546875e-01
9.560985565185546875e-01
8.261326551437377930e-01
8.261326551437377930e-01
1.001594066619873047e+00
7.019242644309997559e-01
7.019242644309997559e-01
7.019242644309997559e-01
7.019242644309997559e-01
7.019242644309997559e-01
7.019242644309997559e-01
7.019242644309997559e-01
7.019242644309997559e-01
7.019242644309997559e-01
7.019242644309997559e-01
7.019242644309997559e-01
7.019242644309997559e-01
7.019242644309997559e-01
1.428268671035766602e+00
6.874131560325622559e-01
6.874131560325622559e-01
6.874131560325622559e-01
6.874131560325622559e-01
6.874131560325622559e-01
6.874131560325622559e-01
6.874131560325622559e-01
6.874131560325622559e-01
6.874131560325622559e-01
6.874131560325622559e-01
7.791084647178649902e-01
7.791084647178649902e-01
7.791084647178649902e-01
7.791084647178649902e-01
7.791084647178649902e-01
7.791084647178649902e-01
7.791084647178649902e-01
1.030365467071533203e+00
1.030365467071533203e+00
3.877542614936828613e-01
3.877542614936828613e-01
1.106437683105468750e+00
1.106437683105468750e+00
1.126753687858581543e+00
5.493464469909667969e-01
1.475689411163330078e+00
1.533344984054565430e+00
1.162317991256713867e+00
1.162317991256713867e+00
1.162317991256713867e+00
2.044416427612304688e+00
1.443773269653320312e+00
1.443773269653320312e+00
1.443773269653320312e+00
1.443773269653320312e+00
1.443773269653320312e+00
5.162465572357177734e-01
5.162465572357177734e-01
5.162465572357177734e-01
5.162465572357177734e-01
5.162465572357177734e-01
5.162465572357177734e-01
5.162465572357177734e-01
5.162465572357177734e-01
5.162465572357177734e-01
5.162465572357177734e-01
5.162465572357177734e-01
5.162465572357177734e-01
5.162465572357177734e-01
1.409243822097778320e+00
1.409243822097778320e+00
1.600620508193969727e+00
6.650725603103637695e-01
8.814945220947265625e-01
8.814945220947265625e-01
8.814945220947265625e-01
8.814945220947265625e-01
8.814945220947265625e-01
8.814945220947265625e-01
8.814945220947265625e-01
8.814945220947265625e-01
8.814945220947265625e-01
8.814945220947265625e-01
7.116407155990600586e-01
7.116407155990600586e-01
7.116407155990600586e-01
1.133550643920898438e+00
1.133550643920898438e+00
1.133550643920898438e+00
1.133550643920898438e+00
4.940595030784606934e-01
4.940595030784606934e-01
4.940595030784606934e-01
7.503432035446166992e-01
7.503432035446166992e-01
7.503432035446166992e-01
7.503432035446166992e-01
7.503432035446166992e-01
1.314810514450073242e+00
1.314810514450073242e+00
1.146722793579101562e+00
7.678164243698120117e-01
7.678164243698120117e-01
7.678164243698120117e-01
7.678164243698120117e-01
7.678164243698120117e-01
7.678164243698120117e-01
7.678164243698120117e-01
7.678164243698120117e-01
7.678164243698120117e-01
7.678164243698120117e-01
7.678164243698120117e-01
7.678164243698120117e-01
7.678164243698120117e-01
7.678164243698120117e-01
7.678164243698120117e-01
4.886173605918884277e-01
1.405028462409973145e+00
1.405028462409973145e+00
1.405028462409973145e+00
1.405028462409973145e+00
1.405028462409973145e+00
1.405028462409973145e+00
1.901052117347717285e+00
7.223925590515136719e-01
7.223925590515136719e-01
7.223925590515136719e-01
7.223925590515136719e-01
7.223925590515136719e-01
7.223925590515136719e-01
7.223925590515136719e-01
6.481237411499023438e-01
6.481237411499023438e-01
6.481237411499023438e-01
9.841672182083129883e-01
9.841672182083129883e-01
9.841672182083129883e-01
9.841672182083129883e-01
9.841672182083129883e-01
8.104778528213500977e-01
8.104778528213500977e-01
8.104778528213500977e-01
8.104778528213500977e-01
8.104778528213500977e-01
8.104778528213500977e-01
8.104778528213500977e-01
8.104778528213500977e-01
8.104778528213500977e-01
8.104778528213500977e-01
6.837597489356994629e-01
6.837597489356994629e-01
6.837597489356994629e-01
1.011776089668273926e+00
1.011776089668273926e+00
1.011776089668273926e+00
1.011776089668273926e+00
1.011776089668273926e+00
7.092545032501220703e-01
7.092545032501220703e-01
7.092545032501220703e-01
7.092545032501220703e-01
3.909499943256378174e-01
1.143202781677246094e+00
1.143202781677246094e+00
1.143202781677246094e+00
7.494121789932250977e-01
7.494121789932250977e-01
1.224892735481262207e+00
1.571394801139831543e+00
1.571394801139831543e+00
1.571394801139831543e+00
1.571394801139831543e+00
1.571394801139831543e+00
1.571394801139831543e+00
1.571394801139831543e+00
7.674509286880493164e-01
7.674509286880493164e-01
7.674509286880493164e-01
7.674509286880493164e-01
1.350094079971313477e-01
9.650117754936218262e-01
3.300090432167053223e-01
3.300090432167053223e-01
3.300090432167053223e-01
3.300090432167053223e-01
3.300090432167053223e-01
8.685460090637207031e-01
8.685460090637207031e-01
8.685460090637207031e-01
8.685460090637207031e-01
1.621933102607727051e+00
9.400762319564819336e-01
8.348022699356079102e-01
8.348022699356079102e-01
8.348022699356079102e-01
8.348022699356079102e-01
8.348022699356079102e-01
3.925575315952301025e-01
3.925575315952301025e-01
3.925575315952301025e-01
3.925575315952301025e-01
3.925575315952301025e-01
3.925575315952301025e-01
3.925575315952301025e-01
3.925575315952301025e-01
2.048335224390029907e-01
9.334611892700195312e-01
9.334611892700195312e-01
9.334611892700195312e-01
9.334611892700195312e-01
7.727156281471252441e-01
7.727156281471252441e-01
7.727156281471252441e-01
7.727156281471252441e-01
7.727156281471252441e-01
7.727156281471252441e-01
7.727156281471252441e-01
6.525551676750183105e-01
9.024378061294555664e-01
9.024378061294555664e-01
9.024378061294555664e-01
9.024378061294555664e-01
9.024378061294555664e-01
8.189516663551330566e-01
4.799054265022277832e-01
4.799054265022277832e-01
4.799054265022277832e-01
4.799054265022277832e-01
4.799054265022277832e-01
4.799054265022277832e-01
4.799054265022277832e-01
7.643109560012817383e-01
6.166791319847106934e-01
4.542589187622070312e-01
4.542589187622070312e-01
4.542589187622070312e-01
4.542589187622070312e-01
9.074169397354125977e-01
9.074169397354125977e-01
9.074169397354125977e-01
9.074169397354125977e-01
9.074169397354125977e-01
9.074169397354125977e-01
9.074169397354125977e-01
9.074169397354125977e-01
9.074169397354125977e-01
9.074169397354125977e-01
9.074169397354125977e-01
9.074169397354125977e-01
9.074169397354125977e-01
9.074169397354125977e-01
9.074169397354125977e-01
1.259941339492797852e+00
1.259941339492797852e+00
1.023206353187561035e+00
1.023206353187561035e+00
1.023206353187561035e+00
1.023206353187561035e+00
1.023206353187561035e+00
1.023206353187561035e+00
2.094596624374389648e+00
2.094596624374389648e+00
1.718257427215576172e+00
1.718257427215576172e+00
1.718257427215576172e+00
1.718257427215576172e+00
1.499444484710693359e+00
1.499444484710693359e+00
1.499444484710693359e+00
1.499444484710693359e+00
1.499444484710693359e+00
5.053802728652954102e-01
5.053802728652954102e-01
1.079669237136840820e+00
1.406201958656311035e+00
1.406201958656311035e+00
1.406201958656311035e+00
1.406201958656311035e+00
1.013486742973327637e+00
1.013486742973327637e+00
1.586430072784423828e+00
1.586430072784423828e+00
9.370495676994323730e-01
9.370495676994323730e-01
9.370495676994323730e-01
7.027938365936279297e-01
7.027938365936279297e-01
7.027938365936279297e-01
7.027938365936279297e-01
6.875997781753540039e-01
6.875997781753540039e-01
6.875997781753540039e-01
6.875997781753540039e-01
6.875997781753540039e-01
6.875997781753540039e-01
6.875997781753540039e-01
5.095956325531005859e-01
5.095956325531005859e-01
5.095956325531005859e-01
1.117982506752014160e+00
4.449057579040527344e-01
9.686783552169799805e-01
9.686783552169799805e-01
9.686783552169799805e-01
2.768849134445190430e-01
2.768849134445190430e-01
2.768849134445190430e-01
2.768849134445190430e-01
2.768849134445190430e-01
2.768849134445190430e-01
2.768849134445190430e-01
5.887682437896728516e-01
5.887682437896728516e-01
5.887682437896728516e-01
5.887682437896728516e-01
5.887682437896728516e-01
5.887682437896728516e-01
2.208614051342010498e-01
1.870603561401367188e+00
1.870603561401367188e+00
1.870603561401367188e+00
1.870603561401367188e+00
1.870603561401367188e+00
1.708550453186035156e+00
1.708550453186035156e+00
1.708550453186035156e+00
1.090142011642456055e+00
1.090142011642456055e+00
1.090142011642456055e+00
1.043202042579650879e+00
5.991013050079345703e-01
5.991013050079345703e-01
5.991013050079345703e-01
5.991013050079345703e-01
8.122078180313110352e-01
8.122078180313110352e-01
8.122078180313110352e-01
8.122078180313110352e-01
8.122078180313110352e-01
8.122078180313110352e-01
1.284664154052734375e+00
1.284664154052734375e+00
9.350062608718872070e-01
4.442877173423767090e-01
4.442877173423767090e-01
4.442877173423767090e-01
4.442877173423767090e-01
4.442877173423767090e-01
4.442877173423767090e-01
4.442877173423767090e-01
1.047590494155883789e+00
1.047590494155883789e+00
1.047590494155883789e+00
1.047590494155883789e+00
1.047590494155883789e+00
1.047590494155883789e+00
1.047590494155883789e+00
1.994903087615966797e-01
1.994903087615966797e-01
1.994903087615966797e-01
1.994903087615966797e-01
1.994903087615966797e-01
1.658367037773132324e+00
5.231087207794189453e-01
5.231087207794189453e-01
5.231087207794189453e-01
5.231087207794189453e-01
5.231087207794189453e-01
5.231087207794189453e-01
5.231087207794189453e-01
5.825668573379516602e-01
5.825668573379516602e-01
5.825668573379516602e-01
1.992966175079345703e+00
1.992966175079345703e+00
1.992966175079345703e+00
1.992966175079345703e+00
3.741340637207031250e-01
3.741340637207031250e-01
3.741340637207031250e-01
3.741340637207031250e-01
3.741340637207031250e-01
3.741340637207031250e-01
3.741340637207031250e-01
3.741340637207031250e-01
3.741340637207031250e-01
3.741340637207031250e-01
3.741340637207031250e-01
1.024321317672729492e+00
1.024321317672729492e+00
1.024321317672729492e+00
8.860808014869689941e-01
8.860808014869689941e-01
8.860808014869689941e-01
8.860808014869689941e-01
9.375976324081420898e-01
9.375976324081420898e-01
9.375976324081420898e-01
9.375976324081420898e-01
9.375976324081420898e-01
9.375976324081420898e-01
9.375976324081420898e-01
9.375976324081420898e-01
9.375976324081420898e-01
9.375976324081420898e-01
5.770241022109985352e-01
7.833300828933715820e-01
7.833300828933715820e-01
7.833300828933715820e-01
7.833300828933715820e-01
8.948127031326293945e-01
8.948127031326293945e-01
8.948127031326293945e-01
8.948127031326293945e-01
8.948127031326293945e-01
1.256159305572509766e+00
1.256159305572509766e+00
1.256159305572509766e+00
2.578730583190917969e-01
2.578730583190917969e-01
7.538938522338867188e-01
7.538938522338867188e-01
5.035889148712158203e-01
5.035889148712158203e-01
5.035889148712158203e-01
6.412151455879211426e-01
1.360597133636474609e+00
7.722381353378295898e-01
7.722381353378295898e-01
7.722381353378295898e-01
7.722381353378295898e-01
7.722381353378295898e-01
7.722381353378295898e-01
7.722381353378295898e-01
7.722381353378295898e-01
7.722381353378295898e-01
7.722381353378295898e-01
7.630858421325683594e-01
7.630858421325683594e-01
7.630858421325683594e-01
7.630858421325683594e-01
7.630858421325683594e-01
7.630858421325683594e-01
2.064921379089355469e+00
2.064921379089355469e+00
2.318936347961425781e+00
2.318936347961425781e+00
2.318936347961425781e+00
8.289916515350341797e-01
8.289916515350341797e-01
8.289916515350341797e-01
8.289916515350341797e-01
1.243051052093505859e+00
1.243051052093505859e+00
1.243051052093505859e+00
4.433733820915222168e-01
4.433733820915222168e-01
4.435096681118011475e-01
4.435096681118011475e-01
9.937623739242553711e-01
9.937623739242553711e-01
9.937623739242553711e-01
9.937623739242553711e-01
1.731815576553344727e+00
1.473427057266235352e+00
5.289312005043029785e-01
5.289312005043029785e-01
5.289312005043029785e-01
5.289312005043029785e-01
5.289312005043029785e-01
5.289312005043029785e-01
5.289312005043029785e-01
5.289312005043029785e-01
5.289312005043029785e-01
5.289312005043029785e-01
5.289312005043029785e-01
5.289312005043029785e-01
5.289312005043029785e-01
5.289312005043029785e-01
4.879390001296997070e-01
1.561500549316406250e+00
5.335277318954467773e-01
5.335277318954467773e-01
5.335277318954467773e-01
5.335277318954467773e-01
5.335277318954467773e-01
5.335277318954467773e-01
5.335277318954467773e-01
5.335277318954467773e-01
5.335277318954467773e-01
7.581644654273986816e-01
7.581644654273986816e-01
7.581644654273986816e-01
7.581644654273986816e-01
7.581644654273986816e-01
7.581644654273986816e-01
7.581644654273986816e-01
2.699967622756958008e+00
2.359666824340820312e-01
2.359666824340820312e-01
6.220912933349609375e-01
6.220912933349609375e-01
6.220912933349609375e-01
6.220912933349609375e-01
6.220912933349609375e-01
6.220912933349609375e-01
6.220912933349609375e-01
6.220912933349609375e-01
6.220912933349609375e-01
6.220912933349609375e-01
1.462287664413452148e+00
1.462287664413452148e+00
1.462287664413452148e+00
1.216710090637207031e+00
1.216710090637207031e+00
1.216710090637207031e+00
1.216710090637207031e+00
1.216710090637207031e+00
1.216710090637207031e+00
1.216710090637207031e+00
1.216710090637207031e+00
7.651217579841613770e-01
7.651217579841613770e-01
7.651217579841613770e-01
7.651217579841613770e-01
1.080618619918823242e+00
1.080618619918823242e+00
1.080618619918823242e+00
1.080618619918823242e+00
1.080618619918823242e+00
5.833758711814880371e-01
1.771607637405395508e+00
1.771607637405395508e+00
1.771607637405395508e+00
1.771607637405395508e+00
1.771607637405395508e+00
1.771607637405395508e+00
8.340634703636169434e-01
8.340634703636169434e-01
8.340634703636169434e-01
8.340634703636169434e-01
7.102119922637939453e-01
7.102119922637939453e-01
7.102119922637939453e-01
7.102119922637939453e-01
7.102119922637939453e-01
7.102119922637939453e-01
7.102119922637939453e-01
7.102119922637939453e-01
7.102119922637939453e-01
7.102119922637939453e-01
7.102119922637939453e-01
1.909425258636474609e-01
1.909425258636474609e-01
3.606711626052856445e-01
3.606711626052856445e-01
3.606711626052856445e-01
3.520986437797546387e-01
3.520986437797546387e-01
5.828506946563720703e-01
5.828506946563720703e-01
5.828506946563720703e-01
5.828506946563720703e-01
5.828506946563720703e-01
5.828506946563720703e-01
5.828506946563720703e-01
5.828506946563720703e-01
5.828506946563720703e-01
5.828506946563720703e-01
5.828506946563720703e-01
5.828506946563720703e-01
5.828506946563720703e-01
5.828506946563720703e-01
5.828506946563720703e-01
5.828506946563720703e-01
1.359943628311157227e+00
2.095922470092773438e+00
9.325400590896606445e-01
9.325400590896606445e-01
1.242608547210693359e+00
1.242608547210693359e+00
2.206621885299682617e+00
2.206621885299682617e+00
2.206621885299682617e+00
2.206621885299682617e+00
4.439582824707031250e-01
4.439582824707031250e-01
4.439582824707031250e-01
4.439582824707031250e-01
4.439582824707031250e-01
4.505346715450286865e-01
4.505346715450286865e-01
4.505346715450286865e-01
4.505346715450286865e-01
4.505346715450286865e-01
4.505346715450286865e-01
4.505346715450286865e-01
4.505346715450286865e-01
4.505346715450286865e-01
1.824327230453491211e+00
1.824327230453491211e+00
2.055429220199584961e-01
2.055429220199584961e-01
2.055429220199584961e-01
2.055429220199584961e-01
1.148408889770507812e+00
1.148408889770507812e+00
1.148408889770507812e+00
1.148408889770507812e+00
6.089550852775573730e-01
6.089550852775573730e-01
6.089550852775573730e-01
6.089550852775573730e-01
6.089550852775573730e-01
6.089550852775573730e-01
6.089550852775573730e-01
6.089550852775573730e-01
6.089550852775573730e-01
7.195186614990234375e-01
1.462050318717956543e+00
1.462050318717956543e+00
1.462050318717956543e+00
1.462050318717956543e+00
9.123569726943969727e-01
9.280675649642944336e-01
9.280675649642944336e-01
8.512437939643859863e-01
8.512437939643859863e-01
7.393559217453002930e-01
7.393559217453002930e-01
7.393559217453002930e-01
7.393559217453002930e-01
7.393559217453002930e-01
2.148581504821777344e+00
2.148581504821777344e+00
2.148581504821777344e+00
2.148581504821777344e+00
8.810579776763916016e-01
2.927268743515014648e-01
5.755364894866943359e-01
5.755364894866943359e-01
5.755364894866943359e-01
5.755364894866943359e-01
1.104281425476074219e+00
1.104281425476074219e+00
1.104281425476074219e+00
1.104281425476074219e+00
1.104281425476074219e+00
1.104281425476074219e+00
1.104281425476074219e+00
1.104281425476074219e+00
7.675385475158691406e-01
7.675385475158691406e-01
7.675385475158691406e-01
7.675385475158691406e-01
7.675385475158691406e-01
7.675385475158691406e-01
7.675385475158691406e-01
7.675385475158691406e-01
7.675385475158691406e-01
9.171103239059448242e-01
1.159552097320556641e+00
1.159552097320556641e+00
8.811492919921875000e-01
8.811492919921875000e-01
8.811492919921875000e-01
1.074267506599426270e+00
2.096280574798583984e+00
2.096280574798583984e+00
2.096280574798583984e+00
1.660548210144042969e+00
1.660548210144042969e+00
5.411908626556396484e-01
5.411908626556396484e-01
5.411908626556396484e-01
5.411908626556396484e-01
5.411908626556396484e-01
2.147213459014892578e+00
2.147213459014892578e+00
2.147213459014892578e+00
2.147213459014892578e+00
2.147213459014892578e+00
8.381817340850830078e-01
8.381817340850830078e-01
8.381817340850830078e-01
8.381817340850830078e-01
8.381817340850830078e-01
8.381817340850830078e-01
8.381817340850830078e-01
8.381817340850830078e-01
8.381817340850830078e-01
2.290485501289367676e-01
2.290485501289367676e-01
2.290485501289367676e-01
2.290485501289367676e-01
2.290485501289367676e-01
2.290485501289367676e-01
2.290485501289367676e-01
8.206809163093566895e-01
8.206809163093566895e-01
8.206809163093566895e-01
8.206809163093566895e-01
1.943239569664001465e-01
1.525426626205444336e+00
1.525426626205444336e+00
1.525426626205444336e+00
1.525426626205444336e+00
1.525426626205444336e+00
5.079867839813232422e-01
5.079867839813232422e-01
5.079867839813232422e-01
5.079867839813232422e-01
3.282754123210906982e-01
3.282754123210906982e-01
3.282754123210906982e-01
1.598622322082519531e+00
1.598622322082519531e+00
4.393852949142456055e-01
1.131804347038269043e+00
1.131804347038269043e+00
1.131804347038269043e+00
1.131804347038269043e+00
1.131804347038269043e+00
1.131804347038269043e+00
9.812416434288024902e-01
9.812416434288024902e-01
1.738149523735046387e+00
1.686622142791748047e+00
1.686622142791748047e+00
1.686622142791748047e+00
1.686622142791748047e+00
1.457788705825805664e+00
1.457788705825805664e+00
1.457788705825805664e+00
5.228075385093688965e-01
5.228075385093688965e-01
1.457329988479614258e+00
1.457329988479614258e+00
6.320324540138244629e-01
6.320324540138244629e-01
6.320324540138244629e-01
6.320324540138244629e-01
6.320324540138244629e-01
6.320324540138244629e-01
6.320324540138244629e-01
6.320324540138244629e-01
6.320324540138244629e-01
6.320324540138244629e-01
6.320324540138244629e-01
6.320324540138244629e-01
6.320324540138244629e-01
6.320324540138244629e-01
6.320324540138244629e-01
6.320324540138244629e-01
6.320324540138244629e-01
6.320324540138244629e-01
6.320324540138244629e-01
6.320324540138244629e-01
6.664947271347045898e-01
6.664947271347045898e-01
6.664947271347045898e-01
6.664947271347045898e-01
4.319310188293457031e-01
4.319310188293457031e-01
4.319310188293457031e-01
7.856827974319458008e-01
7.856827974319458008e-01
7.856827974319458008e-01
7.856827974319458008e-01
7.856827974319458008e-01
7.856827974319458008e-01
2.442162632942199707e-01
2.442162632942199707e-01
1.119220852851867676e+00
1.119220852851867676e+00
1.119220852851867676e+00
1.139789700508117676e+00
1.139789700508117676e+00
1.139789700508117676e+00
1.139789700508117676e+00
1.184971332550048828e-01
1.184971332550048828e-01
1.184971332550048828e-01
1.184971332550048828e-01
1.848264813423156738e+00
1.848264813423156738e+00
1.848264813423156738e+00
1.848264813423156738e+00
1.848264813423156738e+00
1.848264813423156738e+00
1.848264813423156738e+00
1.848264813423156738e+00
1.848264813423156738e+00
6.498147249221801758e-01
6.498147249221801758e-01
6.498147249221801758e-01
6.498147249221801758e-01
6.498147249221801758e-01
6.498147249221801758e-01
1.730433344841003418e+00
1.730433344841003418e+00
1.730433344841003418e+00
6.612130403518676758e-01
1.088976621627807617e+00
1.088976621627807617e+00
3.967831134796142578e-01
3.967831134796142578e-01
3.967831134796142578e-01
3.967831134796142578e-01
3.967831134796142578e-01
3.967831134796142578e-01
3.967831134796142578e-01
3.967831134796142578e-01
3.967831134796142578e-01
3.967831134796142578e-01
3.967831134796142578e-01
3.967831134796142578e-01
3.967831134796142578e-01
3.967831134796142578e-01
3.967831134796142578e-01
3.967831134796142578e-01
2.030540943145751953e+00
2.030540943145751953e+00
2.030540943145751953e+00
1.321496963500976562e+00
7.434179186820983887e-01
7.434179186820983887e-01
8.826979994773864746e-01
8.826979994773864746e-01
8.826979994773864746e-01
8.826979994773864746e-01
8.826979994773864746e-01
8.826979994773864746e-01
1.016825914382934570e+00
1.016825914382934570e+00
1.107434511184692383e+00
1.107434511184692383e+00
1.661497354507446289e-01
1.661497354507446289e-01
1.661497354507446289e-01
1.661497354507446289e-01
1.661497354507446289e-01
1.426914811134338379e+00
1.426914811134338379e+00
1.426914811134338379e+00
1.148773550987243652e+00
8.162637948989868164e-01
8.162637948989868164e-01
5.373903512954711914e-01
5.373903512954711914e-01
5.373903512954711914e-01
6.118766665458679199e-01
6.118766665458679199e-01
6.118766665458679199e-01
1.028189539909362793e+00
1.028189539909362793e+00
1.028189539909362793e+00
1.028189539909362793e+00
1.014528036117553711e+00
1.014528036117553711e+00
1.014528036117553711e+00
1.014528036117553711e+00
1.014528036117553711e+00
1.014528036117553711e+00
7.101726531982421875e-01
7.101726531982421875e-01
7.101726531982421875e-01
7.101726531982421875e-01
7.101726531982421875e-01
7.101726531982421875e-01
7.101726531982421875e-01
7.101726531982421875e-01
7.101726531982421875e-01
7.101726531982421875e-01
7.101726531982421875e-01
6.897018551826477051e-01
6.897018551826477051e-01
6.897018551826477051e-01
3.480162918567657471e-01
3.480162918567657471e-01
3.480162918567657471e-01
3.860806226730346680e-01
3.860806226730346680e-01
1.026208639144897461e+00
1.026208639144897461e+00
1.026208639144897461e+00
1.026208639144897461e+00
1.026208639144897461e+00
1.026208639144897461e+00
1.026208639144897461e+00
1.357754468917846680e-01
1.357754468917846680e-01
5.015273094177246094e-01
5.015273094177246094e-01
5.015273094177246094e-01
1.742121934890747070e+00
1.742121934890747070e+00
1.742121934890747070e+00
1.770682334899902344e-01
1.552024483680725098e+00
1.552024483680725098e+00
1.279922366142272949e+00
1.279922366142272949e+00
1.279922366142272949e+00
1.279922366142272949e+00
1.279922366142272949e+00
1.279922366142272949e+00
1.279922366142272949e+00
1.279922366142272949e+00
1.231626033782958984e+00
1.231626033782958984e+00
1.231626033782958984e+00
8.919543027877807617e-01
8.919543027877807617e-01
8.919543027877807617e-01
8.919543027877807617e-01
8.919543027877807617e-01
8.919543027877807617e-01
8.919543027877807617e-01
6.937305331230163574e-01
6.937305331230163574e-01
6.937305331230163574e-01
6.937305331230163574e-01
3.907367289066314697e-01
3.907367289066314697e-01
3.907367289066314697e-01
3.907367289066314697e-01
3.907367289066314697e-01
2.217915773391723633e+00
2.217915773391723633e+00
2.217915773391723633e+00
2.217915773391723633e+00
2.217915773391723633e+00
2.217915773391723633e+00
2.217915773391723633e+00
2.217915773391723633e+00
2.217915773391723633e+00
2.217915773391723633e+00
2.769409656524658203e+00
2.769409656524658203e+00
4.946248531341552734e-01
4.946248531341552734e-01
4.946248531341552734e-01
6.485725641250610352e-01
4.622783660888671875e-01
1.530048608779907227e+00
1.530048608779907227e+00
3.893871307373046875e-01
3.893871307373046875e-01
1.164838671684265137e-01
1.164838671684265137e-01
1.558402299880981445e+00
1.558402299880981445e+00
1.490186095237731934e+00
1.411452651023864746e+00
1.411452651023864746e+00
1.411452651023864746e+00
1.411452651023864746e+00
1.411452651023864746e+00
1.411452651023864746e+00
1.411452651023864746e+00
1.411452651023864746e+00
1.411452651023864746e+00
9.030793309211730957e-01
9.030793309211730957e-01
9.030793309211730957e-01
9.030793309211730957e-01
9.030793309211730957e-01
9.030793309211730957e-01
9.030793309211730957e-01
9.030793309211730957e-01
9.030793309211730957e-01
5.377596616744995117e-01
8.367460966110229492e-01
8.367460966110229492e-01
8.367460966110229492e-01
8.367460966110229492e-01
1.301092147827148438e+00
1.301092147827148438e+00
1.093209743499755859e+00
1.093209743499755859e+00
1.093209743499755859e+00
8.501126766204833984e-01
8.501126766204833984e-01
8.501126766204833984e-01
7.306684255599975586e-01
7.085586786270141602e-01
7.085586786270141602e-01
7.085586786270141602e-01
1.504294633865356445e+00
1.504294633865356445e+00
9.498564004898071289e-01
9.498564004898071289e-01
9.498564004898071289e-01
9.498564004898071289e-01
9.498564004898071289e-01
9.498564004898071289e-01
9.498564004898071289e-01
9.498564004898071289e-01
9.498564004898071289e-01
9.498564004898071289e-01
1.396307706832885742e+00
1.396307706832885742e+00
1.396307706832885742e+00
1.051621675491333008e+00
1.051621675491333008e+00
1.051621675491333008e+00
5.919368267059326172e-01
5.919368267059326172e-01
5.919368267059326172e-01
5.919368267059326172e-01
5.919368267059326172e-01
5.919368267059326172e-01
1.080424070358276367e+00
1.080424070358276367e+00
1.497459650039672852e+00
1.497459650039672852e+00
1.497459650039672852e+00
1.497459650039672852e+00
1.497459650039672852e+00
1.497459650039672852e+00
1.497459650039672852e+00
1.497459650039672852e+00
1.497459650039672852e+00
1.497459650039672852e+00
7.129617929458618164e-01
7.129617929458618164e-01
7.129617929458618164e-01
7.129617929458618164e-01
1.978837013244628906e+00
1.978837013244628906e+00
1.978837013244628906e+00
1.978837013244628906e+00
2.547461509704589844e+00
2.547461509704589844e+00
2.547461509704589844e+00
1.760850191116333008e+00
6.597583293914794922e-01
6.597583293914794922e-01
6.597583293914794922e-01
6.597583293914794922e-01
9.035905003547668457e-01
9.035905003547668457e-01
9.035905003547668457e-01
1.071384310722351074e+00
3.358293771743774414e-01
3.358293771743774414e-01
3.358293771743774414e-01
3.358293771743774414e-01
3.358293771743774414e-01
3.358293771743774414e-01
7.365820407867431641e-01
7.365820407867431641e-01
7.365820407867431641e-01
7.365820407867431641e-01
7.365820407867431641e-01
7.365820407867431641e-01
4.567354321479797363e-01
1.654755830764770508e+00
1.654755830764770508e+00
2.041649818420410156e+00
2.771328687667846680e-01
8.768131732940673828e-01
8.768131732940673828e-01
5.125658512115478516e-01
5.125658512115478516e-01
5.830424427986145020e-01
5.830424427986145020e-01
5.830424427986145020e-01
5.952875614166259766e-01
5.952875614166259766e-01
5.952875614166259766e-01
5.952875614166259766e-01
5.952875614166259766e-01
5.952875614166259766e-01
5.952875614166259766e-01
1.000725030899047852e+00
1.036594867706298828e+00
1.036594867706298828e+00
1.036594867706298828e+00
1.036594867706298828e+00
1.036594867706298828e+00
1.036594867706298828e+00
1.036594867706298828e+00
1.036594867706298828e+00
4.570546746253967285e-01
4.570546746253967285e-01
2.282588630914688110e-01
2.282588630914688110e-01
2.282588630914688110e-01
2.282588630914688110e-01
2.282588630914688110e-01
1.632759094238281250e+00
1.632759094238281250e+00
1.632759094238281250e+00
1.632759094238281250e+00
1.632759094238281250e+00
1.632759094238281250e+00
1.632759094238281250e+00
6.336243748664855957e-01
1.220895290374755859e+00
1.220895290374755859e+00
6.870179176330566406e-01
6.870179176330566406e-01
6.870179176330566406e-01
6.870179176330566406e-01
6.870179176330566406e-01
6.870179176330566406e-01
6.870179176330566406e-01
6.870179176330566406e-01
6.870179176330566406e-01
6.870179176330566406e-01
6.870179176330566406e-01
6.870179176330566406e-01
6.870179176330566406e-01
6.870179176330566406e-01
6.870179176330566406e-01
6.870179176330566406e-01
2.037898302078247070e-01
1.633786797523498535e+00
1.633786797523498535e+00
6.566945910453796387e-01
6.566945910453796387e-01
6.566945910453796387e-01
6.566945910453796387e-01
6.566945910453796387e-01
6.566945910453796387e-01
6.566945910453796387e-01
4.232284724712371826e-01
3.203938007354736328e-01
3.203938007354736328e-01
4.498841166496276855e-01
4.498841166496276855e-01
4.498841166496276855e-01
4.498841166496276855e-01
4.498841166496276855e-01
4.498841166496276855e-01
4.498841166496276855e-01
4.498841166496276855e-01
4.498841166496276855e-01
4.498841166496276855e-01
4.498841166496276855e-01
1.524133384227752686e-01
1.524133384227752686e-01
1.524133384227752686e-01
1.524133384227752686e-01
8.991779088973999023e-01
8.991779088973999023e-01
8.991779088973999023e-01
8.991779088973999023e-01
8.450664877891540527e-01
1.085644245147705078e+00
1.085644245147705078e+00
1.085644245147705078e+00
3.692669272422790527e-01
3.692669272422790527e-01
3.692669272422790527e-01
3.692669272422790527e-01
3.692669272422790527e-01
7.613694667816162109e-01
7.613694667816162109e-01
1.080646276473999023e+00
8.265748620033264160e-01
8.265748620033264160e-01
1.733167171478271484e+00
1.493542432785034180e+00
1.335758209228515625e+00
1.173833608627319336e+00
1.173833608627319336e+00
1.698048949241638184e+00
1.698048949241638184e+00
1.698048949241638184e+00
1.698048949241638184e+00
1.268929600715637207e+00
1.801048398017883301e+00
2.078254222869873047e-01
2.078254222869873047e-01
2.078254222869873047e-01
2.078254222869873047e-01
2.078254222869873047e-01
2.078254222869873047e-01
8.709802627563476562e-01
8.709802627563476562e-01
9.533559083938598633e-01
9.533559083938598633e-01
9.533559083938598633e-01
9.533559083938598633e-01
9.533559083938598633e-01
9.533559083938598633e-01
9.533559083938598633e-01
9.533559083938598633e-01
9.533559083938598633e-01
9.533559083938598633e-01
9.533559083938598633e-01
4.284509420394897461e-01
4.284509420394897461e-01
4.284509420394897461e-01
1.525160074234008789e+00
9.218547344207763672e-01
9.218547344207763672e-01
9.218547344207763672e-01
2.067055702209472656e+00
5.826286077499389648e-01
5.826286077499389648e-01
5.826286077499389648e-01
8.761515617370605469e-01
8.761515617370605469e-01
8.703468441963195801e-01
8.703468441963195801e-01
8.703468441963195801e-01
4.474912285804748535e-01
4.474912285804748535e-01
4.474912285804748535e-01
4.474912285804748535e-01
7.767052650451660156e-01
7.767052650451660156e-01
8.526448607444763184e-01
8.526448607444763184e-01
8.526448607444763184e-01
1.323497533798217773e+00
1.323497533798217773e+00
6.209390759468078613e-01
6.209390759468078613e-01
6.209390759468078613e-01
6.209390759468078613e-01
1.347007513046264648e+00
1.347007513046264648e+00
1.263576507568359375e+00
1.263576507568359375e+00
1.344863653182983398e+00
1.344863653182983398e+00
8.244303464889526367e-01
8.244303464889526367e-01
8.244303464889526367e-01
8.244303464889526367e-01
8.244303464889526367e-01
8.244303464889526367e-01
7.362780570983886719e-01
8.610558509826660156e-01
8.610558509826660156e-01
8.610558509826660156e-01
8.610558509826660156e-01
8.610558509826660156e-01
2.295598506927490234e+00
2.295598506927490234e+00
2.295598506927490234e+00
2.295598506927490234e+00
1.702113747596740723e+00
1.702113747596740723e+00
1.702113747596740723e+00
1.702113747596740723e+00
1.990419626235961914e-01
1.990419626235961914e-01
1.932348608970642090e+00
1.932348608970642090e+00
1.932348608970642090e+00
7.193869352340698242e-01
7.193869352340698242e-01
7.193869352340698242e-01
1.408230066299438477e+00
1.408230066299438477e+00
1.408230066299438477e+00
7.240677475929260254e-01
7.240677475929260254e-01
7.240677475929260254e-01
7.240677475929260254e-01
7.240677475929260254e-01
5.345595479011535645e-01
5.345595479011535645e-01
5.345595479011535645e-01
5.345595479011535645e-01
5.345595479011535645e-01
5.345595479011535645e-01
5.345595479011535645e-01
5.345595479011535645e-01
4.064785242080688477e-01
4.064785242080688477e-01
4.064785242080688477e-01
3.496966958045959473e-01
3.496966958045959473e-01
4.597840309143066406e-01
4.597840309143066406e-01
2.380538135766983032e-01
2.380538135766983032e-01
2.380538135766983032e-01
3.129006624221801758e-01
3.129006624221801758e-01
3.129006624221801758e-01
1.058447837829589844e+00
1.058447837829589844e+00
1.058447837829589844e+00
1.058447837829589844e+00
1.058447837829589844e+00
5.006448030471801758e-01
5.006448030471801758e-01
5.006448030471801758e-01
1.023500561714172363e+00
1.128889679908752441e+00
1.128889679908752441e+00
1.128889679908752441e+00
1.128889679908752441e+00
1.128889679908752441e+00
1.128889679908752441e+00
1.128889679908752441e+00
1.128889679908752441e+00
1.128889679908752441e+00
1.128889679908752441e+00
9.215555787086486816e-01
9.215555787086486816e-01
1.260074853897094727e+00
1.260074853897094727e+00
1.260074853897094727e+00
1.415057539939880371e+00
1.415057539939880371e+00
1.415057539939880371e+00
4.446421861648559570e-01
4.446421861648559570e-01
4.446421861648559570e-01
4.446421861648559570e-01
6.434140205383300781e-01
6.434140205383300781e-01
6.434140205383300781e-01
2.144554853439331055e+00
2.144554853439331055e+00
2.144554853439331055e+00
2.144554853439331055e+00
1.841042280197143555e+00
1.973340630531311035e+00
1.973340630531311035e+00
1.973340630531311035e+00
1.103417277336120605e+00
1.103417277336120605e+00
1.103417277336120605e+00
6.806449890136718750e-01
6.806449890136718750e-01
6.806449890136718750e-01
6.806449890136718750e-01
6.806449890136718750e-01
1.551463842391967773e+00
1.551463842391967773e+00
3.348981142044067383e-01
3.348981142044067383e-01
3.348981142044067383e-01
3.348981142044067383e-01
3.348981142044067383e-01
3.348981142044067383e-01
1.675588935613632202e-01
1.675588935613632202e-01
1.675588935613632202e-01
2.094571352005004883e+00
2.094571352005004883e+00
4.453163146972656250e-01
4.453163146972656250e-01
4.453163146972656250e-01
