5.891799330711364746e-01
5.891799330711364746e-01
1.228057742118835449e+00
1.228057742118835449e+00
6.439427733421325684e-01
6.826540231704711914e-01
1.506256103515625000e+00
1.506256103515625000e+00
1.208724498748779297e+00
6.084624528884887695e-01
1.268199682235717773e+00
1.047169685363769531e+00
1.525234460830688477e+00
1.525234460830688477e+00
9.057729244232177734e-01
7.917956113815307617e-01
8.629119396209716797e-01
1.263556957244873047e+00
1.432133913040161133e+00
8.101894855499267578e-01
8.101894855499267578e-01
1.056934714317321777e+00
6.748031377792358398e-01
1.376903295516967773e+00
2.023489713668823242e+00
2.023489713668823242e+00
2.023489713668823242e+00
9.891941547393798828e-01
3.983452916145324707e-01
3.983452916145324707e-01
7.635387182235717773e-01
1.501361846923828125e+00
1.669969201087951660e+00
1.774254679679870605e+00
1.774254679679870605e+00
1.686628460884094238e+00
1.192173600196838379e+00
1.212871789932250977e+00
1.212871789932250977e+00
2.860493063926696777e-01
3.550307452678680420e-01
4.491279721260070801e-01
4.491279721260070801e-01
3.300373852252960205e-01
3.300373852252960205e-01
5.767992138862609863e-01
5.767992138862609863e-01
5.767992138862609863e-01
5.767992138862609863e-01
2.153981029987335205e-01
2.153981029987335205e-01
4.085291624069213867e-01
9.027103781700134277e-01
1.263031601905822754e+00
7.127289772033691406e-01
7.146645188331604004e-01
8.663563728332519531e-01
8.456100225448608398e-01
8.456100225448608398e-01
1.028818130493164062e+00
5.108446478843688965e-01
7.583201527595520020e-01
1.057469844818115234e+00
1.057469844818115234e+00
1.057469844818115234e+00
1.057469844818115234e+00
1.086152672767639160e+00
1.285113453865051270e+00
5.233178734779357910e-01
4.674507975578308105e-01
1.865067481994628906e-01
2.081947475671768188e-01
2.081947475671768188e-01
1.317317247390747070e+00
1.317317247390747070e+00
1.317317247390747070e+00
1.317317247390747070e+00
1.317317247390747070e+00
1.124830484390258789e+00
1.124830484390258789e+00
1.290849804878234863e+00
8.921902179718017578e-01
8.921902179718017578e-01
8.921902179718017578e-01
8.921902179718017578e-01
4.884577989578247070e-01
4.884577989578247070e-01
7.172486186027526855e-01
7.172486186027526855e-01
6.272937059402465820e-01
6.577779650688171387e-01
8.707361221313476562e-01
8.707361221313476562e-01
8.707361221313476562e-01
7.961992621421813965e-01
1.167613744735717773e+00
1.385847926139831543e+00
4.267233014106750488e-01
4.267233014106750488e-01
3.907046616077423096e-01
3.907046616077423096e-01
4.150963127613067627e-01
4.150963127613067627e-01
6.499799489974975586e-01
1.922795176506042480e-01
3.111234903335571289e-01
1.861433386802673340e-01
1.861433386802673340e-01
1.861433386802673340e-01
1.861433386802673340e-01
5.113120079040527344e-01
1.033642530441284180e+00
1.033642530441284180e+00
1.176900267601013184e+00
6.165474057197570801e-01
5.116794705390930176e-01
5.116794705390930176e-01
5.116794705390930176e-01
2.787843942642211914e-01
2.787843942642211914e-01
8.718456625938415527e-01
9.206889271736145020e-01
9.206889271736145020e-01
1.539248347282409668e+00
1.539248347282409668e+00
1.416369795799255371e+00
6.772202253341674805e-01
6.772202253341674805e-01
1.459512352943420410e+00
9.828449487686157227e-01
1.166192054748535156e+00
5.552952885627746582e-01
4.585071504116058350e-01
4.585071504116058350e-01
4.585071504116058350e-01
4.585071504116058350e-01
4.585071504116058350e-01
5.519819855690002441e-01
9.393460154533386230e-01
6.254806518554687500e-01
6.254806518554687500e-01
1.130764245986938477e+00
7.071899771690368652e-01
8.342269659042358398e-01
8.342269659042358398e-01
8.342269659042358398e-01
1.396711826324462891e+00
1.430078029632568359e+00
1.430078029632568359e+00
1.572536110877990723e+00
1.367100358009338379e+00
1.162783265113830566e+00
1.146433711051940918e+00
1.203390121459960938e+00
4.773540496826171875e-01
4.773540496826171875e-01
4.773540496826171875e-01
4.773540496826171875e-01
4.773540496826171875e-01
4.773540496826171875e-01
4.773540496826171875e-01
7.552509903907775879e-01
7.552509903907775879e-01
1.098722219467163086e+00
9.845601320266723633e-01
9.845601320266723633e-01
1.123479008674621582e+00
5.826008319854736328e-01
3.681448698043823242e-01
3.681448698043823242e-01
3.681448698043823242e-01
3.681448698043823242e-01
3.113640844821929932e-01
3.113640844821929932e-01
4.249941706657409668e-01
4.249941706657409668e-01
5.906177759170532227e-01
9.257043600082397461e-01
2.174401283264160156e-01
1.362336128950119019e-01
2.618734836578369141e-01
9.930614829063415527e-01
3.645261526107788086e-01
7.119910717010498047e-01
7.499604821205139160e-01
7.499604821205139160e-01
7.499604821205139160e-01
9.820446372032165527e-01
9.820446372032165527e-01
9.820446372032165527e-01
9.820446372032165527e-01
5.979189872741699219e-01
7.113314270973205566e-01
1.433329343795776367e+00
1.251245856285095215e+00
1.251245856285095215e+00
7.534935474395751953e-01
1.400861144065856934e+00
1.429068326950073242e+00
2.863320112228393555e-01
2.863320112228393555e-01
2.863320112228393555e-01
4.907411336898803711e-01
4.907411336898803711e-01
4.907411336898803711e-01
4.907411336898803711e-01
7.379401922225952148e-01
7.379401922225952148e-01
4.518309533596038818e-01
3.385290801525115967e-01
1.057638168334960938e+00
9.586596488952636719e-01
9.586596488952636719e-01
1.537561178207397461e+00
1.533390760421752930e+00
1.533390760421752930e+00
1.141294717788696289e+00
1.301169514656066895e+00
1.170849919319152832e+00
8.871135115623474121e-01
3.820463418960571289e-01
6.696728467941284180e-01
6.696728467941284180e-01
3.345296978950500488e-01
5.909695029258728027e-01
5.909695029258728027e-01
5.909695029258728027e-01
5.909695029258728027e-01
1.032448172569274902e+00
1.032448172569274902e+00
7.669355869293212891e-01
1.681829094886779785e+00
1.149005413055419922e+00
1.149005413055419922e+00
6.442493200302124023e-01
8.761246204376220703e-01
8.761246204376220703e-01
8.659828901290893555e-01
5.684514045715332031e-01
7.612977623939514160e-01
7.612977623939514160e-01
6.421337127685546875e-01
6.038861870765686035e-01
5.886211395263671875e-01
1.488280177116394043e+00
1.488280177116394043e+00
1.488280177116394043e+00
1.129958033561706543e+00
1.129958033561706543e+00
4.742017388343811035e-01
4.742017388343811035e-01
1.024005651473999023e+00
1.024005651473999023e+00
3.762576580047607422e-01
4.558614790439605713e-01
4.558614790439605713e-01
4.558614790439605713e-01
4.558614790439605713e-01
5.520917773246765137e-01
5.520917773246765137e-01
5.520917773246765137e-01
5.520917773246765137e-01
5.520917773246765137e-01
5.520917773246765137e-01
5.520917773246765137e-01
1.512955069541931152e+00
1.512955069541931152e+00
9.263510704040527344e-01
1.251303553581237793e+00
1.251303553581237793e+00
1.251303553581237793e+00
1.155185461044311523e+00
1.155185461044311523e+00
2.824743390083312988e-01
1.036076784133911133e+00
1.218610048294067383e+00
9.552859067916870117e-01
1.449457526206970215e+00
1.654529690742492676e+00
1.654529690742492676e+00
9.369953274726867676e-01
9.369953274726867676e-01
9.369953274726867676e-01
5.308728218078613281e-01
3.517297506332397461e-01
3.298554420471191406e-01
3.298554420471191406e-01
9.971643686294555664e-01
1.233647704124450684e+00
3.741965293884277344e-01
3.741965293884277344e-01
2.637941241264343262e-01
2.637941241264343262e-01
2.637941241264343262e-01
3.681539595127105713e-01
3.681539595127105713e-01
4.587207138538360596e-01
1.092641353607177734e+00
6.500741839408874512e-01
6.500741839408874512e-01
6.500741839408874512e-01
3.377365171909332275e-01
3.377365171909332275e-01
5.159062743186950684e-01
7.784520387649536133e-01
1.273258924484252930e+00
4.011439681053161621e-01
1.514963209629058838e-01
1.514963209629058838e-01
1.287101984024047852e+00
1.010531544685363770e+00
1.010531544685363770e+00
1.010531544685363770e+00
8.928480148315429688e-01
6.143128871917724609e-01
7.438085675239562988e-01
3.460385203361511230e-01
3.460385203361511230e-01
7.035119533538818359e-01
1.221118330955505371e+00
1.221118330955505371e+00
1.197274684906005859e+00
1.593690514564514160e+00
1.593690514564514160e+00
6.241228580474853516e-01
9.628176689147949219e-01
9.628176689147949219e-01
9.628176689147949219e-01
8.006551265716552734e-01
8.777244091033935547e-01
6.166156530380249023e-01
6.166156530380249023e-01
6.166156530380249023e-01
1.603745222091674805e+00
1.213622331619262695e+00
1.525864958763122559e+00
1.156902313232421875e+00
1.452042341232299805e+00
1.452042341232299805e+00
1.452042341232299805e+00
1.554740667343139648e+00
4.362624883651733398e-01
4.362624883651733398e-01
4.362624883651733398e-01
4.362624883651733398e-01
4.849344789981842041e-01
3.840745687484741211e-01
4.131534695625305176e-01
4.872815012931823730e-01
4.872815012931823730e-01
1.807710886001586914e+00
2.498373985290527344e+00
2.498373985290527344e+00
2.498373985290527344e+00
2.498373985290527344e+00
2.498373985290527344e+00
1.479712843894958496e+00
1.972193479537963867e+00
1.901416301727294922e+00
1.901416301727294922e+00
1.763756394386291504e+00
2.140537261962890625e+00
1.996493697166442871e+00
1.996493697166442871e+00
1.996493697166442871e+00
1.996493697166442871e+00
1.996493697166442871e+00
1.996493697166442871e+00
1.996493697166442871e+00
1.996493697166442871e+00
1.996493697166442871e+00
1.996493697166442871e+00
1.878288149833679199e+00
2.210687160491943359e+00
2.028020381927490234e+00
1.686934947967529297e+00
1.686934947967529297e+00
1.686934947967529297e+00
1.823212385177612305e+00
1.522248744964599609e+00
1.097954273223876953e+00
1.117236256599426270e+00
1.117236256599426270e+00
1.117236256599426270e+00
1.117236256599426270e+00
1.472334623336791992e+00
1.472334623336791992e+00
1.607327699661254883e+00
9.969371557235717773e-01
7.139336466789245605e-01
4.905322492122650146e-01
4.905322492122650146e-01
4.905322492122650146e-01
9.829154610633850098e-01
1.827682018280029297e+00
1.827682018280029297e+00
1.236650705337524414e+00
1.236650705337524414e+00
1.501297950744628906e+00
1.501297950744628906e+00
9.148724675178527832e-01
9.148724675178527832e-01
9.148724675178527832e-01
1.435361146926879883e+00
1.435361146926879883e+00
1.435361146926879883e+00
1.059467554092407227e+00
7.879344224929809570e-01
7.879344224929809570e-01
3.412325084209442139e-01
8.550413846969604492e-01
8.812009096145629883e-01
1.078821182250976562e+00
1.078821182250976562e+00
6.330013275146484375e-01
6.330013275146484375e-01
6.330013275146484375e-01
6.330013275146484375e-01
6.330013275146484375e-01
1.248764753341674805e+00
1.248764753341674805e+00
1.248764753341674805e+00
1.248764753341674805e+00
1.762032389640808105e+00
1.667526364326477051e+00
5.851263999938964844e-01
4.075455069541931152e-01
1.201097965240478516e+00
7.409547567367553711e-01
5.299916267395019531e-01
1.586806297302246094e+00
1.586806297302246094e+00
1.635201096534729004e+00
1.557953119277954102e+00
1.557953119277954102e+00
7.236067056655883789e-01
7.236067056655883789e-01
7.236067056655883789e-01
5.933148860931396484e-01
8.678633570671081543e-01
5.576306581497192383e-01
5.872088074684143066e-01
5.872088074684143066e-01
2.695924341678619385e-01
2.695924341678619385e-01
1.304754018783569336e+00
1.025046229362487793e+00
6.803685426712036133e-01
8.012818098068237305e-01
8.012818098068237305e-01
1.145810842514038086e+00
1.217257618904113770e+00
5.508669018745422363e-01
4.411558210849761963e-01
4.411558210849761963e-01
4.411558210849761963e-01
3.907338082790374756e-01
3.907338082790374756e-01
3.907338082790374756e-01
3.907338082790374756e-01
4.730406403541564941e-01
3.632331788539886475e-01
3.632331788539886475e-01
3.632331788539886475e-01
3.632331788539886475e-01
5.908204913139343262e-01
7.863202095031738281e-01
1.122636795043945312e+00
6.436057090759277344e-01
9.746798872947692871e-01
9.746798872947692871e-01
1.000523090362548828e+00
9.155839681625366211e-01
5.316509008407592773e-01
7.110923528671264648e-01
7.110923528671264648e-01
1.231850385665893555e+00
1.074091911315917969e+00
9.707782864570617676e-01
8.604139685630798340e-01
1.504323363304138184e+00
1.504323363304138184e+00
1.127295255661010742e+00
1.127295255661010742e+00
1.127295255661010742e+00
1.070786833763122559e+00
1.310647487640380859e+00
6.657480597496032715e-01
2.608944773674011230e-01
1.554372549057006836e+00
1.554372549057006836e+00
1.554372549057006836e+00
1.554372549057006836e+00
2.226932048797607422e-01
7.136327028274536133e-01
1.195769667625427246e+00
7.704484462738037109e-01
7.704484462738037109e-01
9.696444272994995117e-01
9.696444272994995117e-01
5.400397777557373047e-01
5.400397777557373047e-01
8.966329097747802734e-01
3.550973534584045410e-01
1.325499534606933594e+00
1.185005545616149902e+00
1.182253956794738770e+00
5.315409898757934570e-01
9.572708010673522949e-01
3.157585263252258301e-01
6.149442195892333984e-01
1.117136240005493164e+00
3.031886219978332520e-01
4.017996191978454590e-01
4.126551151275634766e-01
4.126551151275634766e-01
4.126551151275634766e-01
4.126551151275634766e-01
4.126551151275634766e-01
4.126551151275634766e-01
4.126551151275634766e-01
1.521180868148803711e-01
7.930085659027099609e-01
2.015563845634460449e-01
3.935034871101379395e-01
1.102083444595336914e+00
1.414718627929687500e+00
1.796773076057434082e+00
1.796773076057434082e+00
1.037036895751953125e+00
1.037036895751953125e+00
8.455507755279541016e-01
8.455507755279541016e-01
8.455507755279541016e-01
8.455507755279541016e-01
8.977597951889038086e-01
1.260397672653198242e+00
1.260397672653198242e+00
4.740622639656066895e-01
4.740622639656066895e-01
6.691243052482604980e-01
6.691243052482604980e-01
3.136713802814483643e-01
3.034045994281768799e-01
2.655203342437744141e-01
9.250881075859069824e-01
9.250881075859069824e-01
6.536777615547180176e-01
1.040173530578613281e+00
1.040173530578613281e+00
1.142413854598999023e+00
5.219640731811523438e-01
8.218998312950134277e-01
7.823192477226257324e-01
7.823192477226257324e-01
7.823192477226257324e-01
7.380037307739257812e-01
1.244191765785217285e+00
6.452434062957763672e-01
4.630460143089294434e-01
4.630460143089294434e-01
4.630460143089294434e-01
8.296642303466796875e-01
8.296642303466796875e-01
8.809829950332641602e-01
9.394582509994506836e-01
9.394582509994506836e-01
1.175111651420593262e+00
1.763991832733154297e+00
1.763991832733154297e+00
1.611753344535827637e+00
1.403866767883300781e+00
7.691053748130798340e-01
8.358367085456848145e-01
8.358367085456848145e-01
9.391891956329345703e-01
9.391891956329345703e-01
1.642915010452270508e+00
2.763584852218627930e-01
8.125189542770385742e-01
7.275648117065429688e-01
7.275648117065429688e-01
1.015313386917114258e+00
1.830867171287536621e+00
1.459628820419311523e+00
1.166325807571411133e+00
1.166325807571411133e+00
1.166325807571411133e+00
1.166325807571411133e+00
1.084526062011718750e+00
1.084526062011718750e+00
1.084526062011718750e+00
1.437751770019531250e+00
1.075203657150268555e+00
1.075203657150268555e+00
1.075203657150268555e+00
9.818165302276611328e-01
9.008703231811523438e-01
9.008703231811523438e-01
1.049937605857849121e+00
1.049937605857849121e+00
1.049937605857849121e+00
7.124210596084594727e-01
7.124210596084594727e-01
7.124210596084594727e-01
7.229580283164978027e-01
5.696365833282470703e-01
5.696365833282470703e-01
5.991116166114807129e-01
5.991116166114807129e-01
8.884960412979125977e-01
8.884960412979125977e-01
1.372237205505371094e+00
8.756963014602661133e-01
8.756963014602661133e-01
8.756963014602661133e-01
8.567450642585754395e-01
8.567450642585754395e-01
8.567450642585754395e-01
6.282658576965332031e-01
6.282658576965332031e-01
6.282658576965332031e-01
8.553048968315124512e-01
1.315070033073425293e+00
1.315070033073425293e+00
1.689864397048950195e+00
9.120827317237854004e-01
9.120827317237854004e-01
6.592540740966796875e-01
6.592540740966796875e-01
3.733224570751190186e-01
3.733224570751190186e-01
3.733224570751190186e-01
7.585584521293640137e-01
7.236364483833312988e-01
1.018144607543945312e+00
1.196133971214294434e+00
1.196133971214294434e+00
1.500245690345764160e+00
1.675927877426147461e+00
1.675927877426147461e+00
1.675927877426147461e+00
1.675927877426147461e+00
1.908424854278564453e+00
1.515084743499755859e+00
1.515084743499755859e+00
1.515084743499755859e+00
1.546224474906921387e+00
1.585750102996826172e+00
1.593311190605163574e+00
1.388738512992858887e+00
1.388738512992858887e+00
1.388738512992858887e+00
1.388738512992858887e+00
5.091138482093811035e-01
5.091138482093811035e-01
1.101576805114746094e+00
1.101576805114746094e+00
6.638553142547607422e-01
6.638553142547607422e-01
6.072219610214233398e-01
8.175982832908630371e-01
8.175982832908630371e-01
7.361476421356201172e-01
1.122294902801513672e+00
7.476133704185485840e-01
7.476133704185485840e-01
7.476133704185485840e-01
5.438811779022216797e-01
6.204406023025512695e-01
8.638027906417846680e-01
4.770689010620117188e-01
1.212391614913940430e+00
9.790905714035034180e-01
9.790905714035034180e-01
9.790905714035034180e-01
9.790905714035034180e-01
7.614475488662719727e-01
7.614475488662719727e-01
7.614475488662719727e-01
7.614475488662719727e-01
7.614475488662719727e-01
1.330505490303039551e+00
1.330505490303039551e+00
4.792437553405761719e-01
4.792437553405761719e-01
4.792437553405761719e-01
4.792437553405761719e-01
4.792437553405761719e-01
8.964022397994995117e-01
8.964022397994995117e-01
8.964022397994995117e-01
8.964022397994995117e-01
8.964022397994995117e-01
8.964022397994995117e-01
1.282569408416748047e+00
1.282569408416748047e+00
9.636775255203247070e-01
1.016796946525573730e+00
9.108763337135314941e-01
8.460211753845214844e-01
1.364802122116088867e+00
3.038063049316406250e-01
4.474907517433166504e-01
6.418541669845581055e-01
6.418541669845581055e-01
3.710614144802093506e-01
8.559126257896423340e-01
8.559126257896423340e-01
6.469472050666809082e-01
7.189136743545532227e-01
1.323703885078430176e+00
1.356004238128662109e+00
1.356004238128662109e+00
1.299141407012939453e+00
1.299141407012939453e+00
1.299141407012939453e+00
1.299141407012939453e+00
7.039163708686828613e-01
7.039163708686828613e-01
5.797153115272521973e-01
4.802384674549102783e-01
1.216743588447570801e+00
1.216743588447570801e+00
1.216743588447570801e+00
1.216743588447570801e+00
1.216743588447570801e+00
7.906613349914550781e-01
9.431321620941162109e-01
1.230012178421020508e+00
1.128205657005310059e+00
1.128205657005310059e+00
1.128205657005310059e+00
9.640263915061950684e-01
1.176758646965026855e+00
1.404318451881408691e+00
1.678042292594909668e+00
1.888079881668090820e+00
1.502266407012939453e+00
1.421490907669067383e+00
1.421490907669067383e+00
1.421490907669067383e+00
8.672728538513183594e-01
2.890452742576599121e-01
2.890452742576599121e-01
2.890452742576599121e-01
1.024592638015747070e+00
5.249814987182617188e-01
5.249814987182617188e-01
5.249814987182617188e-01
5.249814987182617188e-01
8.479076623916625977e-01
8.479076623916625977e-01
1.530472755432128906e+00
1.280469417572021484e+00
4.008219242095947266e-01
4.008219242095947266e-01
6.174722909927368164e-01
6.174722909927368164e-01
6.174722909927368164e-01
6.174722909927368164e-01
1.304439306259155273e+00
8.089727759361267090e-01
8.089727759361267090e-01
1.315640926361083984e+00
1.162569999694824219e+00
1.060335993766784668e+00
1.060335993766784668e+00
1.183373451232910156e+00
1.688421845436096191e+00
1.507149457931518555e+00
1.618166208267211914e+00
1.658411145210266113e+00
1.517507433891296387e+00
5.931461453437805176e-01
5.931461453437805176e-01
5.931461453437805176e-01
5.931461453437805176e-01
5.931461453437805176e-01
1.082708597183227539e+00
7.327981591224670410e-01
4.840472340583801270e-01
4.561906456947326660e-01
4.561906456947326660e-01
1.381700992584228516e+00
1.452152967453002930e+00
1.452152967453002930e+00
1.014406442642211914e+00
6.227533817291259766e-01
1.284127116203308105e+00
1.056299924850463867e+00
7.266253829002380371e-01
7.266253829002380371e-01
7.266253829002380371e-01
1.139232993125915527e+00
8.998348712921142578e-01
8.998348712921142578e-01
3.932300806045532227e-01
3.932300806045532227e-01
3.932300806045532227e-01
6.253262758255004883e-01
5.756130814552307129e-01
5.756130814552307129e-01
5.126998424530029297e-01
5.224161148071289062e-01
8.266311883926391602e-01
7.287535071372985840e-01
3.703945577144622803e-01
3.087474107742309570e-01
1.108205795288085938e+00
1.108205795288085938e+00
2.368114709854125977e+00
2.175445318222045898e+00
2.175445318222045898e+00
6.701456308364868164e-01
8.839260339736938477e-01
8.839260339736938477e-01
1.094377756118774414e+00
1.144824028015136719e+00
1.319672584533691406e+00
9.705506563186645508e-01
3.426508307456970215e-01
3.426508307456970215e-01
3.426508307456970215e-01
3.426508307456970215e-01
1.664988994598388672e+00
1.714260578155517578e+00
1.714260578155517578e+00
1.355103731155395508e+00
1.714138984680175781e+00
1.008910894393920898e+00
8.270446658134460449e-01
8.270446658134460449e-01
6.351044774055480957e-01
5.587149858474731445e-01
8.730625510215759277e-01
4.838904738426208496e-01
4.838904738426208496e-01
4.838904738426208496e-01
3.211364746093750000e-01
1.682374179363250732e-01
8.258185386657714844e-01
1.172928571701049805e+00
1.172928571701049805e+00
8.210612535476684570e-01
8.210612535476684570e-01
8.210612535476684570e-01
8.210612535476684570e-01
9.868485927581787109e-01
9.868485927581787109e-01
4.937883317470550537e-01
4.553455412387847900e-01
4.553455412387847900e-01
4.109397232532501221e-01
4.109397232532501221e-01
1.260307312011718750e+00
1.522604465484619141e+00
1.522604465484619141e+00
1.522604465484619141e+00
1.522604465484619141e+00
1.574261665344238281e+00
1.255311846733093262e+00
6.141242980957031250e-01
1.519348621368408203e+00
1.266694068908691406e+00
1.113185048103332520e+00
1.113185048103332520e+00
1.115602731704711914e+00
5.369381904602050781e-01
5.369381904602050781e-01
5.369381904602050781e-01
1.432534456253051758e+00
1.643719077110290527e+00
1.571625351905822754e+00
1.571625351905822754e+00
1.571625351905822754e+00
1.176867365837097168e+00
1.011407852172851562e+00
1.011407852172851562e+00
3.009696006774902344e-01
3.009696006774902344e-01
6.166368722915649414e-01
6.204772591590881348e-01
6.355679631233215332e-01
7.068014740943908691e-01
8.046535849571228027e-01
8.046535849571228027e-01
8.046535849571228027e-01
8.046535849571228027e-01
9.201118946075439453e-01
8.853827714920043945e-01
7.363616228103637695e-01
7.363616228103637695e-01
1.454376220703125000e+00
1.454376220703125000e+00
8.182813525199890137e-01
6.994389891624450684e-01
6.994389891624450684e-01
6.994389891624450684e-01
6.994389891624450684e-01
1.028155803680419922e+00
1.094068527221679688e+00
8.378131389617919922e-01
8.378131389617919922e-01
8.378131389617919922e-01
1.010010480880737305e+00
1.010010480880737305e+00
1.010010480880737305e+00
1.216554522514343262e+00
1.216554522514343262e+00
1.216554522514343262e+00
4.214506745338439941e-01
4.214506745338439941e-01
6.788823604583740234e-01
6.788823604583740234e-01
6.788823604583740234e-01
6.788823604583740234e-01
6.788823604583740234e-01
1.056698560714721680e+00
4.975236058235168457e-01
4.975236058235168457e-01
4.975236058235168457e-01
1.122201681137084961e+00
1.122201681137084961e+00
7.514508962631225586e-01
1.058908224105834961e+00
1.058908224105834961e+00
1.066680312156677246e+00
1.066680312156677246e+00
1.267399072647094727e+00
1.267399072647094727e+00
1.267399072647094727e+00
1.267399072647094727e+00
7.159715294837951660e-01
1.011156201362609863e+00
7.507571578025817871e-01
1.352267503738403320e+00
1.352267503738403320e+00
4.733308553695678711e-01
1.346419811248779297e+00
1.346419811248779297e+00
1.346419811248779297e+00
1.346419811248779297e+00
9.164632558822631836e-01
4.488206803798675537e-01
1.429470181465148926e+00
1.429470181465148926e+00
9.700895547866821289e-01
9.886121153831481934e-01
9.387938976287841797e-01
1.126589059829711914e+00
1.126589059829711914e+00
8.020482063293457031e-01
8.020482063293457031e-01
6.546869277954101562e-01
6.546869277954101562e-01
8.850663900375366211e-01
9.790387153625488281e-01
9.790387153625488281e-01
9.790387153625488281e-01
9.254000186920166016e-01
5.786185860633850098e-01
3.008822798728942871e-01
3.008822798728942871e-01
3.008822798728942871e-01
3.008822798728942871e-01
5.080027580261230469e-01
3.992054462432861328e-01
7.903770208358764648e-01
1.368700385093688965e+00
9.115276336669921875e-01
1.321637034416198730e+00
1.054057359695434570e+00
1.054057359695434570e+00
9.445106387138366699e-01
9.445106387138366699e-01
4.492085576057434082e-01
4.047643840312957764e-01
4.047643840312957764e-01
4.047643840312957764e-01
9.841338396072387695e-01
9.841338396072387695e-01
9.841338396072387695e-01
1.286725044250488281e+00
1.286725044250488281e+00
1.286725044250488281e+00
9.860394001007080078e-01
9.860394001007080078e-01
9.860394001007080078e-01
9.860394001007080078e-01
9.860394001007080078e-01
9.860394001007080078e-01
9.860394001007080078e-01
9.860394001007080078e-01
1.172907829284667969e+00
1.172907829284667969e+00
1.672859907150268555e+00
1.686904907226562500e+00
1.686904907226562500e+00
1.204663276672363281e+00
9.939211010932922363e-01
9.939211010932922363e-01
5.763509869575500488e-01
7.147858738899230957e-01
1.077043890953063965e+00
8.774576187133789062e-01
8.774576187133789062e-01
1.268665075302124023e+00
1.006084799766540527e+00
1.153110027313232422e+00
1.153110027313232422e+00
1.153110027313232422e+00
1.153110027313232422e+00
1.153110027313232422e+00
1.153110027313232422e+00
9.159451723098754883e-01
5.256676077842712402e-01
5.256676077842712402e-01
5.256676077842712402e-01
5.256676077842712402e-01
9.212914705276489258e-01
5.031529068946838379e-01
3.429504632949829102e-01
4.342106580734252930e-01
4.342106580734252930e-01
1.197289943695068359e+00
4.001422524452209473e-01
4.001422524452209473e-01
4.001422524452209473e-01
4.001422524452209473e-01
1.149790287017822266e+00
1.149790287017822266e+00
1.512050747871398926e+00
1.331825733184814453e+00
1.331825733184814453e+00
1.331825733184814453e+00
8.445280194282531738e-01
8.445280194282531738e-01
5.816856622695922852e-01
5.816856622695922852e-01
1.156088113784790039e+00
1.156088113784790039e+00
1.259832382202148438e+00
1.259832382202148438e+00
7.052274346351623535e-01
6.226695775985717773e-01
8.820334672927856445e-01
8.820334672927856445e-01
5.764384865760803223e-01
1.495860815048217773e+00
1.495860815048217773e+00
1.495860815048217773e+00
1.495860815048217773e+00
1.495860815048217773e+00
1.495860815048217773e+00
9.650807380676269531e-01
9.650807380676269531e-01
5.588593482971191406e-01
5.588593482971191406e-01
5.588593482971191406e-01
5.588593482971191406e-01
5.588593482971191406e-01
5.588593482971191406e-01
5.588593482971191406e-01
5.084349513053894043e-01
1.296974182128906250e+00
7.178593873977661133e-01
7.178593873977661133e-01
7.178593873977661133e-01
7.178593873977661133e-01
7.178593873977661133e-01
5.278955698013305664e-01
5.278955698013305664e-01
5.278955698013305664e-01
5.278955698013305664e-01
5.278955698013305664e-01
8.895626068115234375e-01
8.895626068115234375e-01
1.144408941268920898e+00
5.566630363464355469e-01
5.566630363464355469e-01
5.566630363464355469e-01
5.566630363464355469e-01
5.566630363464355469e-01
9.026874303817749023e-01
3.408130407333374023e-01
2.305624186992645264e-01
7.805165052413940430e-01
7.805165052413940430e-01
7.805165052413940430e-01
7.805165052413940430e-01
9.233610630035400391e-01
9.233610630035400391e-01
9.915580153465270996e-01
1.238955020904541016e+00
1.432226896286010742e+00
1.432226896286010742e+00
1.432226896286010742e+00
1.471761941909790039e+00
1.130342006683349609e+00
1.130342006683349609e+00
1.130342006683349609e+00
1.130342006683349609e+00
1.102491855621337891e+00
1.102491855621337891e+00
7.644570469856262207e-01
7.644570469856262207e-01
7.236811518669128418e-01
7.236811518669128418e-01
8.673043847084045410e-01
1.056421875953674316e+00
1.107710003852844238e+00
1.247077465057373047e+00
1.096136569976806641e+00
1.096136569976806641e+00
5.544951558113098145e-01
5.544951558113098145e-01
6.888401508331298828e-01
4.443396925926208496e-01
4.443396925926208496e-01
1.316917419433593750e+00
7.594220042228698730e-01
7.594220042228698730e-01
4.406783878803253174e-01
2.828947603702545166e-01
2.828947603702545166e-01
2.828947603702545166e-01
2.828947603702545166e-01
2.828947603702545166e-01
2.427818328142166138e-01
2.427818328142166138e-01
2.969366014003753662e-01
2.969366014003753662e-01
2.969366014003753662e-01
2.969366014003753662e-01
3.178214132785797119e-01
3.178214132785797119e-01
3.178214132785797119e-01
6.590869426727294922e-01
6.590869426727294922e-01
6.590869426727294922e-01
7.073843479156494141e-01
7.073843479156494141e-01
7.073843479156494141e-01
7.073843479156494141e-01
7.073843479156494141e-01
3.943633437156677246e-01
3.943633437156677246e-01
7.915147542953491211e-01
7.915147542953491211e-01
1.104830384254455566e+00
5.189331769943237305e-01
2.711617052555084229e-01
4.677895307540893555e-01
4.677895307540893555e-01
6.306340694427490234e-01
6.589350700378417969e-01
6.589350700378417969e-01
6.589350700378417969e-01
1.036181092262268066e+00
6.462920308113098145e-01
3.332022130489349365e-01
6.347782611846923828e-01
6.347782611846923828e-01
1.393420100212097168e+00
7.803441882133483887e-01
1.002160072326660156e+00
1.002160072326660156e+00
1.002160072326660156e+00
1.002160072326660156e+00
1.288068413734436035e+00
1.305863380432128906e+00
1.191348910331726074e+00
8.000326156616210938e-01
1.072285175323486328e+00
8.869014978408813477e-01
8.869014978408813477e-01
8.869014978408813477e-01
8.869014978408813477e-01
1.237785100936889648e+00
1.161525726318359375e+00
1.161525726318359375e+00
1.161525726318359375e+00
1.445628166198730469e+00
1.445628166198730469e+00
5.172467827796936035e-01
1.201159477233886719e+00
1.201159477233886719e+00
6.230604052543640137e-01
1.090111494064331055e+00
1.090111494064331055e+00
7.354445457458496094e-01
6.392765045166015625e-01
9.196634888648986816e-01
9.196634888648986816e-01
9.196634888648986816e-01
9.196634888648986816e-01
9.196634888648986816e-01
9.196634888648986816e-01
5.201046466827392578e-01
5.361687541007995605e-01
5.361687541007995605e-01
1.052253961563110352e+00
1.052253961563110352e+00
1.351100921630859375e+00
1.351100921630859375e+00
7.284891605377197266e-01
8.587082624435424805e-01
1.233990907669067383e+00
1.312839388847351074e+00
1.710981369018554688e+00
1.513607501983642578e+00
9.978051781654357910e-01
9.978051781654357910e-01
1.076905131340026855e+00
1.076905131340026855e+00
4.029963612556457520e-01
7.817376852035522461e-01
9.559559822082519531e-01
9.559559822082519531e-01
9.040770530700683594e-01
7.871306538581848145e-01
1.248368144035339355e+00
2.029785156250000000e+00
1.279552936553955078e+00
1.279552936553955078e+00
8.843787908554077148e-01
8.843787908554077148e-01
8.843787908554077148e-01
7.169867753982543945e-01
7.169867753982543945e-01
6.262284517288208008e-01
1.366507291793823242e+00
1.280334711074829102e+00
1.563177585601806641e+00
9.310840964317321777e-01
1.418526887893676758e+00
2.534821033477783203e-01
3.813651800155639648e-01
5.344589352607727051e-01
5.344589352607727051e-01
9.203000068664550781e-01
3.432468175888061523e-01
3.432468175888061523e-01
5.162041187286376953e-01
8.214632272720336914e-01
8.214632272720336914e-01
8.214632272720336914e-01
9.251803755760192871e-01
9.251803755760192871e-01
9.251803755760192871e-01
2.856528162956237793e-01
4.537584781646728516e-01
4.001506567001342773e-01
4.001506567001342773e-01
5.497107505798339844e-01
1.187905311584472656e+00
5.415567159652709961e-01
1.416379809379577637e+00
4.733899831771850586e-01
5.908015966415405273e-01
5.577030777931213379e-01
5.577030777931213379e-01
5.185925364494323730e-01
1.272932648658752441e+00
5.461410284042358398e-01
5.461410284042358398e-01
9.749898910522460938e-01
1.582244396209716797e+00
1.582244396209716797e+00
1.582244396209716797e+00
1.488873481750488281e+00
1.488873481750488281e+00
1.488873481750488281e+00
1.488873481750488281e+00
1.390631318092346191e+00
1.622808098793029785e+00
1.622808098793029785e+00
1.900050997734069824e+00
1.388397216796875000e+00
1.046225070953369141e+00
1.300545454025268555e+00
1.300545454025268555e+00
1.075057744979858398e+00
1.045811653137207031e+00
1.045811653137207031e+00
1.045811653137207031e+00
2.778789401054382324e-01
2.778789401054382324e-01
2.778789401054382324e-01
2.778789401054382324e-01
2.778789401054382324e-01
3.582427203655242920e-01
3.582427203655242920e-01
3.582427203655242920e-01
3.582427203655242920e-01
3.582427203655242920e-01
3.582427203655242920e-01
5.244578123092651367e-01
1.348622798919677734e+00
1.348622798919677734e+00
1.840557336807250977e+00
2.073084115982055664e+00
1.862634420394897461e+00
1.830142498016357422e+00
1.830142498016357422e+00
1.492477178573608398e+00
1.492477178573608398e+00
1.492477178573608398e+00
1.684404611587524414e+00
4.580992460250854492e-01
1.246547698974609375e+00
1.246547698974609375e+00
1.246547698974609375e+00
9.433319568634033203e-01
9.433319568634033203e-01
9.433319568634033203e-01
9.433319568634033203e-01
1.449862957000732422e+00
1.449862957000732422e+00
1.449862957000732422e+00
1.449862957000732422e+00
9.067933559417724609e-01
9.067933559417724609e-01
5.807211399078369141e-01
7.534248232841491699e-01
7.163382768630981445e-01
7.934625148773193359e-01
1.614101886749267578e+00
1.614101886749267578e+00
1.614101886749267578e+00
1.588334560394287109e+00
1.483690619468688965e+00
1.200075626373291016e+00
8.755669593811035156e-01
1.204111576080322266e+00
1.374526262283325195e+00
1.374526262283325195e+00
1.374526262283325195e+00
1.374526262283325195e+00
4.579193592071533203e-01
4.579193592071533203e-01
4.579193592071533203e-01
4.579193592071533203e-01
3.785957694053649902e-01
3.785957694053649902e-01
9.506869912147521973e-01
9.506869912147521973e-01
1.462672710418701172e+00
1.376508831977844238e+00
1.376508831977844238e+00
1.376508831977844238e+00
1.376508831977844238e+00
1.376508831977844238e+00
1.184310793876647949e+00
5.915820598602294922e-01
5.915820598602294922e-01
5.818626880645751953e-01
5.818626880645751953e-01
9.103452563285827637e-01
8.372789025306701660e-01
8.372789025306701660e-01
8.372789025306701660e-01
8.372789025306701660e-01
8.372789025306701660e-01
8.195154666900634766e-01
8.195154666900634766e-01
8.195154666900634766e-01
1.098739027976989746e+00
5.779255628585815430e-01
3.622020781040191650e-01
3.622020781040191650e-01
8.067594766616821289e-01
8.067594766616821289e-01
8.067594766616821289e-01
4.999495446681976318e-01
4.999495446681976318e-01
6.771991848945617676e-01
7.779809236526489258e-01
7.779809236526489258e-01
7.779809236526489258e-01
7.779809236526489258e-01
6.567724943161010742e-01
6.567724943161010742e-01
1.049318432807922363e+00
8.488923311233520508e-01
8.488923311233520508e-01
8.686298727989196777e-01
7.963287234306335449e-01
1.556457757949829102e+00
1.018472194671630859e+00
7.811300754547119141e-01
7.764405608177185059e-01
7.764405608177185059e-01
7.764405608177185059e-01
7.764405608177185059e-01
5.110723972320556641e-01
5.110723972320556641e-01
8.624888658523559570e-01
8.624888658523559570e-01
6.447017192840576172e-01
1.077266931533813477e+00
1.265040636062622070e+00
1.057300925254821777e+00
1.218959093093872070e+00
1.218959093093872070e+00
8.394892215728759766e-01
6.259727478027343750e-01
6.259727478027343750e-01
1.589796781539916992e+00
1.553909182548522949e+00
1.553909182548522949e+00
9.637270569801330566e-01
1.024296045303344727e+00
1.024296045303344727e+00
7.652543187141418457e-01
1.080850362777709961e+00
5.479069352149963379e-01
1.454941511154174805e+00
1.341390013694763184e+00
1.850569725036621094e+00
1.104498624801635742e+00
1.659397721290588379e+00
1.600450515747070312e+00
1.644433259963989258e+00
2.175634622573852539e+00
2.175634622573852539e+00
9.104087352752685547e-01
6.292172670364379883e-01
3.808702528476715088e-01
7.834023833274841309e-01
7.834023833274841309e-01
7.834023833274841309e-01
7.641843557357788086e-01
7.641843557357788086e-01
7.641843557357788086e-01
3.289539515972137451e-01
3.289539515972137451e-01
3.289539515972137451e-01
1.062861323356628418e+00
5.348829030990600586e-01
7.354611754417419434e-01
6.275420784950256348e-01
4.760857224464416504e-01
4.760857224464416504e-01
4.760857224464416504e-01
5.489790439605712891e-01
8.736255168914794922e-01
8.736255168914794922e-01
8.736255168914794922e-01
8.736255168914794922e-01
8.736255168914794922e-01
8.736255168914794922e-01
1.342415690422058105e+00
1.342415690422058105e+00
1.342415690422058105e+00
1.080656409263610840e+00
9.952108263969421387e-01
6.135966181755065918e-01
6.135966181755065918e-01
6.135966181755065918e-01
6.135966181755065918e-01
6.135966181755065918e-01
7.220310568809509277e-01
7.220310568809509277e-01
7.220310568809509277e-01
7.220310568809509277e-01
4.216735064983367920e-01
4.216735064983367920e-01
4.216735064983367920e-01
4.216735064983367920e-01
4.216735064983367920e-01
4.182944595813751221e-01
3.674765825271606445e-01
8.512791395187377930e-01
3.516395986080169678e-01
3.516395986080169678e-01
7.695748805999755859e-01
7.695748805999755859e-01
5.218479037284851074e-01
5.218479037284851074e-01
5.218479037284851074e-01
5.218479037284851074e-01
5.467140078544616699e-01
1.358553409576416016e+00
1.358553409576416016e+00
1.358553409576416016e+00
4.285362362861633301e-01
4.285362362861633301e-01
7.913867831230163574e-01
7.913867831230163574e-01
6.100227832794189453e-01
6.100227832794189453e-01
6.100227832794189453e-01
5.745145678520202637e-01
5.745145678520202637e-01
1.747427284717559814e-01
4.774281382560729980e-01
3.142485618591308594e-01
3.142485618591308594e-01
6.648502349853515625e-01
6.648502349853515625e-01
7.285249233245849609e-01
7.285249233245849609e-01
7.285249233245849609e-01
7.285249233245849609e-01
7.629331350326538086e-01
5.824159979820251465e-01
9.571280479431152344e-01
4.534677863121032715e-01
4.534677863121032715e-01
4.534677863121032715e-01
1.017584800720214844e+00
1.017584800720214844e+00
7.094717621803283691e-01
7.094717621803283691e-01
3.076078891754150391e-01
1.098165273666381836e+00
1.098165273666381836e+00
5.908440351486206055e-01
7.263020873069763184e-01
7.263020873069763184e-01
7.263020873069763184e-01
7.263020873069763184e-01
7.263020873069763184e-01
5.674508213996887207e-01
5.674508213996887207e-01
3.247132897377014160e-01
2.779494822025299072e-01
2.779494822025299072e-01
2.779494822025299072e-01
2.779494822025299072e-01
2.779494822025299072e-01
2.751246988773345947e-01
2.751246988773345947e-01
7.581551074981689453e-01
7.581551074981689453e-01
7.581551074981689453e-01
5.079497098922729492e-01
5.079497098922729492e-01
5.079497098922729492e-01
5.863493680953979492e-01
5.863493680953979492e-01
5.863493680953979492e-01
5.863493680953979492e-01
9.367520809173583984e-01
9.367520809173583984e-01
9.367520809173583984e-01
8.373227715492248535e-01
8.373227715492248535e-01
1.321224808692932129e+00
5.236082077026367188e-01
5.236082077026367188e-01
1.135315775871276855e+00
1.135315775871276855e+00
1.228697776794433594e+00
3.540054559707641602e-01
1.261987924575805664e+00
1.181188106536865234e+00
8.148610591888427734e-01
8.148610591888427734e-01
1.110934257507324219e+00
1.110934257507324219e+00
9.313831329345703125e-01
9.313831329345703125e-01
9.313831329345703125e-01
9.313831329345703125e-01
1.131315708160400391e+00
1.267273664474487305e+00
1.426731586456298828e+00
1.233331918716430664e+00
1.304207205772399902e+00
7.228420376777648926e-01
9.184616208076477051e-01
9.184616208076477051e-01
8.764004111289978027e-01
8.764004111289978027e-01
8.764004111289978027e-01
6.580894589424133301e-01
6.769551038742065430e-01
8.868011236190795898e-01
3.943902254104614258e-01
4.352176487445831299e-01
5.045499801635742188e-01
5.045499801635742188e-01
8.419915437698364258e-01
8.134877681732177734e-01
5.313900709152221680e-01
5.313900709152221680e-01
6.858974099159240723e-01
5.860040783882141113e-01
5.860040783882141113e-01
7.051783204078674316e-01
7.051783204078674316e-01
7.051783204078674316e-01
6.674752235412597656e-01
6.674752235412597656e-01
6.674752235412597656e-01
6.674752235412597656e-01
6.674752235412597656e-01
7.167894244194030762e-01
9.042926430702209473e-01
8.007693290710449219e-01
1.060089230537414551e+00
1.060089230537414551e+00
1.060089230537414551e+00
9.262158274650573730e-01
1.105815052986145020e+00
6.716824173927307129e-01
5.905755162239074707e-01
5.905755162239074707e-01
3.390932977199554443e-01
3.390932977199554443e-01
1.176887154579162598e+00
1.176887154579162598e+00
1.176887154579162598e+00
1.274262666702270508e+00
1.274262666702270508e+00
1.994078397750854492e+00
1.754664421081542969e+00
1.754664421081542969e+00
1.601194381713867188e+00
1.967932581901550293e+00
1.967932581901550293e+00
1.328577995300292969e+00
1.328577995300292969e+00
7.874764204025268555e-01
4.981109499931335449e-01
7.862457036972045898e-01
5.285618305206298828e-01
1.175841331481933594e+00
1.175841331481933594e+00
9.368066787719726562e-01
3.880541920661926270e-01
3.880541920661926270e-01
7.839649915695190430e-01
7.839649915695190430e-01
9.665968418121337891e-01
9.665968418121337891e-01
6.629476547241210938e-01
9.342114925384521484e-01
9.342114925384521484e-01
9.342114925384521484e-01
1.044331789016723633e+00
8.525934219360351562e-01
9.258429408073425293e-01
8.890269994735717773e-01
8.890269994735717773e-01
8.890269994735717773e-01
8.890269994735717773e-01
8.981831669807434082e-01
8.981831669807434082e-01
6.766555309295654297e-01
6.766555309295654297e-01
9.033685326576232910e-01
8.608861565589904785e-01
1.409678459167480469e+00
1.449769496917724609e+00
1.110676288604736328e+00
1.110676288604736328e+00
1.110676288604736328e+00
1.350519776344299316e+00
1.577673673629760742e+00
1.218605041503906250e+00
1.218605041503906250e+00
1.314305186271667480e+00
1.314305186271667480e+00
1.611840128898620605e+00
1.729055404663085938e+00
1.729055404663085938e+00
1.729055404663085938e+00
5.648528337478637695e-01
5.648528337478637695e-01
5.648528337478637695e-01
5.648528337478637695e-01
1.428998112678527832e+00
1.428998112678527832e+00
1.428998112678527832e+00
1.115974903106689453e+00
1.233960390090942383e+00
1.233960390090942383e+00
1.386933922767639160e+00
1.386933922767639160e+00
3.913829922676086426e-01
3.913829922676086426e-01
7.857127189636230469e-01
1.228032112121582031e+00
1.207850694656372070e+00
1.094053864479064941e+00
1.094053864479064941e+00
1.466541647911071777e+00
1.357654929161071777e+00
1.357654929161071777e+00
1.417977690696716309e+00
1.417977690696716309e+00
1.417977690696716309e+00
1.569746136665344238e+00
1.569746136665344238e+00
5.709813833236694336e-01
6.051059365272521973e-01
8.342823982238769531e-01
1.207846164703369141e+00
1.622143864631652832e+00
1.622143864631652832e+00
1.452485442161560059e+00
1.457334399223327637e+00
1.457334399223327637e+00
1.433623313903808594e+00
1.433623313903808594e+00
1.399090051651000977e+00
1.399090051651000977e+00
1.155204176902770996e+00
9.156634211540222168e-01
3.931406140327453613e-01
3.931406140327453613e-01
3.931406140327453613e-01
5.171555876731872559e-01
9.190614223480224609e-01
9.190614223480224609e-01
7.374777793884277344e-01
8.247647285461425781e-01
8.247647285461425781e-01
6.362738013267517090e-01
1.389418840408325195e+00
8.212677836418151855e-01
6.324068307876586914e-01
1.314332723617553711e+00
1.314332723617553711e+00
1.314332723617553711e+00
1.649606704711914062e+00
1.649606704711914062e+00
1.007883787155151367e+00
7.582129240036010742e-01
7.582129240036010742e-01
7.582129240036010742e-01
7.582129240036010742e-01
1.018936038017272949e+00
8.074611425399780273e-01
4.600531458854675293e-01
5.062173008918762207e-01
5.810449719429016113e-01
5.810449719429016113e-01
5.692950487136840820e-01
1.226783752441406250e+00
8.174827098846435547e-01
8.174827098846435547e-01
1.132918834686279297e+00
3.145609498023986816e-01
3.145609498023986816e-01
4.739053249359130859e-01
1.253632426261901855e+00
1.067552328109741211e+00
1.067552328109741211e+00
5.286714434623718262e-01
5.286714434623718262e-01
5.286714434623718262e-01
5.286714434623718262e-01
5.035830140113830566e-01
6.831154823303222656e-01
6.121245622634887695e-01
6.121245622634887695e-01
6.121245622634887695e-01
1.317252755165100098e+00
1.317252755165100098e+00
1.188501358032226562e+00
8.814912438392639160e-01
1.125851035118103027e+00
1.125851035118103027e+00
1.419928073883056641e+00
1.195646524429321289e+00
1.195646524429321289e+00
5.814997553825378418e-01
5.814997553825378418e-01
5.283370614051818848e-01
2.999917268753051758e-01
2.999917268753051758e-01
2.999917268753051758e-01
2.999917268753051758e-01
4.825943112373352051e-01
9.594832062721252441e-01
9.594832062721252441e-01
9.594832062721252441e-01
9.594832062721252441e-01
9.594832062721252441e-01
7.106596827507019043e-01
7.106596827507019043e-01
6.429030895233154297e-01
5.898118615150451660e-01
5.898118615150451660e-01
1.140530824661254883e+00
1.223536968231201172e+00
1.307128548622131348e+00
9.533717036247253418e-01
7.393498420715332031e-01
1.110239505767822266e+00
7.524503469467163086e-01
9.661599397659301758e-01
5.907143354415893555e-01
5.718944072723388672e-01
1.672393083572387695e-01
1.672393083572387695e-01
1.672393083572387695e-01
1.672393083572387695e-01
4.008528590202331543e-01
4.008528590202331543e-01
4.008528590202331543e-01
4.008528590202331543e-01
4.008528590202331543e-01
3.302252292633056641e-01
1.471324324607849121e+00
1.471324324607849121e+00
1.182749867439270020e+00
1.182749867439270020e+00
1.471182703971862793e+00
1.471182703971862793e+00
1.216461181640625000e+00
1.216461181640625000e+00
5.189679265022277832e-01
5.189679265022277832e-01
5.189679265022277832e-01
5.189679265022277832e-01
5.189679265022277832e-01
5.189679265022277832e-01
6.038184762001037598e-01
6.038184762001037598e-01
1.406036972999572754e+00
1.489161968231201172e+00
4.163323640823364258e-01
4.586493074893951416e-01
4.586493074893951416e-01
1.343338966369628906e+00
1.155054211616516113e+00
1.155054211616516113e+00
7.591273784637451172e-01
1.313963651657104492e+00
5.989012718200683594e-01
5.989012718200683594e-01
1.245662450790405273e+00
1.245662450790405273e+00
1.245662450790405273e+00
7.727521657943725586e-01
6.154716014862060547e-01
6.794056296348571777e-01
6.794056296348571777e-01
1.152225494384765625e+00
9.851061701774597168e-01
9.851061701774597168e-01
1.255169272422790527e+00
7.452623844146728516e-01
7.452623844146728516e-01
7.452623844146728516e-01
1.253978490829467773e+00
4.988679289817810059e-01
4.988679289817810059e-01
1.836541891098022461e-01
1.836541891098022461e-01
1.836541891098022461e-01
1.836541891098022461e-01
7.175331115722656250e-01
9.228146076202392578e-01
9.228146076202392578e-01
9.228146076202392578e-01
2.248011827468872070e-01
2.248011827468872070e-01
2.248011827468872070e-01
5.041610598564147949e-01
5.041610598564147949e-01
5.041610598564147949e-01
1.039847850799560547e+00
1.495798707008361816e+00
1.495798707008361816e+00
1.495798707008361816e+00
1.829322934150695801e+00
1.829322934150695801e+00
1.829322934150695801e+00
1.499316692352294922e+00
1.631342530250549316e+00
1.631342530250549316e+00
1.417702555656433105e+00
1.173189759254455566e+00
1.078305721282958984e+00
5.993751883506774902e-01
1.000465750694274902e+00
1.000465750694274902e+00
1.199519038200378418e+00
1.032270908355712891e+00
1.032270908355712891e+00
5.729413032531738281e-01
5.729413032531738281e-01
5.729413032531738281e-01
5.729413032531738281e-01
6.776703596115112305e-01
2.627063691616058350e-01
2.072625756263732910e-01
2.072625756263732910e-01
2.072625756263732910e-01
2.072625756263732910e-01
9.300673604011535645e-01
9.730550646781921387e-01
1.129229784011840820e+00
1.129229784011840820e+00
1.129229784011840820e+00
1.129229784011840820e+00
1.170627355575561523e+00
1.090185999870300293e+00
1.090185999870300293e+00
9.359890818595886230e-01
9.359890818595886230e-01
9.359890818595886230e-01
9.359890818595886230e-01
1.641001701354980469e+00
1.641001701354980469e+00
1.641001701354980469e+00
1.641001701354980469e+00
1.641001701354980469e+00
1.555155634880065918e+00
1.452529191970825195e+00
5.817108154296875000e-01
5.817108154296875000e-01
5.817108154296875000e-01
1.967146098613739014e-01
1.967146098613739014e-01
3.579819500446319580e-01
3.579819500446319580e-01
4.864735901355743408e-01
4.864735901355743408e-01
4.133103787899017334e-01
4.090938866138458252e-01
4.090938866138458252e-01
9.996615648269653320e-01
9.996615648269653320e-01
9.996615648269653320e-01
3.651806116104125977e-01
5.977247953414916992e-01
7.255771756172180176e-01
7.207491397857666016e-01
4.863269627094268799e-01
4.863269627094268799e-01
4.863269627094268799e-01
4.863269627094268799e-01
9.810309410095214844e-01
5.731241703033447266e-01
6.811299920082092285e-01
5.172142982482910156e-01
7.852791547775268555e-01
5.411864519119262695e-01
4.357279539108276367e-01
2.612520456314086914e-01
1.343205690383911133e+00
1.377042412757873535e+00
1.574612855911254883e+00
1.518389582633972168e+00
1.518389582633972168e+00
1.705620050430297852e+00
1.705620050430297852e+00
1.151958227157592773e+00
9.565021395683288574e-01
1.119121313095092773e+00
1.119121313095092773e+00
9.005233049392700195e-01
3.444473147392272949e-01
6.093355417251586914e-01
6.888365149497985840e-01
8.872699737548828125e-01
8.872699737548828125e-01
8.872699737548828125e-01
8.872699737548828125e-01
5.906329751014709473e-01
9.754704236984252930e-01
9.754704236984252930e-01
6.139787435531616211e-01
6.139787435531616211e-01
6.139787435531616211e-01
6.139787435531616211e-01
6.139787435531616211e-01
6.139787435531616211e-01
6.139787435531616211e-01
2.139755964279174805e+00
2.034919023513793945e+00
2.034919023513793945e+00
2.034919023513793945e+00
2.034919023513793945e+00
2.034919023513793945e+00
2.034919023513793945e+00
2.034919023513793945e+00
1.973738789558410645e+00
1.973738789558410645e+00
1.973738789558410645e+00
1.973738789558410645e+00
1.880222201347351074e+00
1.880222201347351074e+00
1.880222201347351074e+00
1.164776682853698730e+00
1.162189602851867676e+00
1.752488613128662109e+00
1.752488613128662109e+00
1.752488613128662109e+00
8.872447013854980469e-01
3.402616381645202637e-01
3.402616381645202637e-01
6.162958145141601562e-01
7.303913831710815430e-01
9.006055593490600586e-01
9.006055593490600586e-01
3.797321319580078125e-01
1.098043918609619141e+00
1.098043918609619141e+00
1.098043918609619141e+00
1.098043918609619141e+00
8.070750236511230469e-01
4.550189971923828125e-01
4.550189971923828125e-01
4.550189971923828125e-01
4.550189971923828125e-01
9.000555276870727539e-01
9.000555276870727539e-01
9.000555276870727539e-01
7.093506455421447754e-01
7.093506455421447754e-01
7.093506455421447754e-01
1.194083452224731445e+00
1.194083452224731445e+00
5.070918798446655273e-01
5.070918798446655273e-01
2.985464036464691162e-01
2.985464036464691162e-01
2.985464036464691162e-01
2.985464036464691162e-01
5.759067535400390625e-01
1.069766402244567871e+00
1.069766402244567871e+00
1.069766402244567871e+00
1.069766402244567871e+00
5.913840532302856445e-01
7.404782176017761230e-01
6.277252435684204102e-01
7.200049757957458496e-01
9.302868843078613281e-01
9.302868843078613281e-01
1.205587148666381836e+00
1.348903775215148926e+00
2.070428133010864258e-01
2.070428133010864258e-01
1.043679714202880859e+00
1.043679714202880859e+00
9.686497449874877930e-01
9.686497449874877930e-01
8.321316242218017578e-01
7.952661514282226562e-01
7.884421348571777344e-01
7.884421348571777344e-01
7.884421348571777344e-01
8.483670353889465332e-01
6.772441267967224121e-01
8.459489941596984863e-01
8.459489941596984863e-01
1.050665974617004395e+00
1.050665974617004395e+00
6.808490753173828125e-01
1.207062244415283203e+00
1.207062244415283203e+00
1.207062244415283203e+00
6.732572317123413086e-01
4.218119680881500244e-01
4.218119680881500244e-01
4.218119680881500244e-01
9.653471708297729492e-01
9.653471708297729492e-01
8.234691023826599121e-01
8.234691023826599121e-01
8.749438524246215820e-01
8.749438524246215820e-01
8.500989675521850586e-01
8.500989675521850586e-01
9.788136482238769531e-01
9.788136482238769531e-01
2.986553311347961426e-01
2.986553311347961426e-01
2.986553311347961426e-01
8.600882887840270996e-01
9.703574180603027344e-01
9.703574180603027344e-01
2.075988054275512695e-01
2.075988054275512695e-01
1.591330915689468384e-01
1.591330915689468384e-01
8.704891800880432129e-01
8.704891800880432129e-01
1.261191368103027344e+00
4.354618787765502930e-01
4.354618787765502930e-01
8.268668055534362793e-01
1.002368211746215820e+00
1.237849473953247070e+00
1.237849473953247070e+00
9.950681924819946289e-01
6.552250385284423828e-01
1.570547580718994141e+00
1.570547580718994141e+00
1.570547580718994141e+00
1.570547580718994141e+00
6.228476166725158691e-01
6.746358275413513184e-01
4.476127028465270996e-01
4.476127028465270996e-01
3.575415015220642090e-01
1.783033370971679688e+00
9.758201837539672852e-01
9.758201837539672852e-01
5.510401129722595215e-01
5.510401129722595215e-01
5.510401129722595215e-01
7.427407503128051758e-01
7.427407503128051758e-01
7.744489312171936035e-01
9.173439145088195801e-01
9.173439145088195801e-01
9.336090683937072754e-01
1.430683016777038574e+00
1.430683016777038574e+00
9.266603589057922363e-01
1.308066368103027344e+00
1.195644378662109375e+00
7.620780467987060547e-01
5.220688581466674805e-01
4.001830816268920898e-01
5.977078676223754883e-01
2.934251129627227783e-01
2.934251129627227783e-01
2.934251129627227783e-01
6.063319444656372070e-01
6.063319444656372070e-01
3.238315284252166748e-01
7.223467826843261719e-01
7.223467826843261719e-01
7.223467826843261719e-01
7.223467826843261719e-01
4.445341825485229492e-01
4.445341825485229492e-01
1.000533103942871094e+00
1.000533103942871094e+00
1.000533103942871094e+00
8.216626644134521484e-01
1.048909187316894531e+00
9.782931804656982422e-01
9.782931804656982422e-01
9.782931804656982422e-01
9.782931804656982422e-01
8.158951401710510254e-01
4.226093590259552002e-01
4.226093590259552002e-01
5.611058473587036133e-01
7.465752959251403809e-01
8.390783071517944336e-01
8.390783071517944336e-01
8.390783071517944336e-01
3.294357657432556152e-01
2.840692698955535889e-01
2.840692698955535889e-01
5.586227774620056152e-01
9.361652731895446777e-01
9.361652731895446777e-01
1.224496364593505859e+00
3.142007589340209961e-01
3.142007589340209961e-01
4.134736657142639160e-01
4.134736657142639160e-01
5.891137123107910156e-01
3.785496354103088379e-01
1.294341564178466797e+00
8.673195838928222656e-01
8.673195838928222656e-01
5.285413265228271484e-01
5.285413265228271484e-01
5.285413265228271484e-01
1.144506335258483887e+00
4.237306118011474609e-01
4.237306118011474609e-01
4.237306118011474609e-01
3.516731560230255127e-01
3.199340701103210449e-01
6.515505909919738770e-01
6.915167570114135742e-01
6.915167570114135742e-01
1.141219615936279297e+00
1.369141578674316406e+00
1.025002002716064453e+00
8.590623140335083008e-01
8.590623140335083008e-01
8.590623140335083008e-01
8.590623140335083008e-01
4.688080549240112305e-01
4.688080549240112305e-01
4.688080549240112305e-01
8.291754722595214844e-01
5.324410200119018555e-01
5.324410200119018555e-01
5.157399773597717285e-01
5.899924039840698242e-01
1.145316481590270996e+00
1.145316481590270996e+00
9.242123365402221680e-01
9.242123365402221680e-01
9.095149040222167969e-01
9.095149040222167969e-01
4.955507814884185791e-01
4.955507814884185791e-01
4.955507814884185791e-01
5.940930247306823730e-01
5.156759023666381836e-01
5.156759023666381836e-01
7.954883575439453125e-01
7.215301394462585449e-01
6.728312969207763672e-01
6.228545904159545898e-01
8.615393638610839844e-01
1.023334264755249023e+00
1.153102040290832520e+00
1.153102040290832520e+00
1.153102040290832520e+00
1.020657777786254883e+00
1.184891939163208008e+00
6.931564807891845703e-01
6.401799321174621582e-01
7.139899134635925293e-01
7.139899134635925293e-01
1.359363317489624023e+00
1.564040780067443848e+00
1.564040780067443848e+00
1.589465379714965820e+00
1.589465379714965820e+00
1.589465379714965820e+00
8.543052077293395996e-01
8.543052077293395996e-01
8.846973776817321777e-01
8.846973776817321777e-01
8.846973776817321777e-01
1.289962291717529297e+00
1.289962291717529297e+00
1.127954602241516113e+00
8.774608373641967773e-01
4.351284205913543701e-01
7.736188769340515137e-01
5.874135494232177734e-01
5.874135494232177734e-01
5.874135494232177734e-01
4.799101948738098145e-01
4.799101948738098145e-01
4.799101948738098145e-01
7.087613344192504883e-01
1.496259808540344238e+00
1.322866559028625488e+00
1.403659105300903320e+00
1.403659105300903320e+00
1.479519248008728027e+00
2.228274345397949219e+00
1.106154084205627441e+00
1.651028156280517578e+00
1.789452910423278809e+00
1.588511466979980469e+00
1.206798076629638672e+00
7.705736160278320312e-01
8.201002478599548340e-01
1.132015228271484375e+00
1.132015228271484375e+00
8.619937896728515625e-01
7.541019320487976074e-01
9.781970977783203125e-01
1.455061197280883789e+00
1.429310917854309082e+00
1.429310917854309082e+00
1.454399585723876953e+00
2.700996398925781250e-01
2.700996398925781250e-01
6.941703557968139648e-01
4.528916478157043457e-01
5.722829699516296387e-01
5.722829699516296387e-01
5.722829699516296387e-01
9.155206680297851562e-01
9.155206680297851562e-01
9.009393453598022461e-01
1.127182006835937500e+00
1.127182006835937500e+00
1.127182006835937500e+00
9.946514368057250977e-01
1.011942386627197266e+00
1.011942386627197266e+00
8.287680745124816895e-01
8.287680745124816895e-01
6.909170150756835938e-01
2.567732930183410645e-01
3.975355625152587891e-01
6.967957019805908203e-01
6.967957019805908203e-01
6.967957019805908203e-01
1.016486883163452148e+00
6.421159505844116211e-01
1.187447547912597656e+00
1.187447547912597656e+00
1.187447547912597656e+00
1.187447547912597656e+00
1.187447547912597656e+00
2.091010808944702148e-01
1.883238404989242554e-01
1.883238404989242554e-01
1.298336535692214966e-01
4.520667195320129395e-01
4.520667195320129395e-01
1.238755702972412109e+00
7.138354182243347168e-01
7.138354182243347168e-01
8.601943254470825195e-01
9.605538249015808105e-01
6.518601179122924805e-01
5.032593011856079102e-01
1.399215340614318848e+00
1.399215340614318848e+00
1.399215340614318848e+00
1.053346753120422363e+00
4.458710551261901855e-01
7.282645702362060547e-01
7.282645702362060547e-01
7.282645702362060547e-01
7.282645702362060547e-01
1.412452697753906250e+00
8.736609220504760742e-01
8.736609220504760742e-01
8.736609220504760742e-01
1.035036206245422363e+00
1.067563652992248535e+00
1.067563652992248535e+00
1.067563652992248535e+00
1.067563652992248535e+00
1.257787585258483887e+00
1.221397280693054199e+00
1.928182244300842285e+00
1.928182244300842285e+00
1.928182244300842285e+00
1.928182244300842285e+00
1.928182244300842285e+00
1.864190220832824707e+00
1.864190220832824707e+00
1.968671441078186035e+00
1.566082715988159180e+00
1.566082715988159180e+00
1.566082715988159180e+00
1.566082715988159180e+00
1.266571760177612305e+00
1.036514639854431152e+00
1.908964872360229492e+00
1.908964872360229492e+00
1.835014462471008301e+00
2.298329591751098633e+00
2.298329591751098633e+00
1.540798544883728027e+00
1.198460578918457031e+00
1.239293336868286133e+00
1.239293336868286133e+00
1.239293336868286133e+00
9.707984924316406250e-01
4.834891855716705322e-01
4.834891855716705322e-01
4.834891855716705322e-01
1.439105510711669922e+00
1.439105510711669922e+00
5.778269767761230469e-01
8.997132182121276855e-01
8.997132182121276855e-01
8.997132182121276855e-01
8.997132182121276855e-01
9.908615350723266602e-01
9.908615350723266602e-01
9.908615350723266602e-01
2.506477832794189453e-01
2.506477832794189453e-01
1.989998817443847656e-01
1.493318319320678711e+00
1.493318319320678711e+00
2.088075160980224609e+00
1.579045772552490234e+00
1.391690611839294434e+00
1.391690611839294434e+00
1.391690611839294434e+00
6.711298823356628418e-01
6.711298823356628418e-01
6.039072871208190918e-01
6.039072871208190918e-01
6.762667894363403320e-01
6.762667894363403320e-01
8.021749854087829590e-01
7.383254170417785645e-01
7.383254170417785645e-01
7.383254170417785645e-01
7.383254170417785645e-01
7.383254170417785645e-01
7.383254170417785645e-01
7.383254170417785645e-01
7.383254170417785645e-01
7.383254170417785645e-01
1.416239023208618164e+00
1.416239023208618164e+00
1.416239023208618164e+00
3.709119558334350586e-01
6.690518856048583984e-01
6.690518856048583984e-01
6.690518856048583984e-01
6.690518856048583984e-01
6.690518856048583984e-01
6.690518856048583984e-01
6.317368745803833008e-01
8.013166189193725586e-01
8.013166189193725586e-01
8.013166189193725586e-01
8.013166189193725586e-01
7.639411687850952148e-01
1.151277065277099609e+00
1.506811261177062988e+00
1.426755547523498535e+00
1.032617092132568359e+00
9.709737300872802734e-01
1.209126234054565430e+00
1.897477626800537109e+00
2.003451347351074219e+00
2.096818447113037109e+00
2.096818447113037109e+00
1.829561352729797363e+00
1.437170028686523438e+00
1.437170028686523438e+00
1.013793110847473145e+00
8.307753801345825195e-01
7.443671226501464844e-01
7.443671226501464844e-01
9.312104582786560059e-01
1.061536908149719238e+00
8.102344274520874023e-01
8.102344274520874023e-01
5.587520599365234375e-01
3.958084583282470703e-01
3.958084583282470703e-01
2.743038237094879150e-01
2.966713607311248779e-01
2.966713607311248779e-01
9.334288835525512695e-01
9.334288835525512695e-01
9.334288835525512695e-01
1.278136014938354492e+00
1.278136014938354492e+00
7.771643996238708496e-01
7.771643996238708496e-01
7.394529581069946289e-01
7.394529581069946289e-01
6.482424736022949219e-01
6.482424736022949219e-01
6.482424736022949219e-01
5.314648151397705078e-01
5.314648151397705078e-01
1.312567234039306641e+00
1.312567234039306641e+00
1.312567234039306641e+00
1.312567234039306641e+00
1.312567234039306641e+00
1.312567234039306641e+00
7.750363349914550781e-01
9.826563596725463867e-01
9.826563596725463867e-01
8.893801569938659668e-01
8.893801569938659668e-01
8.893801569938659668e-01
1.259713411331176758e+00
1.259713411331176758e+00
1.259713411331176758e+00
1.087980151176452637e+00
1.087980151176452637e+00
1.087980151176452637e+00
1.087980151176452637e+00
1.552784800529479980e+00
1.552784800529479980e+00
1.552784800529479980e+00
2.007338762283325195e+00
2.007338762283325195e+00
2.007338762283325195e+00
2.007338762283325195e+00
1.463686943054199219e+00
9.667805433273315430e-01
8.905534148216247559e-01
1.955735087394714355e-01
1.955735087394714355e-01
1.106874704360961914e+00
1.106874704360961914e+00
5.348826050758361816e-01
5.348826050758361816e-01
5.348826050758361816e-01
1.129046201705932617e+00
1.129046201705932617e+00
1.129046201705932617e+00
1.237937927246093750e+00
1.237937927246093750e+00
1.237937927246093750e+00
1.237937927246093750e+00
6.164513826370239258e-01
9.017875194549560547e-01
9.017875194549560547e-01
9.017875194549560547e-01
1.861032485961914062e+00
1.133515119552612305e+00
1.054885029792785645e+00
2.777877449989318848e-01
2.777877449989318848e-01
2.777877449989318848e-01
2.777877449989318848e-01
2.777877449989318848e-01
8.003445267677307129e-01
9.617803096771240234e-01
9.748649597167968750e-01
9.939289689064025879e-01
1.106464028358459473e+00
1.053921222686767578e+00
7.526140213012695312e-01
7.831910848617553711e-01
8.744431734085083008e-01
8.744431734085083008e-01
4.151794910430908203e-01
2.754382193088531494e-01
6.722028255462646484e-01
6.678332090377807617e-01
6.678332090377807617e-01
6.678332090377807617e-01
3.440015614032745361e-01
3.440015614032745361e-01
3.440015614032745361e-01
5.591820478439331055e-01
5.831269621849060059e-01
5.831269621849060059e-01
3.808815479278564453e-01
1.252520561218261719e+00
1.252520561218261719e+00
1.252520561218261719e+00
7.988708615303039551e-01
7.988708615303039551e-01
7.988708615303039551e-01
1.080317258834838867e+00
1.324472546577453613e+00
1.324472546577453613e+00
9.509794116020202637e-01
9.262063503265380859e-01
9.262063503265380859e-01
2.495904564857482910e-01
2.495904564857482910e-01
2.495904564857482910e-01
5.048469305038452148e-01
5.048469305038452148e-01
5.048469305038452148e-01
5.048469305038452148e-01
5.048469305038452148e-01
5.048469305038452148e-01
5.048469305038452148e-01
5.048469305038452148e-01
5.048469305038452148e-01
1.131842970848083496e+00
4.271243810653686523e-01
6.495447754859924316e-01
7.815424203872680664e-01
4.694232940673828125e-01
5.911672711372375488e-01
5.911672711372375488e-01
9.047558307647705078e-01
9.047558307647705078e-01
9.047558307647705078e-01
9.047558307647705078e-01
9.047558307647705078e-01
9.047558307647705078e-01
9.047558307647705078e-01
7.755103111267089844e-01
2.619260549545288086e-01
2.619260549545288086e-01
1.058837175369262695e+00
1.058837175369262695e+00
5.883651971817016602e-01
4.548480510711669922e-01
8.577057123184204102e-01
5.502920746803283691e-01
5.502920746803283691e-01
6.000279188156127930e-01
6.000279188156127930e-01
6.000279188156127930e-01
6.000279188156127930e-01
8.712594509124755859e-01
9.542291760444641113e-01
9.542291760444641113e-01
9.542291760444641113e-01
9.542291760444641113e-01
9.542291760444641113e-01
9.542291760444641113e-01
5.968984365463256836e-01
5.968984365463256836e-01
5.161240100860595703e-01
2.434802353382110596e-01
2.434802353382110596e-01
2.434802353382110596e-01
2.434802353382110596e-01
3.330823779106140137e-01
4.491817355155944824e-01
4.491817355155944824e-01
6.379668116569519043e-01
6.379668116569519043e-01
8.228628039360046387e-01
7.033061981201171875e-01
7.033061981201171875e-01
7.033061981201171875e-01
7.033061981201171875e-01
7.033061981201171875e-01
8.178804516792297363e-01
1.470327138900756836e+00
5.454567074775695801e-01
5.454567074775695801e-01
5.378245115280151367e-01
5.609222650527954102e-01
8.877925872802734375e-01
9.184195399284362793e-01
9.184195399284362793e-01
9.184195399284362793e-01
9.184195399284362793e-01
9.184195399284362793e-01
9.562956094741821289e-01
9.562956094741821289e-01
7.217724323272705078e-01
5.078192353248596191e-01
4.020479023456573486e-01
8.203449249267578125e-01
4.100357294082641602e-01
1.445930838584899902e+00
8.379826545715332031e-01
8.379826545715332031e-01
8.379826545715332031e-01
8.379826545715332031e-01
1.501909375190734863e+00
1.443941235542297363e+00
1.443941235542297363e+00
1.331962943077087402e+00
5.965509414672851562e-01
5.965509414672851562e-01
5.965509414672851562e-01
5.965509414672851562e-01
1.014976978302001953e+00
1.008992195129394531e+00
1.008992195129394531e+00
1.008992195129394531e+00
8.043084144592285156e-01
7.030038833618164062e-01
3.559188246726989746e-01
3.559188246726989746e-01
3.559188246726989746e-01
3.559188246726989746e-01
1.270030975341796875e+00
7.500578761100769043e-01
7.500578761100769043e-01
7.500578761100769043e-01
6.387406587600708008e-01
5.687481760978698730e-01
5.687481760978698730e-01
5.687481760978698730e-01
5.687481760978698730e-01
1.154207944869995117e+00
1.127959966659545898e+00
1.320364236831665039e+00
4.434431791305541992e-01
4.639166593551635742e-01
4.639166593551635742e-01
4.639166593551635742e-01
1.392229795455932617e+00
1.177838683128356934e+00
1.073385953903198242e+00
1.073385953903198242e+00
1.291407585144042969e+00
1.739491105079650879e+00
1.739491105079650879e+00
1.190770864486694336e+00
6.849181652069091797e-01
6.849181652069091797e-01
5.319451093673706055e-01
1.378031730651855469e+00
1.217675805091857910e+00
1.194420695304870605e+00
1.194420695304870605e+00
1.194420695304870605e+00
3.638938665390014648e-01
5.532090067863464355e-01
5.532090067863464355e-01
5.532090067863464355e-01
5.532090067863464355e-01
5.532090067863464355e-01
3.300226032733917236e-01
1.429318636655807495e-01
6.452675461769104004e-01
6.452675461769104004e-01
1.194554567337036133e+00
1.194554567337036133e+00
1.352358698844909668e+00
1.352358698844909668e+00
1.352358698844909668e+00
8.022306561470031738e-01
8.022306561470031738e-01
1.282222867012023926e+00
1.282222867012023926e+00
1.385924458503723145e+00
1.361385941505432129e+00
6.242287158966064453e-01
1.384208679199218750e+00
1.384208679199218750e+00
1.384208679199218750e+00
1.263453006744384766e+00
1.263453006744384766e+00
1.263453006744384766e+00
6.644346117973327637e-01
8.740744590759277344e-01
7.202478647232055664e-01
7.202478647232055664e-01
7.202478647232055664e-01
7.997854948043823242e-01
7.997854948043823242e-01
7.997854948043823242e-01
1.072432279586791992e+00
1.072432279586791992e+00
1.072432279586791992e+00
1.072432279586791992e+00
1.072432279586791992e+00
1.165158271789550781e+00
1.165158271789550781e+00
1.270279884338378906e+00
1.270279884338378906e+00
1.270279884338378906e+00
1.270279884338378906e+00
1.288578510284423828e+00
1.288578510284423828e+00
1.288578510284423828e+00
8.074325323104858398e-01
3.660989403724670410e-01
1.970895975828170776e-01
5.503127574920654297e-01
5.503127574920654297e-01
3.519358038902282715e-01
3.519358038902282715e-01
3.519358038902282715e-01
3.519358038902282715e-01
1.168869137763977051e-01
1.516561359167098999e-01
8.228617906570434570e-01
8.228617906570434570e-01
1.998448967933654785e-01
3.278393149375915527e-01
3.278393149375915527e-01
3.278393149375915527e-01
1.058669090270996094e+00
5.506746172904968262e-01
5.506746172904968262e-01
5.506746172904968262e-01
7.523797750473022461e-01
7.523797750473022461e-01
7.523797750473022461e-01
6.567847728729248047e-01
3.975850343704223633e-01
5.929255485534667969e-01
1.000489592552185059e+00
1.190896511077880859e+00
1.190896511077880859e+00
1.628075361251831055e+00
1.400648236274719238e+00
1.400648236274719238e+00
1.337888956069946289e+00
1.337888956069946289e+00
3.291084766387939453e-01
3.291084766387939453e-01
3.291084766387939453e-01
4.208777248859405518e-01
4.208777248859405518e-01
4.208777248859405518e-01
4.208777248859405518e-01
5.220166444778442383e-01
5.785757303237915039e-01
7.365179061889648438e-01
1.097159266471862793e+00
1.097159266471862793e+00
1.097159266471862793e+00
1.048309445381164551e+00
1.161042213439941406e+00
8.849582076072692871e-01
8.849582076072692871e-01
8.849582076072692871e-01
8.849582076072692871e-01
1.764224886894226074e+00
1.036800742149353027e+00
8.055569529533386230e-01
8.055569529533386230e-01
6.549233794212341309e-01
6.549233794212341309e-01
6.549233794212341309e-01
5.340247154235839844e-01
5.340247154235839844e-01
9.203138351440429688e-01
8.282320499420166016e-01
5.367624759674072266e-01
5.367624759674072266e-01
4.086956679821014404e-01
1.138395786285400391e+00
1.530096650123596191e+00
1.530096650123596191e+00
1.530096650123596191e+00
1.493749380111694336e+00
1.493749380111694336e+00
1.493749380111694336e+00
1.298225760459899902e+00
1.170218706130981445e+00
7.062624096870422363e-01
7.062624096870422363e-01
7.062624096870422363e-01
7.062624096870422363e-01
7.062624096870422363e-01
4.985066056251525879e-01
1.037268161773681641e+00
1.037268161773681641e+00
1.037268161773681641e+00
1.109198212623596191e+00
1.109198212623596191e+00
7.111489772796630859e-01
6.334791779518127441e-01
6.479650139808654785e-01
6.479650139808654785e-01
6.479650139808654785e-01
3.511156439781188965e-01
3.511156439781188965e-01
2.233013063669204712e-01
2.471280694007873535e-01
1.648356467485427856e-01
1.648356467485427856e-01
5.957658886909484863e-01
7.251555323600769043e-01
7.251555323600769043e-01
9.253358840942382812e-01
9.195548295974731445e-01
9.195548295974731445e-01
1.124057531356811523e+00
1.124057531356811523e+00
1.124057531356811523e+00
1.124057531356811523e+00
1.045711040496826172e+00
7.857030630111694336e-01
6.656852960586547852e-01
1.837070941925048828e+00
7.519519329071044922e-01
7.519519329071044922e-01
7.519519329071044922e-01
7.519519329071044922e-01
1.094565391540527344e+00
9.197539687156677246e-01
7.762829661369323730e-01
7.762829661369323730e-01
7.762829661369323730e-01
7.762829661369323730e-01
1.010303854942321777e+00
1.189210414886474609e+00
1.339673876762390137e+00
1.147369027137756348e+00
1.147369027137756348e+00
6.467995047569274902e-01
6.467995047569274902e-01
4.451300501823425293e-01
4.451300501823425293e-01
4.451300501823425293e-01
6.670131683349609375e-01
1.205909013748168945e+00
1.205909013748168945e+00
1.179636836051940918e+00
1.179636836051940918e+00
1.179636836051940918e+00
1.196107506752014160e+00
1.196107506752014160e+00
1.392542839050292969e+00
1.503591775894165039e+00
1.503591775894165039e+00
6.485497355461120605e-01
4.025017023086547852e-01
4.025017023086547852e-01
6.630842685699462891e-01
9.545671939849853516e-01
5.917254090309143066e-01
5.917254090309143066e-01
5.917254090309143066e-01
5.917254090309143066e-01
5.917254090309143066e-01
5.917254090309143066e-01
1.388520240783691406e+00
4.891687035560607910e-01
5.394481420516967773e-01
5.394481420516967773e-01
5.394481420516967773e-01
5.394481420516967773e-01
1.022625446319580078e+00
1.122898578643798828e+00
1.122898578643798828e+00
1.845868825912475586e-01
2.889747917652130127e-01
1.182103991508483887e+00
1.362256407737731934e+00
1.504006624221801758e+00
1.387515425682067871e+00
1.387515425682067871e+00
1.387515425682067871e+00
7.800593376159667969e-01
7.800593376159667969e-01
7.800593376159667969e-01
7.800593376159667969e-01
4.144603610038757324e-01
4.144603610038757324e-01
4.144603610038757324e-01
4.144603610038757324e-01
4.144603610038757324e-01
4.806603193283081055e-01
4.806603193283081055e-01
4.806603193283081055e-01
3.247975111007690430e-01
1.139634609222412109e+00
9.422709941864013672e-01
9.422709941864013672e-01
4.640311300754547119e-01
8.601834177970886230e-01
9.883118867874145508e-01
1.068647980690002441e+00
1.095143318176269531e+00
8.988797664642333984e-01
3.296869397163391113e-01
1.439203739166259766e+00
1.439203739166259766e+00
1.080198049545288086e+00
1.183505892753601074e+00
1.244657635688781738e+00
7.764415144920349121e-01
7.764415144920349121e-01
7.764415144920349121e-01
7.764415144920349121e-01
7.764415144920349121e-01
7.764415144920349121e-01
7.764415144920349121e-01
7.764415144920349121e-01
7.301838397979736328e-01
7.135019302368164062e-01
8.271514773368835449e-01
8.271514773368835449e-01
8.271514773368835449e-01
8.271514773368835449e-01
1.750148534774780273e+00
1.750148534774780273e+00
1.750148534774780273e+00
1.750148534774780273e+00
1.812484622001647949e+00
1.812484622001647949e+00
1.689710974693298340e+00
1.689710974693298340e+00
1.779919743537902832e+00
1.779919743537902832e+00
2.165085315704345703e+00
2.165085315704345703e+00
1.903692364692687988e+00
2.305439710617065430e+00
2.305439710617065430e+00
2.305439710617065430e+00
2.305439710617065430e+00
1.902000665664672852e+00
7.279412746429443359e-01
7.279412746429443359e-01
7.279412746429443359e-01
4.862369596958160400e-01
1.212470293045043945e+00
6.193252801895141602e-01
8.112198114395141602e-01
5.572128295898437500e-01
5.572128295898437500e-01
5.572128295898437500e-01
5.572128295898437500e-01
5.204103589057922363e-01
3.928763270378112793e-01
1.131713151931762695e+00
1.131713151931762695e+00
1.005133867263793945e+00
4.642259478569030762e-01
4.642259478569030762e-01
1.331659853458404541e-01
1.478642672300338745e-01
1.478642672300338745e-01
1.272634118795394897e-01
1.272634118795394897e-01
2.416009902954101562e-01
1.134790182113647461e+00
1.101871609687805176e+00
5.524711608886718750e-01
1.102379202842712402e+00
9.289600849151611328e-01
1.587968826293945312e+00
1.587968826293945312e+00
1.915972471237182617e+00
