4.366420805454254150e-01
4.366420805454254150e-01
6.890586614608764648e-01
6.890586614608764648e-01
6.890586614608764648e-01
6.890586614608764648e-01
6.890586614608764648e-01
6.890586614608764648e-01
6.890586614608764648e-01
6.890586614608764648e-01
6.890586614608764648e-01
1.047619581222534180e+00
1.047619581222534180e+00
1.047619581222534180e+00
1.047619581222534180e+00
8.424604535102844238e-01
8.424604535102844238e-01
1.563621640205383301e+00
1.431100606918334961e+00
3.116005659103393555e-01
3.116005659103393555e-01
7.557420730590820312e-01
7.557420730590820312e-01
7.557420730590820312e-01
7.557420730590820312e-01
7.557420730590820312e-01
7.557420730590820312e-01
7.557420730590820312e-01
7.557420730590820312e-01
4.076851606369018555e-01
4.076851606369018555e-01
4.076851606369018555e-01
6.142318248748779297e-01
6.142318248748779297e-01
8.914089202880859375e-01
9.286656379699707031e-01
9.286656379699707031e-01
9.286656379699707031e-01
9.286656379699707031e-01
9.286656379699707031e-01
9.286656379699707031e-01
9.286656379699707031e-01
9.286656379699707031e-01
9.286656379699707031e-01
9.286656379699707031e-01
9.286656379699707031e-01
9.286656379699707031e-01
2.781436443328857422e-01
2.781436443328857422e-01
6.257795095443725586e-01
1.515305757522583008e+00
1.515305757522583008e+00
5.247610211372375488e-01
5.282449722290039062e-01
8.012902736663818359e-01
7.639467716217041016e-01
7.639467716217041016e-01
1.093721270561218262e+00
1.093721270561218262e+00
1.539177179336547852e+00
1.539177179336547852e+00
1.539177179336547852e+00
1.539177179336547852e+00
1.539177179336547852e+00
1.539177179336547852e+00
1.539177179336547852e+00
1.501858592033386230e+00
1.501858592033386230e+00
1.568863749504089355e+00
5.853304862976074219e-01
5.853304862976074219e-01
5.853304862976074219e-01
5.391282439231872559e-01
1.056193113327026367e+00
1.056193113327026367e+00
1.056193113327026367e+00
1.056193113327026367e+00
7.097169160842895508e-01
7.097169160842895508e-01
1.008551836013793945e+00
1.008551836013793945e+00
1.008551836013793945e+00
1.008551836013793945e+00
1.008551836013793945e+00
2.818334698677062988e-01
2.818334698677062988e-01
1.290752172470092773e+00
1.290752172470092773e+00
1.290752172470092773e+00
1.290752172470092773e+00
1.897051572799682617e+00
2.280376195907592773e+00
2.280376195907592773e+00
2.280376195907592773e+00
2.146209716796875000e+00
2.146209716796875000e+00
2.146209716796875000e+00
4.197853803634643555e-01
4.197853803634643555e-01
3.549518287181854248e-01
3.549518287181854248e-01
3.988568186759948730e-01
3.988568186759948730e-01
8.216474056243896484e-01
8.216474056243896484e-01
8.216474056243896484e-01
8.216474056243896484e-01
8.216474056243896484e-01
8.216474056243896484e-01
6.806759238243103027e-01
6.806759238243103027e-01
6.806759238243103027e-01
7.340700030326843262e-01
9.919339418411254883e-01
9.919339418411254883e-01
1.386732816696166992e+00
6.552873849868774414e-01
2.710965275764465332e-01
2.710965275764465332e-01
6.658957004547119141e-01
1.015109181404113770e+00
1.015109181404113770e+00
1.304370045661926270e+00
1.468616247177124023e+00
1.468616247177124023e+00
1.468616247177124023e+00
1.362557649612426758e+00
7.764402627944946289e-01
7.764402627944946289e-01
7.764402627944946289e-01
7.764402627944946289e-01
7.764402627944946289e-01
7.764402627944946289e-01
6.294410228729248047e-01
6.294410228729248047e-01
6.294410228729248047e-01
9.365767240524291992e-01
4.182458519935607910e-01
4.182458519935607910e-01
1.307878494262695312e+00
1.307878494262695312e+00
1.307878494262695312e+00
1.307878494262695312e+00
1.307878494262695312e+00
1.307878494262695312e+00
1.307878494262695312e+00
1.307878494262695312e+00
1.682327389717102051e+00
4.624410867691040039e-01
4.624410867691040039e-01
9.963631629943847656e-01
7.339448928833007812e-01
7.339448928833007812e-01
7.339448928833007812e-01
7.339448928833007812e-01
7.339448928833007812e-01
7.339448928833007812e-01
7.339448928833007812e-01
7.339448928833007812e-01
5.105776190757751465e-01
5.105776190757751465e-01
5.105776190757751465e-01
5.105776190757751465e-01
5.105776190757751465e-01
1.010792136192321777e+00
1.010792136192321777e+00
1.010792136192321777e+00
8.053004145622253418e-01
8.053004145622253418e-01
1.055354356765747070e+00
1.055354356765747070e+00
6.693336367607116699e-01
6.693336367607116699e-01
6.693336367607116699e-01
6.693336367607116699e-01
5.671282410621643066e-01
5.671282410621643066e-01
7.716624140739440918e-01
1.682569980621337891e-01
4.663795232772827148e-01
1.069535374641418457e+00
7.546836733818054199e-01
7.546836733818054199e-01
1.284693479537963867e-01
1.284693479537963867e-01
1.444607734680175781e+00
3.132441043853759766e-01
9.386808872222900391e-01
9.386808872222900391e-01
9.386808872222900391e-01
9.386808872222900391e-01
1.356432437896728516e+00
1.356432437896728516e+00
1.356432437896728516e+00
1.356432437896728516e+00
1.688198566436767578e+00
1.688198566436767578e+00
6.563688516616821289e-01
4.117173552513122559e-01
4.117173552513122559e-01
1.029997587203979492e+00
1.029997587203979492e+00
2.195259332656860352e+00
2.246032238006591797e+00
1.891069412231445312e-01
1.891069412231445312e-01
1.891069412231445312e-01
5.570433139801025391e-01
5.570433139801025391e-01
5.570433139801025391e-01
5.570433139801025391e-01
1.002001523971557617e+00
1.002001523971557617e+00
4.870049357414245605e-01
2.830615639686584473e-01
2.830615639686584473e-01
2.830615639686584473e-01
7.227084636688232422e-01
7.227084636688232422e-01
7.152017354965209961e-01
1.021229267120361328e+00
3.154563903808593750e-01
6.032310128211975098e-01
6.032310128211975098e-01
6.032310128211975098e-01
6.032310128211975098e-01
6.032310128211975098e-01
6.032310128211975098e-01
6.032310128211975098e-01
6.032310128211975098e-01
6.032310128211975098e-01
6.032310128211975098e-01
6.032310128211975098e-01
6.032310128211975098e-01
6.032310128211975098e-01
6.032310128211975098e-01
2.679808437824249268e-01
2.679808437824249268e-01
2.679808437824249268e-01
2.679808437824249268e-01
2.679808437824249268e-01
2.679808437824249268e-01
5.277965068817138672e-01
9.451720118522644043e-01
9.451720118522644043e-01
9.451720118522644043e-01
1.274651050567626953e+00
1.452275037765502930e+00
1.452275037765502930e+00
1.237779736518859863e+00
1.168934226036071777e+00
1.141457080841064453e+00
1.141457080841064453e+00
1.141457080841064453e+00
1.141457080841064453e+00
4.964772462844848633e-01
4.964772462844848633e-01
7.080571055412292480e-01
7.080571055412292480e-01
7.080571055412292480e-01
7.080571055412292480e-01
7.080571055412292480e-01
7.080571055412292480e-01
7.080571055412292480e-01
1.260655760765075684e+00
4.943095445632934570e-01
3.489250540733337402e-01
3.489250540733337402e-01
3.489250540733337402e-01
3.489250540733337402e-01
3.489250540733337402e-01
3.489250540733337402e-01
3.489250540733337402e-01
5.591965913772583008e-01
5.591965913772583008e-01
8.875739574432373047e-01
8.875739574432373047e-01
1.189566850662231445e+00
1.304732084274291992e+00
1.304732084274291992e+00
1.304732084274291992e+00
8.688726425170898438e-01
8.688726425170898438e-01
8.688726425170898438e-01
8.688726425170898438e-01
1.238002538681030273e+00
1.238002538681030273e+00
1.238002538681030273e+00
1.238002538681030273e+00
1.238002538681030273e+00
1.322434663772583008e+00
1.322434663772583008e+00
1.322434663772583008e+00
1.322434663772583008e+00
1.080057501792907715e+00
1.080057501792907715e+00
1.505727529525756836e+00
1.505727529525756836e+00
3.201532363891601562e-01
3.201532363891601562e-01
3.201532363891601562e-01
3.201532363891601562e-01
3.201532363891601562e-01
1.637396931648254395e+00
1.637396931648254395e+00
1.637396931648254395e+00
1.561851859092712402e+00
1.561851859092712402e+00
1.836820006370544434e+00
1.836820006370544434e+00
1.836820006370544434e+00
1.836820006370544434e+00
1.836820006370544434e+00
1.836820006370544434e+00
2.670130729675292969e-01
2.670130729675292969e-01
2.670130729675292969e-01
2.670130729675292969e-01
3.140313625335693359e-01
3.140313625335693359e-01
3.140313625335693359e-01
3.140313625335693359e-01
3.140313625335693359e-01
3.140313625335693359e-01
8.770577311515808105e-01
1.151781797409057617e+00
1.151781797409057617e+00
1.795233964920043945e+00
1.795233964920043945e+00
1.795233964920043945e+00
1.795233964920043945e+00
1.795233964920043945e+00
5.615015029907226562e-01
5.615015029907226562e-01
5.615015029907226562e-01
8.342853784561157227e-01
8.342853784561157227e-01
8.342853784561157227e-01
9.730100631713867188e-01
9.730100631713867188e-01
9.730100631713867188e-01
9.730100631713867188e-01
9.730100631713867188e-01
9.730100631713867188e-01
1.535046815872192383e+00
8.709141016006469727e-01
1.402166128158569336e+00
1.402166128158569336e+00
1.402166128158569336e+00
1.587023138999938965e+00
1.587023138999938965e+00
8.868007659912109375e-01
1.316948294639587402e+00
1.316948294639587402e+00
1.404557943344116211e+00
1.223010063171386719e+00
1.275352001190185547e+00
1.275352001190185547e+00
1.058067679405212402e+00
1.058067679405212402e+00
1.058067679405212402e+00
1.058067679405212402e+00
1.083993792533874512e+00
1.083993792533874512e+00
1.083993792533874512e+00
1.083993792533874512e+00
1.083993792533874512e+00
1.353750705718994141e+00
3.803973793983459473e-01
1.258131980895996094e+00
1.258131980895996094e+00
1.258131980895996094e+00
1.258131980895996094e+00
1.348838567733764648e+00
7.311503291130065918e-01
1.213774800300598145e+00
1.213774800300598145e+00
1.213774800300598145e+00
1.213774800300598145e+00
1.213774800300598145e+00
1.213774800300598145e+00
8.600956201553344727e-01
1.458414077758789062e+00
1.129613995552062988e+00
2.058934211730957031e+00
3.199919462203979492e-01
3.199919462203979492e-01
5.652912855148315430e-01
5.652912855148315430e-01
5.652912855148315430e-01
5.652912855148315430e-01
5.999988317489624023e-01
1.051733970642089844e+00
1.051733970642089844e+00
1.051733970642089844e+00
1.051733970642089844e+00
1.690911054611206055e+00
1.690911054611206055e+00
1.933898687362670898e+00
7.301483154296875000e-01
7.301483154296875000e-01
7.301483154296875000e-01
3.280257880687713623e-01
3.280257880687713623e-01
3.280257880687713623e-01
3.280257880687713623e-01
1.848605751991271973e+00
1.848605751991271973e+00
1.294077038764953613e+00
1.294077038764953613e+00
1.770442008972167969e+00
1.770442008972167969e+00
7.148761749267578125e-01
7.148761749267578125e-01
7.148761749267578125e-01
5.991065502166748047e-01
5.991065502166748047e-01
5.991065502166748047e-01
5.991065502166748047e-01
8.699344396591186523e-01
1.933261156082153320e-01
1.933261156082153320e-01
5.840579271316528320e-01
5.840579271316528320e-01
3.309378921985626221e-01
1.030120611190795898e+00
1.030120611190795898e+00
1.337114691734313965e+00
5.836021900177001953e-01
5.836021900177001953e-01
5.836021900177001953e-01
5.836021900177001953e-01
1.290194153785705566e+00
1.290194153785705566e+00
1.290194153785705566e+00
1.290194153785705566e+00
1.290194153785705566e+00
1.290194153785705566e+00
1.120083212852478027e+00
1.120083212852478027e+00
7.174270153045654297e-01
7.174270153045654297e-01
7.174270153045654297e-01
7.174270153045654297e-01
3.376933336257934570e-01
3.376933336257934570e-01
3.376933336257934570e-01
4.248039722442626953e-01
2.857575416564941406e-01
8.193042874336242676e-01
8.193042874336242676e-01
8.193042874336242676e-01
8.319339752197265625e-01
5.974087119102478027e-01
1.091595888137817383e+00
5.331770777702331543e-01
5.864177942276000977e-01
5.864177942276000977e-01
5.864177942276000977e-01
5.864177942276000977e-01
5.864177942276000977e-01
5.864177942276000977e-01
5.864177942276000977e-01
5.864177942276000977e-01
8.040617108345031738e-01
8.040617108345031738e-01
1.424213886260986328e+00
5.131779909133911133e-01
5.131779909133911133e-01
7.208303809165954590e-01
1.209436893463134766e+00
1.209436893463134766e+00
1.118677258491516113e+00
4.905084371566772461e-01
4.905084371566772461e-01
4.905084371566772461e-01
6.386607289314270020e-01
4.410072863101959229e-01
4.410072863101959229e-01
4.410072863101959229e-01
4.410072863101959229e-01
4.410072863101959229e-01
4.410072863101959229e-01
1.046377182006835938e+00
1.046377182006835938e+00
1.642310619354248047e+00
1.642310619354248047e+00
1.688828468322753906e+00
1.688828468322753906e+00
1.688828468322753906e+00
1.688828468322753906e+00
1.688828468322753906e+00
1.688828468322753906e+00
1.404863357543945312e+00
1.218898773193359375e+00
1.020242929458618164e+00
1.052075147628784180e+00
1.054817080497741699e+00
1.054817080497741699e+00
1.054817080497741699e+00
1.054817080497741699e+00
9.531018733978271484e-01
1.384850978851318359e+00
2.240320444107055664e-01
2.240320444107055664e-01
7.990025281906127930e-01
7.990025281906127930e-01
7.990025281906127930e-01
7.990025281906127930e-01
7.990025281906127930e-01
7.990025281906127930e-01
7.990025281906127930e-01
7.990025281906127930e-01
9.039694666862487793e-01
9.039694666862487793e-01
1.262522220611572266e+00
1.262522220611572266e+00
4.892338514328002930e-01
4.892338514328002930e-01
1.131101608276367188e+00
1.131101608276367188e+00
1.131101608276367188e+00
8.782123327255249023e-01
8.732593655586242676e-01
8.732593655586242676e-01
8.732593655586242676e-01
5.015009045600891113e-01
5.015009045600891113e-01
5.015009045600891113e-01
7.473406195640563965e-01
7.473406195640563965e-01
5.765914320945739746e-01
7.540912628173828125e-01
7.540912628173828125e-01
7.540912628173828125e-01
7.540912628173828125e-01
7.540912628173828125e-01
1.009010076522827148e+00
1.009010076522827148e+00
1.009010076522827148e+00
1.543046951293945312e+00
1.543046951293945312e+00
2.098913908004760742e+00
2.098913908004760742e+00
2.098913908004760742e+00
2.098913908004760742e+00
2.098913908004760742e+00
7.115702629089355469e-01
5.574910044670104980e-01
5.574910044670104980e-01
5.574910044670104980e-01
5.574910044670104980e-01
5.574910044670104980e-01
5.574910044670104980e-01
6.514672636985778809e-01
1.304215431213378906e+00
1.304215431213378906e+00
1.304215431213378906e+00
1.874076128005981445e-01
5.385192632675170898e-01
5.385192632675170898e-01
5.385192632675170898e-01
5.385192632675170898e-01
1.017226219177246094e+00
1.017226219177246094e+00
1.017226219177246094e+00
1.017226219177246094e+00
9.328359961509704590e-01
9.328359961509704590e-01
9.328359961509704590e-01
9.328359961509704590e-01
9.328359961509704590e-01
8.615909218788146973e-01
8.615909218788146973e-01
8.615909218788146973e-01
7.818229794502258301e-01
7.818229794502258301e-01
7.818229794502258301e-01
7.818229794502258301e-01
4.538676738739013672e-01
4.538676738739013672e-01
3.426794111728668213e-01
1.002592325210571289e+00
1.002592325210571289e+00
1.002592325210571289e+00
1.107847690582275391e+00
1.107847690582275391e+00
1.532023906707763672e+00
1.532023906707763672e+00
1.532023906707763672e+00
1.257994532585144043e+00
8.837987780570983887e-01
8.837987780570983887e-01
8.837987780570983887e-01
8.837987780570983887e-01
1.069833278656005859e+00
1.069833278656005859e+00
1.069833278656005859e+00
1.069833278656005859e+00
1.069833278656005859e+00
1.069833278656005859e+00
9.169158339500427246e-01
9.169158339500427246e-01
9.169158339500427246e-01
9.169158339500427246e-01
2.486867904663085938e-01
2.486867904663085938e-01
6.512316465377807617e-01
6.512316465377807617e-01
2.021859586238861084e-01
2.021859586238861084e-01
1.440286397933959961e+00
1.440286397933959961e+00
1.440286397933959961e+00
7.876997590065002441e-01
7.876997590065002441e-01
9.088070392608642578e-01
9.088070392608642578e-01
7.407101988792419434e-01
5.950070023536682129e-01
5.950070023536682129e-01
5.950070023536682129e-01
5.950070023536682129e-01
5.950070023536682129e-01
5.950070023536682129e-01
5.950070023536682129e-01
5.950070023536682129e-01
8.933331966400146484e-01
8.933331966400146484e-01
9.122998118400573730e-01
6.363211870193481445e-01
6.363211870193481445e-01
4.383255243301391602e-01
4.383255243301391602e-01
8.746519088745117188e-01
8.746519088745117188e-01
8.746519088745117188e-01
8.746519088745117188e-01
2.800109386444091797e-01
2.800109386444091797e-01
3.638094067573547363e-01
3.296971619129180908e-01
3.296971619129180908e-01
3.296971619129180908e-01
3.296971619129180908e-01
3.296971619129180908e-01
3.296971619129180908e-01
7.383674383163452148e-01
7.383674383163452148e-01
7.383674383163452148e-01
7.383674383163452148e-01
7.383674383163452148e-01
7.383674383163452148e-01
1.288112521171569824e+00
1.288112521171569824e+00
1.288112521171569824e+00
7.734355926513671875e-01
5.821374654769897461e-01
5.821374654769897461e-01
5.821374654769897461e-01
1.021606802940368652e+00
1.021606802940368652e+00
1.021606802940368652e+00
1.021606802940368652e+00
1.569007873535156250e+00
1.885235786437988281e+00
1.885235786437988281e+00
1.885235786437988281e+00
1.885235786437988281e+00
1.885235786437988281e+00
1.177223563194274902e+00
1.177223563194274902e+00
1.177223563194274902e+00
1.233275175094604492e+00
1.304421186447143555e+00
1.304421186447143555e+00
1.304421186447143555e+00
1.304421186447143555e+00
1.304421186447143555e+00
1.304421186447143555e+00
1.304421186447143555e+00
1.304421186447143555e+00
1.252790093421936035e+00
4.505936503410339355e-01
1.406024098396301270e-01
1.406024098396301270e-01
2.448926120996475220e-01
2.448926120996475220e-01
6.235699653625488281e-01
6.235699653625488281e-01
4.769588708877563477e-01
1.172023892402648926e+00
1.172023892402648926e+00
1.172023892402648926e+00
1.172023892402648926e+00
8.053058981895446777e-01
9.431128501892089844e-01
9.431128501892089844e-01
2.469918131828308105e-01
1.570572853088378906e+00
1.150631070137023926e+00
1.150631070137023926e+00
1.150631070137023926e+00
1.150631070137023926e+00
7.588735818862915039e-01
7.588735818862915039e-01
6.321196556091308594e-01
6.321196556091308594e-01
1.034573912620544434e+00
1.034573912620544434e+00
7.262795567512512207e-01
5.424208641052246094e-01
1.053323268890380859e+00
1.053323268890380859e+00
1.053323268890380859e+00
1.053323268890380859e+00
1.053323268890380859e+00
1.053323268890380859e+00
5.117337703704833984e-01
5.117337703704833984e-01
5.117337703704833984e-01
6.605832576751708984e-01
1.061691641807556152e+00
1.061691641807556152e+00
1.263259172439575195e+00
1.263259172439575195e+00
1.422587633132934570e-01
1.437509179115295410e+00
1.437509179115295410e+00
1.437509179115295410e+00
1.437509179115295410e+00
1.437509179115295410e+00
1.437509179115295410e+00
1.149167537689208984e+00
9.341502785682678223e-01
5.580125451087951660e-01
6.875522136688232422e-01
6.875522136688232422e-01
6.875522136688232422e-01
1.505637764930725098e-01
1.505637764930725098e-01
1.089560270309448242e+00
1.089560270309448242e+00
1.089560270309448242e+00
1.089560270309448242e+00
1.089560270309448242e+00
1.151220202445983887e+00
1.525276899337768555e-01
1.326517224311828613e+00
1.326517224311828613e+00
1.326517224311828613e+00
1.326517224311828613e+00
1.326517224311828613e+00
9.806798696517944336e-01
9.806798696517944336e-01
9.806798696517944336e-01
9.806798696517944336e-01
9.806798696517944336e-01
9.806798696517944336e-01
2.202479839324951172e-01
2.202479839324951172e-01
2.202479839324951172e-01
7.129509449005126953e-01
1.091018557548522949e+00
3.965542316436767578e-01
2.511582374572753906e-01
1.245592355728149414e+00
1.245592355728149414e+00
1.245592355728149414e+00
2.047827243804931641e-01
2.047827243804931641e-01
2.047827243804931641e-01
2.047827243804931641e-01
4.068628549575805664e-01
4.068628549575805664e-01
4.068628549575805664e-01
4.068628549575805664e-01
4.068628549575805664e-01
9.881299138069152832e-01
9.881299138069152832e-01
9.881299138069152832e-01
5.381239652633666992e-01
5.381239652633666992e-01
5.381239652633666992e-01
5.381239652633666992e-01
9.280946254730224609e-01
9.280946254730224609e-01
7.187087535858154297e-01
7.187087535858154297e-01
7.187087535858154297e-01
1.319594383239746094e+00
1.319594383239746094e+00
1.319594383239746094e+00
2.231597185134887695e+00
1.956069588661193848e+00
1.772048354148864746e+00
1.772048354148864746e+00
1.993515849113464355e+00
1.993515849113464355e+00
1.667225480079650879e+00
1.667225480079650879e+00
1.739666342735290527e+00
1.486039638519287109e+00
1.486039638519287109e+00
1.486039638519287109e+00
1.486039638519287109e+00
1.486039638519287109e+00
5.651018023490905762e-01
5.651018023490905762e-01
5.651018023490905762e-01
5.651018023490905762e-01
5.651018023490905762e-01
5.651018023490905762e-01
4.661065936088562012e-01
4.661065936088562012e-01
4.661065936088562012e-01
4.661065936088562012e-01
4.661065936088562012e-01
4.661065936088562012e-01
1.059155941009521484e+00
6.822366714477539062e-01
1.196802616119384766e+00
1.336337208747863770e+00
1.336337208747863770e+00
1.336337208747863770e+00
1.336337208747863770e+00
1.108068346977233887e+00
1.108068346977233887e+00
1.108068346977233887e+00
5.059056878089904785e-01
9.236787557601928711e-01
8.341950178146362305e-01
8.341950178146362305e-01
7.209511399269104004e-01
7.384404540061950684e-01
1.286027431488037109e+00
5.349105000495910645e-01
5.349105000495910645e-01
5.349105000495910645e-01
5.349105000495910645e-01
5.349105000495910645e-01
5.349105000495910645e-01
5.298311710357666016e-01
5.298311710357666016e-01
7.292422652244567871e-01
7.292422652244567871e-01
8.565931916236877441e-01
4.560576081275939941e-01
4.560576081275939941e-01
4.560576081275939941e-01
4.560576081275939941e-01
4.560576081275939941e-01
4.560576081275939941e-01
4.560576081275939941e-01
9.994457960128784180e-01
1.302753686904907227e+00
1.302753686904907227e+00
9.980802536010742188e-01
9.980802536010742188e-01
1.086769104003906250e+00
1.086769104003906250e+00
4.402867555618286133e-01
1.086550235748291016e+00
1.086550235748291016e+00
1.086550235748291016e+00
1.008684873580932617e+00
1.008684873580932617e+00
1.045399308204650879e+00
1.045399308204650879e+00
1.611224889755249023e+00
1.611224889755249023e+00
1.690416812896728516e+00
1.690416812896728516e+00
1.690416812896728516e+00
1.397459626197814941e+00
1.122241258621215820e+00
1.122241258621215820e+00
1.122241258621215820e+00
1.068902969360351562e+00
2.321874499320983887e-01
2.321874499320983887e-01
4.820592403411865234e-01
4.820592403411865234e-01
7.804763913154602051e-01
7.804763913154602051e-01
1.790921688079833984e+00
2.367001771926879883e-01
2.367001771926879883e-01
1.567696928977966309e-01
1.567696928977966309e-01
1.685631275177001953e+00
1.685631275177001953e+00
1.685631275177001953e+00
1.685631275177001953e+00
1.685631275177001953e+00
1.778614282608032227e+00
1.204504489898681641e+00
1.204504489898681641e+00
1.204504489898681641e+00
1.204504489898681641e+00
7.497262954711914062e-01
4.734100997447967529e-01
4.734100997447967529e-01
4.777618646621704102e-01
4.777618646621704102e-01
4.777618646621704102e-01
4.777618646621704102e-01
4.777618646621704102e-01
8.578941822052001953e-01
7.281255722045898438e-01
7.281255722045898438e-01
7.281255722045898438e-01
7.281255722045898438e-01
4.302984476089477539e-01
4.302984476089477539e-01
4.302984476089477539e-01
4.302984476089477539e-01
9.984995722770690918e-01
1.005412220954895020e+00
1.032575488090515137e+00
1.160795807838439941e+00
1.160795807838439941e+00
1.160795807838439941e+00
1.160795807838439941e+00
1.160795807838439941e+00
1.368620753288269043e+00
1.306108355522155762e+00
1.037870287895202637e+00
1.037870287895202637e+00
1.037870287895202637e+00
1.037870287895202637e+00
1.037870287895202637e+00
5.685256719589233398e-01
9.528187513351440430e-01
1.065539240837097168e+00
1.065539240837097168e+00
1.065539240837097168e+00
1.184182167053222656e+00
7.229224443435668945e-01
7.229224443435668945e-01
7.229224443435668945e-01
1.032877564430236816e+00
1.032877564430236816e+00
1.032877564430236816e+00
1.032877564430236816e+00
1.032877564430236816e+00
1.032877564430236816e+00
1.032877564430236816e+00
5.056621432304382324e-01
5.056621432304382324e-01
8.006820678710937500e-01
9.252976179122924805e-01
1.019622445106506348e+00
1.019622445106506348e+00
1.019622445106506348e+00
1.019622445106506348e+00
1.019622445106506348e+00
1.019622445106506348e+00
1.019622445106506348e+00
1.129202365875244141e+00
4.618508815765380859e-01
1.015274047851562500e+00
1.015274047851562500e+00
1.015274047851562500e+00
1.015274047851562500e+00
1.015274047851562500e+00
1.015274047851562500e+00
1.015274047851562500e+00
1.015274047851562500e+00
1.015274047851562500e+00
1.015274047851562500e+00
1.546606540679931641e+00
1.077888250350952148e+00
1.077888250350952148e+00
1.077888250350952148e+00
1.077888250350952148e+00
7.879375219345092773e-01
7.879375219345092773e-01
7.879375219345092773e-01
7.879375219345092773e-01
7.879375219345092773e-01
7.879375219345092773e-01
7.879375219345092773e-01
7.879375219345092773e-01
7.879375219345092773e-01
5.890348553657531738e-01
6.223754882812500000e-01
5.327026844024658203e-01
8.707339763641357422e-01
8.707339763641357422e-01
8.707339763641357422e-01
8.707339763641357422e-01
6.054836511611938477e-01
6.054836511611938477e-01
6.054836511611938477e-01
9.979536533355712891e-01
9.979536533355712891e-01
9.979536533355712891e-01
3.505812287330627441e-01
3.505812287330627441e-01
3.505812287330627441e-01
7.610273957252502441e-01
7.610273957252502441e-01
7.610273957252502441e-01
7.610273957252502441e-01
7.610273957252502441e-01
7.610273957252502441e-01
5.651922225952148438e-01
5.651922225952148438e-01
1.606174349784851074e+00
7.832634449005126953e-01
5.624360442161560059e-01
5.624360442161560059e-01
5.624360442161560059e-01
5.624360442161560059e-01
6.179586648941040039e-01
6.179586648941040039e-01
5.379591584205627441e-01
5.379591584205627441e-01
5.379591584205627441e-01
5.379591584205627441e-01
5.379591584205627441e-01
5.379591584205627441e-01
1.082623243331909180e+00
1.082623243331909180e+00
1.082623243331909180e+00
5.413891077041625977e-01
5.413891077041625977e-01
5.413891077041625977e-01
5.413891077041625977e-01
5.413891077041625977e-01
5.413891077041625977e-01
4.077686071395874023e-01
4.077686071395874023e-01
4.077686071395874023e-01
4.077686071395874023e-01
8.446367979049682617e-01
1.744550466537475586e+00
1.769831418991088867e+00
1.769831418991088867e+00
9.017964601516723633e-01
5.224605202674865723e-01
5.224605202674865723e-01
5.224605202674865723e-01
5.224605202674865723e-01
5.224605202674865723e-01
1.174525022506713867e+00
8.152697086334228516e-01
8.152697086334228516e-01
8.152697086334228516e-01
3.426251709461212158e-01
6.072705984115600586e-01
6.072705984115600586e-01
6.072705984115600586e-01
6.072705984115600586e-01
6.072705984115600586e-01
8.303520679473876953e-01
8.303520679473876953e-01
8.303520679473876953e-01
8.303520679473876953e-01
8.303520679473876953e-01
8.303520679473876953e-01
8.303520679473876953e-01
5.419876575469970703e-01
7.062560319900512695e-01
7.062560319900512695e-01
7.062560319900512695e-01
7.062560319900512695e-01
7.062560319900512695e-01
9.034284949302673340e-01
1.861624717712402344e-01
9.353538751602172852e-01
9.353538751602172852e-01
9.353538751602172852e-01
6.109489202499389648e-01
6.109489202499389648e-01
8.396146893501281738e-01
8.396146893501281738e-01
8.396146893501281738e-01
1.171200275421142578e+00
1.257477760314941406e+00
1.392675399780273438e+00
1.392675399780273438e+00
1.579415082931518555e+00
1.579415082931518555e+00
5.811261534690856934e-01
4.325220584869384766e-01
8.993769884109497070e-01
8.993769884109497070e-01
2.912166118621826172e-01
2.912166118621826172e-01
2.912166118621826172e-01
1.223211765289306641e+00
1.223211765289306641e+00
1.223211765289306641e+00
1.223211765289306641e+00
1.223211765289306641e+00
1.223211765289306641e+00
4.920132756233215332e-01
4.920132756233215332e-01
4.920132756233215332e-01
4.920132756233215332e-01
8.357902169227600098e-01
8.357902169227600098e-01
7.450263500213623047e-01
7.450263500213623047e-01
7.450263500213623047e-01
7.450263500213623047e-01
7.450263500213623047e-01
7.450263500213623047e-01
1.278765797615051270e-01
1.278765797615051270e-01
1.278765797615051270e-01
1.536065578460693359e+00
1.536065578460693359e+00
1.013165235519409180e+00
1.013165235519409180e+00
1.013165235519409180e+00
1.013165235519409180e+00
1.471888661384582520e+00
4.139460325241088867e-01
4.139460325241088867e-01
4.139460325241088867e-01
4.139460325241088867e-01
4.139460325241088867e-01
1.036789894104003906e+00
1.036789894104003906e+00
1.036789894104003906e+00
8.146546483039855957e-01
4.992234408855438232e-01
4.992234408855438232e-01
4.992234408855438232e-01
4.992234408855438232e-01
4.992234408855438232e-01
4.992234408855438232e-01
4.992234408855438232e-01
4.992234408855438232e-01
1.128134965896606445e+00
1.128134965896606445e+00
1.199298024177551270e+00
5.847421288490295410e-01
5.847421288490295410e-01
1.375321388244628906e+00
1.375321388244628906e+00
1.325191020965576172e+00
1.325191020965576172e+00
7.167283892631530762e-01
7.167283892631530762e-01
6.433317661285400391e-01
6.433317661285400391e-01
6.433317661285400391e-01
6.433317661285400391e-01
6.433317661285400391e-01
6.433317661285400391e-01
6.433317661285400391e-01
6.433317661285400391e-01
6.433317661285400391e-01
6.369323730468750000e-01
8.787534236907958984e-01
4.386525750160217285e-01
4.386525750160217285e-01
4.386525750160217285e-01
4.386525750160217285e-01
4.386525750160217285e-01
4.063504636287689209e-01
8.503656983375549316e-01
8.503656983375549316e-01
4.550610184669494629e-01
4.550610184669494629e-01
4.550610184669494629e-01
4.550610184669494629e-01
3.828577399253845215e-01
3.828577399253845215e-01
4.803363382816314697e-01
3.138531148433685303e-01
3.138531148433685303e-01
1.256456136703491211e+00
1.256456136703491211e+00
7.109503149986267090e-01
7.109503149986267090e-01
7.109503149986267090e-01
7.109503149986267090e-01
7.109503149986267090e-01
1.160426378250122070e+00
1.160426378250122070e+00
1.160426378250122070e+00
4.973757863044738770e-01
4.973757863044738770e-01
1.147336959838867188e+00
7.633221149444580078e-01
7.633221149444580078e-01
7.633221149444580078e-01
1.280782461166381836e+00
1.280782461166381836e+00
1.280782461166381836e+00
6.465261578559875488e-01
6.465261578559875488e-01
6.465261578559875488e-01
6.974679827690124512e-01
6.974679827690124512e-01
6.974679827690124512e-01
6.974679827690124512e-01
6.974679827690124512e-01
1.560598611831665039e+00
1.233366489410400391e+00
1.372953772544860840e+00
1.372953772544860840e+00
1.015947580337524414e+00
1.015947580337524414e+00
1.415216207504272461e+00
1.415216207504272461e+00
1.415216207504272461e+00
5.232089161872863770e-01
5.232089161872863770e-01
5.552397966384887695e-01
5.552397966384887695e-01
5.552397966384887695e-01
1.064479827880859375e+00
1.554534435272216797e+00
1.220843791961669922e+00
1.220843791961669922e+00
1.220843791961669922e+00
1.220843791961669922e+00
1.852434396743774414e+00
1.715167522430419922e+00
1.715167522430419922e+00
1.715167522430419922e+00
1.715167522430419922e+00
1.715167522430419922e+00
1.715167522430419922e+00
1.715167522430419922e+00
1.715167522430419922e+00
1.715167522430419922e+00
1.672058701515197754e+00
1.672058701515197754e+00
1.672058701515197754e+00
1.672058701515197754e+00
1.672058701515197754e+00
1.778379082679748535e+00
1.258630275726318359e+00
1.378864645957946777e+00
1.378864645957946777e+00
1.378864645957946777e+00
1.378864645957946777e+00
6.596586704254150391e-01
6.885740160942077637e-01
6.885740160942077637e-01
6.885740160942077637e-01
6.885740160942077637e-01
6.885740160942077637e-01
6.885740160942077637e-01
6.885740160942077637e-01
6.885740160942077637e-01
6.885740160942077637e-01
1.135131120681762695e-01
6.936255693435668945e-01
6.936255693435668945e-01
1.410281181335449219e+00
1.055008292198181152e+00
7.966486215591430664e-01
7.966486215591430664e-01
9.390284419059753418e-01
9.390284419059753418e-01
9.390284419059753418e-01
9.390284419059753418e-01
9.390284419059753418e-01
9.068082571029663086e-01
9.097164273262023926e-01
8.163343667984008789e-01
6.058308482170104980e-01
1.436058282852172852e+00
1.436058282852172852e+00
1.436058282852172852e+00
1.436058282852172852e+00
7.247447371482849121e-01
7.247447371482849121e-01
7.247447371482849121e-01
4.234390854835510254e-01
4.234390854835510254e-01
1.205479979515075684e+00
6.890705227851867676e-01
6.890705227851867676e-01
6.890705227851867676e-01
6.890705227851867676e-01
6.890705227851867676e-01
6.890705227851867676e-01
9.192600846290588379e-01
1.194828748703002930e+00
5.400179028511047363e-01
1.234531879425048828e+00
1.958361864089965820e-01
1.958361864089965820e-01
5.071592926979064941e-01
1.056625604629516602e+00
1.056625604629516602e+00
1.056625604629516602e+00
1.056625604629516602e+00
1.056625604629516602e+00
8.880745172500610352e-01
5.858543515205383301e-01
5.858543515205383301e-01
8.884445428848266602e-01
8.884445428848266602e-01
8.884445428848266602e-01
8.884445428848266602e-01
2.037194728851318359e+00
8.737672567367553711e-01
8.737672567367553711e-01
8.737672567367553711e-01
8.737672567367553711e-01
8.737672567367553711e-01
8.737672567367553711e-01
8.737672567367553711e-01
6.430822610855102539e-01
6.430822610855102539e-01
6.430822610855102539e-01
5.455949902534484863e-01
5.455949902534484863e-01
5.455949902534484863e-01
5.455949902534484863e-01
5.455949902534484863e-01
5.455949902534484863e-01
5.455949902534484863e-01
3.687591552734375000e-01
7.866773605346679688e-01
7.866773605346679688e-01
1.285714626312255859e+00
3.647378087043762207e-01
3.647378087043762207e-01
6.288936734199523926e-01
8.213948011398315430e-01
8.213948011398315430e-01
8.213948011398315430e-01
8.213948011398315430e-01
8.213948011398315430e-01
8.213948011398315430e-01
8.213948011398315430e-01
8.213948011398315430e-01
5.614890456199645996e-01
5.614890456199645996e-01
7.061438560485839844e-01
7.061438560485839844e-01
7.061438560485839844e-01
7.061438560485839844e-01
7.061438560485839844e-01
7.061438560485839844e-01
1.005331039428710938e+00
1.005331039428710938e+00
1.005331039428710938e+00
6.625091433525085449e-01
1.081057548522949219e+00
7.022482156753540039e-01
6.437627077102661133e-01
6.437627077102661133e-01
6.437627077102661133e-01
6.437627077102661133e-01
6.437627077102661133e-01
6.437627077102661133e-01
6.437627077102661133e-01
6.437627077102661133e-01
6.437627077102661133e-01
6.437627077102661133e-01
6.437627077102661133e-01
6.437627077102661133e-01
6.437627077102661133e-01
6.437627077102661133e-01
6.437627077102661133e-01
1.555518627166748047e+00
1.555518627166748047e+00
1.555518627166748047e+00
1.466215491294860840e+00
1.466215491294860840e+00
4.886901378631591797e-01
4.886901378631591797e-01
4.886901378631591797e-01
4.886901378631591797e-01
7.995567917823791504e-01
7.328009605407714844e-01
8.716246485710144043e-01
8.716246485710144043e-01
5.171349644660949707e-01
5.171349644660949707e-01
5.171349644660949707e-01
5.171349644660949707e-01
1.836428165435791016e+00
1.836428165435791016e+00
9.135169982910156250e-01
4.435127973556518555e-01
1.203848838806152344e+00
7.931982278823852539e-01
9.512013196945190430e-01
8.691836595535278320e-01
7.789502143859863281e-01
7.789502143859863281e-01
7.789502143859863281e-01
7.789502143859863281e-01
6.361677646636962891e-01
6.361677646636962891e-01
6.361677646636962891e-01
6.361677646636962891e-01
1.557741880416870117e+00
1.557741880416870117e+00
1.557741880416870117e+00
2.726774215698242188e-01
2.726774215698242188e-01
2.726774215698242188e-01
2.726774215698242188e-01
1.835964322090148926e-01
7.923185229301452637e-01
2.977303266525268555e-01
4.935771822929382324e-01
1.084845781326293945e+00
9.533263444900512695e-01
9.533263444900512695e-01
9.533263444900512695e-01
9.533263444900512695e-01
9.533263444900512695e-01
9.533263444900512695e-01
1.548543214797973633e+00
1.613610982894897461e+00
1.404533624649047852e+00
1.907135963439941406e+00
9.696716666221618652e-01
5.813694000244140625e-01
5.813694000244140625e-01
1.381572723388671875e+00
1.381572723388671875e+00
8.042142987251281738e-01
2.519564032554626465e-01
2.519564032554626465e-01
5.710058212280273438e-01
7.524129152297973633e-01
7.524129152297973633e-01
7.524129152297973633e-01
7.524129152297973633e-01
5.342378020286560059e-01
5.342378020286560059e-01
5.342378020286560059e-01
5.342378020286560059e-01
5.342378020286560059e-01
5.342378020286560059e-01
5.342378020286560059e-01
4.040957093238830566e-01
4.040957093238830566e-01
1.246359229087829590e+00
9.525665640830993652e-01
9.441254138946533203e-01
9.441254138946533203e-01
9.441254138946533203e-01
9.441254138946533203e-01
4.664626419544219971e-01
4.664626419544219971e-01
1.099012255668640137e+00
1.099012255668640137e+00
7.069954276084899902e-01
7.069954276084899902e-01
1.044988155364990234e+00
6.710566282272338867e-01
9.620413780212402344e-01
9.620413780212402344e-01
2.789955735206604004e-01
2.789955735206604004e-01
2.789955735206604004e-01
2.789955735206604004e-01
5.530519485473632812e-01
3.404954671859741211e-01
3.404954671859741211e-01
3.404954671859741211e-01
3.404954671859741211e-01
3.404954671859741211e-01
5.137640237808227539e-01
5.137640237808227539e-01
5.137640237808227539e-01
1.081836938858032227e+00
1.081836938858032227e+00
1.081836938858032227e+00
8.774442672729492188e-01
1.793967723846435547e+00
4.510397911071777344e-01
1.449858188629150391e+00
1.343753099441528320e+00
1.422922015190124512e+00
1.422922015190124512e+00
1.422922015190124512e+00
1.422922015190124512e+00
9.167774319648742676e-01
4.697527885437011719e-01
1.194310665130615234e+00
5.607272982597351074e-01
5.607272982597351074e-01
5.261348485946655273e-01
5.261348485946655273e-01
6.445273756980895996e-01
1.683643817901611328e+00
4.586967229843139648e-01
1.086766242980957031e+00
1.086766242980957031e+00
1.086766242980957031e+00
1.086766242980957031e+00
1.447807192802429199e+00
1.253552794456481934e+00
1.253552794456481934e+00
1.253552794456481934e+00
1.253552794456481934e+00
1.253552794456481934e+00
1.253552794456481934e+00
1.164325118064880371e+00
1.164325118064880371e+00
1.164325118064880371e+00
1.164325118064880371e+00
4.898957014083862305e-01
1.108162403106689453e+00
1.108162403106689453e+00
1.108162403106689453e+00
1.108162403106689453e+00
1.108162403106689453e+00
1.108162403106689453e+00
1.108162403106689453e+00
9.543603062629699707e-01
9.543603062629699707e-01
9.543603062629699707e-01
9.543603062629699707e-01
9.543603062629699707e-01
9.543603062629699707e-01
1.149542331695556641e+00
1.149542331695556641e+00
1.149542331695556641e+00
1.149542331695556641e+00
6.088986992835998535e-01
6.088986992835998535e-01
6.088986992835998535e-01
6.088986992835998535e-01
6.088986992835998535e-01
6.088986992835998535e-01
6.088986992835998535e-01
6.088986992835998535e-01
6.088986992835998535e-01
9.316541552543640137e-01
9.316541552543640137e-01
9.316541552543640137e-01
6.471749544143676758e-01
6.471749544143676758e-01
6.471749544143676758e-01
6.471749544143676758e-01
6.471749544143676758e-01
6.471749544143676758e-01
6.471749544143676758e-01
6.471749544143676758e-01
1.216954231262207031e+00
1.216954231262207031e+00
1.140153884887695312e+00
1.140153884887695312e+00
1.140153884887695312e+00
1.140153884887695312e+00
1.168774366378784180e+00
1.168774366378784180e+00
1.168774366378784180e+00
1.168774366378784180e+00
4.491850733757019043e-01
9.940187931060791016e-01
7.002955079078674316e-01
7.002955079078674316e-01
1.331378459930419922e+00
1.131059765815734863e+00
1.245674133300781250e+00
1.245674133300781250e+00
1.245674133300781250e+00
1.008029222488403320e+00
5.658792853355407715e-01
5.658792853355407715e-01
6.278140544891357422e-01
6.278140544891357422e-01
6.278140544891357422e-01
9.407693147659301758e-01
7.602038979530334473e-01
7.602038979530334473e-01
9.161875247955322266e-01
9.161875247955322266e-01
1.201278209686279297e+00
1.476845264434814453e+00
1.476845264434814453e+00
1.337787032127380371e+00
1.337787032127380371e+00
2.320746183395385742e-01
2.320746183395385742e-01
2.320746183395385742e-01
2.320746183395385742e-01
1.462236285209655762e+00
1.069923400878906250e+00
7.279284596443176270e-01
2.910009026527404785e-01
2.068260461091995239e-01
2.068260461091995239e-01
2.068260461091995239e-01
2.068260461091995239e-01
2.068260461091995239e-01
2.017414271831512451e-01
2.017414271831512451e-01
1.071196198463439941e+00
1.071196198463439941e+00
5.007898211479187012e-01
5.007898211479187012e-01
5.007898211479187012e-01
5.007898211479187012e-01
5.007898211479187012e-01
5.007898211479187012e-01
5.007898211479187012e-01
9.274451136589050293e-01
9.274451136589050293e-01
9.274451136589050293e-01
9.274451136589050293e-01
1.157478094100952148e+00
1.157478094100952148e+00
1.157478094100952148e+00
7.132127285003662109e-01
2.706072628498077393e-01
2.706072628498077393e-01
1.371680855751037598e+00
1.371680855751037598e+00
1.539768457412719727e+00
1.539768457412719727e+00
1.539768457412719727e+00
2.334535121917724609e-01
2.334535121917724609e-01
2.334535121917724609e-01
7.663853764533996582e-01
7.663853764533996582e-01
4.431933164596557617e-01
4.431933164596557617e-01
4.431933164596557617e-01
4.431933164596557617e-01
8.030719757080078125e-01
1.047796368598937988e+00
1.334820628166198730e+00
9.867011308670043945e-01
1.114276647567749023e+00
1.114276647567749023e+00
1.114276647567749023e+00
1.114276647567749023e+00
1.038566470146179199e+00
1.038566470146179199e+00
1.038566470146179199e+00
6.456067562103271484e-01
6.795648932456970215e-01
1.057287693023681641e+00
1.057287693023681641e+00
1.130777001380920410e+00
1.255575180053710938e+00
3.948127031326293945e-01
3.948127031326293945e-01
4.723283648490905762e-01
4.723283648490905762e-01
4.723283648490905762e-01
4.723283648490905762e-01
1.551107883453369141e+00
1.822184324264526367e-01
1.822184324264526367e-01
3.967320919036865234e-01
3.967320919036865234e-01
3.967320919036865234e-01
3.967320919036865234e-01
7.907819747924804688e-01
8.540133833885192871e-01
6.548045873641967773e-01
6.548045873641967773e-01
4.602439105510711670e-01
6.092660427093505859e-01
8.118802905082702637e-01
8.624286055564880371e-01
8.624286055564880371e-01
1.451993465423583984e+00
1.315561413764953613e+00
1.315561413764953613e+00
7.281985282897949219e-01
1.189008116722106934e+00
4.298000335693359375e-01
6.663724184036254883e-01
6.663724184036254883e-01
4.154900014400482178e-01
4.154900014400482178e-01
4.154900014400482178e-01
4.154900014400482178e-01
5.907660126686096191e-01
7.155606150627136230e-01
7.155606150627136230e-01
7.155606150627136230e-01
1.386052489280700684e+00
1.109806537628173828e+00
1.769935369491577148e+00
1.769935369491577148e+00
6.190969944000244141e-01
6.190969944000244141e-01
6.190969944000244141e-01
6.190969944000244141e-01
1.137739658355712891e+00
6.739087104797363281e-01
6.739087104797363281e-01
6.739087104797363281e-01
6.739087104797363281e-01
6.739087104797363281e-01
4.236392080783843994e-01
1.136278748512268066e+00
1.136278748512268066e+00
1.136278748512268066e+00
1.136278748512268066e+00
5.897102355957031250e-01
1.077985167503356934e+00
1.077985167503356934e+00
1.077985167503356934e+00
1.839187145233154297e-01
3.821352720260620117e-01
3.821352720260620117e-01
5.139843225479125977e-01
4.477156102657318115e-01
4.477156102657318115e-01
4.477156102657318115e-01
4.477156102657318115e-01
4.477156102657318115e-01
9.356791973114013672e-01
9.356791973114013672e-01
9.812213778495788574e-01
9.812213778495788574e-01
9.812213778495788574e-01
9.047530889511108398e-01
9.047530889511108398e-01
9.047530889511108398e-01
9.047530889511108398e-01
9.047530889511108398e-01
9.047530889511108398e-01
1.336471438407897949e+00
1.745348572731018066e+00
1.099025011062622070e+00
1.099025011062622070e+00
1.271285295486450195e+00
1.271285295486450195e+00
1.806848287582397461e+00
2.017835855484008789e+00
2.017835855484008789e+00
6.831291913986206055e-01
1.369491100311279297e+00
1.369491100311279297e+00
1.369491100311279297e+00
8.540011644363403320e-01
8.576546907424926758e-01
2.409685254096984863e-01
2.409685254096984863e-01
5.862913131713867188e-01
5.862913131713867188e-01
1.189258813858032227e+00
1.189258813858032227e+00
1.189258813858032227e+00
1.189258813858032227e+00
1.189258813858032227e+00
3.010114431381225586e-01
3.010114431381225586e-01
3.010114431381225586e-01
8.248258233070373535e-01
8.248258233070373535e-01
8.248258233070373535e-01
8.248258233070373535e-01
5.251292586326599121e-01
4.291609227657318115e-01
5.377419590950012207e-01
1.587169885635375977e+00
1.587169885635375977e+00
1.860353112220764160e+00
9.683355093002319336e-01
9.683355093002319336e-01
1.029759764671325684e+00
1.442277431488037109e+00
1.442277431488037109e+00
1.442277431488037109e+00
1.442277431488037109e+00
1.136892318725585938e+00
1.145620465278625488e+00
1.145620465278625488e+00
1.102940559387207031e+00
1.102940559387207031e+00
1.040780663490295410e+00
1.040780663490295410e+00
1.040780663490295410e+00
1.043017387390136719e+00
7.844601869583129883e-01
7.844601869583129883e-01
6.817002296447753906e-01
6.817002296447753906e-01
9.049271941184997559e-01
9.049271941184997559e-01
9.049271941184997559e-01
5.780766010284423828e-01
7.351930737495422363e-01
7.351930737495422363e-01
7.351930737495422363e-01
7.351930737495422363e-01
1.028940200805664062e+00
1.028940200805664062e+00
1.028940200805664062e+00
1.028940200805664062e+00
1.028940200805664062e+00
1.028940200805664062e+00
1.632433295249938965e+00
1.632433295249938965e+00
1.445353865623474121e+00
5.466299653053283691e-01
1.149754881858825684e+00
1.149754881858825684e+00
1.149754881858825684e+00
1.149754881858825684e+00
1.149754881858825684e+00
1.149754881858825684e+00
1.149754881858825684e+00
1.149754881858825684e+00
1.191784143447875977e+00
1.191784143447875977e+00
1.170634269714355469e+00
1.170634269714355469e+00
4.338924288749694824e-01
4.338924288749694824e-01
1.001677513122558594e+00
1.001677513122558594e+00
1.001677513122558594e+00
7.596039772033691406e-01
7.596039772033691406e-01
7.596039772033691406e-01
7.596039772033691406e-01
7.596039772033691406e-01
3.828457593917846680e-01
3.828457593917846680e-01
4.802263379096984863e-01
4.802263379096984863e-01
8.033847808837890625e-01
6.756011247634887695e-01
6.756011247634887695e-01
6.756011247634887695e-01
6.756011247634887695e-01
3.138622641563415527e-01
3.138622641563415527e-01
3.138622641563415527e-01
3.138622641563415527e-01
3.138622641563415527e-01
3.138622641563415527e-01
3.138622641563415527e-01
3.138622641563415527e-01
3.138622641563415527e-01
1.318574428558349609e+00
1.136272549629211426e+00
4.085757732391357422e-01
4.085757732391357422e-01
4.085757732391357422e-01
4.085757732391357422e-01
7.372604608535766602e-01
7.372604608535766602e-01
7.372604608535766602e-01
7.372604608535766602e-01
3.892843723297119141e-01
1.128785848617553711e+00
1.128785848617553711e+00
1.128785848617553711e+00
1.748134970664978027e+00
1.748134970664978027e+00
1.182890653610229492e+00
1.182890653610229492e+00
1.182890653610229492e+00
1.182890653610229492e+00
1.083050966262817383e+00
7.921833395957946777e-01
4.069439470767974854e-01
1.074545502662658691e+00
4.305249452590942383e-01
8.152022361755371094e-01
8.152022361755371094e-01
8.152022361755371094e-01
8.152022361755371094e-01
8.152022361755371094e-01
7.315562963485717773e-01
7.315562963485717773e-01
1.152060627937316895e+00
1.152060627937316895e+00
1.152060627937316895e+00
1.152060627937316895e+00
1.152060627937316895e+00
1.024930953979492188e+00
1.024930953979492188e+00
1.024930953979492188e+00
5.054969787597656250e-01
5.054969787597656250e-01
1.024676084518432617e+00
1.024676084518432617e+00
5.661774873733520508e-01
5.661774873733520508e-01
5.661774873733520508e-01
5.661774873733520508e-01
5.661774873733520508e-01
5.661774873733520508e-01
5.661774873733520508e-01
5.661774873733520508e-01
7.189085483551025391e-01
7.189085483551025391e-01
7.189085483551025391e-01
7.189085483551025391e-01
7.189085483551025391e-01
7.189085483551025391e-01
7.189085483551025391e-01
3.799960613250732422e-01
3.799960613250732422e-01
3.799960613250732422e-01
1.378701210021972656e+00
1.378701210021972656e+00
1.378701210021972656e+00
1.378701210021972656e+00
1.378701210021972656e+00
1.378701210021972656e+00
5.274626612663269043e-01
5.274626612663269043e-01
6.425439715385437012e-01
6.425439715385437012e-01
6.425439715385437012e-01
3.417292237281799316e-01
3.417292237281799316e-01
8.278428316116333008e-01
8.278428316116333008e-01
8.278428316116333008e-01
8.392699360847473145e-01
1.754958868026733398e+00
3.957599401473999023e-01
3.957599401473999023e-01
3.957599401473999023e-01
9.648478627204895020e-01
1.118741512298583984e+00
1.042804479598999023e+00
1.042804479598999023e+00
1.042804479598999023e+00
1.042804479598999023e+00
3.252456188201904297e-01
3.252456188201904297e-01
3.252456188201904297e-01
6.393169164657592773e-01
6.393169164657592773e-01
1.142164707183837891e+00
4.763590693473815918e-01
4.763590693473815918e-01
4.763590693473815918e-01
1.297070503234863281e+00
1.297070503234863281e+00
1.297070503234863281e+00
1.897414207458496094e+00
1.897414207458496094e+00
1.897414207458496094e+00
1.303402900695800781e+00
1.541049361228942871e+00
1.541049361228942871e+00
1.156497478485107422e+00
7.163744568824768066e-01
5.455831885337829590e-01
5.455831885337829590e-01
5.455831885337829590e-01
5.455831885337829590e-01
5.455831885337829590e-01
5.455831885337829590e-01
5.455831885337829590e-01
5.455831885337829590e-01
5.455831885337829590e-01
5.455831885337829590e-01
5.455831885337829590e-01
5.455831885337829590e-01
5.455831885337829590e-01
1.453226327896118164e+00
1.453226327896118164e+00
1.453226327896118164e+00
1.059313058853149414e+00
7.381580471992492676e-01
7.381580471992492676e-01
7.381580471992492676e-01
7.381580471992492676e-01
7.381580471992492676e-01
7.381580471992492676e-01
7.381580471992492676e-01
8.126735687255859375e-01
6.678791046142578125e-01
6.678791046142578125e-01
3.903246819972991943e-01
3.903246819972991943e-01
3.903246819972991943e-01
3.903246819972991943e-01
4.725574851036071777e-01
4.725574851036071777e-01
4.725574851036071777e-01
4.725574851036071777e-01
4.725574851036071777e-01
4.725574851036071777e-01
4.725574851036071777e-01
4.725574851036071777e-01
2.878298759460449219e-01
2.878298759460449219e-01
2.878298759460449219e-01
2.878298759460449219e-01
2.878298759460449219e-01
3.292111754417419434e-01
6.194924116134643555e-01
6.194924116134643555e-01
8.507773876190185547e-01
8.507773876190185547e-01
7.190836071968078613e-01
7.114939093589782715e-01
7.114939093589782715e-01
7.114939093589782715e-01
7.114939093589782715e-01
7.114939093589782715e-01
7.114939093589782715e-01
1.130073428153991699e+00
1.130073428153991699e+00
1.130073428153991699e+00
1.130073428153991699e+00
7.081135511398315430e-01
7.081135511398315430e-01
1.742940187454223633e+00
9.370135664939880371e-01
9.370135664939880371e-01
9.370135664939880371e-01
1.131424069404602051e+00
8.363758325576782227e-01
1.318892598152160645e+00
8.795257806777954102e-01
6.897004842758178711e-01
3.756438493728637695e-01
3.756438493728637695e-01
4.365499615669250488e-01
4.365499615669250488e-01
4.365499615669250488e-01
4.365499615669250488e-01
4.365499615669250488e-01
7.735647559165954590e-01
7.735647559165954590e-01
7.735647559165954590e-01
7.735647559165954590e-01
7.735647559165954590e-01
7.735647559165954590e-01
9.767602682113647461e-01
9.767602682113647461e-01
5.102348327636718750e-01
5.102348327636718750e-01
1.013191938400268555e+00
1.013191938400268555e+00
1.013191938400268555e+00
1.013191938400268555e+00
8.620240688323974609e-01
8.620240688323974609e-01
8.620240688323974609e-01
2.113389968872070312e-01
2.113389968872070312e-01
2.113389968872070312e-01
8.262634277343750000e-01
8.262634277343750000e-01
8.262634277343750000e-01
8.262634277343750000e-01
8.262634277343750000e-01
6.375569105148315430e-01
6.375569105148315430e-01
6.375569105148315430e-01
7.957104444503784180e-01
7.957104444503784180e-01
7.957104444503784180e-01
7.957104444503784180e-01
6.855860948562622070e-01
6.855860948562622070e-01
6.855860948562622070e-01
6.855860948562622070e-01
5.172562003135681152e-01
5.172562003135681152e-01
5.172562003135681152e-01
5.172562003135681152e-01
5.172562003135681152e-01
5.172562003135681152e-01
1.579794645309448242e+00
1.579794645309448242e+00
1.579794645309448242e+00
1.579794645309448242e+00
5.952251553535461426e-01
5.952251553535461426e-01
1.092086553573608398e+00
1.092086553573608398e+00
1.398472070693969727e+00
1.398472070693969727e+00
1.347028017044067383e-01
1.170726537704467773e+00
1.170726537704467773e+00
1.256253004074096680e+00
1.152756214141845703e+00
1.152756214141845703e+00
1.152756214141845703e+00
1.656652212142944336e+00
1.425386071205139160e+00
1.288847088813781738e+00
1.393733501434326172e+00
1.393733501434326172e+00
1.393733501434326172e+00
1.162586212158203125e-01
1.050846099853515625e+00
1.050846099853515625e+00
1.050846099853515625e+00
1.050846099853515625e+00
1.050846099853515625e+00
1.050846099853515625e+00
1.050846099853515625e+00
1.926106214523315430e+00
1.643676638603210449e+00
1.643676638603210449e+00
1.643676638603210449e+00
1.643676638603210449e+00
1.643676638603210449e+00
2.409666776657104492e-01
2.409666776657104492e-01
2.409666776657104492e-01
2.409666776657104492e-01
2.409666776657104492e-01
2.409666776657104492e-01
1.768497586250305176e+00
1.768497586250305176e+00
1.768497586250305176e+00
1.768497586250305176e+00
1.768497586250305176e+00
1.653007268905639648e+00
1.653007268905639648e+00
1.653007268905639648e+00
1.517953395843505859e+00
1.517953395843505859e+00
1.272220849990844727e+00
1.205862998962402344e+00
1.193579792976379395e+00
1.193579792976379395e+00
1.193579792976379395e+00
1.193579792976379395e+00
8.855585455894470215e-01
8.855585455894470215e-01
8.855585455894470215e-01
8.855585455894470215e-01
8.855585455894470215e-01
2.198880910873413086e-01
1.167071819305419922e+00
1.167071819305419922e+00
1.167071819305419922e+00
2.062228322029113770e-01
2.062228322029113770e-01
2.062228322029113770e-01
2.062228322029113770e-01
2.062228322029113770e-01
1.184586286544799805e+00
1.184586286544799805e+00
9.292057752609252930e-01
9.292057752609252930e-01
9.292057752609252930e-01
9.292057752609252930e-01
9.292057752609252930e-01
9.292057752609252930e-01
1.200587630271911621e+00
1.200587630271911621e+00
9.134103059768676758e-01
9.134103059768676758e-01
9.134103059768676758e-01
9.134103059768676758e-01
9.134103059768676758e-01
1.111894726753234863e+00
1.111894726753234863e+00
1.111894726753234863e+00
1.111894726753234863e+00
6.760625839233398438e-01
6.760625839233398438e-01
6.760625839233398438e-01
6.760625839233398438e-01
1.379326581954956055e+00
1.379326581954956055e+00
1.379326581954956055e+00
1.379326581954956055e+00
1.695229172706604004e+00
2.119095325469970703e+00
2.119095325469970703e+00
1.682089090347290039e+00
1.855663180351257324e+00
1.855663180351257324e+00
1.469171166419982910e+00
1.469171166419982910e+00
1.469171166419982910e+00
1.469171166419982910e+00
1.469171166419982910e+00
1.469171166419982910e+00
8.592132925987243652e-01
8.592132925987243652e-01
8.592132925987243652e-01
8.592132925987243652e-01
1.067432403564453125e+00
1.067432403564453125e+00
1.067432403564453125e+00
1.067432403564453125e+00
1.412493586540222168e+00
1.412493586540222168e+00
1.412493586540222168e+00
1.412493586540222168e+00
3.970211744308471680e-01
4.262984395027160645e-01
4.262984395027160645e-01
4.262984395027160645e-01
4.262984395027160645e-01
4.262984395027160645e-01
4.262984395027160645e-01
4.262984395027160645e-01
4.654521048069000244e-01
4.654521048069000244e-01
4.654521048069000244e-01
8.209967017173767090e-01
2.732877135276794434e-01
2.732877135276794434e-01
2.732877135276794434e-01
8.365200161933898926e-01
8.365200161933898926e-01
3.280192613601684570e-01
1.045346617698669434e+00
1.045346617698669434e+00
1.045346617698669434e+00
1.045346617698669434e+00
5.452839136123657227e-01
5.452839136123657227e-01
5.452839136123657227e-01
5.452839136123657227e-01
8.095194101333618164e-01
4.875526428222656250e-01
8.965963125228881836e-01
7.694875001907348633e-01
7.694875001907348633e-01
7.694875001907348633e-01
7.694875001907348633e-01
4.771710336208343506e-01
4.771710336208343506e-01
1.257448911666870117e+00
1.257448911666870117e+00
1.257448911666870117e+00
1.257448911666870117e+00
1.257448911666870117e+00
1.257448911666870117e+00
7.023740410804748535e-01
1.028635740280151367e+00
1.028635740280151367e+00
7.320371866226196289e-01
5.217701792716979980e-01
1.201346635818481445e+00
1.201346635818481445e+00
1.201346635818481445e+00
1.201346635818481445e+00
1.201346635818481445e+00
1.201346635818481445e+00
1.201346635818481445e+00
6.304806470870971680e-01
9.466327428817749023e-01
9.466327428817749023e-01
9.466327428817749023e-01
9.466327428817749023e-01
9.466327428817749023e-01
9.466327428817749023e-01
1.741075515747070312e+00
1.741075515747070312e+00
1.198246479034423828e+00
1.198246479034423828e+00
1.198246479034423828e+00
1.198246479034423828e+00
5.092821717262268066e-01
3.608266711235046387e-01
8.356630802154541016e-01
6.908093094825744629e-01
6.908093094825744629e-01
6.336789131164550781e-01
6.336789131164550781e-01
7.056179642677307129e-01
7.056179642677307129e-01
7.056179642677307129e-01
7.056179642677307129e-01
1.115877509117126465e+00
4.964262247085571289e-01
4.964262247085571289e-01
9.056980609893798828e-01
9.056980609893798828e-01
9.056980609893798828e-01
2.032403945922851562e-01
2.032403945922851562e-01
2.032403945922851562e-01
1.275001168251037598e+00
1.275001168251037598e+00
1.275001168251037598e+00
7.408791184425354004e-01
7.408791184425354004e-01
7.108172178268432617e-01
8.444715142250061035e-01
1.844054937362670898e+00
1.844054937362670898e+00
1.446067571640014648e+00
1.275243520736694336e+00
7.133597731590270996e-01
7.133597731590270996e-01
7.133597731590270996e-01
9.311944842338562012e-01
9.311944842338562012e-01
1.108570456504821777e+00
9.674196839332580566e-01
9.674196839332580566e-01
1.471082091331481934e+00
1.337957262992858887e+00
1.250299334526062012e+00
1.160341262817382812e+00
1.160341262817382812e+00
1.451572060585021973e+00
1.451572060585021973e+00
1.451572060585021973e+00
1.451572060585021973e+00
1.213172435760498047e+00
1.508793950080871582e+00
6.236701011657714844e-01
5.283122658729553223e-01
5.283122658729553223e-01
5.283122658729553223e-01
5.283122658729553223e-01
5.283122658729553223e-01
8.967316150665283203e-01
8.967316150665283203e-01
9.424958825111389160e-01
9.424958825111389160e-01
9.424958825111389160e-01
9.424958825111389160e-01
5.216021537780761719e-01
1.217853546142578125e+00
1.217853546142578125e+00
1.217853546142578125e+00
1.217853546142578125e+00
1.217853546142578125e+00
9.262396693229675293e-01
4.753509461879730225e-01
4.753509461879730225e-01
4.753509461879730225e-01
4.753509461879730225e-01
1.105876803398132324e+00
1.166840553283691406e+00
1.166840553283691406e+00
1.803063392639160156e+00
9.783816933631896973e-01
9.783816933631896973e-01
9.783816933631896973e-01
9.783816933631896973e-01
9.751568436622619629e-01
9.751568436622619629e-01
9.751568436622619629e-01
7.402370572090148926e-01
7.402370572090148926e-01
7.402370572090148926e-01
7.402370572090148926e-01
9.894015192985534668e-01
6.277068853378295898e-01
6.277068853378295898e-01
6.277068853378295898e-01
8.892916440963745117e-01
8.892916440963745117e-01
4.989813864231109619e-01
4.989813864231109619e-01
4.989813864231109619e-01
9.023526906967163086e-01
9.023526906967163086e-01
8.560021519660949707e-01
1.200631976127624512e+00
1.245791435241699219e+00
1.245791435241699219e+00
1.245791435241699219e+00
3.122730255126953125e-01
1.075600266456604004e+00
6.412985324859619141e-01
8.562029600143432617e-01
8.562029600143432617e-01
8.562029600143432617e-01
8.562029600143432617e-01
8.562029600143432617e-01
8.299565315246582031e-01
1.237193346023559570e+00
1.237193346023559570e+00
1.237193346023559570e+00
9.986383318901062012e-01
1.029761910438537598e+00
1.029761910438537598e+00
7.000482082366943359e-01
7.000482082366943359e-01
7.000482082366943359e-01
7.000482082366943359e-01
7.000482082366943359e-01
7.000482082366943359e-01
7.000482082366943359e-01
7.000482082366943359e-01
9.656933546066284180e-01
9.656933546066284180e-01
9.656933546066284180e-01
9.656933546066284180e-01
2.848766446113586426e-01
2.848766446113586426e-01
1.434837341308593750e+00
1.434837341308593750e+00
1.434837341308593750e+00
1.102625012397766113e+00
1.000250935554504395e+00
8.949686288833618164e-01
8.949686288833618164e-01
8.949686288833618164e-01
8.949686288833618164e-01
8.949686288833618164e-01
8.949686288833618164e-01
8.949686288833618164e-01
8.949686288833618164e-01
8.949686288833618164e-01
3.146277070045471191e-01
2.830822467803955078e-01
2.830822467803955078e-01
3.442418575286865234e-01
3.442418575286865234e-01
2.210583984851837158e-01
1.278673052787780762e+00
8.774016499519348145e-01
1.385710000991821289e+00
1.385710000991821289e+00
9.526523351669311523e-01
1.136818170547485352e+00
1.136818170547485352e+00
1.136818170547485352e+00
1.136818170547485352e+00
1.136818170547485352e+00
1.136818170547485352e+00
1.136818170547485352e+00
1.136818170547485352e+00
1.136818170547485352e+00
1.136818170547485352e+00
1.136818170547485352e+00
1.136818170547485352e+00
1.222486853599548340e+00
1.222486853599548340e+00
1.222486853599548340e+00
1.222486853599548340e+00
1.107301235198974609e+00
1.107301235198974609e+00
1.295367479324340820e+00
5.707076787948608398e-01
5.707076787948608398e-01
5.707076787948608398e-01
1.093367218971252441e+00
5.542475581169128418e-01
5.542475581169128418e-01
5.542475581169128418e-01
6.385735273361206055e-01
5.054627060890197754e-01
1.339429855346679688e+00
1.339429855346679688e+00
1.339429855346679688e+00
1.339429855346679688e+00
1.170811772346496582e+00
1.244310855865478516e+00
1.244310855865478516e+00
1.244310855865478516e+00
7.610201239585876465e-01
7.610201239585876465e-01
7.610201239585876465e-01
5.261466503143310547e-01
5.261466503143310547e-01
5.261466503143310547e-01
5.261466503143310547e-01
5.261466503143310547e-01
1.009934902191162109e+00
1.009934902191162109e+00
1.009934902191162109e+00
1.009934902191162109e+00
1.009934902191162109e+00
1.361684083938598633e+00
7.928135395050048828e-01
7.534749507904052734e-01
7.534749507904052734e-01
1.824037432670593262e+00
9.077846407890319824e-01
5.705453157424926758e-01
5.705453157424926758e-01
5.705453157424926758e-01
5.705453157424926758e-01
1.104872465133666992e+00
1.104872465133666992e+00
8.563497662544250488e-01
9.865968227386474609e-01
9.865968227386474609e-01
1.213231563568115234e+00
1.098302364349365234e+00
1.098302364349365234e+00
1.089862823486328125e+00
1.089862823486328125e+00
1.089862823486328125e+00
9.250563979148864746e-01
9.250563979148864746e-01
9.250563979148864746e-01
9.250563979148864746e-01
9.250563979148864746e-01
9.250563979148864746e-01
9.250563979148864746e-01
9.250563979148864746e-01
9.250563979148864746e-01
9.250563979148864746e-01
9.250563979148864746e-01
9.250563979148864746e-01
5.329335927963256836e-01
5.329335927963256836e-01
5.329335927963256836e-01
5.329335927963256836e-01
5.329335927963256836e-01
8.381772041320800781e-01
8.381772041320800781e-01
8.381772041320800781e-01
8.381772041320800781e-01
7.427028417587280273e-01
7.427028417587280273e-01
7.427028417587280273e-01
1.382664442062377930e+00
1.238564252853393555e+00
5.291151404380798340e-01
4.181571006774902344e-01
8.468315005302429199e-01
2.085864067077636719e+00
2.085864067077636719e+00
2.050193309783935547e+00
1.692405223846435547e+00
5.297632217407226562e-01
5.297632217407226562e-01
5.297632217407226562e-01
5.297632217407226562e-01
2.003313004970550537e-01
2.003313004970550537e-01
2.003313004970550537e-01
2.003313004970550537e-01
2.003313004970550537e-01
2.003313004970550537e-01
2.003313004970550537e-01
6.650974750518798828e-01
6.650974750518798828e-01
3.717989921569824219e-01
3.717989921569824219e-01
3.717989921569824219e-01
4.120605587959289551e-01
4.120605587959289551e-01
4.120605587959289551e-01
4.120605587959289551e-01
4.696704447269439697e-01
4.696704447269439697e-01
1.090143203735351562e+00
1.090143203735351562e+00
1.090143203735351562e+00
1.090143203735351562e+00
1.022262573242187500e+00
1.022262573242187500e+00
8.580837249755859375e-01
8.580837249755859375e-01
8.580837249755859375e-01
8.580837249755859375e-01
8.580837249755859375e-01
8.580837249755859375e-01
8.580837249755859375e-01
8.580837249755859375e-01
8.580837249755859375e-01
8.580837249755859375e-01
8.580837249755859375e-01
8.580837249755859375e-01
8.580837249755859375e-01
8.580837249755859375e-01
8.580837249755859375e-01
1.553870439529418945e+00
1.385973215103149414e+00
1.385973215103149414e+00
1.385973215103149414e+00
1.385973215103149414e+00
1.385973215103149414e+00
9.798918962478637695e-01
7.677636146545410156e-01
7.677636146545410156e-01
7.677636146545410156e-01
7.641705870628356934e-01
7.406234145164489746e-01
7.406234145164489746e-01
7.406234145164489746e-01
7.406234145164489746e-01
7.406234145164489746e-01
7.406234145164489746e-01
7.406234145164489746e-01
7.406234145164489746e-01
1.234020948410034180e+00
1.234020948410034180e+00
1.234020948410034180e+00
1.234020948410034180e+00
1.405495285987854004e+00
1.405495285987854004e+00
1.628558874130249023e+00
1.401083230972290039e+00
1.401083230972290039e+00
4.556988477706909180e-01
4.556988477706909180e-01
1.389539003372192383e+00
1.389539003372192383e+00
1.585543990135192871e+00
1.585543990135192871e+00
1.585543990135192871e+00
1.585543990135192871e+00
4.668682813644409180e-01
9.804732799530029297e-01
9.804732799530029297e-01
9.804732799530029297e-01
9.804732799530029297e-01
9.804732799530029297e-01
1.449898600578308105e+00
1.003016114234924316e+00
1.242150783538818359e+00
1.656204223632812500e+00
1.656204223632812500e+00
1.656204223632812500e+00
1.656204223632812500e+00
1.656204223632812500e+00
1.946788549423217773e+00
1.970340967178344727e+00
1.970340967178344727e+00
2.172904014587402344e+00
2.078326940536499023e+00
1.535974025726318359e+00
1.591012716293334961e+00
1.591012716293334961e+00
1.591012716293334961e+00
7.643380761146545410e-01
5.128037929534912109e-01
5.128037929534912109e-01
5.049384832382202148e-01
5.049384832382202148e-01
5.049384832382202148e-01
5.049384832382202148e-01
5.036393404006958008e-01
5.036393404006958008e-01
1.166994571685791016e+00
1.166994571685791016e+00
1.166994571685791016e+00
8.029527664184570312e-01
8.029527664184570312e-01
8.029527664184570312e-01
8.029527664184570312e-01
8.029527664184570312e-01
8.029527664184570312e-01
8.029527664184570312e-01
8.029527664184570312e-01
8.029527664184570312e-01
9.300136566162109375e-01
6.684007644653320312e-01
6.238092780113220215e-01
6.238092780113220215e-01
6.238092780113220215e-01
3.857979178428649902e-01
3.857979178428649902e-01
8.452595472335815430e-01
8.452595472335815430e-01
8.452595472335815430e-01
8.452595472335815430e-01
8.452595472335815430e-01
8.452595472335815430e-01
8.452595472335815430e-01
8.452595472335815430e-01
8.452595472335815430e-01
8.452595472335815430e-01
8.452595472335815430e-01
8.452595472335815430e-01
6.615666151046752930e-01
6.615666151046752930e-01
1.096218824386596680e+00
1.096218824386596680e+00
1.117248415946960449e+00
1.239826440811157227e+00
8.650677204132080078e-01
8.650677204132080078e-01
8.650677204132080078e-01
8.217820525169372559e-01
8.217820525169372559e-01
8.217820525169372559e-01
8.217820525169372559e-01
8.217820525169372559e-01
8.217820525169372559e-01
8.217820525169372559e-01
8.217820525169372559e-01
8.217820525169372559e-01
8.217820525169372559e-01
8.217820525169372559e-01
8.217820525169372559e-01
8.217820525169372559e-01
8.217820525169372559e-01
9.113066196441650391e-01
9.113066196441650391e-01
9.113066196441650391e-01
9.113066196441650391e-01
1.399523377418518066e+00
1.548868894577026367e+00
1.548868894577026367e+00
1.548868894577026367e+00
1.548868894577026367e+00
1.548868894577026367e+00
1.548868894577026367e+00
9.056735634803771973e-01
9.056735634803771973e-01
7.602795362472534180e-01
2.695207297801971436e-01
2.695207297801971436e-01
2.695207297801971436e-01
2.695207297801971436e-01
4.308045506477355957e-01
6.397833824157714844e-01
6.397833824157714844e-01
9.795964956283569336e-01
9.795964956283569336e-01
9.795964956283569336e-01
7.643946409225463867e-01
7.643946409225463867e-01
7.643946409225463867e-01
7.643946409225463867e-01
7.643946409225463867e-01
7.643946409225463867e-01
7.643946409225463867e-01
7.643946409225463867e-01
7.643946409225463867e-01
7.643946409225463867e-01
7.643946409225463867e-01
7.643946409225463867e-01
1.604851007461547852e+00
1.604851007461547852e+00
1.604851007461547852e+00
3.229798078536987305e-01
3.229798078536987305e-01
3.911567330360412598e-01
7.066277861595153809e-01
2.844860851764678955e-01
2.844860851764678955e-01
1.462411761283874512e+00
9.433538913726806641e-01
9.433538913726806641e-01
9.433538913726806641e-01
9.433538913726806641e-01
9.433538913726806641e-01
9.433538913726806641e-01
9.433538913726806641e-01
9.433538913726806641e-01
9.433538913726806641e-01
8.390111923217773438e-01
8.390111923217773438e-01
8.390111923217773438e-01
8.390111923217773438e-01
1.270281314849853516e+00
1.709610104560852051e+00
1.745079398155212402e+00
1.745079398155212402e+00
1.745079398155212402e+00
1.882366418838500977e+00
1.459108829498291016e+00
3.099182844161987305e-01
3.099182844161987305e-01
3.099182844161987305e-01
3.099182844161987305e-01
7.190747261047363281e-01
4.785234928131103516e-01
4.785234928131103516e-01
4.785234928131103516e-01
4.785234928131103516e-01
4.785234928131103516e-01
4.785234928131103516e-01
4.785234928131103516e-01
4.785234928131103516e-01
4.785234928131103516e-01
4.785234928131103516e-01
1.273678421974182129e+00
1.273678421974182129e+00
1.273678421974182129e+00
1.271345853805541992e+00
1.271345853805541992e+00
1.271345853805541992e+00
1.308198094367980957e+00
9.935278892517089844e-01
4.876660108566284180e-01
2.158629655838012695e+00
1.772725701332092285e+00
1.584710717201232910e+00
1.584710717201232910e+00
1.584710717201232910e+00
1.584710717201232910e+00
1.584710717201232910e+00
5.970142483711242676e-01
5.970142483711242676e-01
5.970142483711242676e-01
5.970142483711242676e-01
5.970142483711242676e-01
5.970142483711242676e-01
5.970142483711242676e-01
5.551550388336181641e-01
5.551550388336181641e-01
1.092414259910583496e+00
8.278537988662719727e-01
8.278537988662719727e-01
4.918547272682189941e-01
4.918547272682189941e-01
4.918547272682189941e-01
4.918547272682189941e-01
4.918547272682189941e-01
1.550914049148559570e-01
1.059295654296875000e+00
1.059295654296875000e+00
4.853053092956542969e-01
4.853053092956542969e-01
4.853053092956542969e-01
7.693527340888977051e-01
7.693527340888977051e-01
7.693527340888977051e-01
1.386808156967163086e+00
1.386808156967163086e+00
1.386808156967163086e+00
1.386808156967163086e+00
3.705065250396728516e-01
5.571694374084472656e-01
5.130000710487365723e-01
5.130000710487365723e-01
5.130000710487365723e-01
1.249050855636596680e+00
1.249050855636596680e+00
1.249050855636596680e+00
1.249050855636596680e+00
8.399320840835571289e-01
8.399320840835571289e-01
8.399320840835571289e-01
8.399320840835571289e-01
8.399320840835571289e-01
8.399320840835571289e-01
4.884965419769287109e-01
4.884965419769287109e-01
4.884965419769287109e-01
9.792609214782714844e-01
9.792609214782714844e-01
9.792609214782714844e-01
9.792609214782714844e-01
9.792609214782714844e-01
1.146167635917663574e+00
1.146167635917663574e+00
1.335386395454406738e+00
1.335386395454406738e+00
1.335386395454406738e+00
1.335386395454406738e+00
1.335386395454406738e+00
1.335386395454406738e+00
1.335386395454406738e+00
1.137954354286193848e+00
8.337375521659851074e-01
8.337375521659851074e-01
8.337375521659851074e-01
4.766589999198913574e-01
4.766589999198913574e-01
4.766589999198913574e-01
4.766589999198913574e-01
4.766589999198913574e-01
5.392435789108276367e-01
5.392435789108276367e-01
5.392435789108276367e-01
5.392435789108276367e-01
2.376351058483123779e-01
2.376351058483123779e-01
1.553128600120544434e+00
6.387385725975036621e-01
6.387385725975036621e-01
6.387385725975036621e-01
8.113244771957397461e-01
1.065113067626953125e+00
8.284453153610229492e-01
8.284453153610229492e-01
8.284453153610229492e-01
1.306055307388305664e+00
1.306055307388305664e+00
1.306055307388305664e+00
1.648787856101989746e+00
1.648787856101989746e+00
1.648787856101989746e+00
8.669938445091247559e-01
8.669938445091247559e-01
7.540270686149597168e-01
7.540270686149597168e-01
7.540270686149597168e-01
9.913652539253234863e-01
9.913652539253234863e-01
3.777901530265808105e-01
3.777901530265808105e-01
3.777901530265808105e-01
3.777901530265808105e-01
5.598402023315429688e-01
6.616464853286743164e-01
9.459424018859863281e-01
1.595096826553344727e+00
1.595096826553344727e+00
1.595096826553344727e+00
1.507167100906372070e+00
1.507167100906372070e+00
1.010215878486633301e+00
1.010215878486633301e+00
1.010215878486633301e+00
1.010215878486633301e+00
1.010215878486633301e+00
1.010215878486633301e+00
5.013416409492492676e-01
5.013416409492492676e-01
1.239507675170898438e+00
1.140463709831237793e+00
1.140463709831237793e+00
6.670245528221130371e-01
6.670245528221130371e-01
6.670245528221130371e-01
8.240778446197509766e-01
8.240778446197509766e-01
8.240778446197509766e-01
8.240778446197509766e-01
5.396386981010437012e-01
1.121126174926757812e+00
4.754225015640258789e-01
4.754225015640258789e-01
1.551334738731384277e+00
1.551334738731384277e+00
1.485909581184387207e+00
1.485909581184387207e+00
1.485909581184387207e+00
1.133967041969299316e+00
9.035544395446777344e-01
4.762954413890838623e-01
9.854364395141601562e-01
9.854364395141601562e-01
7.453858852386474609e-01
7.453858852386474609e-01
3.714254498481750488e-01
3.714254498481750488e-01
3.714254498481750488e-01
1.288254976272583008e+00
5.507354140281677246e-01
1.017092823982238770e+00
1.017092823982238770e+00
8.772871494293212891e-01
9.033616781234741211e-01
9.033616781234741211e-01
9.033616781234741211e-01
9.033616781234741211e-01
9.033616781234741211e-01
6.476900577545166016e-01
6.905782222747802734e-01
5.424518585205078125e-01
5.424518585205078125e-01
5.424518585205078125e-01
5.424518585205078125e-01
5.424518585205078125e-01
9.027764797210693359e-01
8.923705816268920898e-01
8.923705816268920898e-01
8.923705816268920898e-01
8.923705816268920898e-01
8.923705816268920898e-01
8.923705816268920898e-01
7.513468861579895020e-01
2.833325862884521484e-01
2.833325862884521484e-01
2.833325862884521484e-01
2.833325862884521484e-01
4.530757069587707520e-01
1.011430621147155762e+00
1.011430621147155762e+00
1.011430621147155762e+00
1.011430621147155762e+00
1.011430621147155762e+00
1.011430621147155762e+00
1.011430621147155762e+00
6.235681772232055664e-01
6.235681772232055664e-01
6.235681772232055664e-01
8.944025039672851562e-01
5.482537746429443359e-01
5.482537746429443359e-01
5.482537746429443359e-01
8.567686080932617188e-01
8.567686080932617188e-01
8.567686080932617188e-01
8.567686080932617188e-01
8.567686080932617188e-01
8.567686080932617188e-01
1.256158232688903809e+00
1.256158232688903809e+00
1.256158232688903809e+00
3.749421238899230957e-01
3.749421238899230957e-01
1.255722522735595703e+00
1.285369753837585449e+00
1.285369753837585449e+00
1.285369753837585449e+00
1.485257744789123535e+00
1.485257744789123535e+00
1.485257744789123535e+00
1.485257744789123535e+00
1.485257744789123535e+00
2.680773735046386719e-01
1.051165223121643066e+00
