6.776030063629150391e-01
6.776030063629150391e-01
6.776030063629150391e-01
6.776030063629150391e-01
6.776030063629150391e-01
6.776030063629150391e-01
8.841496706008911133e-01
8.841496706008911133e-01
1.161326766014099121e+00
1.198583483695983887e+00
1.198583483695983887e+00
1.198583483695983887e+00
1.198583483695983887e+00
1.198583483695983887e+00
5.394278764724731445e-01
5.394278764724731445e-01
5.394278764724731445e-01
5.394278764724731445e-01
5.394278764724731445e-01
1.267442226409912109e+00
1.267442226409912109e+00
6.169202327728271484e-01
6.169202327728271484e-01
9.645560979843139648e-01
1.854082345962524414e+00
1.854082345962524414e+00
1.310986042022705078e+00
1.314470052719116211e+00
1.314470052719116211e+00
1.277126550674438477e+00
1.277126550674438477e+00
1.277126550674438477e+00
1.277126550674438477e+00
1.722582459449768066e+00
1.722582459449768066e+00
1.722582459449768066e+00
1.722582459449768066e+00
1.722582459449768066e+00
1.722582459449768066e+00
2.080711841583251953e+00
7.094798088073730469e-01
6.089190244674682617e-01
6.089190244674682617e-01
6.479574441909790039e-01
6.479574441909790039e-01
6.017552018165588379e-01
1.118820071220397949e+00
1.118820071220397949e+00
1.118820071220397949e+00
1.118820071220397949e+00
7.723438739776611328e-01
7.723438739776611328e-01
1.071178674697875977e+00
1.071178674697875977e+00
1.071178674697875977e+00
1.071178674697875977e+00
1.071178674697875977e+00
1.071178674697875977e+00
6.383361816406250000e-01
1.050159573554992676e+00
1.050159573554992676e+00
8.882408142089843750e-01
9.431124925613403320e-01
1.326437115669250488e+00
1.326437115669250488e+00
1.326437115669250488e+00
1.192270755767822266e+00
1.192270755767822266e+00
1.192270755767822266e+00
1.192270755767822266e+00
1.418464660644531250e+00
1.353631138801574707e+00
1.353631138801574707e+00
1.353631138801574707e+00
9.863218069076538086e-01
9.863218069076538086e-01
9.863218069076538086e-01
1.200240969657897949e+00
9.752767086029052734e-01
9.752767086029052734e-01
9.752767086029052734e-01
9.752767086029052734e-01
9.752767086029052734e-01
9.752767086029052734e-01
1.233140587806701660e+00
1.233140587806701660e+00
1.044378280639648438e+00
1.044378280639648438e+00
1.044378280639648438e+00
6.597827076911926270e-01
6.597827076911926270e-01
6.597827076911926270e-01
7.477005720138549805e-01
7.477005720138549805e-01
7.477005720138549805e-01
7.477005720138549805e-01
7.477005720138549805e-01
7.477005720138549805e-01
6.743077635765075684e-01
6.743077635765075684e-01
6.743077635765075684e-01
6.743077635765075684e-01
6.743077635765075684e-01
5.273085236549377441e-01
5.273085236549377441e-01
5.273085236549377441e-01
5.273085236549377441e-01
5.273085236549377441e-01
6.955631971359252930e-01
6.955631971359252930e-01
6.955631971359252930e-01
6.955631971359252930e-01
6.955631971359252930e-01
6.955631971359252930e-01
6.955631971359252930e-01
6.955631971359252930e-01
1.070012092590332031e+00
1.070012092590332031e+00
1.070012092590332031e+00
1.070012092590332031e+00
8.075938224792480469e-01
8.075938224792480469e-01
8.075938224792480469e-01
8.075938224792480469e-01
8.075938224792480469e-01
8.075938224792480469e-01
8.075938224792480469e-01
6.205302476882934570e-01
6.205302476882934570e-01
6.205302476882934570e-01
6.205302476882934570e-01
6.205302476882934570e-01
1.120744705200195312e+00
1.120744705200195312e+00
1.120744705200195312e+00
9.152529835700988770e-01
9.152529835700988770e-01
1.165306925773620605e+00
1.165306925773620605e+00
7.792862057685852051e-01
7.792862057685852051e-01
7.792862057685852051e-01
7.792862057685852051e-01
6.770808100700378418e-01
6.770808100700378418e-01
8.816149830818176270e-01
2.782095670700073242e-01
5.763320922851562500e-01
1.179487943649291992e+00
8.646362423896789551e-01
8.646362423896789551e-01
1.090788006782531738e+00
1.090788006782531738e+00
1.090788006782531738e+00
1.090788006782531738e+00
8.466120958328247070e-01
1.322716474533081055e+00
1.322716474533081055e+00
1.322716474533081055e+00
1.322716474533081055e+00
1.322716474533081055e+00
1.322716474533081055e+00
1.654482603073120117e+00
1.654482603073120117e+00
6.226528882980346680e-01
3.780013918876647949e-01
3.780013918876647949e-01
9.962815642356872559e-01
9.962815642356872559e-01
2.161543369293212891e+00
2.212316274642944336e+00
1.553909778594970703e-01
1.553909778594970703e-01
1.553909778594970703e-01
5.233273506164550781e-01
5.233273506164550781e-01
5.233273506164550781e-01
1.148675441741943359e+00
1.148675441741943359e+00
1.148675441741943359e+00
6.336788535118103027e-01
4.297354817390441895e-01
4.297354817390441895e-01
4.297354817390441895e-01
8.693823814392089844e-01
8.693823814392089844e-01
8.618756532669067383e-01
1.167903184890747070e+00
4.621303081512451172e-01
7.499049305915832520e-01
5.153297185897827148e-01
5.153297185897827148e-01
5.153297185897827148e-01
5.153297185897827148e-01
5.153297185897827148e-01
5.153297185897827148e-01
7.028250694274902344e-01
7.028250694274902344e-01
7.028250694274902344e-01
5.767647027969360352e-01
5.767647027969360352e-01
1.371426343917846680e+00
1.371426343917846680e+00
8.935037255287170410e-01
8.935037255287170410e-01
8.935037255287170410e-01
8.935037255287170410e-01
1.471808195114135742e+00
1.471808195114135742e+00
1.140603780746459961e+00
1.140603780746459961e+00
1.122348666191101074e+00
5.867919325828552246e-01
9.339153766632080078e-01
9.339153766632080078e-01
9.792350530624389648e-01
9.103894829750061035e-01
8.829123973846435547e-01
8.829123973846435547e-01
8.829123973846435547e-01
8.829123973846435547e-01
8.829123973846435547e-01
8.829123973846435547e-01
1.094492197036743164e+00
1.094492197036743164e+00
1.094492197036743164e+00
1.094492197036743164e+00
1.094492197036743164e+00
1.094492197036743164e+00
5.492548942565917969e-01
1.101853609085083008e+00
1.101853609085083008e+00
9.564691185951232910e-01
9.564691185951232910e-01
9.564691185951232910e-01
9.564691185951232910e-01
9.564691185951232910e-01
9.564691185951232910e-01
9.564691185951232910e-01
1.166740655899047852e+00
1.166740655899047852e+00
1.166740655899047852e+00
1.166740655899047852e+00
1.166740655899047852e+00
9.937280416488647461e-01
9.937280416488647461e-01
9.937280416488647461e-01
9.937280416488647461e-01
9.937280416488647461e-01
1.276940703392028809e+00
1.276940703392028809e+00
1.276940703392028809e+00
1.258712887763977051e+00
1.193777322769165039e+00
1.364882111549377441e+00
1.364882111549377441e+00
1.364882111549377441e+00
6.338615417480468750e-01
3.114040493965148926e-01
3.114040493965148926e-01
3.114040493965148926e-01
1.512560129165649414e+00
1.938230037689208984e+00
3.912179470062255859e-01
3.912179470062255859e-01
3.912179470062255859e-01
3.912179470062255859e-01
3.912179470062255859e-01
5.790656805038452148e-01
5.790656805038452148e-01
7.420858144760131836e-01
7.420858144760131836e-01
7.420858144760131836e-01
7.420858144760131836e-01
1.017053961753845215e+00
1.017053961753845215e+00
1.017053961753845215e+00
1.017053961753845215e+00
1.017053961753845215e+00
5.284615755081176758e-01
5.284615755081176758e-01
5.284615755081176758e-01
5.284615755081176758e-01
5.284615755081176758e-01
5.284615755081176758e-01
5.284615755081176758e-01
5.284615755081176758e-01
5.284615755081176758e-01
7.615537643432617188e-01
7.615537643432617188e-01
7.615537643432617188e-01
8.317468762397766113e-01
8.317468762397766113e-01
8.317468762397766113e-01
8.317468762397766113e-01
8.317468762397766113e-01
8.317468762397766113e-01
8.317468762397766113e-01
8.317468762397766113e-01
8.317468762397766113e-01
8.317468762397766113e-01
5.398542881011962891e-01
6.785789728164672852e-01
6.785789728164672852e-01
6.785789728164672852e-01
6.785789728164672852e-01
6.785789728164672852e-01
6.785789728164672852e-01
6.785789728164672852e-01
6.785789728164672852e-01
6.785789728164672852e-01
6.785789728164672852e-01
6.785789728164672852e-01
6.785789728164672852e-01
8.634359836578369141e-01
8.634359836578369141e-01
8.634359836578369141e-01
8.634359836578369141e-01
8.634359836578369141e-01
9.510455727577209473e-01
7.694977521896362305e-01
8.218397498130798340e-01
9.552702307701110840e-01
7.379859089851379395e-01
7.379859089851379395e-01
1.981179475784301758e+00
1.981179475784301758e+00
1.981179475784301758e+00
1.981179475784301758e+00
1.981179475784301758e+00
1.475894451141357422e-01
1.034054517745971680e+00
9.066555500030517578e-01
1.442178726196289062e+00
1.194390892982482910e+00
1.872596502304077148e+00
1.613318085670471191e+00
1.613318085670471191e+00
1.613318085670471191e+00
1.613318085670471191e+00
1.613318085670471191e+00
1.613318085670471191e+00
1.613318085670471191e+00
1.613318085670471191e+00
1.613318085670471191e+00
1.613318085670471191e+00
1.400548100471496582e+00
1.998866558074951172e+00
1.670066475868225098e+00
1.670066475868225098e+00
1.670066475868225098e+00
1.670066475868225098e+00
1.670066475868225098e+00
1.915365815162658691e+00
1.373631358146667480e+00
6.099013686180114746e-01
6.446088552474975586e-01
6.446088552474975586e-01
6.446088552474975586e-01
6.446088552474975586e-01
6.446088552474975586e-01
6.446088552474975586e-01
8.875964879989624023e-01
8.875964879989624023e-01
8.875964879989624023e-01
8.875964879989624023e-01
4.854739606380462646e-01
4.854739606380462646e-01
4.854739606380462646e-01
4.854739606380462646e-01
4.854739606380462646e-01
4.854739606380462646e-01
4.854739606380462646e-01
4.854739606380462646e-01
4.854739606380462646e-01
9.618389606475830078e-01
9.618389606475830078e-01
9.618389606475830078e-01
9.618389606475830078e-01
8.103460669517517090e-01
6.945764422416687012e-01
6.945764422416687012e-01
6.945764422416687012e-01
6.945764422416687012e-01
6.945764422416687012e-01
6.945764422416687012e-01
6.945764422416687012e-01
6.945764422416687012e-01
8.870770335197448730e-01
6.339570283889770508e-01
1.333139777183532715e+00
1.333139777183532715e+00
1.640133857727050781e+00
8.866213560104370117e-01
8.866213560104370117e-01
2.030083537101745605e-01
2.030083537101745605e-01
9.096003174781799316e-01
9.096003174781799316e-01
9.096003174781799316e-01
9.096003174781799316e-01
9.096003174781799316e-01
9.096003174781799316e-01
7.394894361495971680e-01
7.394894361495971680e-01
3.368332684040069580e-01
3.368332684040069580e-01
1.765227675437927246e+00
9.369698762893676758e-01
5.572361946105957031e-01
5.572361946105957031e-01
5.572361946105957031e-01
6.443468332290649414e-01
5.053004026412963867e-01
1.038847208023071289e+00
1.038847208023071289e+00
1.038847208023071289e+00
1.051476955413818359e+00
8.169516921043395996e-01
1.311138868331909180e+00
7.527200579643249512e-01
8.059607744216918945e-01
8.059607744216918945e-01
8.059607744216918945e-01
8.059607744216918945e-01
8.059607744216918945e-01
8.059607744216918945e-01
8.059607744216918945e-01
8.059607744216918945e-01
1.023604631423950195e+00
1.023604631423950195e+00
1.023604631423950195e+00
1.152208805084228516e+00
1.152208805084228516e+00
1.359861254692077637e+00
1.359861254692077637e+00
1.359861254692077637e+00
1.269101619720458984e+00
6.409327983856201172e-01
6.409327983856201172e-01
6.409327983856201172e-01
7.890850901603698730e-01
5.914316177368164062e-01
5.914316177368164062e-01
5.914316177368164062e-01
5.914316177368164062e-01
1.001088738441467285e+00
1.352988243103027344e+00
1.352988243103027344e+00
4.907322525978088379e-01
1.086665749549865723e+00
1.086665749549865723e+00
1.086665749549865723e+00
1.086665749549865723e+00
3.955862522125244141e-01
7.185808420181274414e-01
7.185808420181274414e-01
7.185808420181274414e-01
4.346156716346740723e-01
4.346156716346740723e-01
2.359598726034164429e-01
1.394996881484985352e+00
1.394996881484985352e+00
1.704491376876831055e+00
1.693030357360839844e+00
1.693030357360839844e+00
1.693030357360839844e+00
1.627660632133483887e+00
9.846329689025878906e-01
2.558965086936950684e-01
2.558965086936950684e-01
1.154092907905578613e+00
1.154092907905578613e+00
1.154092907905578613e+00
1.154092907905578613e+00
1.154092907905578613e+00
1.154092907905578613e+00
5.675442218780517578e-01
5.675442218780517578e-01
1.785710453987121582e+00
1.785710453987121582e+00
1.785710453987121582e+00
1.012422084808349609e+00
1.012422084808349609e+00
1.012422084808349609e+00
1.012422084808349609e+00
1.012422084808349609e+00
7.595328092575073242e-01
7.545798420906066895e-01
7.545798420906066895e-01
7.545798420906066895e-01
7.545798420906066895e-01
7.545798420906066895e-01
7.545798420906066895e-01
7.545798420906066895e-01
7.545798420906066895e-01
9.320796728134155273e-01
9.516195654869079590e-01
9.516195654869079590e-01
9.516195654869079590e-01
9.516195654869079590e-01
9.516195654869079590e-01
9.516195654869079590e-01
9.516195654869079590e-01
4.826529324054718018e-01
4.826529324054718018e-01
4.826529324054718018e-01
1.022247791290283203e+00
1.022247791290283203e+00
1.022247791290283203e+00
1.022247791290283203e+00
1.022247791290283203e+00
1.022247791290283203e+00
1.022247791290283203e+00
1.022247791290283203e+00
1.022247791290283203e+00
1.022247791290283203e+00
1.022247791290283203e+00
1.022247791290283203e+00
1.116224050521850586e+00
1.116224050521850586e+00
1.116224050521850586e+00
1.116224050521850586e+00
1.116224050521850586e+00
1.116224050521850586e+00
1.116224050521850586e+00
1.116224050521850586e+00
4.764087796211242676e-01
4.579285681247711182e-01
3.897368907928466797e-01
1.576958894729614258e+00
1.576958894729614258e+00
1.088420271873474121e+00
1.784112572669982910e+00
1.784112572669982910e+00
1.784112572669982910e+00
6.673029661178588867e-01
6.673029661178588867e-01
5.960578918457031250e-01
5.960578918457031250e-01
5.960578918457031250e-01
5.162899494171142578e-01
1.427428483963012695e+00
3.493214845657348633e-01
3.493214845657348633e-01
3.493214845657348633e-01
3.493214845657348633e-01
1.009234428405761719e+00
1.009234428405761719e+00
1.009234428405761719e+00
1.114489793777465820e+00
1.114489793777465820e+00
1.538666009902954102e+00
1.538666009902954102e+00
1.538666009902954102e+00
1.264636635780334473e+00
8.904408812522888184e-01
8.904408812522888184e-01
1.010557293891906738e+00
1.010557293891906738e+00
1.010557293891906738e+00
1.010557293891906738e+00
1.010557293891906738e+00
1.010557293891906738e+00
1.010557293891906738e+00
1.010557293891906738e+00
8.576398491859436035e-01
8.576398491859436035e-01
8.576398491859436035e-01
8.576398491859436035e-01
8.576398491859436035e-01
8.576398491859436035e-01
8.576398491859436035e-01
8.576398491859436035e-01
7.104002833366394043e-01
7.104002833366394043e-01
7.104002833366394043e-01
9.090902805328369141e-01
9.090902805328369141e-01
9.090902805328369141e-01
9.090902805328369141e-01
1.030197501182556152e+00
1.030197501182556152e+00
8.621006608009338379e-01
7.163974642753601074e-01
7.163974642753601074e-01
7.163974642753601074e-01
7.163974642753601074e-01
7.163974642753601074e-01
7.163974642753601074e-01
7.163974642753601074e-01
7.163974642753601074e-01
7.163974642753601074e-01
7.163974642753601074e-01
7.353640794754028320e-01
4.593854546546936035e-01
4.593854546546936035e-01
5.124405026435852051e-01
5.124405026435852051e-01
1.033332347869873047e+00
1.033332347869873047e+00
1.033332347869873047e+00
1.033332347869873047e+00
1.033332347869873047e+00
1.033332347869873047e+00
9.992201328277587891e-01
9.992201328277587891e-01
9.992201328277587891e-01
5.879575610160827637e-01
5.879575610160827637e-01
5.879575610160827637e-01
9.966278076171875000e-01
9.966278076171875000e-01
9.966278076171875000e-01
9.966278076171875000e-01
9.966278076171875000e-01
6.137703061103820801e-01
6.137703061103820801e-01
6.137703061103820801e-01
6.137703061103820801e-01
6.137703061103820801e-01
6.137703061103820801e-01
1.307195067405700684e+00
1.244335412979125977e+00
1.244335412979125977e+00
1.564716339111328125e+00
1.564716339111328125e+00
1.564716339111328125e+00
1.880944252014160156e+00
1.880944252014160156e+00
1.880944252014160156e+00
1.880944252014160156e+00
1.880944252014160156e+00
1.172932028770446777e+00
1.172932028770446777e+00
1.172932028770446777e+00
1.228983640670776367e+00
1.300129652023315430e+00
1.313739657402038574e+00
9.455087780952453613e-01
9.455087780952453613e-01
9.455087780952453613e-01
9.455087780952453613e-01
9.455087780952453613e-01
9.455087780952453613e-01
9.455087780952453613e-01
9.455087780952453613e-01
6.355175375938415527e-01
6.355175375938415527e-01
7.398077249526977539e-01
6.378677487373352051e-01
1.016545057296752930e+00
1.016545057296752930e+00
8.699339628219604492e-01
1.564998984336853027e+00
8.905721902847290039e-01
8.905721902847290039e-01
8.905721902847290039e-01
5.238541960716247559e-01
6.616611480712890625e-01
1.099713087081909180e+00
4.035920500755310059e-01
4.035920500755310059e-01
4.035920500755310059e-01
3.999725282192230225e-01
8.209116458892822266e-01
8.209116458892822266e-01
8.209116458892822266e-01
8.209116458892822266e-01
6.941577196121215820e-01
6.941577196121215820e-01
1.096611976623535156e+00
1.096611976623535156e+00
7.883176207542419434e-01
6.044589281082153320e-01
1.115361213684082031e+00
1.115361213684082031e+00
1.115361213684082031e+00
1.115361213684082031e+00
1.115361213684082031e+00
1.115361213684082031e+00
5.737717151641845703e-01
5.737717151641845703e-01
5.737717151641845703e-01
7.226212024688720703e-01
1.123729586601257324e+00
1.123729586601257324e+00
1.325297117233276367e+00
1.325297117233276367e+00
2.042967081069946289e-01
1.499547123908996582e+00
1.499547123908996582e+00
1.499547123908996582e+00
1.987840533256530762e+00
1.987840533256530762e+00
1.500413537025451660e+00
1.500413537025451660e+00
1.285396337509155273e+00
9.092586040496826172e-01
9.092586040496826172e-01
9.092586040496826172e-01
9.092586040496826172e-01
3.722701668739318848e-01
3.722701668739318848e-01
1.311266660690307617e+00
5.613898634910583496e-01
5.613898634910583496e-01
5.613898634910583496e-01
7.251389026641845703e-01
7.251389026641845703e-01
7.251389026641845703e-01
7.251389026641845703e-01
7.251389026641845703e-01
7.251389026641845703e-01
7.251389026641845703e-01
8.842363953590393066e-01
5.383991003036499023e-01
5.383991003036499023e-01
5.383991003036499023e-01
7.714084386825561523e-01
7.714084386825561523e-01
4.758857786655426025e-01
4.758857786655426025e-01
4.758857786655426025e-01
4.758857786655426025e-01
9.685887694358825684e-01
1.346656322479248047e+00
6.521919965744018555e-01
5.067960023880004883e-01
7.955640554428100586e-01
7.955640554428100586e-01
7.955640554428100586e-01
7.955640554428100586e-01
7.955640554428100586e-01
7.955640554428100586e-01
7.955640554428100586e-01
7.955640554428100586e-01
7.955640554428100586e-01
7.955640554428100586e-01
1.376831054687500000e+00
1.376831054687500000e+00
1.376831054687500000e+00
9.268250465393066406e-01
9.268250465393066406e-01
9.268250465393066406e-01
9.268250465393066406e-01
1.316795706748962402e+00
1.316795706748962402e+00
1.316795706748962402e+00
1.316795706748962402e+00
1.316795706748962402e+00
1.316795706748962402e+00
1.316795706748962402e+00
2.228798389434814453e+00
1.953270792961120605e+00
1.769249558448791504e+00
1.769249558448791504e+00
1.990717053413391113e+00
1.990717053413391113e+00
1.664426684379577637e+00
1.664426684379577637e+00
1.664426684379577637e+00
1.410799980163574219e+00
1.410799980163574219e+00
1.410799980163574219e+00
1.410799980163574219e+00
1.410799980163574219e+00
4.898621439933776855e-01
4.898621439933776855e-01
4.898621439933776855e-01
4.898621439933776855e-01
4.898621439933776855e-01
4.898621439933776855e-01
3.908669352531433105e-01
3.908669352531433105e-01
3.908669352531433105e-01
3.908669352531433105e-01
3.908669352531433105e-01
3.908669352531433105e-01
9.839162826538085938e-01
6.069970130920410156e-01
1.121562957763671875e+00
1.261097550392150879e+00
1.261097550392150879e+00
1.261097550392150879e+00
8.301808834075927734e-01
8.301808834075927734e-01
8.301808834075927734e-01
7.981412410736083984e-01
7.981412410736083984e-01
7.981412410736083984e-01
7.981412410736083984e-01
7.086575031280517578e-01
7.086575031280517578e-01
5.954136252403259277e-01
6.129029393196105957e-01
1.160490036010742188e+00
9.843102097511291504e-01
3.392640948295593262e-01
3.392640948295593262e-01
1.778289079666137695e+00
1.778289079666137695e+00
1.778289079666137695e+00
1.431484222412109375e+00
1.431484222412109375e+00
1.431484222412109375e+00
1.558835148811340332e+00
1.158299565315246582e+00
1.158299565315246582e+00
1.158299565315246582e+00
2.163851261138916016e-01
2.163851261138916016e-01
2.163851261138916016e-01
7.597733139991760254e-01
1.063081264495849609e+00
1.063081264495849609e+00
7.584078311920166016e-01
1.552972078323364258e+00
1.552972078323364258e+00
1.641660928726196289e+00
1.641660928726196289e+00
9.951785802841186523e-01
4.632384777069091797e-01
4.632384777069091797e-01
4.632384777069091797e-01
4.632384777069091797e-01
4.632384777069091797e-01
1.029064178466796875e+00
3.285544514656066895e-01
3.285544514656066895e-01
3.285544514656066895e-01
3.285544514656066895e-01
3.285544514656066895e-01
1.512200593948364258e+00
1.512200593948364258e+00
1.512200593948364258e+00
8.788394927978515625e-01
8.788394927978515625e-01
8.788394927978515625e-01
8.788394927978515625e-01
1.177256584167480469e+00
1.177256584167480469e+00
1.177256584167480469e+00
1.177256584167480469e+00
1.177256584167480469e+00
1.097326040267944336e+00
1.097326040267944336e+00
1.097326040267944336e+00
1.569460988044738770e+00
1.569460988044738770e+00
1.569460988044738770e+00
1.569460988044738770e+00
1.662443995475769043e+00
1.088334321975708008e+00
1.088334321975708008e+00
1.088334321975708008e+00
1.088334321975708008e+00
1.088334321975708008e+00
8.120181560516357422e-01
8.120181560516357422e-01
8.163699507713317871e-01
8.163699507713317871e-01
8.163699507713317871e-01
8.163699507713317871e-01
8.163699507713317871e-01
1.196502327919006348e+00
1.066733717918395996e+00
1.066733717918395996e+00
1.066733717918395996e+00
1.066733717918395996e+00
7.689065933227539062e-01
7.689065933227539062e-01
8.621089458465576172e-01
8.621089458465576172e-01
8.621089458465576172e-01
8.690215945243835449e-01
8.961848616600036621e-01
1.024405121803283691e+00
1.024405121803283691e+00
1.024405121803283691e+00
1.024405121803283691e+00
1.024405121803283691e+00
1.232230067253112793e+00
1.169717669486999512e+00
9.014796018600463867e-01
9.014796018600463867e-01
9.014796018600463867e-01
9.014796018600463867e-01
9.014796018600463867e-01
4.321349561214447021e-01
4.321349561214447021e-01
4.321349561214447021e-01
4.321349561214447021e-01
5.142268538475036621e-01
5.142268538475036621e-01
5.142268538475036621e-01
5.142268538475036621e-01
5.142268538475036621e-01
8.241819739341735840e-01
8.241819739341735840e-01
8.241819739341735840e-01
1.195961236953735352e+00
1.195961236953735352e+00
1.195961236953735352e+00
1.195961236953735352e+00
6.687458157539367676e-01
6.687458157539367676e-01
9.637657403945922852e-01
1.088381290435791016e+00
1.182706117630004883e+00
1.182706117630004883e+00
1.182706117630004883e+00
1.182706117630004883e+00
1.182706117630004883e+00
1.177958726882934570e+00
1.177958726882934570e+00
1.287538647651672363e+00
6.201871633529663086e-01
1.173610210418701172e+00
1.173610210418701172e+00
1.187600016593933105e+00
1.187600016593933105e+00
1.187600016593933105e+00
1.187600016593933105e+00
1.187600016593933105e+00
1.187600016593933105e+00
1.187600016593933105e+00
1.718932390213012695e+00
1.250214099884033203e+00
1.250214099884033203e+00
1.349696755409240723e+00
1.088640689849853516e+00
7.986899614334106445e-01
7.986899614334106445e-01
7.986899614334106445e-01
1.851400613784790039e+00
7.514152526855468750e-01
7.514152526855468750e-01
7.514152526855468750e-01
7.514152526855468750e-01
5.525125861167907715e-01
5.525125861167907715e-01
4.628397524356842041e-01
8.008710145950317383e-01
8.008710145950317383e-01
8.008710145950317383e-01
8.008710145950317383e-01
5.356206893920898438e-01
5.356206893920898438e-01
5.356206893920898438e-01
9.280906915664672852e-01
9.280906915664672852e-01
9.280906915664672852e-01
2.807182669639587402e-01
2.807182669639587402e-01
2.807182669639587402e-01
1.747197866439819336e+00
1.747197866439819336e+00
9.309504628181457520e-01
9.309504628181457520e-01
7.351152896881103516e-01
7.351152896881103516e-01
1.776097416877746582e+00
9.531865119934082031e-01
7.323591113090515137e-01
7.323591113090515137e-01
7.323591113090515137e-01
7.323591113090515137e-01
7.878817319869995117e-01
7.878817319869995117e-01
7.078822255134582520e-01
7.078822255134582520e-01
7.078822255134582520e-01
6.975404024124145508e-01
5.155601501464843750e-01
5.155601501464843750e-01
1.060224294662475586e+00
1.060224294662475586e+00
1.060224294662475586e+00
5.189901590347290039e-01
5.189901590347290039e-01
5.189901590347290039e-01
5.189901590347290039e-01
5.189901590347290039e-01
5.189901590347290039e-01
3.853696584701538086e-01
3.853696584701538086e-01
3.853696584701538086e-01
3.853696584701538086e-01
8.222378492355346680e-01
1.722151517868041992e+00
1.747432470321655273e+00
1.747432470321655273e+00
8.793975114822387695e-01
5.000615715980529785e-01
5.000615715980529785e-01
5.000615715980529785e-01
1.358608484268188477e+00
1.358608484268188477e+00
1.358608484268188477e+00
1.358608484268188477e+00
1.358608484268188477e+00
1.358608484268188477e+00
1.358608484268188477e+00
1.358608484268188477e+00
1.358608484268188477e+00
1.358608484268188477e+00
9.317117929458618164e-01
9.317117929458618164e-01
9.317117929458618164e-01
9.317117929458618164e-01
9.317117929458618164e-01
9.317117929458618164e-01
9.317117929458618164e-01
9.317117929458618164e-01
9.317117929458618164e-01
9.317117929458618164e-01
9.317117929458618164e-01
9.317117929458618164e-01
9.317117929458618164e-01
9.317117929458618164e-01
9.317117929458618164e-01
9.317117929458618164e-01
1.583780646324157715e+00
1.259375691413879395e+00
1.259375691413879395e+00
1.259375691413879395e+00
6.037257909774780273e-01
9.166462421417236328e-01
1.248231768608093262e+00
1.334509253501892090e+00
1.469706773757934570e+00
1.469706773757934570e+00
1.656446456909179688e+00
1.656446456909179688e+00
6.581575274467468262e-01
5.095534324645996094e-01
9.764083623886108398e-01
9.764083623886108398e-01
3.682479858398437500e-01
3.682479858398437500e-01
3.682479858398437500e-01
1.300243139266967773e+00
1.300243139266967773e+00
1.300243139266967773e+00
1.300243139266967773e+00
1.300243139266967773e+00
1.300243139266967773e+00
5.690446496009826660e-01
5.690446496009826660e-01
5.690446496009826660e-01
1.044671416282653809e+00
1.044671416282653809e+00
1.044671416282653809e+00
9.539075493812561035e-01
9.539075493812561035e-01
9.539075493812561035e-01
9.539075493812561035e-01
9.539075493812561035e-01
9.539075493812561035e-01
9.539075493812561035e-01
9.539075493812561035e-01
9.539075493812561035e-01
9.539075493812561035e-01
9.539075493812561035e-01
9.539075493812561035e-01
9.539075493812561035e-01
9.539075493812561035e-01
1.412630915641784668e+00
1.412630915641784668e+00
1.412630915641784668e+00
1.412630915641784668e+00
3.758221864700317383e-01
1.210666775703430176e+00
1.210666775703430176e+00
1.300433158874511719e+00
1.101982116699218750e+00
1.101982116699218750e+00
1.101982116699218750e+00
1.101982116699218750e+00
1.101982116699218750e+00
1.359102249145507812e+00
1.359102249145507812e+00
1.481856703758239746e+00
1.481856703758239746e+00
1.904237508773803711e+00
2.654052972793579102e-01
5.230270624160766602e-01
5.230270624160766602e-01
5.941901206970214844e-01
5.941901206970214844e-01
7.600379586219787598e-01
7.600379586219787598e-01
7.600379586219787598e-01
7.099075913429260254e-01
7.099075913429260254e-01
7.099075913429260254e-01
7.099075913429260254e-01
6.314619183540344238e-01
6.314619183540344238e-01
7.977377176284790039e-01
6.557415127754211426e-01
6.557415127754211426e-01
6.557415127754211426e-01
6.557415127754211426e-01
6.557415127754211426e-01
6.557415127754211426e-01
6.493421196937561035e-01
8.911631107330322266e-01
4.510622620582580566e-01
4.510622620582580566e-01
4.510622620582580566e-01
4.510622620582580566e-01
4.510622620582580566e-01
4.187601506710052490e-01
8.627753853797912598e-01
8.627753853797912598e-01
8.627753853797912598e-01
8.627753853797912598e-01
8.627753853797912598e-01
8.627753853797912598e-01
8.025072813034057617e-01
8.025072813034057617e-01
6.360240578651428223e-01
6.360240578651428223e-01
6.360240578651428223e-01
6.736167073249816895e-01
6.736167073249816895e-01
6.736167073249816895e-01
6.736167073249816895e-01
6.736167073249816895e-01
1.123092889785766602e+00
1.123092889785766602e+00
1.123092889785766602e+00
1.123092889785766602e+00
5.596550703048706055e-01
5.596550703048706055e-01
1.274527549743652344e+00
1.274527549743652344e+00
1.791987895965576172e+00
1.791987895965576172e+00
1.791987895965576172e+00
1.398422718048095703e+00
1.691542863845825195e+00
1.742484688758850098e+00
1.742484688758850098e+00
1.742484688758850098e+00
1.742484688758850098e+00
8.902778625488281250e-01
3.267161846160888672e-01
8.695529699325561523e-01
8.695529699325561523e-01
8.695529699325561523e-01
8.695529699325561523e-01
8.695529699325561523e-01
1.268821597099304199e+00
1.268821597099304199e+00
1.268821597099304199e+00
9.480397701263427734e-01
9.480397701263427734e-01
9.800706505775451660e-01
7.739445567131042480e-01
7.739445567131042480e-01
1.283184528350830078e+00
1.773239135742187500e+00
1.439548492431640625e+00
1.439548492431640625e+00
1.439548492431640625e+00
3.887373208999633789e-01
3.887373208999633789e-01
1.217722415924072266e+00
1.217722415924072266e+00
1.217722415924072266e+00
1.217722415924072266e+00
1.217722415924072266e+00
1.217722415924072266e+00
1.217722415924072266e+00
1.217722415924072266e+00
1.217722415924072266e+00
1.217722415924072266e+00
1.217722415924072266e+00
1.217722415924072266e+00
1.217722415924072266e+00
1.217722415924072266e+00
1.324042797088623047e+00
8.042939305305480957e-01
8.042939305305480957e-01
8.042939305305480957e-01
8.042939305305480957e-01
8.042939305305480957e-01
8.332092761993408203e-01
8.332092761993408203e-01
8.332092761993408203e-01
8.332092761993408203e-01
8.332092761993408203e-01
8.332092761993408203e-01
8.332092761993408203e-01
8.332092761993408203e-01
8.332092761993408203e-01
2.581483721733093262e-01
8.382608294486999512e-01
8.382608294486999512e-01
8.382608294486999512e-01
4.829879701137542725e-01
4.829879701137542725e-01
1.330843687057495117e+00
1.330843687057495117e+00
1.330843687057495117e+00
1.330843687057495117e+00
1.330843687057495117e+00
1.330843687057495117e+00
1.330843687057495117e+00
1.330843687057495117e+00
1.237461566925048828e+00
1.026957988739013672e+00
1.857185363769531250e+00
1.857185363769531250e+00
5.067673921585083008e-01
5.067673921585083008e-01
5.067673921585083008e-01
5.067673921585083008e-01
1.065653562545776367e+00
3.366196751594543457e-01
3.366196751594543457e-01
3.366196751594543457e-01
3.366196751594543457e-01
1.669121503829956055e+00
1.514010906219482422e+00
1.514010906219482422e+00
3.762426376342773438e-01
1.253639698028564453e+00
1.253639698028564453e+00
1.253639698028564453e+00
1.253639698028564453e+00
1.253639698028564453e+00
1.253639698028564453e+00
1.253639698028564453e+00
1.253639698028564453e+00
1.587671637535095215e+00
1.587671637535095215e+00
1.546411156654357910e+00
1.098704218864440918e+00
1.098704218864440918e+00
1.098704218864440918e+00
9.301531314849853516e-01
6.279329657554626465e-01
6.279329657554626465e-01
1.070241212844848633e+00
1.070241212844848633e+00
1.070241212844848633e+00
1.070241212844848633e+00
1.070241212844848633e+00
1.070241212844848633e+00
1.070241212844848633e+00
1.070241212844848633e+00
1.070241212844848633e+00
1.070241212844848633e+00
1.070241212844848633e+00
9.998422861099243164e-01
9.998422861099243164e-01
9.998422861099243164e-01
4.896954298019409180e-01
4.896954298019409180e-01
1.582753539085388184e+00
1.582753539085388184e+00
1.582753539085388184e+00
1.414685964584350586e+00
1.414685964584350586e+00
1.414685964584350586e+00
1.414685964584350586e+00
1.237850189208984375e+00
1.237850189208984375e+00
1.237850189208984375e+00
1.237850189208984375e+00
3.168733716011047363e-01
3.168733716011047363e-01
5.810292363166809082e-01
7.735303640365600586e-01
7.735303640365600586e-01
7.735303640365600586e-01
7.735303640365600586e-01
7.735303640365600586e-01
7.735303640365600586e-01
7.735303640365600586e-01
7.735303640365600586e-01
7.735303640365600586e-01
7.735303640365600586e-01
7.735303640365600586e-01
7.735303640365600586e-01
7.735303640365600586e-01
7.735303640365600586e-01
7.735303640365600586e-01
7.735303640365600586e-01
1.072717547416687012e+00
1.072717547416687012e+00
1.072717547416687012e+00
1.072717547416687012e+00
1.491266012191772461e+00
1.112456679344177246e+00
1.053971171379089355e+00
1.053971171379089355e+00
4.461737275123596191e-01
9.117563962936401367e-01
9.117563962936401367e-01
6.660648584365844727e-01
6.660648584365844727e-01
6.660648584365844727e-01
6.660648584365844727e-01
6.660648584365844727e-01
6.660648584365844727e-01
6.660648584365844727e-01
6.660648584365844727e-01
6.660648584365844727e-01
6.660648584365844727e-01
1.577820777893066406e+00
1.577820777893066406e+00
1.577820777893066406e+00
1.488517642021179199e+00
1.488517642021179199e+00
1.488517642021179199e+00
9.015876054763793945e-01
1.212454319000244141e+00
1.145698547363281250e+00
1.145698547363281250e+00
1.145698547363281250e+00
1.145698547363281250e+00
1.145698547363281250e+00
1.099317312240600586e+00
9.109582901000976562e-01
4.004513025283813477e-01
4.004513025283813477e-01
4.004513025283813477e-01
1.160787343978881836e+00
7.501367330551147461e-01
7.501367330551147461e-01
6.681190729141235352e-01
5.778856277465820312e-01
5.778856277465820312e-01
5.778856277465820312e-01
5.778856277465820312e-01
8.296400904655456543e-01
8.296400904655456543e-01
8.296400904655456543e-01
8.296400904655456543e-01
8.296400904655456543e-01
6.745451092720031738e-01
6.745451092720031738e-01
6.745451092720031738e-01
1.175557613372802734e+00
1.175557613372802734e+00
8.296011090278625488e-01
8.296011090278625488e-01
8.296011090278625488e-01
8.163918852806091309e-01
1.127880334854125977e+00
1.127880334854125977e+00
8.533633947372436523e-01
8.533633947372436523e-01
8.533633947372436523e-01
8.533633947372436523e-01
8.844808936119079590e-01
8.844808936119079590e-01
1.479697704315185547e+00
1.479697704315185547e+00
1.982300043106079102e+00
1.044835805892944336e+00
6.565335392951965332e-01
6.565335392951965332e-01
1.456736803054809570e+00
1.456736803054809570e+00
8.793783783912658691e-01
3.271204829216003418e-01
3.271204829216003418e-01
6.461699008941650391e-01
8.275769948959350586e-01
8.275769948959350586e-01
8.275769948959350586e-01
8.275769948959350586e-01
6.094018816947937012e-01
6.094018816947937012e-01
9.277037382125854492e-01
9.277037382125854492e-01
5.669367313385009766e-01
5.669367313385009766e-01
5.669367313385009766e-01
4.367946386337280273e-01
4.367946386337280273e-01
4.367946386337280273e-01
4.367946386337280273e-01
4.283534884452819824e-01
4.283534884452819824e-01
4.283534884452819824e-01
4.283534884452819824e-01
4.283534884452819824e-01
4.283534884452819824e-01
4.283534884452819824e-01
3.294623196125030518e-01
3.294623196125030518e-01
1.108079671859741211e+00
1.108079671859741211e+00
7.341481447219848633e-01
1.025132894515991211e+00
1.025132894515991211e+00
3.420870900154113770e-01
3.420870900154113770e-01
3.420870900154113770e-01
3.420870900154113770e-01
6.161434650421142578e-01
4.035869836807250977e-01
4.035869836807250977e-01
4.035869836807250977e-01
4.035869836807250977e-01
5.768555402755737305e-01
5.768555402755737305e-01
5.768555402755737305e-01
1.144928455352783203e+00
1.144928455352783203e+00
1.144928455352783203e+00
9.405357837677001953e-01
9.405357837677001953e-01
9.405357837677001953e-01
9.405357837677001953e-01
9.405357837677001953e-01
9.405357837677001953e-01
9.405357837677001953e-01
1.138570666313171387e+00
9.522745609283447266e-01
9.522745609283447266e-01
1.517915248870849609e+00
9.273524284362792969e-01
9.012746810913085938e-01
6.545520424842834473e-01
6.545520424842834473e-01
6.545520424842834473e-01
6.545520424842834473e-01
7.729445695877075195e-01
7.729445695877075195e-01
7.729445695877075195e-01
7.729445695877075195e-01
7.729445695877075195e-01
7.729445695877075195e-01
7.729445695877075195e-01
7.729445695877075195e-01
5.786901712417602539e-01
5.786901712417602539e-01
5.786901712417602539e-01
5.786901712417602539e-01
5.786901712417602539e-01
5.786901712417602539e-01
5.786901712417602539e-01
5.786901712417602539e-01
9.138583540916442871e-01
2.394289374351501465e-01
8.576956987380981445e-01
5.592870712280273438e-01
1.403109431266784668e+00
1.403109431266784668e+00
1.403109431266784668e+00
9.319426417350769043e-01
7.781405448913574219e-01
7.781405448913574219e-01
7.781405448913574219e-01
7.781405448913574219e-01
7.781405448913574219e-01
7.781405448913574219e-01
9.733225703239440918e-01
9.733225703239440918e-01
9.733225703239440918e-01
9.733225703239440918e-01
4.326789379119873047e-01
4.326789379119873047e-01
4.326789379119873047e-01
4.326789379119873047e-01
1.216234207153320312e+00
1.216234207153320312e+00
1.216234207153320312e+00
1.216234207153320312e+00
3.168830275535583496e-01
1.262708663940429688e+00
1.262708663940429688e+00
1.262708663940429688e+00
7.373629212379455566e-01
6.130803823471069336e-01
6.130803823471069336e-01
6.130803823471069336e-01
6.130803823471069336e-01
9.742955565452575684e-01
9.742955565452575684e-01
9.742955565452575684e-01
8.974952697753906250e-01
8.974952697753906250e-01
8.974952697753906250e-01
8.974952697753906250e-01
9.261157512664794922e-01
9.261157512664794922e-01
9.261157512664794922e-01
9.261157512664794922e-01
9.261157512664794922e-01
9.261157512664794922e-01
9.261157512664794922e-01
6.323924660682678223e-01
6.323924660682678223e-01
1.263475418090820312e+00
1.063156723976135254e+00
1.177771091461181641e+00
1.177771091461181641e+00
1.177771091461181641e+00
1.177771091461181641e+00
1.239705920219421387e+00
9.147750735282897949e-01
9.147750735282897949e-01
9.147750735282897949e-01
9.147750735282897949e-01
9.147750735282897949e-01
1.930185556411743164e+00
1.930185556411743164e+00
1.375582098960876465e+00
1.375582098960876465e+00
6.522271037101745605e-01
6.522271037101745605e-01
6.522271037101745605e-01
6.522271037101745605e-01
6.522271037101745605e-01
6.522271037101745605e-01
1.044844985008239746e+00
1.044844985008239746e+00
1.044844985008239746e+00
7.589126825332641602e-01
7.589126825332641602e-01
7.589126825332641602e-01
6.747378110885620117e-01
6.747378110885620117e-01
1.213702201843261719e+00
1.213702201843261719e+00
1.208617568016052246e+00
1.208617568016052246e+00
1.208617568016052246e+00
1.208617568016052246e+00
6.382111907005310059e-01
6.382111907005310059e-01
6.382111907005310059e-01
6.382111907005310059e-01
6.382111907005310059e-01
6.382111907005310059e-01
6.382111907005310059e-01
1.064866542816162109e+00
1.064866542816162109e+00
1.064866542816162109e+00
1.064866542816162109e+00
1.294899463653564453e+00
1.294899463653564453e+00
1.294899463653564453e+00
8.506340980529785156e-01
4.080286324024200439e-01
4.080286324024200439e-01
1.509102225303649902e+00
1.509102225303649902e+00
1.677189826965332031e+00
1.677189826965332031e+00
1.677189826965332031e+00
1.531750202178955078e+00
8.723614811897277832e-01
8.723614811897277832e-01
8.723614811897277832e-01
8.723614811897277832e-01
8.723614811897277832e-01
8.723614811897277832e-01
8.723614811897277832e-01
1.287036657333374023e+00
1.287036657333374023e+00
1.646915316581726074e+00
1.646915316581726074e+00
1.646915316581726074e+00
1.298795819282531738e+00
1.426371335983276367e+00
3.799140453338623047e-01
7.320293188095092773e-01
7.320293188095092773e-01
6.563190817832946777e-01
6.563190817832946777e-01
1.019660711288452148e+00
6.267009973526000977e-01
6.606591343879699707e-01
1.038382053375244141e+00
1.038382053375244141e+00
1.111871361732482910e+00
4.193942546844482422e-01
4.193942546844482422e-01
4.193942546844482422e-01
1.391074657440185547e+00
1.391074657440185547e+00
1.048968672752380371e+00
5.411927700042724609e-01
5.411927700042724609e-01
1.619972348213195801e+00
2.510828971862792969e-01
2.510828971862792969e-01
4.655965566635131836e-01
4.655965566635131836e-01
4.655965566635131836e-01
4.655965566635131836e-01
8.596464395523071289e-01
9.228778481483459473e-01
7.236690521240234375e-01
7.236690521240234375e-01
5.291084051132202148e-01
6.781305074691772461e-01
8.807447552680969238e-01
9.312930703163146973e-01
9.312930703163146973e-01
1.520857810974121094e+00
1.384425759315490723e+00
1.384425759315490723e+00
7.970628738403320312e-01
1.257872462272644043e+00
4.986643791198730469e-01
7.352367639541625977e-01
7.352367639541625977e-01
4.843543469905853271e-01
4.843543469905853271e-01
4.843543469905853271e-01
4.843543469905853271e-01
6.596303582191467285e-01
7.844249606132507324e-01
7.844249606132507324e-01
1.462635517120361328e+00
1.153121829032897949e+00
1.153121829032897949e+00
1.153121829032897949e+00
1.153121829032897949e+00
1.153121829032897949e+00
1.153121829032897949e+00
1.153121829032897949e+00
6.322639584541320801e-01
1.150906562805175781e+00
6.870756149291992188e-01
6.870756149291992188e-01
6.870756149291992188e-01
6.870756149291992188e-01
6.870756149291992188e-01
6.870756149291992188e-01
8.776941895484924316e-01
8.776941895484924316e-01
8.776941895484924316e-01
8.776941895484924316e-01
2.117475867271423340e-01
1.654904603958129883e+00
1.654904603958129883e+00
1.654904603958129883e+00
1.654904603958129883e+00
7.608381509780883789e-01
9.590547084808349609e-01
1.472609639167785645e+00
1.467847108840942383e+00
9.758127331733703613e-01
9.758127331733703613e-01
9.758127331733703613e-01
9.758127331733703613e-01
7.561435699462890625e-01
7.561435699462890625e-01
7.561435699462890625e-01
8.016857504844665527e-01
8.016857504844665527e-01
8.016857504844665527e-01
7.252174615859985352e-01
7.252174615859985352e-01
7.973814010620117188e-01
7.973814010620117188e-01
7.973814010620117188e-01
7.973814010620117188e-01
1.229099750518798828e+00
1.637976884841918945e+00
9.916533231735229492e-01
9.916533231735229492e-01
1.163913607597351074e+00
1.163913607597351074e+00
1.699476480484008789e+00
1.910464048385620117e+00
1.910464048385620117e+00
5.757573843002319336e-01
1.262119293212890625e+00
1.262119293212890625e+00
1.262119293212890625e+00
7.466293573379516602e-01
7.502828836441040039e-01
1.335967183113098145e-01
1.335967183113098145e-01
4.789195060729980469e-01
4.789195060729980469e-01
1.081887006759643555e+00
1.081887006759643555e+00
1.081887006759643555e+00
1.081887006759643555e+00
1.081887006759643555e+00
1.081887006759643555e+00
6.967757344245910645e-01
1.406569242477416992e+00
1.406569242477416992e+00
1.370242595672607422e+00
1.165408372879028320e+00
1.165408372879028320e+00
1.165408372879028320e+00
9.694123864173889160e-01
9.694123864173889160e-01
1.077993392944335938e+00
1.077993392944335938e+00
1.077993392944335938e+00
1.077993392944335938e+00
1.077993392944335938e+00
1.077993392944335938e+00
1.139417648315429688e+00
1.551935195922851562e+00
1.551935195922851562e+00
1.551935195922851562e+00
1.551935195922851562e+00
1.551935195922851562e+00
1.217736959457397461e+00
1.217736959457397461e+00
1.175057053565979004e+00
1.175057053565979004e+00
1.112897157669067383e+00
1.112897157669067383e+00
1.112897157669067383e+00
1.112897157669067383e+00
1.112897157669067383e+00
1.895800232887268066e+00
1.895800232887268066e+00
1.895800232887268066e+00
1.895800232887268066e+00
1.191620469093322754e+00
1.191620469093322754e+00
4.392289519309997559e-01
4.392289519309997559e-01
4.392289519309997559e-01
4.392289519309997559e-01
7.329760789871215820e-01
7.329760789871215820e-01
7.329760789871215820e-01
7.329760789871215820e-01
7.329760789871215820e-01
7.329760789871215820e-01
7.329760789871215820e-01
1.240655541419982910e+00
1.240655541419982910e+00
7.912480831146240234e-01
7.912480831146240234e-01
7.912480831146240234e-01
7.912480831146240234e-01
1.260549664497375488e+00
8.798948526382446289e-01
8.798948526382446289e-01
9.629902839660644531e-01
1.097680091857910156e+00
1.097680091857910156e+00
1.076530218124389648e+00
1.076530218124389648e+00
1.076530218124389648e+00
1.183818101882934570e+00
1.751603126525878906e+00
2.785589694976806641e-01
2.785589694976806641e-01
2.785589694976806641e-01
2.785589694976806641e-01
2.785589694976806641e-01
2.785589694976806641e-01
1.068047642707824707e+00
1.068047642707824707e+00
8.731837868690490723e-01
8.731837868690490723e-01
8.731837868690490723e-01
8.280246257781982422e-01
8.280246257781982422e-01
7.002409696578979492e-01
7.002409696578979492e-01
7.002409696578979492e-01
7.002409696578979492e-01
3.385021090507507324e-01
3.385021090507507324e-01
3.385021090507507324e-01
3.385021090507507324e-01
3.385021090507507324e-01
3.385021090507507324e-01
1.487145662307739258e+00
1.487145662307739258e+00
1.487145662307739258e+00
1.148738384246826172e+00
4.136626124382019043e-01
4.136626124382019043e-01
4.136626124382019043e-01
4.136626124382019043e-01
7.423472404479980469e-01
7.423472404479980469e-01
7.423472404479980469e-01
7.423472404479980469e-01
3.943711519241333008e-01
1.133872747421264648e+00
1.133872747421264648e+00
1.133872747421264648e+00
1.753221869468688965e+00
1.753221869468688965e+00
1.187977552413940430e+00
1.187977552413940430e+00
1.187977552413940430e+00
1.187977552413940430e+00
1.088137865066528320e+00
7.972702383995056152e-01
4.395890533924102783e-01
1.505463600158691406e+00
8.234540224075317383e-01
8.234540224075317383e-01
8.234540224075317383e-01
8.234540224075317383e-01
8.234540224075317383e-01
7.398080825805664062e-01
7.398080825805664062e-01
1.160312414169311523e+00
1.160312414169311523e+00
1.160312414169311523e+00
1.160312414169311523e+00
1.160312414169311523e+00
1.033182740211486816e+00
1.033182740211486816e+00
1.033182740211486816e+00
1.033182740211486816e+00
1.033182740211486816e+00
1.552361965179443359e+00
1.552361965179443359e+00
1.093863368034362793e+00
1.093863368034362793e+00
1.093863368034362793e+00
1.093863368034362793e+00
7.226952314376831055e-01
7.226952314376831055e-01
7.226952314376831055e-01
7.226952314376831055e-01
8.754262924194335938e-01
8.754262924194335938e-01
8.754262924194335938e-01
1.025051355361938477e+00
1.025051355361938477e+00
1.025051355361938477e+00
1.025051355361938477e+00
1.025051355361938477e+00
6.861388683319091797e-01
6.861388683319091797e-01
6.861388683319091797e-01
6.861388683319091797e-01
6.861388683319091797e-01
7.052845358848571777e-01
7.052845358848571777e-01
1.321156501770019531e+00
1.321156501770019531e+00
1.321156501770019531e+00
4.699179530143737793e-01
4.699179530143737793e-01
5.849992632865905762e-01
5.849992632865905762e-01
5.849992632865905762e-01
1.436074972152709961e+00
1.135260224342346191e+00
1.135260224342346191e+00
1.135260224342346191e+00
1.135260224342346191e+00
1.135260224342346191e+00
1.135260224342346191e+00
2.050949096679687500e+00
6.917501688003540039e-01
6.917501688003540039e-01
6.917501688003540039e-01
6.917501688003540039e-01
6.917501688003540039e-01
6.917501688003540039e-01
6.917501688003540039e-01
6.917501688003540039e-01
6.917501688003540039e-01
6.917501688003540039e-01
1.122373580932617188e+00
1.122373580932617188e+00
1.122373580932617188e+00
1.122373580932617188e+00
4.565679430961608887e-01
4.565679430961608887e-01
1.370453000068664551e+00
1.370453000068664551e+00
1.370453000068664551e+00
1.970796585083007812e+00
1.970796585083007812e+00
1.970796585083007812e+00
1.376785278320312500e+00
1.614431738853454590e+00
1.614431738853454590e+00
1.229879856109619141e+00
7.897568345069885254e-01
6.189655661582946777e-01
6.189655661582946777e-01
6.189655661582946777e-01
6.189655661582946777e-01
6.189655661582946777e-01
6.189655661582946777e-01
6.189655661582946777e-01
6.189655661582946777e-01
1.471217393875122070e+00
1.471217393875122070e+00
1.471217393875122070e+00
7.917260527610778809e-01
9.802383184432983398e-01
9.802383184432983398e-01
8.804395198822021484e-01
8.804395198822021484e-01
8.804395198822021484e-01
5.592845082283020020e-01
5.592845082283020020e-01
6.366623640060424805e-01
9.177769422531127930e-01
9.177769422531127930e-01
9.177769422531127930e-01
1.706745386123657227e+00
1.706745386123657227e+00
1.781260967254638672e+00
1.636466503143310547e+00
1.636466503143310547e+00
1.358912110328674316e+00
5.677629709243774414e-01
5.677629709243774414e-01
6.499958038330078125e-01
6.499958038330078125e-01
6.499958038330078125e-01
6.499958038330078125e-01
6.499958038330078125e-01
6.499958038330078125e-01
6.499958038330078125e-01
6.499958038330078125e-01
4.652681946754455566e-01
4.652681946754455566e-01
4.652681946754455566e-01
4.652681946754455566e-01
4.652681946754455566e-01
5.066494941711425781e-01
7.969306707382202148e-01
7.969306707382202148e-01
1.028215646743774414e+00
2.385088205337524414e-01
2.385088205337524414e-01
2.309191226959228516e-01
2.309191226959228516e-01
1.332404851913452148e+00
1.332404851913452148e+00
1.332404851913452148e+00
2.257145643234252930e-01
6.442941427230834961e-01
8.744284510612487793e-01
8.657379746437072754e-01
4.437780678272247314e-01
4.437780678272247314e-01
1.478604674339294434e+00
6.726780533790588379e-01
1.563145160675048828e+00
8.289129734039306641e-01
1.023323535919189453e+00
7.282752990722656250e-01
1.210792064666748047e+00
7.714252471923828125e-01
7.714252471923828125e-01
4.573686122894287109e-01
4.573686122894287109e-01
5.182747244834899902e-01
5.182747244834899902e-01
5.182747244834899902e-01
5.182747244834899902e-01
9.096337556838989258e-01
9.096337556838989258e-01
9.096337556838989258e-01
9.096337556838989258e-01
5.578128099441528320e-01
8.505272865295410156e-01
8.505272865295410156e-01
8.505272865295410156e-01
8.505272865295410156e-01
8.505272865295410156e-01
8.505272865295410156e-01
8.505272865295410156e-01
8.505272865295410156e-01
8.505272865295410156e-01
8.505272865295410156e-01
8.505272865295410156e-01
8.505272865295410156e-01
8.505272865295410156e-01
8.505272865295410156e-01
8.505272865295410156e-01
8.505272865295410156e-01
8.505272865295410156e-01
8.505272865295410156e-01
8.505272865295410156e-01
8.505272865295410156e-01
6.618207693099975586e-01
6.618207693099975586e-01
6.618207693099975586e-01
8.199743032455444336e-01
8.199743032455444336e-01
8.199743032455444336e-01
8.199743032455444336e-01
7.098499536514282227e-01
7.098499536514282227e-01
7.098499536514282227e-01
7.098499536514282227e-01
5.415200591087341309e-01
5.415200591087341309e-01
5.415200591087341309e-01
5.415200591087341309e-01
5.415200591087341309e-01
1.604058504104614258e+00
1.604058504104614258e+00
1.604058504104614258e+00
1.604058504104614258e+00
6.194890141487121582e-01
6.194890141487121582e-01
1.116350412368774414e+00
1.116350412368774414e+00
1.422735929489135742e+00
1.422735929489135742e+00
4.851638078689575195e-01
4.851638078689575195e-01
4.851638078689575195e-01
4.851638078689575195e-01
4.851638078689575195e-01
4.851638078689575195e-01
4.851638078689575195e-01
4.851638078689575195e-01
9.890598654747009277e-01
7.577937841415405273e-01
6.212548017501831055e-01
7.261412143707275391e-01
7.261412143707275391e-01
7.261412143707275391e-01
7.261412143707275391e-01
7.261412143707275391e-01
7.261412143707275391e-01
7.261412143707275391e-01
7.261412143707275391e-01
7.261412143707275391e-01
7.261412143707275391e-01
7.261412143707275391e-01
1.601401329040527344e+00
1.318971753120422363e+00
1.318971753120422363e+00
1.318971753120422363e+00
1.318971753120422363e+00
1.318971753120422363e+00
1.318971753120422363e+00
1.318971753120422363e+00
4.578834772109985352e-01
4.578834772109985352e-01
2.549281120300292969e-01
2.549281120300292969e-01
1.782459020614624023e+00
1.782459020614624023e+00
1.782459020614624023e+00
1.782459020614624023e+00
1.782459020614624023e+00
1.666968822479248047e+00
1.666968822479248047e+00
1.666968822479248047e+00
1.531914949417114258e+00
1.531914949417114258e+00
1.286182403564453125e+00
1.219824552536010742e+00
1.207541346549987793e+00
1.207541346549987793e+00
1.207541346549987793e+00
1.207541346549987793e+00
8.995200991630554199e-01
8.995200991630554199e-01
8.995200991630554199e-01
8.995200991630554199e-01
8.995200991630554199e-01
2.338496446609497070e-01
1.181033372879028320e+00
1.181033372879028320e+00
1.181033372879028320e+00
1.181033372879028320e+00
7.284319400787353516e-01
7.284319400787353516e-01
7.284319400787353516e-01
7.284319400787353516e-01
7.284319400787353516e-01
4.730514585971832275e-01
4.730514585971832275e-01
4.730514585971832275e-01
4.730514585971832275e-01
4.730514585971832275e-01
1.562863945960998535e+00
1.834245800971984863e+00
1.834245800971984863e+00
1.547068476676940918e+00
1.547068476676940918e+00
1.547068476676940918e+00
1.547068476676940918e+00
1.547068476676940918e+00
1.547068476676940918e+00
1.547068476676940918e+00
1.741029024124145508e-01
1.741029024124145508e-01
1.741029024124145508e-01
1.741029024124145508e-01
1.454543948173522949e+00
1.454543948173522949e+00
2.157808065414428711e+00
6.714950799942016602e-01
6.714950799942016602e-01
6.714950799942016602e-01
9.873976707458496094e-01
1.411263942718505859e+00
1.411263942718505859e+00
9.742576479911804199e-01
1.147831678390502930e+00
1.147831678390502930e+00
7.613396644592285156e-01
9.601325392723083496e-01
9.601325392723083496e-01
9.601325392723083496e-01
9.601325392723083496e-01
9.601325392723083496e-01
3.501746654510498047e-01
3.501746654510498047e-01
3.501746654510498047e-01
3.501746654510498047e-01
5.583938360214233398e-01
5.583938360214233398e-01
5.583938360214233398e-01
5.583938360214233398e-01
5.931691527366638184e-01
1.111542701721191406e+00
1.111542701721191406e+00
9.560723304748535156e-01
1.621639251708984375e+00
1.621639251708984375e+00
1.621639251708984375e+00
8.610517382621765137e-01
1.194207429885864258e+00
5.423147678375244141e-01
5.423147678375244141e-01
5.423147678375244141e-01
5.814684629440307617e-01
5.814684629440307617e-01
5.814684629440307617e-01
5.882712602615356445e-01
5.882712602615356445e-01
5.882712602615356445e-01
5.882712602615356445e-01
1.151503562927246094e+00
1.151503562927246094e+00
6.430028080940246582e-01
1.360330104827880859e+00
1.360330104827880859e+00
1.360330104827880859e+00
1.360330104827880859e+00
1.360330104827880859e+00
1.360330104827880859e+00
1.360330104827880859e+00
1.360330104827880859e+00
1.442529439926147461e+00
1.442529439926147461e+00
1.442529439926147461e+00
1.688019633293151855e+00
1.688019633293151855e+00
1.688019633293151855e+00
1.395703196525573730e+00
6.877887845039367676e-01
4.643387794494628906e-01
7.136324048042297363e-01
1.047477483749389648e+00
1.213982939720153809e+00
1.213982939720153809e+00
1.213982939720153809e+00
1.213982939720153809e+00
7.833723425865173340e-01
4.935123622417449951e-01
1.183064460754394531e+00
1.183064460754394531e+00
1.183064460754394531e+00
1.183064460754394531e+00
1.183064460754394531e+00
1.183064460754394531e+00
1.183064460754394531e+00
1.183064460754394531e+00
1.183064460754394531e+00
6.121984720230102539e-01
9.283505678176879883e-01
9.283505678176879883e-01
9.283505678176879883e-01
9.283505678176879883e-01
9.283505678176879883e-01
9.283505678176879883e-01
1.722793340682983398e+00
1.722793340682983398e+00
1.179964303970336914e+00
1.179964303970336914e+00
1.179964303970336914e+00
1.179964303970336914e+00
4.909999966621398926e-01
3.425444960594177246e-01
8.173809051513671875e-01
6.725271344184875488e-01
6.725271344184875488e-01
6.153967380523681641e-01
1.212306499481201172e+00
1.284245610237121582e+00
1.284245610237121582e+00
1.284245610237121582e+00
1.284245610237121582e+00
8.109325170516967773e-01
8.109325170516967773e-01
5.122411251068115234e-01
9.215129613876342773e-01
9.215129613876342773e-01
9.215129613876342773e-01
2.190552949905395508e-01
2.190552949905395508e-01
1.290816068649291992e+00
1.290816068649291992e+00
1.290816068649291992e+00
7.566940188407897949e-01
7.566940188407897949e-01
7.266321182250976562e-01
8.602864146232604980e-01
1.859869718551635742e+00
1.859869718551635742e+00
1.461882352828979492e+00
1.291058301925659180e+00
7.291745543479919434e-01
7.291745543479919434e-01
7.291745543479919434e-01
9.470092654228210449e-01
9.470092654228210449e-01
9.470092654228210449e-01
9.470092654228210449e-01
9.470092654228210449e-01
1.450671672821044922e+00
1.317546844482421875e+00
1.229888916015625000e+00
1.139930844306945801e+00
1.139930844306945801e+00
1.431161642074584961e+00
1.431161642074584961e+00
1.431161642074584961e+00
1.431161642074584961e+00
1.192762017250061035e+00
1.488383531570434570e+00
6.032596826553344727e-01
5.079018473625183105e-01
5.079018473625183105e-01
5.079018473625183105e-01
1.669574022293090820e+00
1.669574022293090820e+00
1.669574022293090820e+00
1.715338230133056641e+00
1.715338230133056641e+00
1.715338230133056641e+00
1.294444441795349121e+00
1.349150300025939941e+00
1.349150300025939941e+00
1.349150300025939941e+00
1.349150300025939941e+00
1.349150300025939941e+00
1.057536363601684570e+00
6.066476106643676758e-01
6.066476106643676758e-01
6.066476106643676758e-01
6.066476106643676758e-01
6.066476106643676758e-01
6.676113605499267578e-01
6.676113605499267578e-01
1.303834199905395508e+00
4.791525006294250488e-01
4.791525006294250488e-01
4.791525006294250488e-01
4.791525006294250488e-01
4.791525006294250488e-01
1.896649837493896484e+00
1.584542036056518555e+00
1.729968547821044922e+00
1.729968547821044922e+00
1.495048761367797852e+00
1.185430169105529785e+00
1.185430169105529785e+00
9.485078454017639160e-01
1.131404519081115723e+00
1.131404519081115723e+00
1.173593163490295410e+00
1.173593163490295410e+00
4.908824563026428223e-01
5.800303816795349121e-01
1.141477346420288086e+00
1.141477346420288086e+00
6.554387807846069336e-01
6.554387807846069336e-01
1.058810114860534668e+00
1.058810114860534668e+00
1.012459635734558105e+00
1.012459635734558105e+00
1.057619094848632812e+00
1.057619094848632812e+00
1.057619094848632812e+00
1.057619094848632812e+00
6.233173608779907227e-01
8.382217884063720703e-01
8.382217884063720703e-01
8.382217884063720703e-01
8.382217884063720703e-01
8.382217884063720703e-01
8.119753599166870117e-01
1.219212293624877930e+00
1.219212293624877930e+00
1.219212293624877930e+00
9.806572794914245605e-01
1.011780858039855957e+00
1.011780858039855957e+00
6.820671558380126953e-01
6.820671558380126953e-01
6.820671558380126953e-01
6.820671558380126953e-01
6.820671558380126953e-01
6.820671558380126953e-01
6.820671558380126953e-01
6.820671558380126953e-01
6.820671558380126953e-01
9.477123022079467773e-01
9.477123022079467773e-01
9.477123022079467773e-01
9.477123022079467773e-01
9.477123022079467773e-01
9.477123022079467773e-01
9.477123022079467773e-01
9.477123022079467773e-01
9.477123022079467773e-01
6.154999732971191406e-01
5.131258964538574219e-01
4.078435599803924561e-01
9.878630638122558594e-01
9.878630638122558594e-01
9.878630638122558594e-01
9.878630638122558594e-01
9.878630638122558594e-01
1.251309156417846680e+00
1.431956171989440918e+00
8.763075470924377441e-01
6.088260412216186523e-01
6.088260412216186523e-01
6.699856519699096680e-01
6.699856519699096680e-01
6.699856519699096680e-01
6.699856519699096680e-01
7.115672230720520020e-01
7.115672230720520020e-01
1.125760078430175781e+00
1.125760078430175781e+00
1.125760078430175781e+00
1.125760078430175781e+00
1.125760078430175781e+00
1.125760078430175781e+00
1.125760078430175781e+00
1.125760078430175781e+00
1.125760078430175781e+00
1.125760078430175781e+00
1.125760078430175781e+00
1.125760078430175781e+00
1.125760078430175781e+00
1.211428761482238770e+00
1.211428761482238770e+00
1.211428761482238770e+00
1.211428761482238770e+00
1.096243143081665039e+00
1.096243143081665039e+00
1.284309387207031250e+00
5.596495866775512695e-01
5.596495866775512695e-01
5.596495866775512695e-01
1.082309126853942871e+00
5.431894659996032715e-01
5.431894659996032715e-01
5.431894659996032715e-01
6.536182761192321777e-01
6.536182761192321777e-01
6.536182761192321777e-01
1.464806556701660156e+00
1.464806556701660156e+00
8.485981225967407227e-01
9.220972061157226562e-01
9.220972061157226562e-01
9.220972061157226562e-01
4.388064742088317871e-01
4.388064742088317871e-01
4.388064742088317871e-01
4.388064742088317871e-01
4.388064742088317871e-01
1.289395570755004883e+00
1.289395570755004883e+00
1.289395570755004883e+00
1.773183822631835938e+00
3.641523122787475586e-01
4.548512101173400879e-01
6.189182400703430176e-01
6.189182400703430176e-01
6.189182400703430176e-01
6.189182400703430176e-01
6.189182400703430176e-01
5.795796513557434082e-01
5.795796513557434082e-01
1.650142192840576172e+00
7.338894009590148926e-01
7.338894009590148926e-01
7.338894009590148926e-01
7.338894009590148926e-01
7.338894009590148926e-01
1.268216490745544434e+00
1.268216490745544434e+00
1.019693851470947266e+00
1.149940967559814453e+00
1.149940967559814453e+00
1.376575708389282227e+00
1.261646509170532227e+00
1.261646509170532227e+00
1.253206968307495117e+00
1.253206968307495117e+00
1.253206968307495117e+00
1.253206968307495117e+00
3.252980113029479980e-01
7.181557416915893555e-01
7.181557416915893555e-01
7.181557416915893555e-01
7.181557416915893555e-01
7.181557416915893555e-01
7.181557416915893555e-01
7.181557416915893555e-01
7.181557416915893555e-01
7.181557416915893555e-01
7.181557416915893555e-01
7.181557416915893555e-01
7.181557416915893555e-01
7.181557416915893555e-01
7.181557416915893555e-01
1.217291831970214844e+00
1.615650415420532227e+00
1.615650415420532227e+00
1.615650415420532227e+00
1.520176053047180176e+00
1.520176053047180176e+00
1.520176053047180176e+00
1.520176053047180176e+00
1.376075863838195801e+00
6.666267514228820801e-01
5.556687116622924805e-01
9.843431115150451660e-01
2.223375558853149414e+00
2.223375558853149414e+00
2.223375558853149414e+00
2.223375558853149414e+00
1.742312788963317871e+00
1.036008358001708984e+00
1.036008358001708984e+00
1.406132817268371582e+00
1.406132817268371582e+00
1.406132817268371582e+00
1.406132817268371582e+00
1.406132817268371582e+00
1.406132817268371582e+00
1.406132817268371582e+00
8.533984422683715820e-01
1.175260305404663086e+00
8.819618225097656250e-01
8.819618225097656250e-01
6.632534861564636230e-01
7.035150527954101562e-01
7.035150527954101562e-01
7.035150527954101562e-01
7.035150527954101562e-01
7.611249089241027832e-01
7.611249089241027832e-01
1.381597638130187988e+00
1.381597638130187988e+00
4.798486828804016113e-01
4.798486828804016113e-01
4.119680523872375488e-01
4.119680523872375488e-01
4.119680523872375488e-01
5.974754095077514648e-01
8.794645071029663086e-01
8.794645071029663086e-01
8.794645071029663086e-01
8.794645071029663086e-01
8.794645071029663086e-01
8.794645071029663086e-01
8.794645071029663086e-01
8.794645071029663086e-01
8.794645071029663086e-01
8.794645071029663086e-01
8.794645071029663086e-01
8.794645071029663086e-01
8.794645071029663086e-01
1.575251221656799316e+00
1.407354116439819336e+00
1.407354116439819336e+00
1.407354116439819336e+00
1.407354116439819336e+00
1.407354116439819336e+00
1.407354116439819336e+00
1.098234295845031738e+00
1.098234295845031738e+00
1.098234295845031738e+00
1.098234295845031738e+00
1.074687123298645020e+00
1.074687123298645020e+00
1.074687123298645020e+00
1.074687123298645020e+00
1.074687123298645020e+00
1.074687123298645020e+00
1.074687123298645020e+00
1.074687123298645020e+00
1.074687123298645020e+00
9.374783039093017578e-01
9.374783039093017578e-01
1.334025502204895020e+00
1.334025502204895020e+00
1.334025502204895020e+00
1.334025502204895020e+00
1.334025502204895020e+00
1.334025502204895020e+00
1.334025502204895020e+00
1.334025502204895020e+00
1.334025502204895020e+00
1.530030488967895508e+00
1.530030488967895508e+00
1.530030488967895508e+00
1.530030488967895508e+00
4.113547801971435547e-01
9.249597787857055664e-01
9.249597787857055664e-01
9.249597787857055664e-01
9.249597787857055664e-01
9.249597787857055664e-01
1.394385099411010742e+00
9.475026130676269531e-01
1.186637282371520996e+00
1.600690841674804688e+00
1.600690841674804688e+00
1.600690841674804688e+00
1.600690841674804688e+00
1.600690841674804688e+00
1.891275167465209961e+00
1.914827585220336914e+00
1.914827585220336914e+00
2.117390632629394531e+00
2.022813558578491211e+00
1.480460643768310547e+00
1.535499334335327148e+00
1.535499334335327148e+00
1.535499334335327148e+00
7.088246941566467285e-01
4.572904109954833984e-01
1.171466708183288574e+00
1.163601398468017578e+00
1.163601398468017578e+00
1.163601398468017578e+00
5.807043910026550293e-01
5.807043910026550293e-01
5.807043910026550293e-01
9.680292606353759766e-01
1.011130094528198242e+00
1.011130094528198242e+00
6.470882892608642578e-01
6.470882892608642578e-01
6.470882892608642578e-01
6.470882892608642578e-01
6.470882892608642578e-01
6.470882892608642578e-01
6.470882892608642578e-01
6.470882892608642578e-01
6.470882892608642578e-01
7.741491794586181641e-01
7.741491794586181641e-01
7.295576930046081543e-01
7.295576930046081543e-01
7.295576930046081543e-01
4.915463328361511230e-01
4.915463328361511230e-01
9.510079622268676758e-01
9.510079622268676758e-01
9.510079622268676758e-01
9.510079622268676758e-01
9.510079622268676758e-01
9.510079622268676758e-01
9.510079622268676758e-01
9.510079622268676758e-01
9.510079622268676758e-01
9.510079622268676758e-01
9.510079622268676758e-01
9.510079622268676758e-01
7.673150300979614258e-01
7.673150300979614258e-01
1.201967239379882812e+00
1.201967239379882812e+00
1.201967239379882812e+00
1.324545264244079590e+00
9.497865438461303711e-01
9.497865438461303711e-01
9.497865438461303711e-01
9.065008759498596191e-01
9.065008759498596191e-01
9.065008759498596191e-01
9.065008759498596191e-01
9.065008759498596191e-01
9.065008759498596191e-01
9.065008759498596191e-01
9.065008759498596191e-01
9.065008759498596191e-01
6.661700010299682617e-01
6.661700010299682617e-01
6.661700010299682617e-01
6.661700010299682617e-01
7.556945681571960449e-01
1.264612793922424316e+00
1.264612793922424316e+00
7.382936477661132812e-01
7.382936477661132812e-01
7.382936477661132812e-01
6.165652871131896973e-01
1.569219350814819336e+00
1.569219350814819336e+00
1.569219350814819336e+00
1.186709046363830566e+00
1.592817425727844238e+00
9.496220946311950684e-01
9.496220946311950684e-01
8.042280673980712891e-01
3.134692609310150146e-01
3.134692609310150146e-01
3.134692609310150146e-01
3.134692609310150146e-01
4.747530817985534668e-01
6.837319135665893555e-01
6.837319135665893555e-01
1.023545026779174805e+00
1.023545026779174805e+00
1.023545026779174805e+00
8.083431720733642578e-01
8.083431720733642578e-01
8.083431720733642578e-01
8.083431720733642578e-01
9.417420625686645508e-01
9.417420625686645508e-01
9.417420625686645508e-01
9.417420625686645508e-01
9.417420625686645508e-01
9.417420625686645508e-01
9.417420625686645508e-01
9.417420625686645508e-01
9.417420625686645508e-01
9.417420625686645508e-01
9.417420625686645508e-01
9.417420625686645508e-01
9.417420625686645508e-01
9.417420625686645508e-01
9.417420625686645508e-01
1.009918928146362305e+00
1.009918928146362305e+00
5.877772569656372070e-01
5.877772569656372070e-01
3.973888456821441650e-01
1.150323510169982910e+00
4.117669463157653809e-01
4.117669463157653809e-01
4.117669463157653809e-01
9.979187846183776855e-01
9.979187846183776855e-01
9.979187846183776855e-01
9.979187846183776855e-01
8.935760855674743652e-01
8.935760855674743652e-01
8.935760855674743652e-01
8.935760855674743652e-01
1.324846148490905762e+00
1.764174938201904297e+00
1.799644231796264648e+00
1.799644231796264648e+00
1.799644231796264648e+00
1.799644231796264648e+00
1.376386642456054688e+00
1.376386642456054688e+00
1.376386642456054688e+00
1.194038510322570801e+00
5.692853927612304688e-01
5.692853927612304688e-01
5.692853927612304688e-01
5.692853927612304688e-01
5.692853927612304688e-01
5.692853927612304688e-01
3.213553428649902344e-01
3.213553428649902344e-01
3.213553428649902344e-01
3.213553428649902344e-01
3.213553428649902344e-01
3.213553428649902344e-01
1.116510272026062012e+00
1.116510272026062012e+00
1.116510272026062012e+00
1.114177703857421875e+00
1.114177703857421875e+00
1.114177703857421875e+00
1.151029944419860840e+00
8.363597393035888672e-01
8.363597393035888672e-01
8.363597393035888672e-01
4.504557549953460693e-01
2.624408006668090820e-01
2.624408006668090820e-01
6.548796892166137695e-01
1.461430072784423828e+00
1.461430072784423828e+00
4.737336039543151855e-01
4.737336039543151855e-01
4.737336039543151855e-01
4.737336039543151855e-01
4.737336039543151855e-01
4.737336039543151855e-01
4.737336039543151855e-01
4.318744242191314697e-01
4.318744242191314697e-01
9.691336154937744141e-01
7.045731544494628906e-01
1.045340418815612793e+00
1.045340418815612793e+00
1.045340418815612793e+00
6.251348257064819336e-01
6.251348257064819336e-01
6.251348257064819336e-01
2.883715033531188965e-01
1.192575693130493164e+00
1.192575693130493164e+00
1.192575693130493164e+00
1.192575693130493164e+00
1.476623058319091797e+00
1.476623058319091797e+00
1.476623058319091797e+00
4.939422011375427246e-01
4.939422011375427246e-01
1.280610203742980957e+00
1.280610203742980957e+00
1.263575911521911621e+00
1.263575911521911621e+00
6.902062892913818359e-01
6.902062892913818359e-01
6.902062892913818359e-01
6.902062892913818359e-01
6.902062892913818359e-01
1.016164183616638184e+00
7.400476932525634766e-01
7.400476932525634766e-01
7.400476932525634766e-01
7.998924851417541504e-01
7.998924851417541504e-01
9.430602192878723145e-01
9.430602192878723145e-01
9.430602192878723145e-01
9.430602192878723145e-01
9.430602192878723145e-01
9.430602192878723145e-01
9.430602192878723145e-01
9.430602192878723145e-01
1.109966874122619629e+00
1.109966874122619629e+00
1.299185633659362793e+00
1.299185633659362793e+00
1.299185633659362793e+00
1.299185633659362793e+00
1.299185633659362793e+00
1.299185633659362793e+00
1.299185633659362793e+00
1.101753592491149902e+00
7.975367903709411621e-01
7.975367903709411621e-01
7.975367903709411621e-01
4.404582381248474121e-01
4.404582381248474121e-01
4.404582381248474121e-01
4.404582381248474121e-01
4.404582381248474121e-01
5.030428171157836914e-01
5.030428171157836914e-01
5.030428171157836914e-01
5.030428171157836914e-01
5.030428171157836914e-01
5.030428171157836914e-01
5.030428171157836914e-01
5.030428171157836914e-01
5.523494482040405273e-01
5.523494482040405273e-01
7.249354124069213867e-01
9.787240028381347656e-01
7.420562505722045898e-01
7.420562505722045898e-01
7.420562505722045898e-01
1.219666242599487305e+00
1.219666242599487305e+00
1.219666242599487305e+00
1.562398791313171387e+00
1.562398791313171387e+00
1.562398791313171387e+00
7.806047797203063965e-01
7.806047797203063965e-01
6.676380038261413574e-01
6.676380038261413574e-01
6.676380038261413574e-01
9.049761891365051270e-01
9.049761891365051270e-01
9.049761891365051270e-01
9.049761891365051270e-01
9.049761891365051270e-01
9.049761891365051270e-01
1.087026238441467285e+00
1.188832521438598633e+00
1.188832521438598633e+00
1.188832521438598633e+00
1.188832521438598633e+00
1.188832521438598633e+00
1.100902795791625977e+00
1.303821802139282227e+00
8.068705797195434570e-01
8.068705797195434570e-01
8.068705797195434570e-01
8.068705797195434570e-01
8.068705797195434570e-01
1.017598628997802734e+00
6.013597846031188965e-01
6.013597846031188965e-01
1.339525699615478516e+00
1.240481734275817871e+00
1.240481734275817871e+00
7.670425772666931152e-01
7.670425772666931152e-01
7.670425772666931152e-01
9.240958690643310547e-01
9.240958690643310547e-01
9.240958690643310547e-01
9.240958690643310547e-01
6.935756206512451172e-01
6.935756206512451172e-01
1.398637175559997559e+00
1.398637175559997559e+00
1.398637175559997559e+00
1.333212018013000488e+00
1.333212018013000488e+00
1.333212018013000488e+00
9.812694787979125977e-01
7.508568763732910156e-01
7.508568763732910156e-01
7.508568763732910156e-01
6.676357388496398926e-01
6.676357388496398926e-01
6.676357388496398926e-01
2.936753034591674805e-01
1.263445973396301270e+00
1.263445973396301270e+00
1.263445973396301270e+00
1.392920136451721191e+00
1.392920136451721191e+00
6.764315366744995117e-01
6.764315366744995117e-01
7.025060653686523438e-01
7.025060653686523438e-01
5.868769288063049316e-01
5.868769288063049316e-01
5.868769288063049316e-01
5.868769288063049316e-01
6.297650933265686035e-01
4.816387295722961426e-01
4.816387295722961426e-01
1.257313251495361328e+00
1.490214586257934570e+00
5.935953259468078613e-01
9.539199471473693848e-01
9.435140490531921387e-01
9.435140490531921387e-01
9.435140490531921387e-01
9.435140490531921387e-01
9.435140490531921387e-01
9.435140490531921387e-01
8.024903535842895508e-01
3.344760537147521973e-01
3.344760537147521973e-01
3.344760537147521973e-01
3.344760537147521973e-01
5.042191743850708008e-01
1.062574148178100586e+00
1.062574148178100586e+00
1.062574148178100586e+00
7.479135990142822266e-01
7.479135990142822266e-01
7.479135990142822266e-01
7.479135990142822266e-01
7.479135990142822266e-01
1.169151186943054199e+00
1.491183042526245117e+00
1.491183042526245117e+00
1.145034313201904297e+00
1.145034313201904297e+00
1.145034313201904297e+00
4.577866196632385254e-01
4.577866196632385254e-01
4.577866196632385254e-01
4.577866196632385254e-01
4.577866196632385254e-01
4.577866196632385254e-01
4.577866196632385254e-01
4.577866196632385254e-01
8.571762442588806152e-01
8.571762442588806152e-01
8.571762442588806152e-01
8.571762442588806152e-01
8.571762442588806152e-01
8.571762442588806152e-01
8.571762442588806152e-01
8.571762442588806152e-01
8.571762442588806152e-01
1.210759878158569336e+00
1.410647869110107422e+00
1.410647869110107422e+00
1.410647869110107422e+00
1.410647869110107422e+00
1.410647869110107422e+00
1.410647869110107422e+00
7.575326561927795410e-01
7.575326561927795410e-01
7.575326561927795410e-01
7.575326561927795410e-01
1.407008409500122070e+00
1.054788470268249512e+00
4.685462117195129395e-01
7.597357034683227539e-01
7.516675591468811035e-01
8.421705365180969238e-01
8.421705365180969238e-01
8.421705365180969238e-01
8.421705365180969238e-01
1.108575224876403809e+00
1.108575224876403809e+00
1.108575224876403809e+00
1.108575224876403809e+00
1.500490188598632812e+00
1.096116542816162109e+00
1.220908641815185547e+00
1.220908641815185547e+00
1.220908641815185547e+00
1.220908641815185547e+00
1.220908641815185547e+00
1.220908641815185547e+00
1.220908641815185547e+00
1.220908641815185547e+00
5.628305077552795410e-01
5.628305077552795410e-01
5.628305077552795410e-01
5.628305077552795410e-01
5.628305077552795410e-01
9.509083032608032227e-01
9.509083032608032227e-01
9.509083032608032227e-01
9.509083032608032227e-01
9.509083032608032227e-01
9.509083032608032227e-01
9.509083032608032227e-01
9.509083032608032227e-01
9.509083032608032227e-01
9.509083032608032227e-01
9.509083032608032227e-01
9.509083032608032227e-01
9.509083032608032227e-01
9.509083032608032227e-01
9.509083032608032227e-01
9.509083032608032227e-01
9.509083032608032227e-01
1.136862397193908691e+00
1.246935606002807617e+00
4.041466116905212402e-01
4.041466116905212402e-01
4.041466116905212402e-01
4.041466116905212402e-01
4.041466116905212402e-01
1.367023706436157227e+00
5.906578898429870605e-01
5.906578898429870605e-01
5.906578898429870605e-01
5.906578898429870605e-01
5.906578898429870605e-01
5.906578898429870605e-01
5.906578898429870605e-01
5.906578898429870605e-01
5.906578898429870605e-01
5.906578898429870605e-01
7.099280357360839844e-01
7.099280357360839844e-01
8.221329450607299805e-01
