6.361416578292846680e-01
6.361416578292846680e-01
6.361416578292846680e-01
6.361416578292846680e-01
6.361416578292846680e-01
6.361416578292846680e-01
6.361416578292846680e-01
2.989147305488586426e-01
2.989147305488586426e-01
2.989147305488586426e-01
2.989147305488586426e-01
1.309532403945922852e+00
1.394860386848449707e+00
1.104208230972290039e+00
1.175580501556396484e+00
1.175580501556396484e+00
1.175580501556396484e+00
1.175580501556396484e+00
4.664476513862609863e-01
4.664476513862609863e-01
4.664476513862609863e-01
4.664476513862609863e-01
4.664476513862609863e-01
4.664476513862609863e-01
4.664476513862609863e-01
7.973357439041137695e-01
8.712135553359985352e-01
1.541279792785644531e+00
1.541279792785644531e+00
9.235528707504272461e-01
9.235528707504272461e-01
9.235528707504272461e-01
1.183009505271911621e+00
8.692387342453002930e-01
8.692387342453002930e-01
1.292573094367980957e+00
1.292573094367980957e+00
1.292573094367980957e+00
1.292573094367980957e+00
8.696659207344055176e-01
8.696659207344055176e-01
8.696659207344055176e-01
7.513371109962463379e-01
7.513371109962463379e-01
7.513371109962463379e-01
7.513371109962463379e-01
7.513371109962463379e-01
7.513371109962463379e-01
9.282318353652954102e-01
4.377717673778533936e-01
4.377717673778533936e-01
4.377717673778533936e-01
7.235686779022216797e-01
7.235686779022216797e-01
7.235686779022216797e-01
7.235686779022216797e-01
7.235686779022216797e-01
7.235686779022216797e-01
7.235686779022216797e-01
7.235686779022216797e-01
7.235686779022216797e-01
7.235686779022216797e-01
7.235686779022216797e-01
3.955593109130859375e-01
1.858091473579406738e+00
1.169562458992004395e+00
1.169562458992004395e+00
1.358831167221069336e+00
1.358831167221069336e+00
6.507503986358642578e-02
2.490174174308776855e-01
4.814220666885375977e-01
1.822083473205566406e+00
1.822083473205566406e+00
1.822083473205566406e+00
9.424449205398559570e-01
8.152535557746887207e-01
8.152535557746887207e-01
8.152535557746887207e-01
2.292275428771972656e-02
6.193435788154602051e-01
5.424340367317199707e-01
5.424340367317199707e-01
5.424340367317199707e-01
1.296213388442993164e+00
1.007344484329223633e+00
1.007344484329223633e+00
1.007344484329223633e+00
1.007344484329223633e+00
1.804929375648498535e-01
2.204636096954345703e+00
2.204636096954345703e+00
2.208149671554565430e+00
2.208149671554565430e+00
2.208149671554565430e+00
5.511465072631835938e-01
1.222713470458984375e+00
1.222713470458984375e+00
1.222713470458984375e+00
1.289224624633789062e+00
1.289224624633789062e+00
1.289224624633789062e+00
1.289224624633789062e+00
1.335873961448669434e+00
1.335873961448669434e+00
1.335873961448669434e+00
3.640379905700683594e-01
3.640379905700683594e-01
3.640379905700683594e-01
1.287917137145996094e+00
1.873476743698120117e+00
1.599075555801391602e+00
1.599075555801391602e+00
4.799884557723999023e-01
5.627071857452392578e-01
7.538043856620788574e-01
7.538043856620788574e-01
7.538043856620788574e-01
7.294108867645263672e-01
8.757948279380798340e-01
1.039638042449951172e+00
6.975200176239013672e-01
6.975200176239013672e-01
6.975200176239013672e-01
5.234865546226501465e-01
5.234865546226501465e-01
5.234865546226501465e-01
5.234865546226501465e-01
5.234865546226501465e-01
5.234865546226501465e-01
5.234865546226501465e-01
5.234865546226501465e-01
4.729629755020141602e-01
4.729629755020141602e-01
4.729629755020141602e-01
4.729629755020141602e-01
4.729629755020141602e-01
4.729629755020141602e-01
4.729629755020141602e-01
4.618382751941680908e-01
3.954773545265197754e-01
3.954773545265197754e-01
8.301471471786499023e-01
4.677820205688476562e-01
4.677820205688476562e-01
7.554617524147033691e-01
3.686039447784423828e-01
3.686039447784423828e-01
3.686039447784423828e-01
5.018877983093261719e-01
1.234598636627197266e+00
1.017387032508850098e+00
1.017387032508850098e+00
1.017387032508850098e+00
6.381293535232543945e-01
6.381293535232543945e-01
6.381293535232543945e-01
6.381293535232543945e-01
6.381293535232543945e-01
1.330456018447875977e+00
1.330456018447875977e+00
7.732762694358825684e-01
7.732762694358825684e-01
7.732762694358825684e-01
7.699797153472900391e-01
7.699797153472900391e-01
7.699797153472900391e-01
9.187293052673339844e-01
1.235666275024414062e+00
1.537210702896118164e+00
1.537210702896118164e+00
1.537210702896118164e+00
1.883382201194763184e+00
1.519471406936645508e+00
2.358556747436523438e+00
2.358556747436523438e+00
2.552662611007690430e+00
2.552662611007690430e+00
2.552662611007690430e+00
2.552662611007690430e+00
2.552662611007690430e+00
1.833163380622863770e+00
1.833163380622863770e+00
1.833163380622863770e+00
1.833163380622863770e+00
1.833163380622863770e+00
1.703850507736206055e+00
1.703850507736206055e+00
1.703850507736206055e+00
6.128394603729248047e-01
8.656133413314819336e-01
8.656133413314819336e-01
8.656133413314819336e-01
8.656133413314819336e-01
7.897840738296508789e-01
7.897840738296508789e-01
7.897840738296508789e-01
7.897840738296508789e-01
7.897840738296508789e-01
1.031919240951538086e+00
1.660087823867797852e+00
1.388354539871215820e+00
1.157935738563537598e+00
1.157935738563537598e+00
1.308568596839904785e+00
1.156162500381469727e+00
1.156162500381469727e+00
1.156162500381469727e+00
1.156162500381469727e+00
1.156162500381469727e+00
7.776070833206176758e-01
7.776070833206176758e-01
2.153360247611999512e-01
3.017119765281677246e-01
1.438766479492187500e+00
1.541322827339172363e+00
1.541322827339172363e+00
4.200328588485717773e-01
2.126932144165039062e+00
3.957979679107666016e-01
3.957979679107666016e-01
3.957979679107666016e-01
3.957979679107666016e-01
3.957979679107666016e-01
3.957979679107666016e-01
1.007990598678588867e+00
1.007990598678588867e+00
1.007990598678588867e+00
1.007990598678588867e+00
5.036298632621765137e-01
5.036298632621765137e-01
5.036298632621765137e-01
1.572063922882080078e+00
1.272160291671752930e+00
9.960870742797851562e-01
1.147318601608276367e+00
1.042873859405517578e+00
1.042873859405517578e+00
1.042873859405517578e+00
1.042873859405517578e+00
1.042873859405517578e+00
1.042873859405517578e+00
1.094011306762695312e+00
1.094011306762695312e+00
1.094011306762695312e+00
4.476745128631591797e-01
4.476745128631591797e-01
4.476745128631591797e-01
4.476745128631591797e-01
4.476745128631591797e-01
9.126074314117431641e-01
1.010330557823181152e+00
1.010330557823181152e+00
7.207137346267700195e-01
1.219856858253479004e+00
1.219856858253479004e+00
1.219856858253479004e+00
4.172792434692382812e-01
4.172792434692382812e-01
4.172792434692382812e-01
4.172792434692382812e-01
5.109839439392089844e-01
5.109839439392089844e-01
5.109839439392089844e-01
5.109839439392089844e-01
5.109839439392089844e-01
9.358791112899780273e-01
9.358791112899780273e-01
1.647831439971923828e+00
1.647831439971923828e+00
1.647831439971923828e+00
1.647831439971923828e+00
9.475576281547546387e-01
9.475576281547546387e-01
9.475576281547546387e-01
9.475576281547546387e-01
2.145775079727172852e+00
6.398040056228637695e-01
6.398040056228637695e-01
1.212424874305725098e+00
1.212424874305725098e+00
7.818900346755981445e-01
3.739283680915832520e-01
5.407900214195251465e-01
1.807519674301147461e+00
1.807519674301147461e+00
1.807519674301147461e+00
1.807519674301147461e+00
2.056602716445922852e+00
2.578297853469848633e+00
2.578297853469848633e+00
2.578297853469848633e+00
2.191267013549804688e-01
2.191267013549804688e-01
2.191267013549804688e-01
2.191267013549804688e-01
2.191267013549804688e-01
7.249350547790527344e-01
1.699965596199035645e+00
2.522881746292114258e+00
1.551437139511108398e+00
1.551437139511108398e+00
1.551437139511108398e+00
8.192365765571594238e-01
8.192365765571594238e-01
3.261114954948425293e-01
3.261114954948425293e-01
3.261114954948425293e-01
1.753075838088989258e+00
1.584257125854492188e+00
1.584257125854492188e+00
1.998891472816467285e+00
7.933459281921386719e-01
7.933459281921386719e-01
7.933459281921386719e-01
7.933459281921386719e-01
8.820041418075561523e-01
2.774050235748291016e-01
2.774050235748291016e-01
3.749297559261322021e-01
3.749297559261322021e-01
3.749297559261322021e-01
5.834501981735229492e-01
5.834501981735229492e-01
1.089576244354248047e+00
1.089576244354248047e+00
2.108743906021118164e+00
7.729864120483398438e-01
7.729063630104064941e-01
7.729063630104064941e-01
7.729063630104064941e-01
3.170979619026184082e-01
3.170979619026184082e-01
7.414232194423675537e-02
4.763248562812805176e-01
4.763248562812805176e-01
4.763248562812805176e-01
1.253125905990600586e+00
1.253125905990600586e+00
1.253125905990600586e+00
1.253125905990600586e+00
7.625818848609924316e-01
1.323809862136840820e+00
1.323809862136840820e+00
1.323809862136840820e+00
9.101155996322631836e-01
9.101155996322631836e-01
9.101155996322631836e-01
9.101155996322631836e-01
9.101155996322631836e-01
9.101155996322631836e-01
9.101155996322631836e-01
9.101155996322631836e-01
9.101155996322631836e-01
9.101155996322631836e-01
9.101155996322631836e-01
9.101155996322631836e-01
7.051422595977783203e-01
7.051422595977783203e-01
7.051422595977783203e-01
5.554137229919433594e-01
5.554137229919433594e-01
1.012071609497070312e+00
1.012071609497070312e+00
1.012071609497070312e+00
1.012071609497070312e+00
1.012071609497070312e+00
1.012071609497070312e+00
1.012071609497070312e+00
1.012071609497070312e+00
1.012071609497070312e+00
1.571613669395446777e+00
5.980957746505737305e-01
5.980957746505737305e-01
5.980957746505737305e-01
8.249116539955139160e-01
8.249116539955139160e-01
1.070042610168457031e+00
8.859987854957580566e-01
8.859987854957580566e-01
1.111759424209594727e+00
1.111759424209594727e+00
5.353329181671142578e-01
5.353329181671142578e-01
5.353329181671142578e-01
5.353329181671142578e-01
5.353329181671142578e-01
1.211090683937072754e+00
1.211090683937072754e+00
1.211090683937072754e+00
1.211090683937072754e+00
1.211090683937072754e+00
1.211090683937072754e+00
1.211090683937072754e+00
9.708940982818603516e-01
9.708940982818603516e-01
5.474499464035034180e-01
5.474499464035034180e-01
6.664823293685913086e-01
7.494301199913024902e-01
7.494301199913024902e-01
7.494301199913024902e-01
7.494301199913024902e-01
6.344013810157775879e-01
6.344013810157775879e-01
6.344013810157775879e-01
7.973855733871459961e-01
7.973855733871459961e-01
4.789012074470520020e-01
4.789012074470520020e-01
4.789012074470520020e-01
4.789012074470520020e-01
4.789012074470520020e-01
6.911119222640991211e-01
6.911119222640991211e-01
6.911119222640991211e-01
6.911119222640991211e-01
6.911119222640991211e-01
6.911119222640991211e-01
6.911119222640991211e-01
9.263038039207458496e-01
5.596848726272583008e-01
5.596848726272583008e-01
2.155127823352813721e-01
2.155127823352813721e-01
1.026244640350341797e+00
1.026244640350341797e+00
1.026244640350341797e+00
1.026244640350341797e+00
1.026244640350341797e+00
1.026244640350341797e+00
1.026244640350341797e+00
1.026244640350341797e+00
1.026244640350341797e+00
1.515148639678955078e+00
1.515148639678955078e+00
1.515148639678955078e+00
1.515148639678955078e+00
1.515148639678955078e+00
1.515148639678955078e+00
1.515148639678955078e+00
1.515148639678955078e+00
1.515148639678955078e+00
1.515148639678955078e+00
1.515148639678955078e+00
1.515148639678955078e+00
8.958179354667663574e-01
8.958179354667663574e-01
4.829035699367523193e-01
4.829035699367523193e-01
4.829035699367523193e-01
1.179703474044799805e+00
1.179703474044799805e+00
2.653410434722900391e-01
2.653410434722900391e-01
2.653410434722900391e-01
2.653410434722900391e-01
2.653410434722900391e-01
2.653410434722900391e-01
2.653410434722900391e-01
1.361781358718872070e+00
1.361781358718872070e+00
1.361781358718872070e+00
1.361781358718872070e+00
1.361781358718872070e+00
1.361781358718872070e+00
1.361781358718872070e+00
1.361781358718872070e+00
1.361781358718872070e+00
8.224343657493591309e-01
3.070331215858459473e-01
3.070331215858459473e-01
3.070331215858459473e-01
1.549011468887329102e+00
1.549011468887329102e+00
4.134919643402099609e-01
4.887466728687286377e-01
4.887466728687286377e-01
1.130461692810058594e+00
5.520603656768798828e-01
5.520603656768798828e-01
5.520603656768798828e-01
9.393061399459838867e-01
9.393061399459838867e-01
9.393061399459838867e-01
9.393061399459838867e-01
7.177342772483825684e-01
7.177342772483825684e-01
1.045447945594787598e+00
1.045447945594787598e+00
1.045447945594787598e+00
1.045447945594787598e+00
9.699226617813110352e-01
1.052129030227661133e+00
1.052129030227661133e+00
4.822213053703308105e-01
4.822213053703308105e-01
4.822213053703308105e-01
4.822213053703308105e-01
2.070672750473022461e+00
1.694771289825439453e+00
1.363519191741943359e+00
1.363519191741943359e+00
1.363519191741943359e+00
1.363519191741943359e+00
1.662870407104492188e+00
1.703107714653015137e+00
1.703107714653015137e+00
1.703107714653015137e+00
1.703107714653015137e+00
1.703107714653015137e+00
9.912196397781372070e-01
9.912196397781372070e-01
9.912196397781372070e-01
9.912196397781372070e-01
9.912196397781372070e-01
9.912196397781372070e-01
9.912196397781372070e-01
2.886558771133422852e-01
2.886558771133422852e-01
6.641026735305786133e-01
6.641026735305786133e-01
5.433207750320434570e-01
5.433207750320434570e-01
5.433207750320434570e-01
5.433207750320434570e-01
8.657169342041015625e-01
2.467421293258666992e-01
2.467421293258666992e-01
2.575051486492156982e-01
2.575051486492156982e-01
8.390520811080932617e-01
8.390520811080932617e-01
8.390520811080932617e-01
8.390520811080932617e-01
8.390520811080932617e-01
8.390520811080932617e-01
7.987480759620666504e-01
1.010069012641906738e+00
1.082434654235839844e+00
4.115440845489501953e-01
4.537055492401123047e-01
4.537055492401123047e-01
4.537055492401123047e-01
1.012135624885559082e+00
1.012135624885559082e+00
1.012135624885559082e+00
1.012135624885559082e+00
6.379413604736328125e-01
6.379413604736328125e-01
9.606829881668090820e-01
9.606829881668090820e-01
9.606829881668090820e-01
9.606829881668090820e-01
9.606829881668090820e-01
1.758272051811218262e-01
1.475398302078247070e+00
1.475398302078247070e+00
1.475398302078247070e+00
3.971016407012939453e-02
3.971016407012939453e-02
4.537007510662078857e-01
9.318813681602478027e-01
9.318813681602478027e-01
7.869817018508911133e-01
7.869817018508911133e-01
1.211228847503662109e+00
1.211228847503662109e+00
1.455518245697021484e+00
1.821177244186401367e+00
1.821177244186401367e+00
1.868594646453857422e+00
1.868594646453857422e+00
1.868594646453857422e+00
1.868594646453857422e+00
1.868594646453857422e+00
1.868594646453857422e+00
2.709515094757080078e-01
2.709515094757080078e-01
2.709515094757080078e-01
2.139590740203857422e+00
2.139590740203857422e+00
2.139590740203857422e+00
2.443099021911621094e-02
2.443099021911621094e-02
2.443099021911621094e-02
2.443099021911621094e-02
1.244584679603576660e+00
1.244584679603576660e+00
8.296585083007812500e-01
3.769104778766632080e-01
3.769104778766632080e-01
1.529821515083312988e+00
1.624772787094116211e+00
1.710389137268066406e+00
1.710389137268066406e+00
1.887775063514709473e+00
1.887775063514709473e+00
1.887775063514709473e+00
1.773231744766235352e+00
1.140224933624267578e+00
3.961184024810791016e-01
1.916894316673278809e+00
9.902529716491699219e-01
1.346679687500000000e+00
1.590964794158935547e-01
1.590964794158935547e-01
1.633474469184875488e+00
1.762580633163452148e+00
1.762580633163452148e+00
7.844901084899902344e-01
7.844901084899902344e-01
7.844901084899902344e-01
7.844901084899902344e-01
7.844901084899902344e-01
7.844901084899902344e-01
7.844901084899902344e-01
7.844901084899902344e-01
7.844901084899902344e-01
1.188894867897033691e+00
1.188894867897033691e+00
1.188894867897033691e+00
1.188894867897033691e+00
1.465833425521850586e+00
1.066466450691223145e+00
6.692739725112915039e-01
6.374904513359069824e-01
7.482137084007263184e-01
7.482137084007263184e-01
7.482137084007263184e-01
7.482137084007263184e-01
5.069770812988281250e-01
5.069770812988281250e-01
1.517733216285705566e+00
1.517733216285705566e+00
1.517733216285705566e+00
2.057964801788330078e+00
2.057964801788330078e+00
2.057964801788330078e+00
1.836033701896667480e+00
1.836033701896667480e+00
2.106091976165771484e+00
1.054624795913696289e+00
6.377223730087280273e-01
6.377223730087280273e-01
6.377223730087280273e-01
6.377223730087280273e-01
5.273405313491821289e-01
5.273405313491821289e-01
5.273405313491821289e-01
5.273405313491821289e-01
5.273405313491821289e-01
5.273405313491821289e-01
1.873006820678710938e-01
1.017216444015502930e+00
3.409050107002258301e-01
3.409050107002258301e-01
1.762334346771240234e+00
5.404616594314575195e-01
1.215933322906494141e+00
1.215933322906494141e+00
1.215933322906494141e+00
1.215933322906494141e+00
1.667104959487915039e+00
1.667104959487915039e+00
1.667104959487915039e+00
1.667104959487915039e+00
2.025412321090698242e+00
2.025412321090698242e+00
9.110362529754638672e-01
6.468126773834228516e-01
6.468126773834228516e-01
6.468126773834228516e-01
6.468126773834228516e-01
3.688284456729888916e-01
3.688284456729888916e-01
3.688284456729888916e-01
3.688284456729888916e-01
3.688284456729888916e-01
3.688284456729888916e-01
3.688284456729888916e-01
3.688284456729888916e-01
1.044204235076904297e+00
1.044204235076904297e+00
1.044204235076904297e+00
4.880079030990600586e-01
2.677490413188934326e-01
2.677490413188934326e-01
2.677490413188934326e-01
7.425676584243774414e-01
7.425676584243774414e-01
7.344604134559631348e-01
1.064970254898071289e+00
3.027355670928955078e-01
6.135321855545043945e-01
3.601909875869750977e-01
3.601909875869750977e-01
1.020151138305664062e+00
1.020151138305664062e+00
3.526428937911987305e-01
3.526428937911987305e-01
3.526428937911987305e-01
3.526428937911987305e-01
3.526428937911987305e-01
2.164976596832275391e-01
2.164976596832275391e-01
2.164976596832275391e-01
2.164976596832275391e-01
1.169137716293334961e+00
6.529812812805175781e-01
2.431534290313720703e+00
1.395724892616271973e+00
1.395724892616271973e+00
1.395724892616271973e+00
1.676325798034667969e+00
1.676325798034667969e+00
5.355930328369140625e-02
5.355930328369140625e-02
5.355930328369140625e-02
5.355930328369140625e-02
2.453931421041488647e-01
6.174849271774291992e-01
6.664302349090576172e-01
5.920770168304443359e-01
5.624017715454101562e-01
2.311338901519775391e+00
2.311338901519775391e+00
2.311338901519775391e+00
1.614760637283325195e+00
1.354631185531616211e-01
1.354631185531616211e-01
5.799398422241210938e-01
5.799398422241210938e-01
5.799398422241210938e-01
5.799398422241210938e-01
3.150644004344940186e-01
5.938035249710083008e-01
9.279812574386596680e-01
3.391249775886535645e-01
3.391249775886535645e-01
5.261965990066528320e-01
5.261965990066528320e-01
5.261965990066528320e-01
5.261965990066528320e-01
5.261965990066528320e-01
5.261965990066528320e-01
5.261965990066528320e-01
5.762280821800231934e-01
5.762280821800231934e-01
5.762280821800231934e-01
5.762280821800231934e-01
1.207935690879821777e+00
1.574214458465576172e+00
6.152905225753784180e-01
4.284369349479675293e-01
4.284369349479675293e-01
4.284369349479675293e-01
4.284369349479675293e-01
4.284369349479675293e-01
4.284369349479675293e-01
4.284369349479675293e-01
1.389106512069702148e+00
1.389106512069702148e+00
1.389106512069702148e+00
1.389106512069702148e+00
1.278455257415771484e-01
1.278455257415771484e-01
2.190322875976562500e-01
1.747630834579467773e+00
1.747630834579467773e+00
1.747630834579467773e+00
1.485863566398620605e+00
1.485863566398620605e+00
1.945587158203125000e+00
2.748140096664428711e-01
2.748140096664428711e-01
2.748140096664428711e-01
2.748140096664428711e-01
2.748140096664428711e-01
2.748140096664428711e-01
4.776895642280578613e-01
4.776895642280578613e-01
4.776895642280578613e-01
1.201258897781372070e+00
1.119670271873474121e+00
1.119670271873474121e+00
9.037780761718750000e-01
2.965936660766601562e-01
2.965936660766601562e-01
1.039460778236389160e+00
1.039460778236389160e+00
2.001365184783935547e+00
3.059736490249633789e-01
3.059736490249633789e-01
3.059736490249633789e-01
3.059736490249633789e-01
3.567534089088439941e-01
3.567534089088439941e-01
3.567534089088439941e-01
3.567534089088439941e-01
3.567534089088439941e-01
3.567534089088439941e-01
9.648218750953674316e-01
1.261523962020874023e+00
1.261523962020874023e+00
1.956452250480651855e+00
1.956452250480651855e+00
1.956452250480651855e+00
1.910100102424621582e+00
1.910100102424621582e+00
1.910100102424621582e+00
2.526056766510009766e-02
6.836833357810974121e-01
6.836833357810974121e-01
6.836833357810974121e-01
3.684393465518951416e-01
5.182619690895080566e-01
5.182619690895080566e-01
5.182619690895080566e-01
5.182619690895080566e-01
5.182619690895080566e-01
5.182619690895080566e-01
5.182619690895080566e-01
5.182619690895080566e-01
5.182619690895080566e-01
5.182619690895080566e-01
5.182619690895080566e-01
5.182619690895080566e-01
5.182619690895080566e-01
7.179075479507446289e-01
7.179075479507446289e-01
7.179075479507446289e-01
1.182466983795166016e+00
1.182466983795166016e+00
1.277085304260253906e+00
1.081013679504394531e+00
1.137543082237243652e+00
1.281647920608520508e+00
1.046980857849121094e+00
1.046980857849121094e+00
2.389629840850830078e+00
2.389629840850830078e+00
2.417629957199096680e+00
2.417629957199096680e+00
2.417629957199096680e+00
4.373526573181152344e-01
1.394735097885131836e+00
1.257144212722778320e+00
1.835509300231933594e+00
1.835509300231933594e+00
1.835509300231933594e+00
1.631004214286804199e+00
1.298378705978393555e-01
1.382089138031005859e+00
1.382089138031005859e+00
1.382089138031005859e+00
1.382089138031005859e+00
1.382089138031005859e+00
1.382089138031005859e+00
1.382089138031005859e+00
1.382089138031005859e+00
1.151286363601684570e+00
7.693128585815429688e-01
1.415496706962585449e+00
1.060392618179321289e+00
2.064058542251586914e+00
1.860008239746093750e-01
1.155956625938415527e+00
1.155956625938415527e+00
4.519764780998229980e-01
4.519764780998229980e-01
4.519764780998229980e-01
4.519764780998229980e-01
4.894605875015258789e-01
9.773346185684204102e-01
9.773346185684204102e-01
9.773346185684204102e-01
9.773346185684204102e-01
1.667645931243896484e+00
1.667645931243896484e+00
1.930072546005249023e+00
6.300221681594848633e-01
6.300221681594848633e-01
6.300221681594848633e-01
1.957298517227172852e-01
1.957298517227172852e-01
1.957298517227172852e-01
1.957298517227172852e-01
1.837956190109252930e+00
1.837956190109252930e+00
1.239065170288085938e+00
1.239065170288085938e+00
1.753539323806762695e+00
1.753539323806762695e+00
6.135281324386596680e-01
6.135281324386596680e-01
4.884969592094421387e-01
4.884969592094421387e-01
4.884969592094421387e-01
4.884969592094421387e-01
7.809910774230957031e-01
5.025404691696166992e-02
5.025404691696166992e-02
4.722444117069244385e-01
4.722444117069244385e-01
1.988747715950012207e-01
9.539921283721923828e-01
3.112831115722656250e+00
3.112831115722656250e+00
2.299037694931030273e+00
8.687857389450073242e-01
8.687857389450073242e-01
1.631905078887939453e+00
1.631905078887939453e+00
1.631905078887939453e+00
1.631905078887939453e+00
1.631905078887939453e+00
1.631905078887939453e+00
1.448185324668884277e+00
1.448185324668884277e+00
1.013316631317138672e+00
1.013316631317138672e+00
4.146021008491516113e-01
4.146021008491516113e-01
4.146021008491516113e-01
4.146021008491516113e-01
7.898068428039550781e-01
5.530180931091308594e-01
5.530180931091308594e-01
5.530180931091308594e-01
5.530180931091308594e-01
5.530180931091308594e-01
5.530180931091308594e-01
2.997308075428009033e-01
8.334530591964721680e-01
2.303607463836669922e-01
2.878606915473937988e-01
2.878606915473937988e-01
2.878606915473937988e-01
2.878606915473937988e-01
3.543788194656372070e-02
3.543788194656372070e-02
3.543788194656372070e-02
3.543788194656372070e-02
3.543788194656372070e-02
3.543788194656372070e-02
4.702516198158264160e-01
4.702516198158264160e-01
4.702516198158264160e-01
1.140016078948974609e+00
1.140016078948974609e+00
1.140016078948974609e+00
1.364280700683593750e+00
1.364280700683593750e+00
1.364280700683593750e+00
1.266260266304016113e+00
5.878379344940185547e-01
5.878379344940185547e-01
5.878379344940185547e-01
7.478424310684204102e-01
5.343767404556274414e-01
5.343767404556274414e-01
5.343767404556274414e-01
5.343767404556274414e-01
9.768064618110656738e-01
9.768064618110656738e-01
1.630605936050415039e+00
6.993694901466369629e-01
1.342977762222290039e+00
1.342977762222290039e+00
1.393216967582702637e+00
1.228095293045043945e+00
4.817293882369995117e-01
8.305635452270507812e-01
8.305635452270507812e-01
8.305635452270507812e-01
5.238811969757080078e-01
3.230394721031188965e-01
1.084912121295928955e-01
1.360251069068908691e+00
1.360251069068908691e+00
6.273083686828613281e-01
6.273083686828613281e-01
6.273083686828613281e-01
5.174559354782104492e-01
9.837449193000793457e-01
9.837449193000793457e-01
9.837449193000793457e-01
1.001193284988403320e+00
1.001193284988403320e+00
1.001193284988403320e+00
1.001193284988403320e+00
1.001193284988403320e+00
1.001193284988403320e+00
1.001193284988403320e+00
1.001193284988403320e+00
1.001193284988403320e+00
1.001193284988403320e+00
1.001193284988403320e+00
1.388430237770080566e+00
1.388430237770080566e+00
5.532788038253784180e-01
5.532788038253784180e-01
1.246495962142944336e+00
1.937508583068847656e-01
2.080212593078613281e+00
1.807092189788818359e+00
1.801743030548095703e+00
5.367571115493774414e-01
1.364375829696655273e+00
1.364375829696655273e+00
5.042480826377868652e-01
5.042480826377868652e-01
5.042480826377868652e-01
5.042480826377868652e-01
3.198389410972595215e-01
3.198389410972595215e-01
3.409420251846313477e-01
3.409420251846313477e-01
3.409420251846313477e-01
3.409420251846313477e-01
3.409420251846313477e-01
3.409420251846313477e-01
3.409420251846313477e-01
3.409420251846313477e-01
9.177019000053405762e-01
9.177019000053405762e-01
1.518038272857666016e+00
1.518038272857666016e+00
1.518038272857666016e+00
4.024605751037597656e-01
4.024605751037597656e-01
4.024605751037597656e-01
4.024605751037597656e-01
4.024605751037597656e-01
9.144929051399230957e-01
9.144929051399230957e-01
9.144929051399230957e-01
9.144929051399230957e-01
9.144929051399230957e-01
9.144929051399230957e-01
9.144929051399230957e-01
9.144929051399230957e-01
9.144929051399230957e-01
9.144929051399230957e-01
9.144929051399230957e-01
1.293693542480468750e+00
1.293693542480468750e+00
6.026930809020996094e-01
5.827344655990600586e-01
5.090874433517456055e-01
1.791287183761596680e+00
1.816271543502807617e-01
1.816271543502807617e-01
1.816271543502807617e-01
2.225199788808822632e-01
2.225199788808822632e-01
4.212751388549804688e-01
4.212751388549804688e-01
4.212751388549804688e-01
1.004350185394287109e+00
2.107088565826416016e-01
3.919923305511474609e-01
3.058429360389709473e-01
1.289872527122497559e+00
1.289872527122497559e+00
9.356808066368103027e-01
4.126923680305480957e-01
4.126923680305480957e-01
1.125398278236389160e+00
1.125398278236389160e+00
1.125398278236389160e+00
1.239074110984802246e+00
1.239074110984802246e+00
1.697184443473815918e+00
1.697184443473815918e+00
1.697184443473815918e+00
1.401232719421386719e+00
9.971013069152832031e-01
9.971013069152832031e-01
9.971013069152832031e-01
9.971013069152832031e-01
1.198018550872802734e+00
1.198018550872802734e+00
1.198018550872802734e+00
1.198018550872802734e+00
1.198018550872802734e+00
1.198018550872802734e+00
1.032867670059204102e+00
1.274199247360229492e+00
1.274199247360229492e+00
1.274199247360229492e+00
1.274199247360229492e+00
2.624998092651367188e-01
6.972482800483703613e-01
6.972482800483703613e-01
2.122789323329925537e-01
2.122789323329925537e-01
2.122789323329925537e-01
2.122789323329925537e-01
4.268641173839569092e-01
4.268641173839569092e-01
4.268641173839569092e-01
4.268641173839569092e-01
5.576599836349487305e-01
5.576599836349487305e-01
3.761153817176818848e-01
3.761153817176818848e-01
3.761153817176818848e-01
3.761153817176818848e-01
3.761153817176818848e-01
3.761153817176818848e-01
3.761153817176818848e-01
1.062463521957397461e+00
4.063313603401184082e-01
4.063313603401184082e-01
4.063313603401184082e-01
4.268152713775634766e-01
4.268152713775634766e-01
4.268152713775634766e-01
4.268152713775634766e-01
4.268152713775634766e-01
8.980478048324584961e-01
8.980478048324584961e-01
1.838440656661987305e+00
8.731651902198791504e-01
8.731651902198791504e-01
8.731651902198791504e-01
8.363239765167236328e-01
8.363239765167236328e-01
8.363239765167236328e-01
8.363239765167236328e-01
8.363239765167236328e-01
8.363239765167236328e-01
8.363239765167236328e-01
8.363239765167236328e-01
8.363239765167236328e-01
8.363239765167236328e-01
8.363239765167236328e-01
8.363239765167236328e-01
1.430048704147338867e+00
1.430048704147338867e+00
1.430048704147338867e+00
8.741976618766784668e-01
6.675956249237060547e-01
6.675956249237060547e-01
6.675956249237060547e-01
1.142222523689270020e+00
1.142222523689270020e+00
1.142222523689270020e+00
1.142222523689270020e+00
1.733415722846984863e+00
2.074941873550415039e+00
2.074941873550415039e+00
2.074941873550415039e+00
2.074941873550415039e+00
2.074941873550415039e+00
2.074941873550415039e+00
1.810602068901062012e+00
1.810602068901062012e+00
1.871137738227844238e+00
1.947975516319274902e+00
1.962674379348754883e+00
1.564985036849975586e+00
1.564985036849975586e+00
1.564985036849975586e+00
1.564985036849975586e+00
1.564985036849975586e+00
1.564985036849975586e+00
1.564985036849975586e+00
6.986128687858581543e-01
3.638223111629486084e-01
3.638223111629486084e-01
4.764557182788848877e-01
3.663605451583862305e-01
7.753320932388305664e-01
7.753320932388305664e-01
6.169921159744262695e-01
1.367662429809570312e+00
1.367662429809570312e+00
1.367662429809570312e+00
1.367662429809570312e+00
9.716069698333740234e-01
9.716069698333740234e-01
9.716069698333740234e-01
1.225134611129760742e+00
1.823907136917114258e+00
1.823907136917114258e+00
1.823907136917114258e+00
5.209099054336547852e-01
5.209099054336547852e-01
5.209099054336547852e-01
5.209099054336547852e-01
5.209099054336547852e-01
5.209099054336547852e-01
3.840157091617584229e-01
3.840157091617584229e-01
8.186662793159484863e-01
8.186662793159484863e-01
4.857083857059478760e-01
2.871409654617309570e-01
8.389154672622680664e-01
8.389154672622680664e-01
6.247904300689697266e-01
6.350027918815612793e-01
1.493681669235229492e+00
1.493681669235229492e+00
1.493681669235229492e+00
1.493681669235229492e+00
1.493681669235229492e+00
9.554614424705505371e-01
9.554614424705505371e-01
9.554614424705505371e-01
9.554614424705505371e-01
9.554614424705505371e-01
3.824945688247680664e-01
3.824945688247680664e-01
3.824945688247680664e-01
3.824945688247680664e-01
1.391004920005798340e+00
1.391004920005798340e+00
1.391004920005798340e+00
1.391004920005798340e+00
1.391004920005798340e+00
1.079595923423767090e+00
8.473773002624511719e-01
4.411485493183135986e-01
5.810514092445373535e-01
5.810514092445373535e-01
1.980194568634033203e+00
8.842511177062988281e-01
8.842511177062988281e-01
8.842511177062988281e-01
8.842511177062988281e-01
7.337896227836608887e-01
5.657420754432678223e-01
5.657420754432678223e-01
6.323348283767700195e-01
6.323348283767700195e-01
6.323348283767700195e-01
6.323348283767700195e-01
6.323348283767700195e-01
6.323348283767700195e-01
6.323348283767700195e-01
6.323348283767700195e-01
6.323348283767700195e-01
6.323348283767700195e-01
6.323348283767700195e-01
6.323348283767700195e-01
6.323348283767700195e-01
6.323348283767700195e-01
1.045886278152465820e+00
1.045886278152465820e+00
1.578005552291870117e+00
1.986318588256835938e+00
1.236297130584716797e+00
6.222990155220031738e-01
6.222990155220031738e-01
6.222990155220031738e-01
6.222990155220031738e-01
6.222990155220031738e-01
6.222990155220031738e-01
6.222990155220031738e-01
6.222990155220031738e-01
6.222990155220031738e-01
6.222990155220031738e-01
6.222990155220031738e-01
6.222990155220031738e-01
1.250067472457885742e+00
1.250067472457885742e+00
1.250067472457885742e+00
7.640610337257385254e-01
7.640610337257385254e-01
7.640610337257385254e-01
8.299096822738647461e-01
1.251078009605407715e+00
1.251078009605407715e+00
1.251078009605407715e+00
1.511646509170532227e-01
1.486628651618957520e+00
5.234417319297790527e-01
5.234417319297790527e-01
5.234417319297790527e-01
5.234417319297790527e-01
3.246988058090209961e-01
3.246988058090209961e-01
5.638837218284606934e-01
5.607817173004150391e-01
5.607817173004150391e-01
5.607817173004150391e-01
5.607817173004150391e-01
2.868649065494537354e-01
2.868649065494537354e-01
2.868649065494537354e-01
6.931189298629760742e-01
6.931189298629760742e-01
6.931189298629760742e-01
6.931189298629760742e-01
6.931189298629760742e-01
6.931189298629760742e-01
6.931189298629760742e-01
2.095471024513244629e-01
2.095471024513244629e-01
2.095471024513244629e-01
2.095471024513244629e-01
3.465057611465454102e-01
3.465057611465454102e-01
3.465057611465454102e-01
9.869990348815917969e-01
9.869990348815917969e-01
5.441030263900756836e-01
5.441030263900756836e-01
6.948003768920898438e-01
6.948003768920898438e-01
6.948003768920898438e-01
2.294103801250457764e-01
2.294103801250457764e-01
2.294103801250457764e-01
1.948075890541076660e-01
1.948075890541076660e-01
1.948075890541076660e-01
1.948075890541076660e-01
1.948075890541076660e-01
1.948075890541076660e-01
1.948075890541076660e-01
1.058885455131530762e-02
1.058885455131530762e-02
2.947730571031570435e-02
6.208713054656982422e-01
6.208713054656982422e-01
4.759162664413452148e-01
1.482292294502258301e+00
1.482292294502258301e+00
1.482292294502258301e+00
7.917832732200622559e-01
7.917832732200622559e-01
7.917832732200622559e-01
7.917832732200622559e-01
7.197260260581970215e-01
8.572649955749511719e-01
4.246865510940551758e-01
4.246865510940551758e-01
4.246865510940551758e-01
4.246865510940551758e-01
4.246865510940551758e-01
4.246865510940551758e-01
4.246865510940551758e-01
1.011545896530151367e+00
1.339118480682373047e+00
3.349688053131103516e-01
1.193098187446594238e+00
1.193098187446594238e+00
1.288882136344909668e+00
1.288882136344909668e+00
5.906811952590942383e-01
5.906811952590942383e-01
2.371332347393035889e-01
2.371332347393035889e-01
2.371332347393035889e-01
1.297885060310363770e+00
1.297885060310363770e+00
1.297885060310363770e+00
1.297885060310363770e+00
9.814913272857666016e-01
6.842555403709411621e-01
6.842555403709411621e-01
1.359037399291992188e+00
1.359037399291992188e+00
1.359037399291992188e+00
4.790688157081604004e-01
1.052834272384643555e+00
1.052834272384643555e+00
1.052834272384643555e+00
1.052834272384643555e+00
2.144115209579467773e+00
4.655560255050659180e-01
4.655560255050659180e-01
4.655560255050659180e-01
3.792310953140258789e-01
3.792310953140258789e-01
3.792310953140258789e-01
8.891368508338928223e-01
1.117023348808288574e+00
1.117023348808288574e+00
1.117023348808288574e+00
1.217444896697998047e+00
5.974063873291015625e-01
5.974063873291015625e-01
5.974063873291015625e-01
5.974063873291015625e-01
5.974063873291015625e-01
2.989849150180816650e-01
2.989849150180816650e-01
3.036848306655883789e-01
3.036848306655883789e-01
3.036848306655883789e-01
3.036848306655883789e-01
2.044723987579345703e+00
2.044723987579345703e+00
1.904573917388916016e+00
1.904573917388916016e+00
1.904573917388916016e+00
1.137164473533630371e+00
8.155111670494079590e-01
8.155111670494079590e-01
8.155111670494079590e-01
8.155111670494079590e-01
1.429168343544006348e+00
1.436633944511413574e+00
1.436633944511413574e+00
1.436633944511413574e+00
1.436633944511413574e+00
1.436633944511413574e+00
1.436633944511413574e+00
1.436633944511413574e+00
1.661084890365600586e+00
1.593571424484252930e+00
1.303874373435974121e+00
4.863675832748413086e-01
4.863675832748413086e-01
4.863675832748413086e-01
4.863675832748413086e-01
4.863675832748413086e-01
9.014041423797607422e-01
1.023142218589782715e+00
1.023142218589782715e+00
1.023142218589782715e+00
1.151276588439941406e+00
6.531161069869995117e-01
6.531161069869995117e-01
6.531161069869995117e-01
9.878675937652587891e-01
9.878675937652587891e-01
9.878675937652587891e-01
1.389389157295227051e+00
1.389389157295227051e+00
1.389389157295227051e+00
1.389389157295227051e+00
8.199964761734008789e-01
6.892092823982238770e-01
1.007830739021301270e+00
1.142415523529052734e+00
1.244286417961120605e+00
1.244286417961120605e+00
1.244286417961120605e+00
1.572502851486206055e-01
1.572502851486206055e-01
1.572502851486206055e-01
1.572502851486206055e-01
1.273457050323486328e+00
1.273457050323486328e+00
5.527175068855285645e-01
1.150414466857910156e+00
1.150414466857910156e+00
1.150414466857910156e+00
2.776258587837219238e-01
2.776258587837219238e-01
6.607689857482910156e-01
6.607689857482910156e-01
6.607689857482910156e-01
6.607689857482910156e-01
6.607689857482910156e-01
6.607689857482910156e-01
1.234607934951782227e+00
7.283921837806701660e-01
7.283921837806701660e-01
7.283921837806701660e-01
7.283921837806701660e-01
4.152454435825347900e-01
4.152454435825347900e-01
9.257448911666870117e-01
9.257448911666870117e-01
8.990931510925292969e-02
8.990931510925292969e-02
8.990931510925292969e-02
8.990931510925292969e-02
1.152254581451416016e+00
9.374396800994873047e-01
9.734475612640380859e-01
8.766009211540222168e-01
1.241674661636352539e+00
1.241674661636352539e+00
6.107671856880187988e-01
8.279632329940795898e-01
5.414928197860717773e-01
5.414928197860717773e-01
5.414928197860717773e-01
9.653604030609130859e-01
9.653604030609130859e-01
9.653604030609130859e-01
2.661981582641601562e-01
1.619245111942291260e-01
1.619245111942291260e-01
1.484186410903930664e+00
7.832834124565124512e-01
7.832834124565124512e-01
7.832834124565124512e-01
7.832834124565124512e-01
7.832834124565124512e-01
5.717814564704895020e-01
5.717814564704895020e-01
1.696042060852050781e+00
2.091935873031616211e+00
9.135019779205322266e-01
9.135019779205322266e-01
3.933271765708923340e-01
3.933271765708923340e-01
1.171323299407958984e+00
1.231287717819213867e+00
1.231287717819213867e+00
1.231287717819213867e+00
6.601156592369079590e-01
6.601156592369079590e-01
6.601156592369079590e-01
6.601156592369079590e-01
6.601156592369079590e-01
1.248352885246276855e+00
1.248352885246276855e+00
1.248352885246276855e+00
1.248352885246276855e+00
1.365991830825805664e+00
4.939460158348083496e-01
4.939460158348083496e-01
4.939460158348083496e-01
4.939460158348083496e-01
4.939460158348083496e-01
4.939460158348083496e-01
3.496358692646026611e-01
3.496358692646026611e-01
3.496358692646026611e-01
3.496358692646026611e-01
8.214534521102905273e-01
1.793360233306884766e+00
1.820663571357727051e+00
1.820663571357727051e+00
8.831858038902282715e-01
4.735029935836791992e-01
4.735029935836791992e-01
4.735029935836791992e-01
4.735029935836791992e-01
4.735029935836791992e-01
1.177732586860656738e+00
7.897368073463439941e-01
7.897368073463439941e-01
7.897368073463439941e-01
2.792807221412658691e-01
5.650978088378906250e-01
5.650978088378906250e-01
5.650978088378906250e-01
5.650978088378906250e-01
5.650978088378906250e-01
8.060258626937866211e-01
8.060258626937866211e-01
8.060258626937866211e-01
8.060258626937866211e-01
8.060258626937866211e-01
8.060258626937866211e-01
8.060258626937866211e-01
1.575118541717529297e+00
7.622571587562561035e-01
4.508236348628997803e-01
6.282334923744201660e-01
6.282334923744201660e-01
6.282334923744201660e-01
6.282334923744201660e-01
6.282334923744201660e-01
8.411797881126403809e-01
6.653249263763427734e-02
8.756591677665710449e-01
8.756591677665710449e-01
5.983957052230834961e-01
2.480383217334747314e-01
2.674799561500549316e-01
5.144389867782592773e-01
5.144389867782592773e-01
5.144389867782592773e-01
7.360212206840515137e-01
1.094133615493774414e+00
1.187313318252563477e+00
1.333326697349548340e+00
1.799981713294982910e+00
2.001660585403442383e+00
2.001660585403442383e+00
9.235085248947143555e-01
7.630161046981811523e-01
7.630161046981811523e-01
7.630161046981811523e-01
7.630161046981811523e-01
7.630161046981811523e-01
7.630161046981811523e-01
7.630161046981811523e-01
1.073101401329040527e+00
1.073101401329040527e+00
1.073101401329040527e+00
1.073101401329040527e+00
1.073101401329040527e+00
2.834070324897766113e-01
2.834070324897766113e-01
2.834070324897766113e-01
2.834070324897766113e-01
6.546860933303833008e-01
6.546860933303833008e-01
5.566611289978027344e-01
5.566611289978027344e-01
5.566611289978027344e-01
5.566611289978027344e-01
5.566611289978027344e-01
5.566611289978027344e-01
5.566611289978027344e-01
2.028785645961761475e-01
2.028785645961761475e-01
1.723722577095031738e+00
1.723722577095031738e+00
1.158990263938903809e+00
1.158990263938903809e+00
1.862071037292480469e+00
1.862071037292480469e+00
1.590524554252624512e+00
4.389498233795166016e-01
1.325560331344604492e+00
1.325560331344604492e+00
1.325560331344604492e+00
2.058068513870239258e-01
1.107439041137695312e+00
1.107439041137695312e+00
1.204386830329895020e+00
9.900596141815185547e-01
9.900596141815185547e-01
9.900596141815185547e-01
9.900596141815185547e-01
7.438416481018066406e-01
1.021531462669372559e+00
1.021531462669372559e+00
1.154106378555297852e+00
1.154106378555297852e+00
1.610277652740478516e+00
1.985998153686523438e+00
1.985998153686523438e+00
1.985998153686523438e+00
2.062854290008544922e+00
1.399133920669555664e+00
1.578249573707580566e+00
1.578249573707580566e+00
1.578249573707580566e+00
1.524108767509460449e+00
1.524108767509460449e+00
8.669691085815429688e-01
8.669691085815429688e-01
7.877007126808166504e-01
7.877007126808166504e-01
7.877007126808166504e-01
7.877007126808166504e-01
7.877007126808166504e-01
7.877007126808166504e-01
7.877007126808166504e-01
7.877007126808166504e-01
7.877007126808166504e-01
7.807893753051757812e-01
7.807893753051757812e-01
8.194612860679626465e-01
8.194612860679626465e-01
2.515752315521240234e+00
1.431981205940246582e+00
1.431981205940246582e+00
8.123435974121093750e-01
5.056122541427612305e-01
5.056122541427612305e-01
5.056122541427612305e-01
5.056122541427612305e-01
5.056122541427612305e-01
5.056122541427612305e-01
4.405226707458496094e-01
5.457995533943176270e-01
3.659976720809936523e-01
3.659976720809936523e-01
1.384009003639221191e+00
1.384009003639221191e+00
7.948627471923828125e-01
7.948627471923828125e-01
7.948627471923828125e-01
7.948627471923828125e-01
1.280296921730041504e+00
1.280296921730041504e+00
1.280296921730041504e+00
5.642023086547851562e-01
5.642023086547851562e-01
5.642023086547851562e-01
5.642023086547851562e-01
5.642023086547851562e-01
5.642023086547851562e-01
1.173287868499755859e+00
1.173287868499755859e+00
6.916201114654541016e-01
1.073864579200744629e+00
1.073864579200744629e+00
1.390434384346008301e+00
1.445451617240905762e+00
1.445451617240905762e+00
1.445451617240905762e+00
1.445451617240905762e+00
1.445451617240905762e+00
1.445451617240905762e+00
1.092041015625000000e+00
1.242795228958129883e+00
1.242795228958129883e+00
8.572285175323486328e-01
8.572285175323486328e-01
1.288438558578491211e+00
1.288438558578491211e+00
1.300628185272216797e+00
9.541838169097900391e-01
1.509989619255065918e+00
1.544582962989807129e+00
1.321966767311096191e+00
1.250041723251342773e-01
1.250041723251342773e-01
1.250041723251342773e-01
1.250041723251342773e-01
1.250041723251342773e-01
1.250041723251342773e-01
1.250041723251342773e-01
6.158993244171142578e-01
1.022606253623962402e+00
1.022606253623962402e+00
1.022606253623962402e+00
1.022606253623962402e+00
1.022606253623962402e+00
1.022606253623962402e+00
1.022606253623962402e+00
1.022606253623962402e+00
1.022606253623962402e+00
1.022606253623962402e+00
1.022606253623962402e+00
1.022606253623962402e+00
2.116943359375000000e+00
2.116943359375000000e+00
2.116943359375000000e+00
2.116943359375000000e+00
2.116943359375000000e+00
5.627263784408569336e-01
5.627263784408569336e-01
5.627263784408569336e-01
5.627263784408569336e-01
1.027060270309448242e+00
5.066494345664978027e-01
5.066494345664978027e-01
5.066494345664978027e-01
5.066494345664978027e-01
5.066494345664978027e-01
5.066494345664978027e-01
5.066494345664978027e-01
7.597953081130981445e-01
1.489344835281372070e+00
1.489344835281372070e+00
1.489344835281372070e+00
1.105650186538696289e+00
1.029304265975952148e-01
1.111478686332702637e+00
1.265248894691467285e+00
1.265248894691467285e+00
1.265248894691467285e+00
1.265248894691467285e+00
6.490900516510009766e-01
6.142922043800354004e-01
6.174330115318298340e-01
5.165803432464599609e-01
2.892365455627441406e-01
1.185882210731506348e+00
1.185882210731506348e+00
1.185882210731506348e+00
1.185882210731506348e+00
4.176635742187500000e-01
4.176635742187500000e-01
4.176635742187500000e-01
4.176635742187500000e-01
4.176635742187500000e-01
2.412293404340744019e-01
1.680331230163574219e+00
6.684520244598388672e-01
6.684520244598388672e-01
6.684520244598388672e-01
6.684520244598388672e-01
6.684520244598388672e-01
7.320809364318847656e-01
7.320809364318847656e-01
7.320809364318847656e-01
1.482156038284301758e+00
3.603646755218505859e-01
3.603646755218505859e-01
6.965936422348022461e-01
6.965936422348022461e-01
6.965936422348022461e-01
6.965936422348022461e-01
6.965936422348022461e-01
6.965936422348022461e-01
6.965936422348022461e-01
5.145584344863891602e-01
5.145584344863891602e-01
5.145584344863891602e-01
8.413558602333068848e-01
8.413558602333068848e-01
8.413558602333068848e-01
5.400973558425903320e-01
1.058678746223449707e+00
7.940862774848937988e-01
1.107509136199951172e+00
1.107509136199951172e+00
2.337894916534423828e+00
2.337894916534423828e+00
2.337894916534423828e+00
2.261863946914672852e+00
2.261863946914672852e+00
2.261863946914672852e+00
2.458673715591430664e+00
2.458673715591430664e+00
2.458673715591430664e+00
2.458673715591430664e+00
2.458673715591430664e+00
2.277160644531250000e+00
2.277160644531250000e+00
2.277160644531250000e+00
2.277160644531250000e+00
2.086177825927734375e+00
2.086177825927734375e+00
2.086177825927734375e+00
2.086177825927734375e+00
1.849903464317321777e+00
1.849903464317321777e+00
1.849903464317321777e+00
2.057804584503173828e+00
2.057804584503173828e+00
1.343433856964111328e-01
1.216306328773498535e+00
1.216306328773498535e+00
1.216306328773498535e+00
1.216306328773498535e+00
1.216306328773498535e+00
9.356080889701843262e-01
2.974665164947509766e-01
2.974665164947509766e-01
2.974665164947509766e-01
2.974665164947509766e-01
2.974665164947509766e-01
2.974665164947509766e-01
2.974665164947509766e-01
2.974665164947509766e-01
1.241642713546752930e+00
4.553374648094177246e-01
1.411658167839050293e+00
1.863690376281738281e+00
1.454576253890991211e+00
1.391411900520324707e+00
1.391411900520324707e+00
7.349906563758850098e-01
7.349906563758850098e-01
7.349906563758850098e-01
7.349906563758850098e-01
7.349906563758850098e-01
7.349906563758850098e-01
7.349906563758850098e-01
7.349906563758850098e-01
7.349906563758850098e-01
7.349906563758850098e-01
1.455392837524414062e-01
1.455392837524414062e-01
1.455392837524414062e-01
5.827158689498901367e-01
1.567412376403808594e+00
1.567412376403808594e+00
1.567412376403808594e+00
1.470965027809143066e+00
1.470965027809143066e+00
4.152376651763916016e-01
4.152376651763916016e-01
4.152376651763916016e-01
4.152376651763916016e-01
7.509737014770507812e-01
6.788774132728576660e-01
8.288069963455200195e-01
8.288069963455200195e-01
8.288069963455200195e-01
8.288069963455200195e-01
8.288069963455200195e-01
8.288069963455200195e-01
2.253643512725830078e+00
2.253643512725830078e+00
1.256899476051330566e+00
7.492949366569519043e-01
7.492949366569519043e-01
3.057922422885894775e-01
4.764355421066284180e-01
3.878564536571502686e-01
2.904043197631835938e-01
2.904043197631835938e-01
2.904043197631835938e-01
2.904043197631835938e-01
5.622991323471069336e-01
5.622991323471069336e-01
5.622991323471069336e-01
5.622991323471069336e-01
1.557599306106567383e+00
1.557599306106567383e+00
5.736991763114929199e-01
1.108829498291015625e+00
1.108829498291015625e+00
1.108829498291015625e+00
1.108829498291015625e+00
7.351964712142944336e-01
7.351964712142944336e-01
1.392616271972656250e+00
1.378350257873535156e+00
1.378350257873535156e+00
1.378350257873535156e+00
1.378350257873535156e+00
1.378350257873535156e+00
1.378350257873535156e+00
1.378350257873535156e+00
1.378350257873535156e+00
1.378350257873535156e+00
2.021184444427490234e+00
2.091457605361938477e+00
1.865654110908508301e+00
2.408464670181274414e+00
1.396003246307373047e+00
9.766367673873901367e-01
9.766367673873901367e-01
9.766367673873901367e-01
9.766367673873901367e-01
9.766367673873901367e-01
3.801982402801513672e-01
3.801982402801513672e-01
7.247715592384338379e-01
9.206911921501159668e-01
9.206911921501159668e-01
9.206911921501159668e-01
9.206911921501159668e-01
6.850620508193969727e-01
6.850620508193969727e-01
1.028828024864196777e+00
1.791937351226806641e+00
1.402309060096740723e+00
1.402309060096740723e+00
7.114849090576171875e-01
7.114849090576171875e-01
7.114849090576171875e-01
7.114849090576171875e-01
2.500918209552764893e-01
2.409753650426864624e-01
2.409753650426864624e-01
2.409753650426864624e-01
2.409753650426864624e-01
2.409753650426864624e-01
2.409753650426864624e-01
2.409753650426864624e-01
7.204642295837402344e-01
7.204642295837402344e-01
7.204642295837402344e-01
1.085496425628662109e+00
6.816504001617431641e-01
9.959139823913574219e-01
9.959139823913574219e-01
2.582245469093322754e-01
2.582245469093322754e-01
2.582245469093322754e-01
2.582245469093322754e-01
2.131898403167724609e+00
2.062132835388183594e+00
2.062132835388183594e+00
9.148187637329101562e-01
9.148187637329101562e-01
9.148187637329101562e-01
9.148187637329101562e-01
4.112416505813598633e-01
1.024760365486145020e+00
1.024760365486145020e+00
6.961354017257690430e-01
6.961354017257690430e-01
4.753912985324859619e-01
1.465236544609069824e+00
1.465236544609069824e+00
2.543960571289062500e+00
2.429367065429687500e+00
2.514869451522827148e+00
2.514869451522827148e+00
2.514869451522827148e+00
1.030051946640014648e+00
4.834157824516296387e-01
4.834157824516296387e-01
1.265938282012939453e+00
5.816682577133178711e-01
5.816682577133178711e-01
5.443083643913269043e-01
5.443083643913269043e-01
6.721723079681396484e-01
1.794418096542358398e+00
4.714751243591308594e-01
1.149790167808532715e+00
1.149790167808532715e+00
1.149790167808532715e+00
1.149790167808532715e+00
1.539714336395263672e+00
1.329919576644897461e+00
1.329919576644897461e+00
1.329919576644897461e+00
1.329919576644897461e+00
6.146854162216186523e-01
7.563900351524353027e-01
1.387502670288085938e+00
1.387502670288085938e+00
1.387502670288085938e+00
1.387502670288085938e+00
1.387502670288085938e+00
1.387502670288085938e+00
1.387502670288085938e+00
1.387502670288085938e+00
1.387502670288085938e+00
8.786425590515136719e-01
7.125363349914550781e-01
7.125363349914550781e-01
5.105665326118469238e-01
5.105665326118469238e-01
5.105665326118469238e-01
5.105665326118469238e-01
5.105665326118469238e-01
5.105665326118469238e-01
5.105665326118469238e-01
5.105665326118469238e-01
5.105665326118469238e-01
5.105665326118469238e-01
5.105665326118469238e-01
5.462414026260375977e-01
1.160083770751953125e+00
1.753042221069335938e+00
2.599281787872314453e+00
2.599281787872314453e+00
1.167926788330078125e-01
1.057304859161376953e+00
8.600556850433349609e-02
1.107497215270996094e+00
1.107497215270996094e+00
1.107497215270996094e+00
6.259160041809082031e-01
6.259160041809082031e-01
4.916908740997314453e-01
4.916908740997314453e-01
2.012702465057373047e+00
2.012702465057373047e+00
2.012702465057373047e+00
2.012702465057373047e+00
2.012702465057373047e+00
2.047491073608398438e-01
2.047491073608398438e-01
9.101305603981018066e-01
9.101305603981018066e-01
9.101305603981018066e-01
9.101305603981018066e-01
9.101305603981018066e-01
9.101305603981018066e-01
9.101305603981018066e-01
1.329741477966308594e-01
7.213945984840393066e-01
4.041734635829925537e-01
4.041734635829925537e-01
1.085743069648742676e+00
3.866751790046691895e-01
3.866751790046691895e-01
3.866751790046691895e-01
3.866751790046691895e-01
1.151568770408630371e+00
8.949123620986938477e-01
4.173904359340667725e-01
4.173904359340667725e-01
4.842799901962280273e-01
4.842799901962280273e-01
4.842799901962280273e-01
4.842799901962280273e-01
4.842799901962280273e-01
7.010879516601562500e-01
1.797731399536132812e+00
1.797731399536132812e+00
1.198759555816650391e+00
1.198759555816650391e+00
1.496371984481811523e+00
1.496371984481811523e+00
1.346189022064208984e+00
1.346189022064208984e+00
1.520196199417114258e-01
1.753092408180236816e+00
1.753092408180236816e+00
8.798838257789611816e-01
5.710769891738891602e-01
5.710769891738891602e-01
5.710769891738891602e-01
4.801681637763977051e-01
4.801681637763977051e-01
4.801681637763977051e-01
4.801681637763977051e-01
4.801681637763977051e-01
4.746767580509185791e-01
4.746767580509185791e-01
1.413687825202941895e+00
1.413687825202941895e+00
7.976489067077636719e-01
3.112495839595794678e-01
3.112495839595794678e-01
3.112495839595794678e-01
3.112495839595794678e-01
3.112495839595794678e-01
3.112495839595794678e-01
3.112495839595794678e-01
3.112495839595794678e-01
3.112495839595794678e-01
3.112495839595794678e-01
5.596851706504821777e-01
5.596851706504821777e-01
5.596851706504821777e-01
7.987856864929199219e-02
7.987856864929199219e-02
7.996033877134323120e-02
7.996033877134323120e-02
4.101119935512542725e-01
4.101119935512542725e-01
4.101119935512542725e-01
5.781076550483703613e-01
1.020939588546752930e+00
8.659064769744873047e-01
8.659064769744873047e-01
8.659064769744873047e-01
8.659064769744873047e-01
8.659064769744873047e-01
2.306773066520690918e-01
2.306773066520690918e-01
1.329628944396972656e+00
1.329628944396972656e+00
1.329628944396972656e+00
4.773563146591186523e-01
4.773563146591186523e-01
7.416586875915527344e-01
1.051644802093505859e+00
6.756757497787475586e-01
8.134573101997375488e-01
8.134573101997375488e-01
1.457594156265258789e+00
8.408104777336120605e-01
8.408104777336120605e-01
8.408104777336120605e-01
8.358816504478454590e-01
9.986345767974853516e-01
9.232545495033264160e-01
6.047577857971191406e-01
1.012698411941528320e+00
1.012698411941528320e+00
1.092066884040832520e+00
3.441916108131408691e-01
1.450661182403564453e+00
1.450661182403564453e+00
1.395249843597412109e+00
8.468518853187561035e-01
8.468518853187561035e-01
1.147214174270629883e+00
9.530215859413146973e-01
9.530215859413146973e-01
1.184696316719055176e+00
1.184696316719055176e+00
9.285700321197509766e-02
9.285700321197509766e-02
9.285700321197509766e-02
1.470513463020324707e+00
1.470513463020324707e+00
1.470513463020324707e+00
1.260387897491455078e+00
1.260387897491455078e+00
1.260387897491455078e+00
1.314980030059814453e+00
1.314980030059814453e+00
1.951709985733032227e+00
1.804363369941711426e+00
2.781946659088134766e-01
6.273355484008789062e-01
6.273355484008789062e-01
6.273355484008789062e-01
6.273355484008789062e-01
7.874921560287475586e-01
7.874921560287475586e-01
5.165391564369201660e-01
5.165391564369201660e-01
9.688882827758789062e-01
9.688882827758789062e-01
9.688882827758789062e-01
9.688882827758789062e-01
9.688882827758789062e-01
9.688882827758789062e-01
5.034674406051635742e-01
1.227598667144775391e+00
9.292529821395874023e-01
1.642192125320434570e+00
1.642192125320434570e+00
3.992866277694702148e-01
3.992866277694702148e-01
3.992866277694702148e-01
3.992866277694702148e-01
3.992866277694702148e-01
3.992866277694702148e-01
3.992866277694702148e-01
7.878627777099609375e-01
7.135518789291381836e-01
7.135518789291381836e-01
7.135518789291381836e-01
7.135518789291381836e-01
7.135518789291381836e-01
9.194198846817016602e-01
9.194198846817016602e-01
9.194198846817016602e-01
1.818668246269226074e-01
1.818668246269226074e-01
1.818668246269226074e-01
1.829517364501953125e+00
1.829517364501953125e+00
1.517955660820007324e+00
5.523638725280761719e-01
7.664377689361572266e-01
3.936983942985534668e-01
5.360953807830810547e-01
4.645251631736755371e-01
4.645251631736755371e-01
4.645251631736755371e-01
4.645251631736755371e-01
2.272824645042419434e-01
7.542831897735595703e-01
7.414241433143615723e-01
3.107744157314300537e-01
3.107744157314300537e-01
7.515044212341308594e-01
6.689186096191406250e-01
6.689186096191406250e-01
6.689186096191406250e-01
6.689186096191406250e-01
6.689186096191406250e-01
6.689186096191406250e-01
1.135174393653869629e+00
1.576761722564697266e+00
8.787323236465454102e-01
8.787323236465454102e-01
8.787323236465454102e-01
8.787323236465454102e-01
8.787323236465454102e-01
1.106598854064941406e+00
1.106598854064941406e+00
1.106598854064941406e+00
1.106598854064941406e+00
1.106598854064941406e+00
1.106598854064941406e+00
1.106598854064941406e+00
1.106598854064941406e+00
1.110544681549072266e+00
4.445236325263977051e-01
4.445236325263977051e-01
8.174722194671630859e-01
8.174722194671630859e-01
1.468677163124084473e+00
2.332569360733032227e-01
9.965602755546569824e-01
1.293940782546997070e+00
1.293940782546997070e+00
1.293940782546997070e+00
1.072479009628295898e+00
9.439927339553833008e-01
5.289034843444824219e-01
1.388772487640380859e+00
1.349539756774902344e+00
1.128318786621093750e+00
1.128318786621093750e+00
1.852435111999511719e+00
1.640759468078613281e+00
1.640759468078613281e+00
1.758026957511901855e+00
1.758026957511901855e+00
1.758026957511901855e+00
4.957129955291748047e-01
4.957129955291748047e-01
4.957129955291748047e-01
4.957129955291748047e-01
5.620511770248413086e-01
1.007570147514343262e+00
1.007570147514343262e+00
1.812964916229248047e+00
1.812964916229248047e+00
1.812964916229248047e+00
1.452030897140502930e+00
1.019455909729003906e+00
5.095872879028320312e-01
5.095872879028320312e-01
1.989975571632385254e+00
1.989975571632385254e+00
1.989975571632385254e+00
1.989975571632385254e+00
1.989975571632385254e+00
1.989975571632385254e+00
2.835510969161987305e+00
2.835510969161987305e+00
2.835510969161987305e+00
2.835510969161987305e+00
2.074996948242187500e+00
3.882805109024047852e-01
5.579662919044494629e-01
5.579662919044494629e-01
5.579662919044494629e-01
5.579662919044494629e-01
8.752132654190063477e-01
8.752132654190063477e-01
8.752132654190063477e-01
3.839728236198425293e-01
6.833007931709289551e-01
1.335073232650756836e+00
1.335073232650756836e+00
1.133027553558349609e+00
1.624057888984680176e-01
8.137807250022888184e-01
8.137807250022888184e-01
8.137807250022888184e-01
1.320626378059387207e+00
9.095191955566406250e-01
2.341580390930175781e-01
3.239011168479919434e-01
4.693661630153656006e-01
4.693661630153656006e-01
1.240013599395751953e+00
1.240013599395751953e+00
4.919003248214721680e-01
1.168268442153930664e+00
1.168268442153930664e+00
1.781476259231567383e+00
1.905884742736816406e-01
1.905884742736816406e-01
1.905884742736816406e-01
1.905884742736816406e-01
1.905884742736816406e-01
1.485238969326019287e-01
1.001171708106994629e+00
1.001171708106994629e+00
5.942728519439697266e-01
5.942728519439697266e-01
6.994438767433166504e-01
6.994438767433166504e-01
6.994438767433166504e-01
5.614375472068786621e-01
5.614375472068786621e-01
5.614375472068786621e-01
5.614375472068786621e-01
1.707595586776733398e-01
1.707595586776733398e-01
1.707595586776733398e-01
1.218066215515136719e+00
3.694376349449157715e-01
8.318928480148315430e-01
1.403578519821166992e+00
9.675753116607666016e-01
9.675753116607666016e-01
9.675753116607666016e-01
1.736934781074523926e-01
1.736934781074523926e-01
1.736934781074523926e-01
1.736934781074523926e-01
1.736934781074523926e-01
1.736934781074523926e-01
5.286729335784912109e-01
1.455744981765747070e+00
1.455744981765747070e+00
2.770192623138427734e-01
2.770192623138427734e-01
1.075680971145629883e+00
1.750326633453369141e+00
1.266613721847534180e+00
8.188147544860839844e-01
6.870959997177124023e-01
5.838866829872131348e-01
5.838866829872131348e-01
5.838866829872131348e-01
5.838866829872131348e-01
5.838866829872131348e-01
7.463886737823486328e-01
7.463886737823486328e-01
3.600929975509643555e-01
1.511237502098083496e+00
2.047100782394409180e+00
2.047100782394409180e+00
2.010514736175537109e+00
1.223865270614624023e+00
1.223865270614624023e+00
1.133527636528015137e+00
1.133527636528015137e+00
1.587672352790832520e+00
1.556755900382995605e+00
9.060621261596679688e-02
6.760548353195190430e-01
5.201783776283264160e-01
3.828783035278320312e-01
3.828783035278320312e-01
3.828783035278320312e-01
3.828783035278320312e-01
3.828783035278320312e-01
9.435917735099792480e-01
9.435917735099792480e-01
4.484132826328277588e-01
4.484132826328277588e-01
4.484132826328277588e-01
4.484132826328277588e-01
4.484132826328277588e-01
4.484132826328277588e-01
4.484132826328277588e-01
4.484132826328277588e-01
4.484132826328277588e-01
4.484132826328277588e-01
4.484132826328277588e-01
4.484132826328277588e-01
1.484266757965087891e+00
1.484266757965087891e+00
1.484266757965087891e+00
1.118241310119628906e+00
1.118241310119628906e+00
1.453265547752380371e-01
1.453265547752380371e-01
1.453265547752380371e-01
1.453265547752380371e-01
1.453265547752380371e-01
1.402630090713500977e+00
1.402630090713500977e+00
1.402630090713500977e+00
4.832924604415893555e-01
4.832924604415893555e-01
6.075802445411682129e-01
6.075802445411682129e-01
6.075802445411682129e-01
1.526741981506347656e+00
1.201862096786499023e+00
1.201862096786499023e+00
1.201862096786499023e+00
1.201862096786499023e+00
3.740493655204772949e-01
3.740493655204772949e-01
1.362993478775024414e+00
1.362993478775024414e+00
1.637936353683471680e+00
1.637936353683471680e+00
2.252551317214965820e+00
2.418756484985351562e+00
2.336744546890258789e+00
8.347536325454711914e-01
8.347536325454711914e-01
8.347536325454711914e-01
8.347536325454711914e-01
8.347536325454711914e-01
8.347536325454711914e-01
1.173950552940368652e+00
1.173950552940368652e+00
1.173950552940368652e+00
4.548804759979248047e-01
4.548804759979248047e-01
4.548804759979248047e-01
1.341248869895935059e+00
1.341248869895935059e+00
1.341248869895935059e+00
2.248309850692749023e-01
3.364590406417846680e-01
1.898021250963211060e-01
1.898021250963211060e-01
1.898021250963211060e-01
1.898021250963211060e-01
1.898021250963211060e-01
1.898021250963211060e-01
1.528419852256774902e+00
4.384334087371826172e-01
4.384334087371826172e-01
4.384334087371826172e-01
1.729043006896972656e+00
1.729043006896972656e+00
1.729043006896972656e+00
1.403912782669067383e+00
1.403912782669067383e+00
1.403912782669067383e+00
1.403912782669067383e+00
1.403912782669067383e+00
6.700621247291564941e-01
8.736553788185119629e-01
8.736553788185119629e-01
7.658726572990417480e-01
7.658726572990417480e-01
7.658726572990417480e-01
4.190252423286437988e-01
4.190252423286437988e-01
5.025932788848876953e-01
8.061969876289367676e-01
8.061969876289367676e-01
8.061969876289367676e-01
8.061969876289367676e-01
8.061969876289367676e-01
8.866737484931945801e-01
8.866737484931945801e-01
8.866737484931945801e-01
5.869149565696716309e-01
5.869149565696716309e-01
5.869149565696716309e-01
5.869149565696716309e-01
5.869149565696716309e-01
5.869149565696716309e-01
5.869149565696716309e-01
5.869149565696716309e-01
2.566052675247192383e+00
2.566052675247192383e+00
2.399168014526367188e+00
2.199662208557128906e+00
5.067912340164184570e-01
3.394671678543090820e-01
3.394671678543090820e-01
3.394671678543090820e-01
3.841589689254760742e-01
6.976627111434936523e-01
6.976627111434936523e-01
9.474504590034484863e-01
9.456712007522583008e-02
9.456712007522583008e-02
1.544030666351318359e+00
1.535833835601806641e+00
1.535833835601806641e+00
1.535833835601806641e+00
1.535833835601806641e+00
1.535833835601806641e+00
3.406083583831787109e-01
1.579951345920562744e-01
1.579951345920562744e-01
1.579951345920562744e-01
1.579951345920562744e-01
1.554790854454040527e+00
3.911015987396240234e-01
3.911015987396240234e-01
3.911015987396240234e-01
1.352806091308593750e+00
5.598353147506713867e-01
7.697986364364624023e-01
4.511465728282928467e-01
9.722647666931152344e-01
4.977486133575439453e-01
2.927372753620147705e-01
2.927372753620147705e-01
2.927372753620147705e-01
3.155758678913116455e-01
3.155758678913116455e-01
6.996526718139648438e-01
5.903545618057250977e-01
5.903545618057250977e-01
9.543305635452270508e-01
9.543305635452270508e-01
2.279201149940490723e-01
2.279201149940490723e-01
2.279201149940490723e-01
2.279201149940490723e-01
4.473712444305419922e-01
1.889489769935607910e+00
1.385642290115356445e+00
2.129999160766601562e+00
2.129999160766601562e+00
2.129999160766601562e+00
2.129999160766601562e+00
2.129999160766601562e+00
2.129999160766601562e+00
1.966737866401672363e+00
1.966737866401672363e+00
1.966737866401672363e+00
1.263998031616210938e+00
1.263998031616210938e+00
2.922335267066955566e-01
2.922335267066955566e-01
2.922335267066955566e-01
2.632557451725006104e-01
2.632557451725006104e-01
1.568528771400451660e+00
1.364725708961486816e+00
1.364725708961486816e+00
1.364725708961486816e+00
1.364725708961486816e+00
1.364725708961486816e+00
1.364725708961486816e+00
1.364725708961486816e+00
1.364725708961486816e+00
1.364725708961486816e+00
1.364725708961486816e+00
1.364725708961486816e+00
1.182929396629333496e+00
1.182929396629333496e+00
7.953753471374511719e-01
7.953753471374511719e-01
3.686686456203460693e-01
3.686686456203460693e-01
1.516210079193115234e+00
1.516210079193115234e+00
1.516210079193115234e+00
1.516210079193115234e+00
1.103518009185791016e+00
1.103518009185791016e+00
1.640128374099731445e+00
1.640128374099731445e+00
1.971024751663208008e+00
1.971024751663208008e+00
6.061538457870483398e-01
6.061538457870483398e-01
6.061538457870483398e-01
6.985225081443786621e-01
5.867459774017333984e-01
1.227408170700073242e+00
2.893362045288085938e-01
8.335439562797546387e-01
5.837765336036682129e-01
4.363144040107727051e-01
5.495917201042175293e-01
5.495917201042175293e-01
1.324641227722167969e+00
1.324641227722167969e+00
1.324641227722167969e+00
1.324641227722167969e+00
1.324641227722167969e+00
1.324641227722167969e+00
1.324641227722167969e+00
1.324641227722167969e+00
1.324641227722167969e+00
1.324641227722167969e+00
2.269922018051147461e+00
1.964897990226745605e+00
1.964897990226745605e+00
1.964897990226745605e+00
1.964897990226745605e+00
4.499713182449340820e-01
4.499713182449340820e-01
4.499713182449340820e-01
4.499713182449340820e-01
2.307794988155364990e-01
2.307794988155364990e-01
1.880512833595275879e+00
1.880512833595275879e+00
1.880512833595275879e+00
1.880512833595275879e+00
1.880512833595275879e+00
1.755783319473266602e+00
1.755783319473266602e+00
1.755783319473266602e+00
1.609925031661987305e+00
1.609925031661987305e+00
1.344533801078796387e+00
1.272867321968078613e+00
1.259601473808288574e+00
1.259601473808288574e+00
1.259601473808288574e+00
1.259601473808288574e+00
9.269385337829589844e-01
9.269385337829589844e-01
9.269385337829589844e-01
9.269385337829589844e-01
9.269385337829589844e-01
2.080144286155700684e-01
2.080144286155700684e-01
1.217823266983032227e+00
1.798557639122009277e+00
8.866406083106994629e-01
3.978310227394104004e-01
3.978310227394104004e-01
3.978310227394104004e-01
3.978310227394104004e-01
3.978310227394104004e-01
3.978310227394104004e-01
3.978310227394104004e-01
3.978310227394104004e-01
3.978310227394104004e-01
3.978310227394104004e-01
1.574828624725341797e+00
1.867920994758605957e+00
1.867920994758605957e+00
2.118142366409301758e+00
2.118142366409301758e+00
7.959145307540893555e-01
3.658559620380401611e-01
3.658559620380401611e-01
1.457281589508056641e+00
1.457281589508056641e+00
1.457281589508056641e+00
1.457281589508056641e+00
1.457281589508056641e+00
9.865828752517700195e-01
9.865828752517700195e-01
9.865828752517700195e-01
9.865828752517700195e-01
1.746108055114746094e+00
1.408900022506713867e-01
1.408900022506713867e-01
1.408900022506713867e-01
4.820647537708282471e-01
9.398403167724609375e-01
9.398403167724609375e-01
4.678735435009002686e-01
6.553335785865783691e-01
6.553335785865783691e-01
6.553335785865783691e-01
8.700298666954040527e-01
8.390420675277709961e-01
8.390420675277709961e-01
8.390420675277709961e-01
9.397183656692504883e-01
4.983853995800018311e-01
4.983853995800018311e-01
3.232869505882263184e-01
3.232869505882263184e-01
3.232869505882263184e-01
3.232869505882263184e-01
5.637385845184326172e-01
5.637385845184326172e-01
5.637385845184326172e-01
6.012959480285644531e-01
6.012959480285644531e-01
6.012959480285644531e-01
4.333879947662353516e-01
1.152200222015380859e+00
1.152200222015380859e+00
1.384336709976196289e+00
3.256266117095947266e-01
6.854348182678222656e-01
6.854348182678222656e-01
4.668864607810974121e-01
4.668864607810974121e-01
5.091724395751953125e-01
5.091724395751953125e-01
5.091724395751953125e-01
5.165194869041442871e-01
5.165194869041442871e-01
5.165194869041442871e-01
5.165194869041442871e-01
5.165194869041442871e-01
5.165194869041442871e-01
5.165194869041442871e-01
7.597819566726684570e-01
7.813038229942321777e-01
7.813038229942321777e-01
7.813038229942321777e-01
7.813038229942321777e-01
7.813038229942321777e-01
7.813038229942321777e-01
7.813038229942321777e-01
7.813038229942321777e-01
4.335797131061553955e-01
8.753468990325927734e-01
7.380694150924682617e-01
7.380694150924682617e-01
7.380694150924682617e-01
7.380694150924682617e-01
4.223676025867462158e-01
4.223676025867462158e-01
1.265067696571350098e+00
1.423902750015258789e+00
1.423902750015258789e+00
1.489970684051513672e-01
1.119657874107360840e+00
1.119657874107360840e+00
1.119657874107360840e+00
1.289128065109252930e-01
1.289128065109252930e-01
1.289128065109252930e-01
1.289128065109252930e-01
1.289128065109252930e-01
7.710064649581909180e-01
7.710064649581909180e-01
7.710064649581909180e-01
7.710064649581909180e-01
7.710064649581909180e-01
7.710064649581909180e-01
7.710064649581909180e-01
1.544712185859680176e-01
4.959154427051544189e-01
4.959154427051544189e-01
4.959154427051544189e-01
1.371584534645080566e+00
5.414538979530334473e-01
5.414538979530334473e-01
1.399451971054077148e+00
1.399451971054077148e+00
8.131966590881347656e-01
8.131966590881347656e-01
8.131966590881347656e-01
8.131966590881347656e-01
6.528647541999816895e-01
1.165688037872314453e+00
1.165688037872314453e+00
1.489889383316040039e+00
1.489889383316040039e+00
5.490777492523193359e-01
5.490777492523193359e-01
5.490777492523193359e-01
5.490777492523193359e-01
9.921580553054809570e-01
3.231506943702697754e-01
3.231506943702697754e-01
7.651643157005310059e-01
7.651643157005310059e-01
7.651643157005310059e-01
6.510019302368164062e-03
6.510019302368164062e-03
1.164011597633361816e+00
1.164011597633361816e+00
1.164011597633361816e+00
5.871598124504089355e-01
5.871598124504089355e-01
5.546929836273193359e-01
5.546929836273193359e-01
2.135542333126068115e-01
2.135542333126068115e-01
2.135542333126068115e-01
2.906422317028045654e-02
2.906422317028045654e-02
2.906422317028045654e-02
2.906422317028045654e-02
2.643257379531860352e-01
2.643257379531860352e-01
2.643257379531860352e-01
2.643257379531860352e-01
2.643257379531860352e-01
8.082811236381530762e-01
6.645063161849975586e-01
5.698357820510864258e-01
4.726810157299041748e-01
9.366841912269592285e-01
1.251213431358337402e+00
1.503482103347778320e+00
1.503482103347778320e+00
1.503482103347778320e+00
1.246010541915893555e+00
1.565281867980957031e+00
6.093481183052062988e-01
5.063616633415222168e-01
6.498483419418334961e-01
6.498483419418334961e-01
6.498483419418334961e-01
8.523440361022949219e-01
8.523440361022949219e-01
8.523440361022949219e-01
9.017694592475891113e-01
9.017694592475891113e-01
9.017694592475891113e-01
9.017694592475891113e-01
9.017694592475891113e-01
9.017694592475891113e-01
9.017694592475891113e-01
9.017694592475891113e-01
9.017694592475891113e-01
1.689604520797729492e+00
1.689604520797729492e+00
1.374661564826965332e+00
1.374661564826965332e+00
5.823243260383605957e-01
5.823243260383605957e-01
5.823243260383605957e-01
6.481651663780212402e-01
6.481651663780212402e-01
1.335285782814025879e+00
4.446295499801635742e-01
4.446295499801635742e-01
1.507545232772827148e+00
1.507545232772827148e+00
1.081374883651733398e+00
1.077892065048217773e+00
1.077892065048217773e+00
1.077892065048217773e+00
8.241786956787109375e-01
4.897906184196472168e-01
4.897906184196472168e-01
4.897906184196472168e-01
6.873190402984619141e-01
6.873190402984619141e-01
7.328827977180480957e-01
7.328827977180480957e-01
7.328827977180480957e-01
1.015394330024719238e+00
1.015394330024719238e+00
5.938592553138732910e-01
6.893759965896606445e-02
6.893759965896606445e-02
5.045785903930664062e-01
1.431602478027343750e+00
1.381543874740600586e+00
1.381543874740600586e+00
1.381543874740600586e+00
1.381543874740600586e+00
5.966669917106628418e-01
2.844069898128509521e-01
1.108800411224365234e+00
6.397545337677001953e-01
8.718513250350952148e-01
8.718513250350952148e-01
8.718513250350952148e-01
8.718513250350952148e-01
8.718513250350952148e-01
8.435052037239074707e-01
1.283321022987365723e+00
1.283321022987365723e+00
1.283321022987365723e+00
1.025681614875793457e+00
1.059295177459716797e+00
1.059295177459716797e+00
7.032043337821960449e-01
7.032043337821960449e-01
7.032043337821960449e-01
7.032043337821960449e-01
7.032043337821960449e-01
7.032043337821960449e-01
7.032043337821960449e-01
7.032043337821960449e-01
9.901010990142822266e-01
9.901010990142822266e-01
9.901010990142822266e-01
9.901010990142822266e-01
2.548190355300903320e-01
2.548190355300903320e-01
1.496776580810546875e+00
1.496776580810546875e+00
1.496776580810546875e+00
1.525620341300964355e+00
1.525620341300964355e+00
1.525620341300964355e+00
1.411915421485900879e+00
1.411915421485900879e+00
1.411915421485900879e+00
1.411915421485900879e+00
3.914704322814941406e-01
3.914704322814941406e-01
6.759922504425048828e-01
8.710910677909851074e-01
8.710910677909851074e-01
2.459002137184143066e-01
2.459002137184143066e-01
3.515164852142333984e-01
1.111714839935302734e+00
2.400269985198974609e+00
2.267231941223144531e+00
2.267231941223144531e+00
2.267231941223144531e+00
1.833858847618103027e+00
2.382831811904907227e+00
9.838624000549316406e-01
5.161601305007934570e-01
7.150592803955078125e-01
7.150592803955078125e-01
7.150592803955078125e-01
7.150592803955078125e-01
3.803774416446685791e-01
3.803774416446685791e-01
3.803774416446685791e-01
6.940909028053283691e-01
7.573243379592895508e-01
7.573243379592895508e-01
7.573243379592895508e-01
7.573243379592895508e-01
7.573243379592895508e-01
2.131314277648925781e+00
2.131314277648925781e+00
2.131314277648925781e+00
2.131314277648925781e+00
2.131314277648925781e+00
2.006913900375366211e+00
2.006913900375366211e+00
2.210025548934936523e+00
1.427392959594726562e+00
1.427392959594726562e+00
1.427392959594726562e+00
1.427392959594726562e+00
8.451437354087829590e-01
3.979127407073974609e-01
2.093955993652343750e+00
2.093955993652343750e+00
1.950196266174316406e+00
2.850880622863769531e+00
2.850880622863769531e+00
1.378240227699279785e+00
1.378240227699279785e+00
1.196132659912109375e+00
1.196132659912109375e+00
1.196132659912109375e+00
1.196132659912109375e+00
1.196132659912109375e+00
6.741786599159240723e-01
6.741786599159240723e-01
6.741786599159240723e-01
6.741786599159240723e-01
6.741786599159240723e-01
6.741786599159240723e-01
6.741786599159240723e-01
6.741786599159240723e-01
1.196670055389404297e+00
1.196670055389404297e+00
4.667305946350097656e-01
4.667305946350097656e-01
4.667305946350097656e-01
4.667305946350097656e-01
4.667305946350097656e-01
4.667305946350097656e-01
4.242449402809143066e-01
