1.079878091812133789e+00
1.079878091812133789e+00
1.079878091812133789e+00
1.079878091812133789e+00
1.079878091812133789e+00
1.079878091812133789e+00
1.079878091812133789e+00
1.079878091812133789e+00
1.079878091812133789e+00
1.079878091812133789e+00
1.079878091812133789e+00
1.079878091812133789e+00
1.079878091812133789e+00
1.079878091812133789e+00
1.079878091812133789e+00
1.079878091812133789e+00
1.079878091812133789e+00
1.079878091812133789e+00
1.079878091812133789e+00
1.079878091812133789e+00
1.079878091812133789e+00
1.079878091812133789e+00
1.079878091812133789e+00
1.079878091812133789e+00
1.079878091812133789e+00
1.079878091812133789e+00
1.079878091812133789e+00
4.533756375312805176e-01
4.533756375312805176e-01
4.533756375312805176e-01
8.251596689224243164e-01
8.251596689224243164e-01
1.324078321456909180e+00
1.391140460968017578e+00
1.391140460968017578e+00
1.391140460968017578e+00
1.391140460968017578e+00
1.391140460968017578e+00
1.391140460968017578e+00
1.391140460968017578e+00
7.912740707397460938e-01
7.912740707397460938e-01
7.912740707397460938e-01
7.912740707397460938e-01
7.912740707397460938e-01
7.912740707397460938e-01
7.912740707397460938e-01
7.912740707397460938e-01
7.912740707397460938e-01
7.912740707397460938e-01
5.899708271026611328e-01
8.040032982826232910e-01
8.040032982826232910e-01
8.040032982826232910e-01
8.040032982826232910e-01
8.040032982826232910e-01
8.040032982826232910e-01
8.040032982826232910e-01
8.040032982826232910e-01
8.040032982826232910e-01
8.040032982826232910e-01
8.040032982826232910e-01
8.040032982826232910e-01
8.040032982826232910e-01
7.368299365043640137e-01
1.089031577110290527e+00
1.209640979766845703e+00
1.209640979766845703e+00
1.279910087585449219e+00
4.684355258941650391e-01
3.852715194225311279e-01
1.315988302230834961e+00
1.315988302230834961e+00
1.315988302230834961e+00
1.315988302230834961e+00
6.923311948776245117e-01
6.923311948776245117e-01
1.230233907699584961e+00
1.230233907699584961e+00
1.230233907699584961e+00
1.230233907699584961e+00
1.230233907699584961e+00
1.230233907699584961e+00
1.230233907699584961e+00
1.230233907699584961e+00
1.230233907699584961e+00
1.230233907699584961e+00
1.230233907699584961e+00
1.230233907699584961e+00
1.230233907699584961e+00
6.601305603981018066e-01
1.200633168220520020e+00
1.200633168220520020e+00
1.200633168220520020e+00
2.893372774124145508e-01
9.571401476860046387e-01
9.571401476860046387e-01
9.571401476860046387e-01
1.364289283752441406e+00
1.973720788955688477e+00
1.973720788955688477e+00
2.052749872207641602e+00
2.052749872207641602e+00
2.052749872207641602e+00
2.052749872207641602e+00
2.052749872207641602e+00
1.982111811637878418e+00
1.982111811637878418e+00
8.549678325653076172e-01
6.012191772460937500e-01
6.012191772460937500e-01
6.012191772460937500e-01
6.973285079002380371e-01
1.161483526229858398e+00
1.161483526229858398e+00
1.161483526229858398e+00
1.161483526229858398e+00
1.161483526229858398e+00
1.161483526229858398e+00
1.161483526229858398e+00
1.161483526229858398e+00
1.161483526229858398e+00
1.319735646247863770e+00
1.319735646247863770e+00
1.319735646247863770e+00
1.319735646247863770e+00
1.319735646247863770e+00
9.216090440750122070e-01
9.216090440750122070e-01
7.895020246505737305e-01
7.895020246505737305e-01
7.895020246505737305e-01
7.895020246505737305e-01
7.895020246505737305e-01
5.249034166336059570e-01
5.249034166336059570e-01
5.249034166336059570e-01
7.400803565979003906e-01
7.400803565979003906e-01
7.400803565979003906e-01
1.042938828468322754e+00
1.042938828468322754e+00
1.042938828468322754e+00
1.042938828468322754e+00
1.042938828468322754e+00
1.042938828468322754e+00
1.042938828468322754e+00
1.042938828468322754e+00
1.042938828468322754e+00
1.716946840286254883e+00
1.716946840286254883e+00
1.716946840286254883e+00
1.716946840286254883e+00
1.244594097137451172e+00
1.244594097137451172e+00
1.244594097137451172e+00
1.244594097137451172e+00
1.244594097137451172e+00
1.244594097137451172e+00
1.244594097137451172e+00
1.244594097137451172e+00
8.425330519676208496e-01
8.425330519676208496e-01
8.425330519676208496e-01
8.425330519676208496e-01
8.425330519676208496e-01
8.425330519676208496e-01
8.425330519676208496e-01
8.425330519676208496e-01
4.726479351520538330e-01
4.726479351520538330e-01
9.227451086044311523e-01
9.227451086044311523e-01
9.227451086044311523e-01
9.227451086044311523e-01
9.227451086044311523e-01
9.227451086044311523e-01
7.387753725051879883e-01
7.387753725051879883e-01
7.387753725051879883e-01
7.387753725051879883e-01
7.387753725051879883e-01
7.387753725051879883e-01
1.720423102378845215e-01
1.555235147476196289e+00
1.555235147476196289e+00
4.451370239257812500e-01
4.451370239257812500e-01
4.451370239257812500e-01
4.451370239257812500e-01
7.710881233215332031e-01
7.710881233215332031e-01
1.628076076507568359e+00
1.628076076507568359e+00
1.628076076507568359e+00
1.628076076507568359e+00
1.628076076507568359e+00
1.628076076507568359e+00
2.225255012512207031e+00
2.225255012512207031e+00
3.679615259170532227e-01
3.679615259170532227e-01
3.679615259170532227e-01
3.679615259170532227e-01
1.151666641235351562e+00
1.151666641235351562e+00
1.151666641235351562e+00
1.151666641235351562e+00
1.151666641235351562e+00
1.151666641235351562e+00
1.151666641235351562e+00
1.151666641235351562e+00
1.151666641235351562e+00
1.151666641235351562e+00
1.151666641235351562e+00
1.151666641235351562e+00
1.151666641235351562e+00
2.246727347373962402e-01
2.246727347373962402e-01
1.044522762298583984e+00
1.044522762298583984e+00
7.238322496414184570e-01
7.238322496414184570e-01
7.238322496414184570e-01
7.238322496414184570e-01
7.238322496414184570e-01
7.238322496414184570e-01
7.238322496414184570e-01
7.238322496414184570e-01
4.451911151409149170e-01
1.137900829315185547e+00
5.450941324234008789e-01
5.450941324234008789e-01
5.450941324234008789e-01
5.450941324234008789e-01
5.450941324234008789e-01
5.450941324234008789e-01
3.181854188442230225e-01
3.181854188442230225e-01
3.181854188442230225e-01
3.181854188442230225e-01
3.181854188442230225e-01
3.181854188442230225e-01
3.181854188442230225e-01
3.181854188442230225e-01
3.181854188442230225e-01
3.181854188442230225e-01
7.858536243438720703e-01
7.858536243438720703e-01
7.858536243438720703e-01
7.858536243438720703e-01
1.378915786743164062e+00
1.698638916015625000e+00
1.698638916015625000e+00
1.312547445297241211e+00
1.188625454902648926e+00
1.139166712760925293e+00
1.139166712760925293e+00
1.139166712760925293e+00
1.139166712760925293e+00
1.139166712760925293e+00
1.139166712760925293e+00
1.139166712760925293e+00
1.139166712760925293e+00
1.139166712760925293e+00
1.139166712760925293e+00
1.139166712760925293e+00
1.139166712760925293e+00
1.139166712760925293e+00
1.139166712760925293e+00
8.894804120063781738e-01
1.201266527175903320e+00
1.201266527175903320e+00
1.201266527175903320e+00
1.201266527175903320e+00
1.201266527175903320e+00
1.201266527175903320e+00
1.201266527175903320e+00
1.201266527175903320e+00
1.201266527175903320e+00
1.201266527175903320e+00
1.201266527175903320e+00
1.201266527175903320e+00
1.201266527175903320e+00
1.201266527175903320e+00
1.201266527175903320e+00
8.669673204421997070e-01
8.669673204421997070e-01
8.669673204421997070e-01
8.669673204421997070e-01
8.669673204421997070e-01
8.669673204421997070e-01
8.341572880744934082e-01
7.172732949256896973e-01
1.025261878967285156e+00
1.025261878967285156e+00
1.533007621765136719e+00
1.684985518455505371e+00
1.684985518455505371e+00
1.684985518455505371e+00
1.684985518455505371e+00
1.248706698417663574e+00
1.248706698417663574e+00
1.248706698417663574e+00
1.248706698417663574e+00
1.248706698417663574e+00
8.910028934478759766e-01
8.910028934478759766e-01
8.910028934478759766e-01
1.229128837585449219e+00
1.229128837585449219e+00
1.229128837585449219e+00
1.229128837585449219e+00
1.229128837585449219e+00
1.229128837585449219e+00
1.229128837585449219e+00
1.229128837585449219e+00
1.229128837585449219e+00
1.229128837585449219e+00
1.229128837585449219e+00
1.229128837585449219e+00
1.229128837585449219e+00
1.229128837585449219e+00
7.090663909912109375e-01
7.090663909912109375e-01
7.090663909912109375e-01
7.090663909912109375e-01
7.090663909912109375e-01
7.090663909912109375e-01
3.277716636657714844e-01
3.277716636657714844e-01
3.277716636657714844e-01
4.376519322395324707e-01
4.376519322395324707e-01
4.376519322395324707e-01
1.595865726470947266e+00
1.595865726470947266e+00
1.595865726470947266e+00
1.595865726470947266e+00
1.595865726470947266e+00
1.595865726470947266e+00
1.595865726470947266e+00
1.595865726470947266e+00
1.595865726470947266e+00
1.595865726470947266e+00
1.595865726470947266e+00
1.595865726470947266e+00
1.070459127426147461e+00
1.320163488388061523e+00
4.741710424423217773e-01
4.741710424423217773e-01
4.741710424423217773e-01
4.741710424423217773e-01
4.741710424423217773e-01
4.741710424423217773e-01
4.741710424423217773e-01
4.741710424423217773e-01
4.741710424423217773e-01
4.741710424423217773e-01
4.741710424423217773e-01
4.741710424423217773e-01
8.069136738777160645e-01
8.069136738777160645e-01
8.069136738777160645e-01
8.069136738777160645e-01
8.069136738777160645e-01
9.646109342575073242e-01
6.378248333930969238e-01
7.320404052734375000e-01
9.722152352333068848e-01
5.811034440994262695e-01
5.811034440994262695e-01
5.811034440994262695e-01
5.811034440994262695e-01
6.277703642845153809e-01
6.277703642845153809e-01
6.277703642845153809e-01
6.277703642845153809e-01
6.277703642845153809e-01
1.113332748413085938e+00
1.113332748413085938e+00
1.113332748413085938e+00
6.673146486282348633e-01
6.673146486282348633e-01
6.673146486282348633e-01
6.673146486282348633e-01
6.673146486282348633e-01
6.673146486282348633e-01
6.673146486282348633e-01
6.673146486282348633e-01
6.673146486282348633e-01
6.673146486282348633e-01
6.673146486282348633e-01
6.673146486282348633e-01
2.843286693096160889e-01
1.361301779747009277e+00
7.694616913795471191e-01
7.694616913795471191e-01
7.694616913795471191e-01
7.694616913795471191e-01
7.694616913795471191e-01
1.211000442504882812e+00
2.358784079551696777e-01
2.358784079551696777e-01
2.358784079551696777e-01
2.983519434928894043e-01
1.111475229263305664e+00
1.111475229263305664e+00
1.111475229263305664e+00
1.111475229263305664e+00
1.111475229263305664e+00
1.111475229263305664e+00
1.548852920532226562e+00
1.548852920532226562e+00
7.909392714500427246e-01
7.909392714500427246e-01
7.909392714500427246e-01
7.909392714500427246e-01
7.909392714500427246e-01
7.909392714500427246e-01
7.909392714500427246e-01
7.909392714500427246e-01
7.909392714500427246e-01
7.909392714500427246e-01
7.909392714500427246e-01
7.909392714500427246e-01
7.909392714500427246e-01
7.909392714500427246e-01
5.182520747184753418e-01
3.098667562007904053e-01
3.098667562007904053e-01
3.098667562007904053e-01
3.098667562007904053e-01
7.973569631576538086e-01
7.973569631576538086e-01
7.973569631576538086e-01
7.973569631576538086e-01
7.973569631576538086e-01
1.143857955932617188e+00
6.882418990135192871e-01
1.946770906448364258e+00
1.946770906448364258e+00
1.946770906448364258e+00
5.904484987258911133e-01
5.904484987258911133e-01
5.904484987258911133e-01
5.904484987258911133e-01
5.904484987258911133e-01
5.904484987258911133e-01
5.904484987258911133e-01
5.904484987258911133e-01
5.904484987258911133e-01
5.904484987258911133e-01
5.904484987258911133e-01
5.904484987258911133e-01
5.904484987258911133e-01
5.904484987258911133e-01
5.904484987258911133e-01
5.904484987258911133e-01
5.904484987258911133e-01
5.904484987258911133e-01
5.904484987258911133e-01
5.904484987258911133e-01
5.904484987258911133e-01
7.472476363182067871e-01
4.969640970230102539e-01
4.969640970230102539e-01
4.969640970230102539e-01
4.969640970230102539e-01
5.196975469589233398e-01
5.196975469589233398e-01
1.409234523773193359e+00
4.040807485580444336e-01
4.999139904975891113e-01
4.999139904975891113e-01
4.999139904975891113e-01
4.999139904975891113e-01
4.999139904975891113e-01
4.999139904975891113e-01
4.999139904975891113e-01
4.999139904975891113e-01
4.999139904975891113e-01
8.916730284690856934e-01
8.916730284690856934e-01
8.916730284690856934e-01
1.123160600662231445e+00
1.123160600662231445e+00
1.123160600662231445e+00
1.123160600662231445e+00
1.123160600662231445e+00
9.597933292388916016e-01
9.597933292388916016e-01
1.013815760612487793e+00
1.013815760612487793e+00
1.013815760612487793e+00
6.580395698547363281e-01
6.580395698547363281e-01
6.580395698547363281e-01
6.580395698547363281e-01
6.580395698547363281e-01
6.580395698547363281e-01
6.580395698547363281e-01
6.580395698547363281e-01
1.078326940536499023e+00
7.172160148620605469e-01
8.009480237960815430e-01
8.009480237960815430e-01
8.009480237960815430e-01
1.382338285446166992e+00
1.382338285446166992e+00
1.382338285446166992e+00
8.712009787559509277e-01
5.364648103713989258e-01
1.788843870162963867e-01
2.361823171377182007e-01
2.411179095506668091e-01
2.411179095506668091e-01
2.411179095506668091e-01
2.411179095506668091e-01
2.411179095506668091e-01
1.018266201019287109e+00
1.018266201019287109e+00
1.018266201019287109e+00
1.047346830368041992e+00
1.047346830368041992e+00
1.047346830368041992e+00
1.047346830368041992e+00
1.047346830368041992e+00
1.047346830368041992e+00
1.047346830368041992e+00
1.047346830368041992e+00
1.047346830368041992e+00
1.047346830368041992e+00
1.047346830368041992e+00
1.047346830368041992e+00
1.047346830368041992e+00
1.047346830368041992e+00
1.047346830368041992e+00
1.047346830368041992e+00
1.047346830368041992e+00
1.212084889411926270e+00
1.212084889411926270e+00
1.212084889411926270e+00
1.212084889411926270e+00
5.597795844078063965e-01
5.597795844078063965e-01
5.508642792701721191e-01
5.508642792701721191e-01
5.508642792701721191e-01
5.508642792701721191e-01
5.508642792701721191e-01
5.508642792701721191e-01
5.508642792701721191e-01
5.508642792701721191e-01
5.508642792701721191e-01
2.435157299041748047e-01
2.435157299041748047e-01
2.786875665187835693e-01
2.786875665187835693e-01
2.786875665187835693e-01
2.786875665187835693e-01
2.786875665187835693e-01
2.786875665187835693e-01
2.786875665187835693e-01
1.239953994750976562e+00
1.239953994750976562e+00
1.239953994750976562e+00
1.239953994750976562e+00
1.239953994750976562e+00
1.239953994750976562e+00
1.239953994750976562e+00
1.239953994750976562e+00
1.239953994750976562e+00
1.239953994750976562e+00
1.239953994750976562e+00
1.239953994750976562e+00
1.239953994750976562e+00
1.239953994750976562e+00
1.239953994750976562e+00
1.409111261367797852e+00
1.409111261367797852e+00
1.409111261367797852e+00
1.409111261367797852e+00
1.409111261367797852e+00
1.409111261367797852e+00
1.409111261367797852e+00
1.409111261367797852e+00
2.574437856674194336e-01
2.241794168949127197e-01
2.241794168949127197e-01
2.241794168949127197e-01
2.241794168949127197e-01
2.241794168949127197e-01
2.241794168949127197e-01
2.241794168949127197e-01
2.241794168949127197e-01
2.241794168949127197e-01
2.241794168949127197e-01
1.195971250534057617e+00
1.067730188369750977e+00
1.067730188369750977e+00
1.067730188369750977e+00
9.241479039192199707e-01
9.241479039192199707e-01
9.241479039192199707e-01
9.241479039192199707e-01
3.338283300399780273e-01
3.338283300399780273e-01
3.338283300399780273e-01
1.521671533584594727e+00
1.521671533584594727e+00
1.521671533584594727e+00
1.711131334304809570e+00
1.711131334304809570e+00
1.711131334304809570e+00
1.711131334304809570e+00
1.711131334304809570e+00
1.217878460884094238e+00
5.443260669708251953e-01
5.443260669708251953e-01
5.443260669708251953e-01
5.443260669708251953e-01
8.791881799697875977e-01
8.791881799697875977e-01
8.791881799697875977e-01
8.791881799697875977e-01
8.791881799697875977e-01
8.791881799697875977e-01
6.039367914199829102e-01
6.039367914199829102e-01
6.039367914199829102e-01
6.039367914199829102e-01
6.039367914199829102e-01
6.039367914199829102e-01
6.039367914199829102e-01
6.039367914199829102e-01
6.039367914199829102e-01
3.389055430889129639e-01
1.217242002487182617e+00
1.217242002487182617e+00
1.217242002487182617e+00
1.217242002487182617e+00
1.217242002487182617e+00
1.217242002487182617e+00
1.435235023498535156e+00
1.435235023498535156e+00
1.132660746574401855e+00
8.703949451446533203e-01
8.703949451446533203e-01
8.703949451446533203e-01
8.703949451446533203e-01
8.703949451446533203e-01
8.703949451446533203e-01
8.703949451446533203e-01
8.703949451446533203e-01
8.703949451446533203e-01
8.703949451446533203e-01
9.045348167419433594e-01
4.077732563018798828e-01
4.077732563018798828e-01
4.077732563018798828e-01
4.077732563018798828e-01
1.193160772323608398e+00
1.193160772323608398e+00
1.193160772323608398e+00
1.193160772323608398e+00
1.193160772323608398e+00
1.193160772323608398e+00
1.343997955322265625e+00
1.282595872879028320e+00
1.282595872879028320e+00
1.282595872879028320e+00
5.423232316970825195e-01
5.423232316970825195e-01
5.423232316970825195e-01
1.277929782867431641e+00
1.277929782867431641e+00
1.277929782867431641e+00
1.277929782867431641e+00
1.277929782867431641e+00
1.277929782867431641e+00
1.277929782867431641e+00
1.277929782867431641e+00
1.277929782867431641e+00
3.515113592147827148e-01
3.515113592147827148e-01
3.515113592147827148e-01
3.515113592147827148e-01
1.142556190490722656e+00
1.142556190490722656e+00
1.142556190490722656e+00
1.142556190490722656e+00
1.142556190490722656e+00
1.142556190490722656e+00
1.142556190490722656e+00
1.142556190490722656e+00
1.142556190490722656e+00
1.142556190490722656e+00
1.142556190490722656e+00
7.019897699356079102e-01
7.019897699356079102e-01
8.028825521469116211e-01
9.309454560279846191e-01
9.309454560279846191e-01
9.309454560279846191e-01
9.309454560279846191e-01
9.309454560279846191e-01
9.309454560279846191e-01
9.309454560279846191e-01
9.309454560279846191e-01
8.380094766616821289e-01
8.380094766616821289e-01
8.380094766616821289e-01
1.025731801986694336e+00
8.422398567199707031e-01
1.523859024047851562e+00
1.523859024047851562e+00
1.259958982467651367e+00
1.259958982467651367e+00
1.259958982467651367e+00
1.259958982467651367e+00
1.259958982467651367e+00
5.998666286468505859e-01
8.479191660881042480e-01
8.479191660881042480e-01
8.479191660881042480e-01
8.479191660881042480e-01
8.479191660881042480e-01
8.479191660881042480e-01
8.414040207862854004e-01
8.414040207862854004e-01
8.414040207862854004e-01
8.414040207862854004e-01
8.414040207862854004e-01
6.132470369338989258e-01
6.132470369338989258e-01
6.132470369338989258e-01
6.132470369338989258e-01
6.132470369338989258e-01
2.823013365268707275e-01
1.201925516128540039e+00
1.201925516128540039e+00
8.450504541397094727e-01
8.620710968971252441e-01
8.620710968971252441e-01
8.620710968971252441e-01
8.620710968971252441e-01
8.620710968971252441e-01
8.620710968971252441e-01
8.620710968971252441e-01
1.130000114440917969e+00
1.130000114440917969e+00
1.130000114440917969e+00
1.492821574211120605e+00
1.492821574211120605e+00
1.492821574211120605e+00
1.492821574211120605e+00
1.492821574211120605e+00
1.492821574211120605e+00
1.492821574211120605e+00
1.492821574211120605e+00
1.492821574211120605e+00
9.738066196441650391e-01
5.867755413055419922e-01
5.867755413055419922e-01
5.867755413055419922e-01
5.867755413055419922e-01
5.867755413055419922e-01
5.867755413055419922e-01
5.867755413055419922e-01
5.867755413055419922e-01
5.867755413055419922e-01
5.867755413055419922e-01
3.066962957382202148e-01
3.066962957382202148e-01
4.176842570304870605e-01
4.176842570304870605e-01
4.176842570304870605e-01
1.170977354049682617e+00
1.170977354049682617e+00
1.170977354049682617e+00
1.170977354049682617e+00
1.170977354049682617e+00
1.170977354049682617e+00
1.170977354049682617e+00
1.170977354049682617e+00
1.170977354049682617e+00
1.170977354049682617e+00
1.170977354049682617e+00
1.170977354049682617e+00
1.908271074295043945e+00
1.908271074295043945e+00
1.908271074295043945e+00
6.582353115081787109e-01
6.582353115081787109e-01
8.134846687316894531e-01
8.134846687316894531e-01
8.134846687316894531e-01
8.134846687316894531e-01
8.134846687316894531e-01
8.134846687316894531e-01
8.134846687316894531e-01
8.134846687316894531e-01
8.134846687316894531e-01
8.134846687316894531e-01
8.134846687316894531e-01
1.859765410423278809e+00
1.859765410423278809e+00
1.859765410423278809e+00
1.049754619598388672e+00
1.049754619598388672e+00
1.049754619598388672e+00
1.049754619598388672e+00
1.049754619598388672e+00
1.049754619598388672e+00
6.728600263595581055e-01
6.728600263595581055e-01
6.728600263595581055e-01
6.728600263595581055e-01
6.728600263595581055e-01
6.728600263595581055e-01
2.314465045928955078e+00
1.818515300750732422e+00
1.487277030944824219e+00
1.487277030944824219e+00
1.885918498039245605e+00
1.885918498039245605e+00
1.298595905303955078e+00
1.298595905303955078e+00
1.428989410400390625e+00
9.724613428115844727e-01
9.724613428115844727e-01
9.724613428115844727e-01
9.724613428115844727e-01
9.724613428115844727e-01
9.724613428115844727e-01
9.724613428115844727e-01
9.724613428115844727e-01
9.724613428115844727e-01
9.724613428115844727e-01
9.724613428115844727e-01
7.942699790000915527e-01
7.942699790000915527e-01
7.942699790000915527e-01
7.942699790000915527e-01
7.942699790000915527e-01
7.942699790000915527e-01
7.942699790000915527e-01
7.942699790000915527e-01
1.720488548278808594e+00
1.971650838851928711e+00
1.971650838851928711e+00
1.971650838851928711e+00
1.971650838851928711e+00
1.196000814437866211e+00
1.196000814437866211e+00
1.196000814437866211e+00
1.138329505920410156e+00
1.138329505920410156e+00
1.138329505920410156e+00
1.138329505920410156e+00
9.772587418556213379e-01
1.209020614624023438e+00
1.005181670188903809e+00
1.036662459373474121e+00
2.022319316864013672e+00
6.703088283538818359e-01
6.703088283538818359e-01
6.703088283538818359e-01
6.703088283538818359e-01
6.703088283538818359e-01
6.703088283538818359e-01
6.611660122871398926e-01
6.611660122871398926e-01
1.020105957984924316e+00
1.020105957984924316e+00
1.249337553977966309e+00
5.283734798431396484e-01
5.283734798431396484e-01
5.283734798431396484e-01
5.283734798431396484e-01
5.283734798431396484e-01
5.283734798431396484e-01
5.283734798431396484e-01
1.506472229957580566e+00
1.506472229957580566e+00
1.506472229957580566e+00
9.580600261688232422e-01
9.580600261688232422e-01
9.580600261688232422e-01
1.117699980735778809e+00
1.117699980735778809e+00
1.117699980735778809e+00
4.494104385375976562e-01
4.494104385375976562e-01
4.494104385375976562e-01
3.092526793479919434e-01
3.092526793479919434e-01
3.753387331962585449e-01
3.753387331962585449e-01
1.393824815750122070e+00
1.393824815750122070e+00
1.536370277404785156e+00
1.536370277404785156e+00
1.536370277404785156e+00
1.009047389030456543e+00
5.136544704437255859e-01
5.136544704437255859e-01
5.136544704437255859e-01
4.176454544067382812e-01
4.176454544067382812e-01
4.176454544067382812e-01
4.176454544067382812e-01
4.176454544067382812e-01
4.176454544067382812e-01
9.547963142395019531e-01
9.547963142395019531e-01
9.547963142395019531e-01
9.547963142395019531e-01
8.302416801452636719e-01
8.302416801452636719e-01
6.863667964935302734e-01
6.863667964935302734e-01
6.863667964935302734e-01
1.536209821701049805e+00
1.536209821701049805e+00
1.536209821701049805e+00
1.536209821701049805e+00
1.703579187393188477e+00
6.701816320419311523e-01
6.701816320419311523e-01
6.701816320419311523e-01
6.701816320419311523e-01
6.701816320419311523e-01
1.309522747993469238e+00
1.309522747993469238e+00
1.309522747993469238e+00
1.309522747993469238e+00
1.309522747993469238e+00
1.309522747993469238e+00
1.309522747993469238e+00
1.309522747993469238e+00
1.075939178466796875e+00
1.075939178466796875e+00
1.075939178466796875e+00
1.075939178466796875e+00
1.457491517066955566e+00
1.457491517066955566e+00
1.457491517066955566e+00
1.457491517066955566e+00
1.011163830757141113e+00
1.023606538772583008e+00
1.072500348091125488e+00
1.072500348091125488e+00
1.072500348091125488e+00
1.072500348091125488e+00
1.072500348091125488e+00
1.072500348091125488e+00
1.072500348091125488e+00
9.599779248237609863e-01
4.771494567394256592e-01
4.771494567394256592e-01
4.771494567394256592e-01
4.771494567394256592e-01
4.771494567394256592e-01
4.771494567394256592e-01
4.771494567394256592e-01
4.771494567394256592e-01
6.800462603569030762e-01
6.800462603569030762e-01
6.800462603569030762e-01
8.936036229133605957e-01
8.936036229133605957e-01
8.936036229133605957e-01
8.936036229133605957e-01
1.451522827148437500e+00
1.451522827148437500e+00
1.451522827148437500e+00
1.451522827148437500e+00
1.451522827148437500e+00
1.451522827148437500e+00
1.451522827148437500e+00
5.025350451469421387e-01
5.025350451469421387e-01
1.033570766448974609e+00
1.257878780364990234e+00
1.427663564682006836e+00
1.427663564682006836e+00
1.427663564682006836e+00
1.427663564682006836e+00
1.427663564682006836e+00
1.190701723098754883e-01
1.365343689918518066e+00
4.064946174621582031e-01
4.064946174621582031e-01
4.064946174621582031e-01
4.064946174621582031e-01
4.064946174621582031e-01
4.064946174621582031e-01
4.064946174621582031e-01
4.064946174621582031e-01
1.045066475868225098e+00
1.045066475868225098e+00
1.045066475868225098e+00
1.045066475868225098e+00
1.045066475868225098e+00
1.045066475868225098e+00
1.045066475868225098e+00
1.045066475868225098e+00
1.045066475868225098e+00
1.045066475868225098e+00
1.045066475868225098e+00
1.045066475868225098e+00
1.045066475868225098e+00
1.045066475868225098e+00
1.045066475868225098e+00
1.045066475868225098e+00
1.045066475868225098e+00
1.045066475868225098e+00
1.045066475868225098e+00
6.870416402816772461e-01
7.470547556877136230e-01
5.856436491012573242e-01
1.194099903106689453e+00
1.194099903106689453e+00
1.194099903106689453e+00
1.194099903106689453e+00
7.166492938995361328e-01
7.166492938995361328e-01
7.166492938995361328e-01
6.372186541557312012e-01
6.372186541557312012e-01
6.372186541557312012e-01
6.372186541557312012e-01
4.634292423725128174e-01
4.634292423725128174e-01
4.634292423725128174e-01
4.634292423725128174e-01
4.634292423725128174e-01
4.634292423725128174e-01
4.634292423725128174e-01
4.634292423725128174e-01
4.634292423725128174e-01
1.123252272605895996e+00
1.123252272605895996e+00
7.257629632949829102e-01
7.257629632949829102e-01
7.257629632949829102e-01
7.257629632949829102e-01
8.257037401199340820e-01
8.257037401199340820e-01
6.817046403884887695e-01
6.817046403884887695e-01
6.817046403884887695e-01
6.817046403884887695e-01
6.630893945693969727e-01
3.355248868465423584e-01
3.355248868465423584e-01
1.315920352935791016e+00
1.315920352935791016e+00
1.315920352935791016e+00
1.315920352935791016e+00
1.315920352935791016e+00
1.315920352935791016e+00
1.315920352935791016e+00
1.315920352935791016e+00
1.315920352935791016e+00
1.315920352935791016e+00
1.075403451919555664e+00
1.075403451919555664e+00
1.075403451919555664e+00
6.422873735427856445e-01
6.422873735427856445e-01
6.422873735427856445e-01
6.877930164337158203e-01
6.877930164337158203e-01
6.877930164337158203e-01
6.877930164337158203e-01
6.877930164337158203e-01
6.877930164337158203e-01
6.877930164337158203e-01
6.877930164337158203e-01
6.877930164337158203e-01
6.877930164337158203e-01
6.877930164337158203e-01
6.877930164337158203e-01
6.877930164337158203e-01
6.877930164337158203e-01
6.877930164337158203e-01
6.877930164337158203e-01
6.877930164337158203e-01
6.877930164337158203e-01
1.089339733123779297e+00
1.089339733123779297e+00
1.089339733123779297e+00
1.089339733123779297e+00
1.089339733123779297e+00
1.089339733123779297e+00
1.089339733123779297e+00
1.089339733123779297e+00
1.089339733123779297e+00
1.080093860626220703e+00
8.897905349731445312e-01
8.897905349731445312e-01
1.244701027870178223e+00
1.244701027870178223e+00
1.244701027870178223e+00
1.244701027870178223e+00
1.244701027870178223e+00
1.244701027870178223e+00
6.607720851898193359e-01
6.607720851898193359e-01
6.607720851898193359e-01
6.607720851898193359e-01
6.607720851898193359e-01
6.607720851898193359e-01
6.607720851898193359e-01
6.607720851898193359e-01
6.607720851898193359e-01
6.607720851898193359e-01
9.969035387039184570e-01
9.969035387039184570e-01
9.969035387039184570e-01
9.969035387039184570e-01
9.969035387039184570e-01
9.969035387039184570e-01
9.969035387039184570e-01
4.720277190208435059e-01
1.196246147155761719e+00
1.196246147155761719e+00
1.196246147155761719e+00
1.196246147155761719e+00
1.196246147155761719e+00
1.196246147155761719e+00
1.234562516212463379e+00
1.234562516212463379e+00
1.234562516212463379e+00
1.234562516212463379e+00
1.234562516212463379e+00
1.234562516212463379e+00
1.234562516212463379e+00
1.234562516212463379e+00
1.071187496185302734e+00
1.071187496185302734e+00
1.071187496185302734e+00
1.071187496185302734e+00
1.071187496185302734e+00
1.071187496185302734e+00
1.071187496185302734e+00
4.815498590469360352e-01
4.815498590469360352e-01
4.815498590469360352e-01
4.815498590469360352e-01
4.815498590469360352e-01
4.815498590469360352e-01
7.436624765396118164e-01
7.436624765396118164e-01
7.436624765396118164e-01
7.436624765396118164e-01
7.436624765396118164e-01
7.436624765396118164e-01
7.436624765396118164e-01
7.436624765396118164e-01
1.062235116958618164e+00
1.062235116958618164e+00
5.057806372642517090e-01
5.057806372642517090e-01
5.057806372642517090e-01
5.057806372642517090e-01
5.057806372642517090e-01
5.057806372642517090e-01
5.057806372642517090e-01
5.057806372642517090e-01
9.685969352722167969e-01
9.685969352722167969e-01
1.189555048942565918e+00
1.189555048942565918e+00
1.949840545654296875e+00
1.949840545654296875e+00
1.949840545654296875e+00
1.949840545654296875e+00
1.949840545654296875e+00
8.436399698257446289e-01
8.436399698257446289e-01
8.436399698257446289e-01
8.436399698257446289e-01
7.534053325653076172e-01
7.534053325653076172e-01
7.534053325653076172e-01
8.221532106399536133e-01
6.809509992599487305e-01
5.101059675216674805e-01
8.094024062156677246e-01
5.538092851638793945e-01
5.538092851638793945e-01
5.538092851638793945e-01
5.538092851638793945e-01
5.538092851638793945e-01
5.538092851638793945e-01
5.422903895378112793e-01
9.775682687759399414e-01
1.853867769241333008e-01
1.853867769241333008e-01
1.853867769241333008e-01
1.853867769241333008e-01
1.853867769241333008e-01
1.853867769241333008e-01
1.853867769241333008e-01
1.853867769241333008e-01
9.121322631835937500e-01
9.121322631835937500e-01
9.121322631835937500e-01
9.121322631835937500e-01
8.372485637664794922e-01
8.372485637664794922e-01
8.372485637664794922e-01
1.012710094451904297e+00
7.130402922630310059e-01
7.130402922630310059e-01
7.130402922630310059e-01
7.130402922630310059e-01
7.130402922630310059e-01
7.130402922630310059e-01
7.130402922630310059e-01
7.130402922630310059e-01
7.130402922630310059e-01
7.130402922630310059e-01
7.130402922630310059e-01
7.130402922630310059e-01
1.439384698867797852e+00
6.985291838645935059e-01
6.985291838645935059e-01
6.985291838645935059e-01
6.985291838645935059e-01
6.985291838645935059e-01
6.985291838645935059e-01
6.985291838645935059e-01
6.985291838645935059e-01
6.985291838645935059e-01
6.985291838645935059e-01
7.902244925498962402e-01
7.902244925498962402e-01
7.902244925498962402e-01
7.902244925498962402e-01
7.902244925498962402e-01
7.902244925498962402e-01
7.902244925498962402e-01
1.041481494903564453e+00
1.041481494903564453e+00
3.988702893257141113e-01
3.988702893257141113e-01
1.117553710937500000e+00
1.117553710937500000e+00
1.137869715690612793e+00
5.604624748229980469e-01
5.604624748229980469e-01
6.181180477142333984e-01
6.181180477142333984e-01
6.181180477142333984e-01
1.534750223159790039e+00
1.534750223159790039e+00
9.341070055961608887e-01
9.341070055961608887e-01
9.341070055961608887e-01
9.341070055961608887e-01
9.341070055961608887e-01
6.870266795158386230e-01
6.870266795158386230e-01
6.870266795158386230e-01
6.870266795158386230e-01
6.870266795158386230e-01
6.870266795158386230e-01
6.870266795158386230e-01
6.870266795158386230e-01
6.870266795158386230e-01
6.870266795158386230e-01
6.870266795158386230e-01
6.870266795158386230e-01
1.580024003982543945e+00
1.580024003982543945e+00
1.771400690078735352e+00
8.358527421951293945e-01
1.052274703979492188e+00
1.052274703979492188e+00
1.052274703979492188e+00
1.052274703979492188e+00
1.052274703979492188e+00
1.052274703979492188e+00
1.052274703979492188e+00
1.052274703979492188e+00
1.052274703979492188e+00
1.052274703979492188e+00
8.824208974838256836e-01
8.824208974838256836e-01
8.824208974838256836e-01
8.824208974838256836e-01
8.824208974838256836e-01
8.824208974838256836e-01
8.824208974838256836e-01
2.429297566413879395e-01
2.429297566413879395e-01
2.429297566413879395e-01
2.429297566413879395e-01
2.429297566413879395e-01
2.429297566413879395e-01
2.429297566413879395e-01
2.429297566413879395e-01
2.429297566413879395e-01
8.073970079421997070e-01
8.073970079421997070e-01
6.393092274665832520e-01
2.604028880596160889e-01
1.754812359809875488e+00
1.754812359809875488e+00
1.754812359809875488e+00
1.754812359809875488e+00
4.744479656219482422e-01
4.744479656219482422e-01
4.744479656219482422e-01
4.744479656219482422e-01
4.744479656219482422e-01
4.744479656219482422e-01
4.744479656219482422e-01
4.744479656219482422e-01
1.390859127044677734e+00
1.390859127044677734e+00
1.390859127044677734e+00
1.390859127044677734e+00
1.390859127044677734e+00
1.390859127044677734e+00
1.390859127044677734e+00
1.390859127044677734e+00
1.390859127044677734e+00
1.390859127044677734e+00
1.390859127044677734e+00
6.235119104385375977e-01
6.235119104385375977e-01
6.235119104385375977e-01
6.235119104385375977e-01
6.235119104385375977e-01
6.235119104385375977e-01
6.235119104385375977e-01
6.235119104385375977e-01
3.201199173927307129e-01
3.201199173927307129e-01
3.201199173927307129e-01
3.201199173927307129e-01
3.201199173927307129e-01
3.201199173927307129e-01
8.046946525573730469e-01
8.046946525573730469e-01
8.046946525573730469e-01
8.046946525573730469e-01
8.046946525573730469e-01
8.046946525573730469e-01
8.046946525573730469e-01
8.046946525573730469e-01
6.779765486717224121e-01
6.779765486717224121e-01
6.779765486717224121e-01
1.005992889404296875e+00
1.005992889404296875e+00
1.005992889404296875e+00
1.005992889404296875e+00
1.005992889404296875e+00
7.034713029861450195e-01
7.034713029861450195e-01
7.034713029861450195e-01
7.034713029861450195e-01
3.851667940616607666e-01
1.137419581413269043e+00
1.137419581413269043e+00
1.137419581413269043e+00
7.436289787292480469e-01
7.436289787292480469e-01
1.219109535217285156e+00
1.565611600875854492e+00
1.565611600875854492e+00
1.565611600875854492e+00
1.565611600875854492e+00
1.565611600875854492e+00
1.565611600875854492e+00
1.565611600875854492e+00
1.565611600875854492e+00
1.097781181335449219e+00
1.097781181335449219e+00
1.097781181335449219e+00
1.097781181335449219e+00
1.097781181335449219e+00
1.097781181335449219e+00
1.097781181335449219e+00
1.097781181335449219e+00
1.636318206787109375e+00
1.636318206787109375e+00
1.636318206787109375e+00
1.636318206787109375e+00
1.636318206787109375e+00
9.544613361358642578e-01
8.491873741149902344e-01
8.491873741149902344e-01
8.491873741149902344e-01
8.491873741149902344e-01
8.491873741149902344e-01
4.069426357746124268e-01
4.069426357746124268e-01
4.069426357746124268e-01
4.069426357746124268e-01
4.069426357746124268e-01
4.069426357746124268e-01
4.069426357746124268e-01
4.069426357746124268e-01
2.192186266183853149e-01
9.478462934494018555e-01
9.478462934494018555e-01
9.478462934494018555e-01
9.478462934494018555e-01
7.871007323265075684e-01
7.871007323265075684e-01
7.871007323265075684e-01
7.871007323265075684e-01
7.871007323265075684e-01
7.871007323265075684e-01
7.871007323265075684e-01
6.669402718544006348e-01
9.168229103088378906e-01
9.168229103088378906e-01
9.168229103088378906e-01
9.168229103088378906e-01
9.168229103088378906e-01
8.333367705345153809e-01
4.942905306816101074e-01
4.942905306816101074e-01
4.942905306816101074e-01
1.679367423057556152e-01
1.232421159744262695e+00
1.784564971923828125e+00
1.784564971923828125e+00
1.784564971923828125e+00
1.784564971923828125e+00
1.784564971923828125e+00
1.784564971923828125e+00
5.156849622726440430e-01
5.156849622726440430e-01
9.688429832458496094e-01
9.688429832458496094e-01
9.688429832458496094e-01
9.688429832458496094e-01
9.688429832458496094e-01
9.688429832458496094e-01
9.688429832458496094e-01
9.688429832458496094e-01
9.688429832458496094e-01
9.688429832458496094e-01
9.688429832458496094e-01
9.688429832458496094e-01
9.688429832458496094e-01
9.688429832458496094e-01
9.450663924217224121e-01
9.450663924217224121e-01
9.450663924217224121e-01
9.450663924217224121e-01
9.450663924217224121e-01
9.450663924217224121e-01
9.450663924217224121e-01
9.450663924217224121e-01
9.450663924217224121e-01
9.450663924217224121e-01
1.062188386917114258e+00
6.858492493629455566e-01
6.858492493629455566e-01
6.858492493629455566e-01
6.858492493629455566e-01
4.670363068580627441e-01
1.278835177421569824e+00
1.278835177421569824e+00
1.278835177421569824e+00
1.278835177421569824e+00
2.847709655761718750e-01
2.847709655761718750e-01
8.590598702430725098e-01
1.185592651367187500e+00
1.185592651367187500e+00
1.185592651367187500e+00
1.185592651367187500e+00
7.928774356842041016e-01
7.928774356842041016e-01
7.928774356842041016e-01
7.928774356842041016e-01
7.928774356842041016e-01
7.928774356842041016e-01
7.928774356842041016e-01
5.586217045783996582e-01
5.586217045783996582e-01
5.586217045783996582e-01
5.586217045783996582e-01
5.434276461601257324e-01
5.434276461601257324e-01
5.434276461601257324e-01
5.434276461601257324e-01
5.434276461601257324e-01
5.434276461601257324e-01
5.434276461601257324e-01
1.342575788497924805e+00
6.369455456733703613e-01
6.369455456733703613e-01
6.369455456733703613e-01
6.369455456733703613e-01
6.369455456733703613e-01
9.967555999755859375e-01
1.289230108261108398e+00
1.289230108261108398e+00
5.974366664886474609e-01
5.974366664886474609e-01
5.974366664886474609e-01
4.811607003211975098e-01
4.811607003211975098e-01
4.811607003211975098e-01
4.811607003211975098e-01
7.930440306663513184e-01
7.930440306663513184e-01
7.930440306663513184e-01
7.930440306663513184e-01
7.930440306663513184e-01
9.525116086006164551e-01
9.525116086006164551e-01
9.525116086006164551e-01
9.525116086006164551e-01
9.525116086006164551e-01
9.525116086006164551e-01
1.185227036476135254e+00
1.327731132507324219e+00
1.327731132507324219e+00
1.327731132507324219e+00
1.327731132507324219e+00
7.093226313591003418e-01
1.727475881576538086e+00
6.644628047943115234e-01
6.175228357315063477e-01
1.734220683574676514e-01
1.652219772338867188e+00
1.589953303337097168e+00
1.589953303337097168e+00
1.803059816360473633e+00
1.803059816360473633e+00
1.803059816360473633e+00
1.803059816360473633e+00
7.876462936401367188e-01
7.876462936401367188e-01
7.876462936401367188e-01
7.876462936401367188e-01
4.379884004592895508e-01
4.379884004592895508e-01
4.379884004592895508e-01
4.379884004592895508e-01
4.379884004592895508e-01
4.379884004592895508e-01
2.773785293102264404e-01
2.773785293102264404e-01
2.773785293102264404e-01
2.773785293102264404e-01
1.390258669853210449e+00
8.531231284141540527e-01
8.531231284141540527e-01
8.531231284141540527e-01
8.531231284141540527e-01
8.531231284141540527e-01
5.762794017791748047e-01
5.762794017791748047e-01
5.762794017791748047e-01
5.762794017791748047e-01
5.762794017791748047e-01
5.762794017791748047e-01
5.762794017791748047e-01
9.276069998741149902e-01
9.276069998741149902e-01
9.276069998741149902e-01
9.276069998741149902e-01
9.276069998741149902e-01
9.870651364326477051e-01
9.870651364326477051e-01
9.870651364326477051e-01
9.870651364326477051e-01
9.870651364326477051e-01
9.870651364326477051e-01
9.870651364326477051e-01
9.870651364326477051e-01
9.870651364326477051e-01
9.870651364326477051e-01
1.259017705917358398e+00
1.259017705917358398e+00
1.259017705917358398e+00
1.259017705917358398e+00
1.259017705917358398e+00
1.259017705917358398e+00
1.259017705917358398e+00
1.259017705917358398e+00
1.259017705917358398e+00
1.259017705917358398e+00
1.259017705917358398e+00
1.120777130126953125e+00
1.120777130126953125e+00
1.120777130126953125e+00
5.331577658653259277e-01
5.331577658653259277e-01
5.331577658653259277e-01
5.331577658653259277e-01
5.331577658653259277e-01
5.331577658653259277e-01
5.331577658653259277e-01
5.331577658653259277e-01
5.331577658653259277e-01
5.331577658653259277e-01
5.331577658653259277e-01
7.394637465476989746e-01
7.394637465476989746e-01
7.394637465476989746e-01
7.394637465476989746e-01
8.509463667869567871e-01
8.509463667869567871e-01
8.509463667869567871e-01
8.509463667869567871e-01
8.509463667869567871e-01
1.212293028831481934e+00
1.212293028831481934e+00
1.212293028831481934e+00
1.212293028831481934e+00
1.212293028831481934e+00
1.708313822746276855e+00
1.708313822746276855e+00
1.458008885383605957e+00
1.458008885383605957e+00
1.458008885383605957e+00
1.458008885383605957e+00
1.458008885383605957e+00
8.696498870849609375e-01
8.696498870849609375e-01
8.696498870849609375e-01
8.696498870849609375e-01
8.696498870849609375e-01
7.181351184844970703e-01
7.181351184844970703e-01
7.181351184844970703e-01
7.181351184844970703e-01
7.181351184844970703e-01
7.089828252792358398e-01
7.089828252792358398e-01
7.089828252792358398e-01
7.089828252792358398e-01
7.089828252792358398e-01
7.089828252792358398e-01
1.405721902847290039e+00
7.307731509208679199e-01
7.307731509208679199e-01
7.307731509208679199e-01
7.307731509208679199e-01
7.307731509208679199e-01
7.307731509208679199e-01
7.307731509208679199e-01
7.307731509208679199e-01
7.307731509208679199e-01
7.307731509208679199e-01
1.144832491874694824e+00
1.144832491874694824e+00
1.144832491874694824e+00
3.451548218727111816e-01
3.451548218727111816e-01
3.452911078929901123e-01
3.452911078929901123e-01
8.955438137054443359e-01
8.955438137054443359e-01
8.955438137054443359e-01
8.955438137054443359e-01
1.633596897125244141e+00
1.375208377838134766e+00
4.307125210762023926e-01
4.307125210762023926e-01
4.307125210762023926e-01
4.307125210762023926e-01
4.307125210762023926e-01
4.307125210762023926e-01
4.307125210762023926e-01
4.307125210762023926e-01
4.307125210762023926e-01
4.307125210762023926e-01
4.307125210762023926e-01
4.307125210762023926e-01
4.307125210762023926e-01
4.307125210762023926e-01
3.897203207015991211e-01
1.463281869888305664e+00
4.353090524673461914e-01
4.353090524673461914e-01
4.353090524673461914e-01
1.089323878288269043e+00
1.089323878288269043e+00
1.150448560714721680e+00
1.150448560714721680e+00
1.150448560714721680e+00
5.862737298011779785e-01
5.862737298011779785e-01
3.247788548469543457e-01
3.247788548469543457e-01
3.247788548469543457e-01
3.247788548469543457e-01
3.247788548469543457e-01
3.247788548469543457e-01
3.247788548469543457e-01
2.266582012176513672e+00
2.266582012176513672e+00
1.942927718162536621e+00
1.942927718162536621e+00
1.942927718162536621e+00
1.942927718162536621e+00
1.942927718162536621e+00
1.942927718162536621e+00
1.942927718162536621e+00
2.056744098663330078e+00
1.698168277740478516e+00
1.698168277740478516e+00
1.347959041595458984e+00
1.347959041595458984e+00
1.347959041595458984e+00
1.438946008682250977e+00
1.438946008682250977e+00
1.438946008682250977e+00
1.193368434906005859e+00
1.193368434906005859e+00
1.193368434906005859e+00
1.193368434906005859e+00
6.388721466064453125e-01
6.388721466064453125e-01
9.057997465133666992e-01
9.057997465133666992e-01
4.542114138603210449e-01
4.542114138603210449e-01
1.208126544952392578e+00
1.208126544952392578e+00
1.208126544952392578e+00
1.208126544952392578e+00
3.968711495399475098e-01
3.968711495399475098e-01
3.968711495399475098e-01
3.968711495399475098e-01
3.968711495399475098e-01
3.968711495399475098e-01
3.968711495399475098e-01
3.968711495399475098e-01
3.968711495399475098e-01
1.238891601562500000e+00
1.238891601562500000e+00
3.013474345207214355e-01
1.234904170036315918e+00
4.000083804130554199e-01
4.000083804130554199e-01
4.000083804130554199e-01
4.000083804130554199e-01
4.000083804130554199e-01
4.000083804130554199e-01
4.000083804130554199e-01
4.000083804130554199e-01
4.000083804130554199e-01
4.000083804130554199e-01
4.000083804130554199e-01
4.000083804130554199e-01
4.000083804130554199e-01
4.000083804130554199e-01
4.000083804130554199e-01
4.000083804130554199e-01
7.567982077598571777e-01
7.567982077598571777e-01
9.941265583038330078e-01
8.748428821563720703e-01
8.748428821563720703e-01
8.748428821563720703e-01
8.748428821563720703e-01
4.794383645057678223e-01
4.794383645057678223e-01
4.794383645057678223e-01
4.794383645057678223e-01
4.794383645057678223e-01
4.794383645057678223e-01
4.794383645057678223e-01
4.794383645057678223e-01
4.794383645057678223e-01
4.794383645057678223e-01
4.794383645057678223e-01
4.794383645057678223e-01
4.794383645057678223e-01
1.256531357765197754e+00
1.992510199546813965e+00
8.291277885437011719e-01
8.291277885437011719e-01
8.291277885437011719e-01
8.291277885437011719e-01
8.291277885437011719e-01
1.208905458450317383e+00
1.208905458450317383e+00
1.208905458450317383e+00
1.208905458450317383e+00
1.208905458450317383e+00
1.208905458450317383e+00
1.208905458450317383e+00
1.208905458450317383e+00
1.215481877326965332e+00
1.054468154907226562e-01
1.054468154907226562e-01
7.270278334617614746e-01
7.270278334617614746e-01
7.270278334617614746e-01
7.270278334617614746e-01
7.270278334617614746e-01
7.270278334617614746e-01
7.270278334617614746e-01
7.270278334617614746e-01
7.270278334617614746e-01
2.004656076431274414e+00
2.004656076431274414e+00
1.939268112182617188e+00
1.570566415786743164e+00
1.570566415786743164e+00
1.570566415786743164e+00
1.217773675918579102e+00
1.217773675918579102e+00
1.217773675918579102e+00
1.217773675918579102e+00
1.217773675918579102e+00
1.709503531455993652e+00
1.709503531455993652e+00
1.709503531455993652e+00
1.709503531455993652e+00
1.709503531455993652e+00
1.709503531455993652e+00
1.709503531455993652e+00
1.709503531455993652e+00
1.709503531455993652e+00
1.159810185432434082e+00
1.175520777702331543e+00
1.175520777702331543e+00
1.098696947097778320e+00
1.098696947097778320e+00
9.868090748786926270e-01
9.868090748786926270e-01
9.868090748786926270e-01
9.868090748786926270e-01
9.868090748786926270e-01
9.868090748786926270e-01
9.868090748786926270e-01
9.868090748786926270e-01
9.868090748786926270e-01
9.868090748786926270e-01
3.984779715538024902e-01
6.812875866889953613e-01
6.812875866889953613e-01
6.812875866889953613e-01
6.812875866889953613e-01
6.812875866889953613e-01
6.812875866889953613e-01
6.812875866889953613e-01
6.812875866889953613e-01
6.812875866889953613e-01
6.812875866889953613e-01
6.812875866889953613e-01
6.812875866889953613e-01
6.812875866889953613e-01
6.812875866889953613e-01
6.812875866889953613e-01
6.812875866889953613e-01
6.812875866889953613e-01
6.812875866889953613e-01
6.812875866889953613e-01
6.812875866889953613e-01
6.812875866889953613e-01
6.812875866889953613e-01
6.812875866889953613e-01
7.569403648376464844e-01
7.569403648376464844e-01
7.569403648376464844e-01
7.569403648376464844e-01
7.569403648376464844e-01
7.569403648376464844e-01
1.778953433036804199e+00
1.778953433036804199e+00
1.778953433036804199e+00
1.343221068382263184e+00
1.343221068382263184e+00
1.343221068382263184e+00
1.343221068382263184e+00
1.343221068382263184e+00
6.650562286376953125e-01
6.650562286376953125e-01
8.403412699699401855e-01
8.403412699699401855e-01
8.403412699699401855e-01
6.103307008743286133e-01
6.103307008743286133e-01
6.103307008743286133e-01
6.103307008743286133e-01
6.103307008743286133e-01
6.103307008743286133e-01
1.931761503219604492e-01
1.931761503219604492e-01
1.931761503219604492e-01
1.931761503219604492e-01
1.931761503219604492e-01
1.931761503219604492e-01
1.931761503219604492e-01
1.931761503219604492e-01
1.931761503219604492e-01
1.931761503219604492e-01
1.320810198783874512e+00
5.809713602066040039e-01
5.809713602066040039e-01
5.809713602066040039e-01
5.809713602066040039e-01
1.172603726387023926e+00
1.172603726387023926e+00
1.172603726387023926e+00
1.172603726387023926e+00
5.462467670440673828e-01
5.462467670440673828e-01
5.462467670440673828e-01
5.462467670440673828e-01
5.462467670440673828e-01
5.462467670440673828e-01
5.462467670440673828e-01
5.462467670440673828e-01
5.462467670440673828e-01
5.462467670440673828e-01
4.639219045639038086e-01
2.842105329036712646e-01
2.842105329036712646e-01
2.842105329036712646e-01
1.485893249511718750e+00
3.266562223434448242e-01
1.019075274467468262e+00
1.019075274467468262e+00
1.019075274467468262e+00
1.019075274467468262e+00
1.019075274467468262e+00
1.019075274467468262e+00
1.019075274467468262e+00
8.685125708580017090e-01
8.685125708580017090e-01
1.625420451164245605e+00
1.573893070220947266e+00
1.573893070220947266e+00
1.573893070220947266e+00
1.573893070220947266e+00
1.345059633255004883e+00
1.345059633255004883e+00
1.345059633255004883e+00
4.100784659385681152e-01
4.100784659385681152e-01
1.344600915908813477e+00
1.344600915908813477e+00
5.193033814430236816e-01
5.193033814430236816e-01
5.193033814430236816e-01
5.193033814430236816e-01
5.193033814430236816e-01
5.193033814430236816e-01
5.193033814430236816e-01
5.193033814430236816e-01
5.193033814430236816e-01
5.193033814430236816e-01
5.193033814430236816e-01
5.193033814430236816e-01
5.193033814430236816e-01
5.193033814430236816e-01
5.193033814430236816e-01
5.193033814430236816e-01
5.193033814430236816e-01
5.193033814430236816e-01
5.193033814430236816e-01
5.193033814430236816e-01
5.193033814430236816e-01
5.537656545639038086e-01
5.537656545639038086e-01
5.537656545639038086e-01
5.537656545639038086e-01
5.537656545639038086e-01
5.537656545639038086e-01
7.609119415283203125e-01
7.609119415283203125e-01
7.609119415283203125e-01
7.609119415283203125e-01
2.194454073905944824e-01
2.194454073905944824e-01
1.094449996948242188e+00
1.094449996948242188e+00
1.094449996948242188e+00
1.115018844604492188e+00
1.115018844604492188e+00
1.115018844604492188e+00
1.115018844604492188e+00
1.115018844604492188e+00
1.115018844604492188e+00
1.115018844604492188e+00
1.115018844604492188e+00
1.115018844604492188e+00
1.115018844604492188e+00
1.115018844604492188e+00
1.115018844604492188e+00
1.115018844604492188e+00
1.115018844604492188e+00
1.115018844604492188e+00
3.247619271278381348e-01
5.262533426284790039e-01
5.262533426284790039e-01
5.262533426284790039e-01
5.262533426284790039e-01
5.262533426284790039e-01
5.262533426284790039e-01
5.262533426284790039e-01
1.606871962547302246e+00
1.606871962547302246e+00
1.606871962547302246e+00
5.376516580581665039e-01
9.654152393341064453e-01
9.654152393341064453e-01
9.654152393341064453e-01
9.654152393341064453e-01
6.579909324645996094e-01
6.579909324645996094e-01
6.579909324645996094e-01
6.579909324645996094e-01
6.579909324645996094e-01
6.579909324645996094e-01
6.579909324645996094e-01
6.579909324645996094e-01
6.579909324645996094e-01
6.579909324645996094e-01
6.579909324645996094e-01
6.579909324645996094e-01
6.579909324645996094e-01
6.579909324645996094e-01
6.579909324645996094e-01
6.579909324645996094e-01
6.579909324645996094e-01
6.579909324645996094e-01
6.579909324645996094e-01
7.972710132598876953e-01
7.972710132598876953e-01
7.972710132598876953e-01
7.972710132598876953e-01
7.972710132598876953e-01
1.221529245376586914e+00
1.221529245376586914e+00
9.608991146087646484e-01
9.608991146087646484e-01
4.613011479377746582e-01
4.613011479377746582e-01
4.613011479377746582e-01
4.613011479377746582e-01
6.093202233314514160e-01
6.093202233314514160e-01
6.093202233314514160e-01
6.093202233314514160e-01
6.093202233314514160e-01
6.093202233314514160e-01
6.093202233314514160e-01
6.093202233314514160e-01
6.093202233314514160e-01
6.093202233314514160e-01
6.093202233314514160e-01
3.304467499256134033e-01
3.304467499256134033e-01
3.304467499256134033e-01
4.049330651760101318e-01
9.274392127990722656e-01
9.274392127990722656e-01
1.343752145767211914e+00
1.343752145767211914e+00
1.343752145767211914e+00
1.343752145767211914e+00
1.330090641975402832e+00
1.330090641975402832e+00
1.330090641975402832e+00
1.330090641975402832e+00
1.330090641975402832e+00
1.330090641975402832e+00
1.025735259056091309e+00
1.025735259056091309e+00
1.025735259056091309e+00
1.025735259056091309e+00
1.025735259056091309e+00
1.025735259056091309e+00
1.025735259056091309e+00
1.025735259056091309e+00
1.025735259056091309e+00
1.025735259056091309e+00
1.375674247741699219e+00
8.445874452590942383e-01
8.445874452590942383e-01
8.445874452590942383e-01
5.029019117355346680e-01
5.029019117355346680e-01
5.029019117355346680e-01
5.409662127494812012e-01
5.409662127494812012e-01
1.181094169616699219e+00
9.989306926727294922e-01
9.989306926727294922e-01
9.989306926727294922e-01
9.989306926727294922e-01
9.989306926727294922e-01
9.989306926727294922e-01
9.989306926727294922e-01
9.989306926727294922e-01
1.364682555198669434e+00
1.364682555198669434e+00
5.249367356300354004e-01
5.249367356300354004e-01
5.249367356300354004e-01
5.249367356300354004e-01
5.249367356300354004e-01
1.462097406387329102e+00
1.189995288848876953e+00
1.189995288848876953e+00
1.189995288848876953e+00
1.189995288848876953e+00
1.189995288848876953e+00
1.189995288848876953e+00
1.189995288848876953e+00
1.189995288848876953e+00
1.141698956489562988e+00
1.141698956489562988e+00
1.141698956489562988e+00
8.020272254943847656e-01
8.020272254943847656e-01
8.020272254943847656e-01
8.020272254943847656e-01
8.020272254943847656e-01
8.020272254943847656e-01
8.020272254943847656e-01
6.038034558296203613e-01
6.038034558296203613e-01
6.038034558296203613e-01
6.038034558296203613e-01
3.008096516132354736e-01
3.008096516132354736e-01
3.008096516132354736e-01
3.008096516132354736e-01
3.008096516132354736e-01
2.127988815307617188e+00
2.127988815307617188e+00
2.127988815307617188e+00
2.127988815307617188e+00
2.127988815307617188e+00
2.127988815307617188e+00
2.127988815307617188e+00
2.127988815307617188e+00
2.127988815307617188e+00
2.127988815307617188e+00
2.127988815307617188e+00
2.127988815307617188e+00
2.127988815307617188e+00
2.127988815307617188e+00
2.127988815307617188e+00
2.127988815307617188e+00
2.127988815307617188e+00
2.127988815307617188e+00
2.127988815307617188e+00
5.645354986190795898e-01
1.471548318862915039e+00
1.055269241333007812e+00
8.094990253448486328e-01
9.982945919036865234e-01
9.982945919036865234e-01
9.982945919036865234e-01
9.982945919036865234e-01
9.982945919036865234e-01
9.982945919036865234e-01
9.982945919036865234e-01
9.982945919036865234e-01
9.982945919036865234e-01
9.982945919036865234e-01
9.982945919036865234e-01
4.899212718009948730e-01
4.899212718009948730e-01
4.899212718009948730e-01
4.899212718009948730e-01
4.899212718009948730e-01
4.899212718009948730e-01
4.899212718009948730e-01
4.899212718009948730e-01
4.899212718009948730e-01
4.899212718009948730e-01
4.899212718009948730e-01
4.899212718009948730e-01
4.899212718009948730e-01
4.899212718009948730e-01
9.542672634124755859e-01
9.542672634124755859e-01
7.463847994804382324e-01
7.463847994804382324e-01
7.463847994804382324e-01
5.032877326011657715e-01
5.032877326011657715e-01
5.032877326011657715e-01
3.838435113430023193e-01
3.617337346076965332e-01
3.617337346076965332e-01
3.617337346076965332e-01
1.157469630241394043e+00
1.157469630241394043e+00
1.157469630241394043e+00
1.157469630241394043e+00
1.157469630241394043e+00
1.157469630241394043e+00
1.157469630241394043e+00
1.157469630241394043e+00
1.157469630241394043e+00
1.157469630241394043e+00
1.157469630241394043e+00
1.157469630241394043e+00
1.157469630241394043e+00
1.157469630241394043e+00
1.157469630241394043e+00
1.157469630241394043e+00
8.127835988998413086e-01
8.127835988998413086e-01
8.127835988998413086e-01
3.530987203121185303e-01
3.530987203121185303e-01
3.530987203121185303e-01
3.530987203121185303e-01
3.530987203121185303e-01
3.530987203121185303e-01
8.415859937667846680e-01
8.415859937667846680e-01
3.246668577194213867e-01
1.473916172981262207e+00
1.473916172981262207e+00
1.473916172981262207e+00
1.473916172981262207e+00
1.473916172981262207e+00
9.931373000144958496e-01
9.931373000144958496e-01
9.931373000144958496e-01
9.931373000144958496e-01
9.931373000144958496e-01
9.931373000144958496e-01
9.931373000144958496e-01
2.259012460708618164e+00
2.259012460708618164e+00
2.259012460708618164e+00
2.259012460708618164e+00
2.259012460708618164e+00
2.259012460708618164e+00
2.259012460708618164e+00
1.472401142120361328e+00
1.784834504127502441e+00
1.784834504127502441e+00
1.089148759841918945e+00
1.089148759841918945e+00
1.037502408027648926e+00
1.037502408027648926e+00
1.037502408027648926e+00
1.205296277999877930e+00
4.697413444519042969e-01
4.697413444519042969e-01
4.697413444519042969e-01
4.697413444519042969e-01
4.697413444519042969e-01
4.697413444519042969e-01
8.704940080642700195e-01
8.704940080642700195e-01
8.704940080642700195e-01
8.704940080642700195e-01
8.704940080642700195e-01
8.704940080642700195e-01
5.906473994255065918e-01
1.788667678833007812e+00
1.788667678833007812e+00
1.788667678833007812e+00
1.788667678833007812e+00
1.788667678833007812e+00
6.152608394622802734e-01
6.152608394622802734e-01
6.152608394622802734e-01
6.857374310493469238e-01
6.857374310493469238e-01
6.857374310493469238e-01
1.325717687606811523e+00
3.398415446281433105e-01
3.398415446281433105e-01
3.398415446281433105e-01
1.353659629821777344e+00
1.353659629821777344e+00
4.383583068847656250e-01
1.729547619819641113e+00
1.729547619819641113e+00
1.729547619819641113e+00
1.729547619819641113e+00
8.294347524642944336e-01
8.294347524642944336e-01
8.294347524642944336e-01
8.294347524642944336e-01
8.294347524642944336e-01
2.498945593833923340e-01
9.861732125282287598e-01
7.573773860931396484e-01
7.573773860931396484e-01
7.573773860931396484e-01
7.573773860931396484e-01
2.312077283859252930e-01
2.312077283859252930e-01
1.635707974433898926e+00
1.635707974433898926e+00
1.635707974433898926e+00
1.635707974433898926e+00
1.635707974433898926e+00
1.635707974433898926e+00
1.635707974433898926e+00
6.365732550621032715e-01
1.223844289779663086e+00
1.223844289779663086e+00
7.020962834358215332e-01
7.020962834358215332e-01
7.020962834358215332e-01
7.020962834358215332e-01
7.020962834358215332e-01
7.020962834358215332e-01
7.020962834358215332e-01
7.020962834358215332e-01
7.020962834358215332e-01
7.020962834358215332e-01
7.020962834358215332e-01
7.020962834358215332e-01
1.675137042999267578e+00
5.475033521652221680e-01
5.475033521652221680e-01
5.475033521652221680e-01
5.475033521652221680e-01
1.977500319480895996e+00
1.977500319480895996e+00
1.000408172607421875e+00
1.000408172607421875e+00
1.000408172607421875e+00
1.000408172607421875e+00
1.000408172607421875e+00
1.000408172607421875e+00
1.000408172607421875e+00
7.669420242309570312e-01
6.641073822975158691e-01
6.641073822975158691e-01
7.935976982116699219e-01
7.935976982116699219e-01
7.935976982116699219e-01
7.935976982116699219e-01
1.532064914703369141e+00
4.170526266098022461e-01
4.170526266098022461e-01
1.680607795715332031e+00
1.207198619842529297e+00
1.207198619842529297e+00
1.207198619842529297e+00
1.207198619842529297e+00
2.721500992774963379e-01
2.721500992774963379e-01
1.018914699554443359e+00
1.018914699554443359e+00
1.018914699554443359e+00
1.018914699554443359e+00
9.648032784461975098e-01
1.205381035804748535e+00
1.205381035804748535e+00
1.205381035804748535e+00
4.890037178993225098e-01
1.815203726291656494e-01
1.815203726291656494e-01
1.815203726291656494e-01
1.815203726291656494e-01
5.736228823661804199e-01
5.736228823661804199e-01
8.928997516632080078e-01
6.388283371925354004e-01
6.388283371925354004e-01
1.545420646667480469e+00
1.305795907974243164e+00
1.148011684417724609e+00
9.860870838165283203e-01
9.860870838165283203e-01
9.860870838165283203e-01
9.860870838165283203e-01
9.860870838165283203e-01
9.860870838165283203e-01
5.569677352905273438e-01
1.089086532592773438e+00
1.089086532592773438e+00
2.470394372940063477e-01
4.861838519573211670e-01
4.861838519573211670e-01
4.861838519573211670e-01
8.236766457557678223e-01
8.236766457557678223e-01
8.236766457557678223e-01
9.060522913932800293e-01
9.060522913932800293e-01
9.060522913932800293e-01
9.060522913932800293e-01
9.060522913932800293e-01
9.060522913932800293e-01
9.060522913932800293e-01
9.060522913932800293e-01
9.060522913932800293e-01
9.060522913932800293e-01
3.811473250389099121e-01
3.811473250389099121e-01
3.811473250389099121e-01
1.477856397628784180e+00
8.745510578155517578e-01
8.745510578155517578e-01
8.745510578155517578e-01
2.019752025604248047e+00
5.353249311447143555e-01
5.353249311447143555e-01
5.353249311447143555e-01
5.353249311447143555e-01
5.353249311447143555e-01
5.295202136039733887e-01
5.295202136039733887e-01
5.295202136039733887e-01
5.295202136039733887e-01
5.295202136039733887e-01
2.174586057662963867e-01
2.174586057662963867e-01
2.174586057662963867e-01
2.174586057662963867e-01
2.933981716632843018e-01
2.933981716632843018e-01
2.933981716632843018e-01
7.642507553100585938e-01
7.642507553100585938e-01
7.642507553100585938e-01
7.642507553100585938e-01
7.642507553100585938e-01
7.642507553100585938e-01
7.642507553100585938e-01
7.642507553100585938e-01
6.808198094367980957e-01
6.808198094367980957e-01
7.621069550514221191e-01
7.621069550514221191e-01
7.621069550514221191e-01
7.621069550514221191e-01
7.621069550514221191e-01
7.621069550514221191e-01
1.305910825729370117e+00
1.305910825729370117e+00
1.305910825729370117e+00
1.217758536338806152e+00
1.217758536338806152e+00
1.217758536338806152e+00
1.217758536338806152e+00
1.217758536338806152e+00
1.217758536338806152e+00
1.217758536338806152e+00
1.217758536338806152e+00
1.217758536338806152e+00
1.217758536338806152e+00
6.242737770080566406e-01
6.242737770080566406e-01
6.242737770080566406e-01
6.242737770080566406e-01
6.242737770080566406e-01
6.242737770080566406e-01
6.242737770080566406e-01
6.242737770080566406e-01
6.242737770080566406e-01
6.242737770080566406e-01
6.242737770080566406e-01
6.242737770080566406e-01
6.242737770080566406e-01
6.242737770080566406e-01
6.242737770080566406e-01
6.242737770080566406e-01
6.242737770080566406e-01
6.242737770080566406e-01
6.242737770080566406e-01
5.569555163383483887e-01
5.569555163383483887e-01
3.674473166465759277e-01
3.674473166465759277e-01
3.674473166465759277e-01
3.674473166465759277e-01
3.674473166465759277e-01
3.674473166465759277e-01
3.674473166465759277e-01
3.674473166465759277e-01
3.674473166465759277e-01
3.674473166465759277e-01
3.674473166465759277e-01
3.106654882431030273e-01
3.106654882431030273e-01
4.207528233528137207e-01
4.207528233528137207e-01
1.990226060152053833e-01
1.990226060152053833e-01
1.990226060152053833e-01
2.738694548606872559e-01
2.738694548606872559e-01
2.738694548606872559e-01
1.019416570663452148e+00
1.019416570663452148e+00
1.019416570663452148e+00
1.019416570663452148e+00
1.019416570663452148e+00
4.616135358810424805e-01
4.616135358810424805e-01
4.616135358810424805e-01
9.844692945480346680e-01
1.089858412742614746e+00
1.089858412742614746e+00
1.089858412742614746e+00
1.089858412742614746e+00
1.089858412742614746e+00
1.089858412742614746e+00
1.089858412742614746e+00
1.089858412742614746e+00
1.089858412742614746e+00
1.089858412742614746e+00
8.825243115425109863e-01
8.825243115425109863e-01
1.221043586730957031e+00
1.221043586730957031e+00
1.221043586730957031e+00
1.376026272773742676e+00
1.376026272773742676e+00
1.376026272773742676e+00
1.376026272773742676e+00
1.376026272773742676e+00
1.376026272773742676e+00
1.376026272773742676e+00
1.376026272773742676e+00
1.376026272773742676e+00
1.376026272773742676e+00
1.066158533096313477e+00
6.803271770477294922e-01
6.803271770477294922e-01
8.126254677772521973e-01
8.126254677772521973e-01
8.126254677772521973e-01
8.126254677772521973e-01
2.599489688873291016e-01
2.599489688873291016e-01
2.599489688873291016e-01
2.599489688873291016e-01
2.599489688873291016e-01
2.599489688873291016e-01
2.599489688873291016e-01
1.130767822265625000e+00
1.130767822265625000e+00
1.130767822265625000e+00
1.426088452339172363e+00
1.426088452339172363e+00
1.426088452339172363e+00
1.426088452339172363e+00
8.469732999801635742e-01
7.761638760566711426e-01
7.761638760566711426e-01
7.761638760566711426e-01
7.761638760566711426e-01
7.761638760566711426e-01
7.761638760566711426e-01
7.761638760566711426e-01
8.926671743392944336e-01
8.926671743392944336e-01
8.926671743392944336e-01
8.926671743392944336e-01
8.926671743392944336e-01
8.926671743392944336e-01
1.127111911773681641e+00
1.127111911773681641e+00
1.535054445266723633e+00
1.328181862831115723e+00
1.328181862831115723e+00
1.312990784645080566e+00
1.312990784645080566e+00
1.312990784645080566e+00
1.016339182853698730e+00
1.016339182853698730e+00
1.016339182853698730e+00
1.016339182853698730e+00
1.016339182853698730e+00
1.016339182853698730e+00
1.016339182853698730e+00
1.016339182853698730e+00
1.016339182853698730e+00
1.016339182853698730e+00
1.016339182853698730e+00
1.016339182853698730e+00
1.016339182853698730e+00
1.016339182853698730e+00
1.016339182853698730e+00
1.016339182853698730e+00
1.016339182853698730e+00
1.016339182853698730e+00
1.016339182853698730e+00
1.016339182853698730e+00
2.961946129798889160e-01
1.750982254743576050e-01
1.430066466331481934e+00
1.430066466331481934e+00
1.170686006546020508e+00
1.170686006546020508e+00
1.170686006546020508e+00
1.170686006546020508e+00
1.170686006546020508e+00
1.170686006546020508e+00
1.170686006546020508e+00
1.106478452682495117e+00
4.624599218368530273e-01
4.624599218368530273e-01
4.624599218368530273e-01
5.530729293823242188e-01
1.053051471710205078e+00
1.053051471710205078e+00
1.053051471710205078e+00
1.053051471710205078e+00
1.053051471710205078e+00
1.053051471710205078e+00
6.405405998229980469e-01
6.405405998229980469e-01
6.405405998229980469e-01
6.405405998229980469e-01
6.405405998229980469e-01
6.405405998229980469e-01
6.405405998229980469e-01
6.405405998229980469e-01
6.405405998229980469e-01
6.405405998229980469e-01
6.405405998229980469e-01
6.405405998229980469e-01
6.405405998229980469e-01
6.405405998229980469e-01
1.757391571998596191e+00
1.757391571998596191e+00
1.757391571998596191e+00
1.757391571998596191e+00
1.635206460952758789e+00
3.147064447402954102e-01
3.147064447402954102e-01
3.147064447402954102e-01
3.147064447402954102e-01
8.222868442535400391e-01
8.222868442535400391e-01
4.439271390438079834e-01
4.439271390438079834e-01
4.439271390438079834e-01
4.439271390438079834e-01
4.439271390438079834e-01
5.049704909324645996e-01
5.049704909324645996e-01
5.049704909324645996e-01
7.833871841430664062e-01
1.338274240493774414e+00
1.338274240493774414e+00
1.338274240493774414e+00
1.338274240493774414e+00
1.036059379577636719e+00
1.036059379577636719e+00
1.036059379577636719e+00
1.036059379577636719e+00
1.036059379577636719e+00
1.036059379577636719e+00
4.796437025070190430e-01
4.796437025070190430e-01
4.796437025070190430e-01
4.796437025070190430e-01
4.796437025070190430e-01
4.796437025070190430e-01
4.796437025070190430e-01
4.796437025070190430e-01
4.796437025070190430e-01
4.796437025070190430e-01
4.796437025070190430e-01
4.796437025070190430e-01
1.367759227752685547e+00
1.367759227752685547e+00
1.120783329010009766e+00
1.120783329010009766e+00
1.120783329010009766e+00
1.120783329010009766e+00
1.120783329010009766e+00
1.522297739982604980e+00
1.112841725349426270e+00
1.112841725349426270e+00
1.112841725349426270e+00
1.112841725349426270e+00
1.112841725349426270e+00
8.538650274276733398e-01
8.538650274276733398e-01
8.538650274276733398e-01
1.608882069587707520e+00
1.608882069587707520e+00
1.608882069587707520e+00
1.459645628929138184e+00
1.459645628929138184e+00
1.459645628929138184e+00
1.459645628929138184e+00
9.391663074493408203e-01
9.391663074493408203e-01
9.391663074493408203e-01
9.391663074493408203e-01
1.684462547302246094e+00
1.684462547302246094e+00
1.684462547302246094e+00
1.684462547302246094e+00
1.684462547302246094e+00
1.684462547302246094e+00
1.684462547302246094e+00
2.049076080322265625e+00
1.878837227821350098e+00
9.026019573211669922e-01
1.001671552658081055e+00
1.001671552658081055e+00
1.001671552658081055e+00
1.001671552658081055e+00
1.001671552658081055e+00
1.001671552658081055e+00
1.001671552658081055e+00
9.875140190124511719e-01
9.875140190124511719e-01
9.875140190124511719e-01
9.875140190124511719e-01
9.851754903793334961e-01
5.646404027938842773e-01
5.646404027938842773e-01
6.293715238571166992e-01
6.293715238571166992e-01
6.293715238571166992e-01
6.293715238571166992e-01
6.293715238571166992e-01
6.293715238571166992e-01
6.293715238571166992e-01
6.293715238571166992e-01
6.293715238571166992e-01
6.293715238571166992e-01
6.293715238571166992e-01
6.293715238571166992e-01
8.580811619758605957e-01
8.580811619758605957e-01
7.778165340423583984e-01
7.778165340423583984e-01
7.778165340423583984e-01
3.493960499763488770e-01
3.493960499763488770e-01
1.176427125930786133e+00
1.176427125930786133e+00
1.176427125930786133e+00
1.176427125930786133e+00
1.176427125930786133e+00
1.176427125930786133e+00
1.176427125930786133e+00
1.176427125930786133e+00
4.611662626266479492e-01
4.611662626266479492e-01
4.611662626266479492e-01
4.611662626266479492e-01
4.611662626266479492e-01
4.611662626266479492e-01
1.243540287017822266e+00
1.243540287017822266e+00
1.243540287017822266e+00
1.464180827140808105e+00
7.896150946617126465e-01
7.896150946617126465e-01
7.896150946617126465e-01
7.117009162902832031e-01
7.117009162902832031e-01
7.117009162902832031e-01
7.117009162902832031e-01
7.117009162902832031e-01
7.117009162902832031e-01
7.117009162902832031e-01
7.117009162902832031e-01
7.117009162902832031e-01
7.117009162902832031e-01
7.117009162902832031e-01
7.117009162902832031e-01
7.117009162902832031e-01
7.117009162902832031e-01
8.728451132774353027e-01
8.728451132774353027e-01
8.728451132774353027e-01
8.728451132774353027e-01
8.728451132774353027e-01
8.728451132774353027e-01
1.141667008399963379e+00
1.141667008399963379e+00
1.141667008399963379e+00
1.141667008399963379e+00
1.141667008399963379e+00
1.141667008399963379e+00
1.141667008399963379e+00
1.141667008399963379e+00
1.141667008399963379e+00
1.141667008399963379e+00
1.141667008399963379e+00
2.542529702186584473e-01
2.542529702186584473e-01
2.542529702186584473e-01
5.445638895034790039e-01
5.445638895034790039e-01
5.445638895034790039e-01
5.445638895034790039e-01
5.445638895034790039e-01
5.445638895034790039e-01
1.456755399703979492e+00
1.456755399703979492e+00
1.456755399703979492e+00
6.285499334335327148e-01
6.285499334335327148e-01
6.285499334335327148e-01
6.285499334335327148e-01
6.285499334335327148e-01
6.285499334335327148e-01
6.285499334335327148e-01
6.285499334335327148e-01
6.285499334335327148e-01
6.285499334335327148e-01
6.285499334335327148e-01
6.285499334335327148e-01
6.285499334335327148e-01
6.285499334335327148e-01
6.285499334335327148e-01
7.512683868408203125e-01
7.512683868408203125e-01
7.512683868408203125e-01
7.512683868408203125e-01
7.512683868408203125e-01
7.512683868408203125e-01
7.512683868408203125e-01
1.522358298301696777e+00
1.522358298301696777e+00
1.522358298301696777e+00
1.522358298301696777e+00
1.522358298301696777e+00
1.522358298301696777e+00
1.522358298301696777e+00
1.522358298301696777e+00
1.334541440010070801e+00
1.334541440010070801e+00
9.717318415641784668e-01
9.717318415641784668e-01
9.717318415641784668e-01
1.762523651123046875e+00
1.826368331909179688e+00
1.594214200973510742e+00
1.594214200973510742e+00
1.574823379516601562e+00
1.574823379516601562e+00
1.574823379516601562e+00
1.574823379516601562e+00
9.116480350494384766e-01
5.834213495254516602e-01
5.834213495254516602e-01
1.319902896881103516e+00
8.869106769561767578e-01
8.869106769561767578e-01
1.235462307929992676e+00
1.235462307929992676e+00
1.235462307929992676e+00
1.235462307929992676e+00
1.235462307929992676e+00
8.747944831848144531e-01
6.480187773704528809e-01
6.480187773704528809e-01
6.480187773704528809e-01
6.480187773704528809e-01
6.480187773704528809e-01
6.480187773704528809e-01
6.480187773704528809e-01
1.271408557891845703e+00
1.271408557891845703e+00
1.271408557891845703e+00
1.271408557891845703e+00
1.271408557891845703e+00
3.608571290969848633e-01
3.608571290969848633e-01
3.608571290969848633e-01
1.299545288085937500e+00
1.299545288085937500e+00
1.299545288085937500e+00
1.299545288085937500e+00
1.299545288085937500e+00
1.299545288085937500e+00
1.299545288085937500e+00
9.127166271209716797e-01
4.327720701694488525e-01
4.327720701694488525e-01
4.327720701694488525e-01
6.429798603057861328e-01
1.239416241645812988e+00
1.239416241645812988e+00
1.239416241645812988e+00
1.239416241645812988e+00
7.632073163986206055e-01
7.632073163986206055e-01
7.632073163986206055e-01
7.632073163986206055e-01
7.632073163986206055e-01
7.632073163986206055e-01
7.632073163986206055e-01
7.632073163986206055e-01
3.843448460102081299e-01
3.843448460102081299e-01
3.843448460102081299e-01
3.843448460102081299e-01
3.843448460102081299e-01
3.843448460102081299e-01
3.843448460102081299e-01
1.255377888679504395e+00
1.255377888679504395e+00
1.255377888679504395e+00
1.255377888679504395e+00
1.255377888679504395e+00
1.255377888679504395e+00
1.224716186523437500e+00
1.224716186523437500e+00
1.926509141921997070e-01
1.508234500885009766e+00
1.508234500885009766e+00
1.508234500885009766e+00
1.508234500885009766e+00
1.508234500885009766e+00
1.011224865913391113e+00
1.011224865913391113e+00
1.011224865913391113e+00
5.128266811370849609e-01
5.128266811370849609e-01
5.128266811370849609e-01
7.705286145210266113e-01
7.705286145210266113e-01
7.705286145210266113e-01
7.705286145210266113e-01
7.705286145210266113e-01
7.705286145210266113e-01
7.705286145210266113e-01
7.705286145210266113e-01
1.070960640907287598e+00
1.070960640907287598e+00
1.411554455757141113e+00
1.411554455757141113e+00
1.411554455757141113e+00
1.411554455757141113e+00
1.411554455757141113e+00
1.411554455757141113e+00
1.411554455757141113e+00
1.411554455757141113e+00
1.056176900863647461e+00
5.085866451263427734e-01
5.085866451263427734e-01
5.085866451263427734e-01
5.085866451263427734e-01
5.085866451263427734e-01
5.085866451263427734e-01
5.085866451263427734e-01
5.085866451263427734e-01
5.085866451263427734e-01
5.085866451263427734e-01
5.085866451263427734e-01
5.085866451263427734e-01
5.085866451263427734e-01
5.085866451263427734e-01
5.085866451263427734e-01
5.085866451263427734e-01
5.973385572433471680e-01
5.973385572433471680e-01
9.079931974411010742e-01
1.364812612533569336e+00
9.388105869293212891e-01
9.388105869293212891e-01
9.388105869293212891e-01
9.388105869293212891e-01
9.388105869293212891e-01
9.388105869293212891e-01
1.555729150772094727e+00
1.555729150772094727e+00
1.555729150772094727e+00
8.188651800155639648e-01
8.188651800155639648e-01
6.155250072479248047e-01
6.155250072479248047e-01
6.155250072479248047e-01
1.042733669281005859e+00
1.042733669281005859e+00
1.340065956115722656e+00
1.340065956115722656e+00
1.340065956115722656e+00
1.340065956115722656e+00
1.340065956115722656e+00
1.340065956115722656e+00
1.340065956115722656e+00
1.340065956115722656e+00
9.901992678642272949e-01
9.901992678642272949e-01
9.901992678642272949e-01
