1.053844690322875977e+00
1.053844690322875977e+00
1.053844690322875977e+00
1.104982137680053711e+00
1.104982137680053711e+00
1.104982137680053711e+00
4.586453437805175781e-01
4.586453437805175781e-01
4.586453437805175781e-01
4.586453437805175781e-01
4.586453437805175781e-01
9.235782623291015625e-01
1.021301388740539551e+00
1.021301388740539551e+00
7.316845655441284180e-01
7.316845655441284180e-01
7.316845655441284180e-01
7.316845655441284180e-01
1.163141489028930664e+00
1.163141489028930664e+00
1.163141489028930664e+00
1.163141489028930664e+00
1.163141489028930664e+00
1.163141489028930664e+00
1.163141489028930664e+00
1.232671022415161133e+00
1.232671022415161133e+00
1.232671022415161133e+00
3.612650632858276367e-01
2.823210954666137695e-01
2.823210954666137695e-01
1.488449573516845703e+00
1.488449573516845703e+00
1.488449573516845703e+00
1.488449573516845703e+00
2.686666965484619141e+00
2.835967302322387695e+00
2.171601772308349609e+00
2.171601772308349609e+00
2.171601772308349609e+00
1.741066932678222656e+00
1.333105325698852539e+00
1.499966979026794434e+00
1.499966979026794434e+00
1.499966979026794434e+00
1.499966979026794434e+00
1.499966979026794434e+00
1.749050021171569824e+00
1.749050021171569824e+00
1.749050021171569824e+00
1.749050021171569824e+00
1.749050021171569824e+00
1.529262661933898926e+00
3.765459060668945312e-01
3.765459060668945312e-01
3.765459060668945312e-01
3.765459060668945312e-01
1.199462175369262695e+00
1.199462175369262695e+00
1.199462175369262695e+00
1.199462175369262695e+00
4.672616124153137207e-01
4.672616124153137207e-01
4.672616124153137207e-01
4.672616124153137207e-01
4.672616124153137207e-01
1.894225835800170898e+00
1.725407123565673828e+00
1.725407123565673828e+00
2.140041351318359375e+00
2.140041351318359375e+00
2.140041351318359375e+00
1.190459728240966797e+00
4.710318446159362793e-01
5.596900582313537598e-01
5.596900582313537598e-01
5.596900582313537598e-01
5.596900582313537598e-01
5.899208188056945801e-01
5.899208188056945801e-01
7.984412908554077148e-01
7.984412908554077148e-01
1.304567337036132812e+00
1.304567337036132812e+00
1.304567337036132812e+00
1.304567337036132812e+00
1.304567337036132812e+00
1.304567337036132812e+00
1.304567337036132812e+00
1.531630516052246094e+00
1.288674831390380859e+00
1.288674831390380859e+00
1.210400104522705078e+00
1.007938981056213379e+00
1.007938981056213379e+00
1.007938981056213379e+00
1.007938981056213379e+00
1.007938981056213379e+00
1.007938981056213379e+00
5.173949599266052246e-01
5.173949599266052246e-01
1.189392089843750000e+00
1.189392089843750000e+00
1.004120945930480957e+00
1.004120945930480957e+00
1.004120945930480957e+00
1.004120945930480957e+00
1.004120945930480957e+00
6.619887948036193848e-01
5.024416446685791016e-01
5.024416446685791016e-01
5.024416446685791016e-01
5.024416446685791016e-01
5.024416446685791016e-01
3.527131080627441406e-01
3.184114396572113037e-01
1.392260670661926270e+00
1.280654907226562500e+00
1.280654907226562500e+00
1.280654907226562500e+00
5.103733539581298828e-01
5.103733539581298828e-01
5.103733539581298828e-01
5.103733539581298828e-01
1.370052933692932129e+00
3.203009366989135742e-01
3.203009366989135742e-01
9.952430129051208496e-01
9.952430129051208496e-01
9.952430129051208496e-01
9.952430129051208496e-01
1.075158119201660156e+00
1.075158119201660156e+00
1.075158119201660156e+00
1.300918698310852051e+00
1.300918698310852051e+00
1.300918698310852051e+00
2.428582906723022461e-01
6.288104057312011719e-01
6.288104057312011719e-01
6.288104057312011719e-01
1.304568171501159668e+00
1.304568171501159668e+00
1.304568171501159668e+00
1.304568171501159668e+00
1.304568171501159668e+00
1.304568171501159668e+00
1.304568171501159668e+00
1.064371585845947266e+00
1.064371585845947266e+00
6.409274339675903320e-01
6.409274339675903320e-01
7.599598169326782227e-01
8.429076075553894043e-01
8.429076075553894043e-01
8.429076075553894043e-01
8.429076075553894043e-01
7.278788685798645020e-01
7.278788685798645020e-01
7.278788685798645020e-01
8.908630609512329102e-01
8.908630609512329102e-01
5.723786950111389160e-01
5.723786950111389160e-01
5.723786950111389160e-01
5.723786950111389160e-01
5.723786950111389160e-01
7.845894098281860352e-01
7.845894098281860352e-01
7.845894098281860352e-01
7.845894098281860352e-01
7.845894098281860352e-01
7.466282844543457031e-01
9.818201661109924316e-01
1.430273890495300293e+00
1.870423316955566406e+00
8.638257980346679688e-01
8.638257980346679688e-01
1.153924942016601562e+00
5.144183039665222168e-01
5.144183039665222168e-01
5.144183039665222168e-01
5.144183039665222168e-01
7.860822677612304688e-01
7.860822677612304688e-01
7.860822677612304688e-01
7.860822677612304688e-01
7.860822677612304688e-01
1.753323554992675781e+00
1.753323554992675781e+00
1.753323554992675781e+00
1.753323554992675781e+00
1.753323554992675781e+00
1.753323554992675781e+00
1.753323554992675781e+00
1.753323554992675781e+00
1.753323554992675781e+00
1.753323554992675781e+00
1.133992910385131836e+00
1.133992910385131836e+00
7.210785150527954102e-01
7.210785150527954102e-01
7.210785150527954102e-01
7.210785150527954102e-01
7.210785150527954102e-01
7.210785150527954102e-01
7.210785150527954102e-01
3.896007239818572998e-01
3.896007239818572998e-01
3.896007239818572998e-01
3.896007239818572998e-01
3.896007239818572998e-01
3.896007239818572998e-01
1.025671124458312988e+00
1.025671124458312988e+00
1.025671124458312988e+00
1.025671124458312988e+00
1.025671124458312988e+00
1.025671124458312988e+00
1.025671124458312988e+00
1.025671124458312988e+00
5.102698802947998047e-01
5.102698802947998047e-01
5.102698802947998047e-01
5.102698802947998047e-01
4.600509703159332275e-01
4.600509703159332275e-01
4.600509703159332275e-01
9.701471328735351562e-01
9.701471328735351562e-01
9.701471328735351562e-01
9.701471328735351562e-01
9.701471328735351562e-01
9.701471328735351562e-01
1.357392907142639160e+00
1.357392907142639160e+00
1.357392907142639160e+00
1.357392907142639160e+00
1.135821104049682617e+00
1.135821104049682617e+00
1.135821104049682617e+00
1.463534712791442871e+00
1.463534712791442871e+00
1.463534712791442871e+00
1.463534712791442871e+00
1.463534712791442871e+00
1.463534712791442871e+00
1.463534712791442871e+00
8.936269879341125488e-01
8.936269879341125488e-01
8.936269879341125488e-01
8.936269879341125488e-01
8.936269879341125488e-01
5.177255272865295410e-01
5.177255272865295410e-01
5.177255272865295410e-01
7.407959699630737305e-01
7.407959699630737305e-01
1.040147185325622559e+00
1.080384492874145508e+00
1.080384492874145508e+00
1.080384492874145508e+00
1.080384492874145508e+00
1.080384492874145508e+00
1.080384492874145508e+00
1.080384492874145508e+00
1.080384492874145508e+00
1.080384492874145508e+00
1.080384492874145508e+00
1.080384492874145508e+00
1.080384492874145508e+00
3.778207302093505859e-01
3.778207302093505859e-01
7.532675266265869141e-01
1.713955879211425781e+00
1.713955879211425781e+00
1.127411842346191406e+00
1.131174564361572266e+00
1.131174564361572266e+00
1.090843558311462402e+00
1.090843558311462402e+00
1.447000026702880859e+00
4.400595426559448242e-01
9.211519360542297363e-01
1.502698898315429688e+00
1.502698898315429688e+00
1.502698898315429688e+00
1.502698898315429688e+00
1.502698898315429688e+00
1.502698898315429688e+00
1.462394833564758301e+00
1.462394833564758301e+00
1.534760475158691406e+00
4.725445508956909180e-01
4.725445508956909180e-01
4.725445508956909180e-01
4.725445508956909180e-01
1.030974626541137695e+00
1.030974626541137695e+00
1.030974626541137695e+00
1.030974626541137695e+00
6.567803621292114258e-01
6.567803621292114258e-01
9.795219898223876953e-01
9.795219898223876953e-01
9.795219898223876953e-01
9.795219898223876953e-01
9.795219898223876953e-01
9.795219898223876953e-01
9.795219898223876953e-01
9.795219898223876953e-01
9.795219898223876953e-01
9.795219898223876953e-01
9.795219898223876953e-01
1.634325504302978516e+00
1.292263507843017578e+00
1.292263507843017578e+00
1.292263507843017578e+00
7.651672363281250000e-01
7.651672363281250000e-01
7.651672363281250000e-01
7.651672363281250000e-01
7.651672363281250000e-01
1.009456634521484375e+00
1.375115633010864258e+00
1.375115633010864258e+00
1.422533035278320312e+00
1.422533035278320312e+00
1.422533035278320312e+00
1.422533035278320312e+00
1.422533035278320312e+00
1.422533035278320312e+00
8.043079376220703125e-01
1.149470090866088867e+00
1.149470090866088867e+00
1.149470090866088867e+00
1.207135677337646484e+00
1.485628724098205566e+00
3.963028192520141602e-01
3.963028192520141602e-01
3.963028192520141602e-01
3.963028192520141602e-01
1.325576543807983398e+00
1.325576543807983398e+00
1.325576543807983398e+00
1.325576543807983398e+00
2.404456138610839844e-01
5.528473854064941406e-01
7.302333116531372070e-01
7.302333116531372070e-01
7.302333116531372070e-01
6.156899929046630859e-01
6.156899929046630859e-01
5.364257693290710449e-01
2.057201623916625977e+00
1.130560278892517090e+00
1.130560278892517090e+00
1.040635824203491211e+00
1.040635824203491211e+00
1.040635824203491211e+00
1.169741988182067871e+00
1.169741988182067871e+00
1.169741988182067871e+00
1.169741988182067871e+00
1.169741988182067871e+00
1.169741988182067871e+00
1.169741988182067871e+00
1.169741988182067871e+00
3.463136553764343262e-01
6.616883873939514160e-01
6.616883873939514160e-01
6.616883873939514160e-01
1.755159139633178711e+00
1.755159139633178711e+00
1.755159139633178711e+00
1.471747398376464844e+00
5.799983143806457520e-01
9.264625310897827148e-01
9.264625310897827148e-01
9.264625310897827148e-01
9.264625310897827148e-01
7.244338393211364746e-01
7.244338393211364746e-01
7.244338393211364746e-01
7.244338393211364746e-01
7.244338393211364746e-01
1.264665603637695312e+00
1.264665603637695312e+00
1.264665603637695312e+00
1.042734503746032715e+00
1.042734503746032715e+00
1.312792778015136719e+00
1.312792778015136719e+00
8.958903551101684570e-01
8.958903551101684570e-01
8.958903551101684570e-01
8.958903551101684570e-01
7.855085134506225586e-01
7.855085134506225586e-01
1.006405472755432129e+00
3.547276258468627930e-01
6.766999959945678711e-01
1.328108310699462891e+00
9.880684614181518555e-01
9.880684614181518555e-01
3.117570281028747559e-01
3.117570281028747559e-01
1.733186483383178711e+00
5.113137960433959961e-01
1.186785459518432617e+00
1.186785459518432617e+00
1.186785459518432617e+00
1.186785459518432617e+00
1.637957096099853516e+00
1.637957096099853516e+00
1.637957096099853516e+00
1.637957096099853516e+00
1.996264457702636719e+00
1.996264457702636719e+00
8.818883895874023438e-01
6.176648139953613281e-01
6.176648139953613281e-01
6.176648139953613281e-01
6.176648139953613281e-01
3.396805822849273682e-01
3.396805822849273682e-01
3.396805822849273682e-01
3.396805822849273682e-01
3.396805822849273682e-01
3.396805822849273682e-01
3.396805822849273682e-01
3.396805822849273682e-01
1.015056371688842773e+00
1.015056371688842773e+00
1.015056371688842773e+00
4.588600397109985352e-01
2.386011779308319092e-01
1.636549234390258789e+00
1.444134950637817383e+00
1.444134950637817383e+00
1.444134950637817383e+00
1.444134950637817383e+00
1.522853970527648926e+00
1.522853970527648926e+00
1.269512772560119629e+00
7.179291844367980957e-01
7.179291844367980957e-01
7.179291844367980957e-01
7.179291844367980957e-01
7.179291844367980957e-01
7.179291844367980957e-01
7.179291844367980957e-01
7.179291844367980957e-01
5.817839503288269043e-01
5.817839503288269043e-01
1.440018415451049805e+00
1.440018415451049805e+00
9.238619804382324219e-01
9.238619804382324219e-01
9.238619804382324219e-01
4.390882551670074463e-01
1.063657045364379883e+00
1.063657045364379883e+00
7.059563398361206055e-01
1.343319654464721680e+00
1.323604106903076172e+00
1.323604106903076172e+00
1.323604106903076172e+00
4.483408331871032715e-01
4.483408331871032715e-01
4.483408331871032715e-01
4.483408331871032715e-01
4.186655879020690918e-01
2.167602777481079102e+00
2.167602777481079102e+00
2.167602777481079102e+00
1.471024513244628906e+00
1.471024513244628906e+00
1.471024513244628906e+00
1.471024513244628906e+00
1.471024513244628906e+00
1.471024513244628906e+00
2.118023633956909180e-01
3.665521740913391113e-01
3.665521740913391113e-01
7.007298469543457031e-01
7.007298469543457031e-01
7.007298469543457031e-01
8.878015279769897461e-01
8.878015279769897461e-01
8.878015279769897461e-01
8.878015279769897461e-01
8.878015279769897461e-01
8.878015279769897461e-01
8.878015279769897461e-01
8.878015279769897461e-01
1.114894747734069824e+00
1.114894747734069824e+00
1.114894747734069824e+00
1.114894747734069824e+00
1.114894747734069824e+00
1.114894747734069824e+00
4.299566745758056641e-01
4.299566745758056641e-01
4.299566745758056641e-01
4.299566745758056641e-01
7.358263134956359863e-01
7.358263134956359863e-01
7.358263134956359863e-01
7.161402702331542969e-01
6.460098624229431152e-01
8.308030366897583008e-01
8.308030366897583008e-01
1.135450482368469238e+00
1.226637244224548340e+00
1.226637244224548340e+00
1.226637244224548340e+00
1.226637244224548340e+00
9.648699760437011719e-01
9.648699760437011719e-01
1.424593567848205566e+00
1.424593567848205566e+00
1.424593567848205566e+00
6.311667561531066895e-01
6.311667561531066895e-01
6.394950747489929199e-01
8.423706293106079102e-01
8.423706293106079102e-01
1.018432378768920898e+00
1.018432378768920898e+00
1.018432378768920898e+00
1.018432378768920898e+00
1.315397977828979492e+00
1.315397977828979492e+00
1.315397977828979492e+00
1.315397977828979492e+00
1.315397977828979492e+00
7.765744328498840332e-01
8.307598829269409180e-01
8.307598829269409180e-01
8.307598829269409180e-01
2.931069135665893555e-01
1.386492729187011719e+00
1.386492729187011719e+00
1.386492729187011719e+00
1.386492729187011719e+00
8.450204133987426758e-01
1.096760034561157227e+00
3.234950304031372070e-01
3.234950304031372070e-01
1.018423318862915039e+00
1.018423318862915039e+00
1.018423318862915039e+00
1.018423318862915039e+00
1.018423318862915039e+00
1.018423318862915039e+00
1.018423318862915039e+00
1.018423318862915039e+00
1.018423318862915039e+00
1.676846027374267578e+00
1.676846027374267578e+00
1.676846027374267578e+00
1.361602067947387695e+00
1.511424660682678223e+00
1.003829240798950195e+00
1.003829240798950195e+00
1.003829240798950195e+00
1.003829240798950195e+00
1.003829240798950195e+00
1.610828876495361328e+00
8.935655355453491211e-01
1.467317700386047363e+00
1.467317700386047363e+00
1.467317700386047363e+00
1.666963338851928711e+00
1.666963338851928711e+00
9.107231497764587402e-01
9.107231497764587402e-01
9.107231497764587402e-01
1.005341529846191406e+00
8.092699050903320312e-01
8.657992482185363770e-01
1.009904146194458008e+00
7.752370834350585938e-01
7.752370834350585938e-01
2.117886066436767578e+00
2.117886066436767578e+00
2.117886066436767578e+00
2.117886066436767578e+00
2.117886066436767578e+00
1.376087665557861328e-01
1.094991207122802734e+00
9.574003219604492188e-01
1.535765409469604492e+00
1.268154621124267578e+00
2.000616550445556641e+00
1.720595836639404297e+00
1.720595836639404297e+00
1.720595836639404297e+00
1.720595836639404297e+00
1.720595836639404297e+00
1.720595836639404297e+00
1.720595836639404297e+00
1.720595836639404297e+00
1.720595836639404297e+00
1.720595836639404297e+00
1.490804195404052734e+00
2.136988162994384766e+00
1.781884074211120605e+00
1.781884074211120605e+00
1.781884074211120605e+00
1.781884074211120605e+00
1.781884074211120605e+00
1.077903985977172852e+00
1.077903985977172852e+00
1.077903985977172852e+00
1.115388154983520508e+00
1.115388154983520508e+00
1.115388154983520508e+00
1.115388154983520508e+00
1.115388154983520508e+00
1.805699348449707031e+00
1.805699348449707031e+00
2.068125963211059570e+00
7.680755853652954102e-01
7.680755853652954102e-01
7.680755853652954102e-01
3.337832689285278320e-01
3.337832689285278320e-01
3.337832689285278320e-01
3.337832689285278320e-01
1.976009607315063477e+00
1.976009607315063477e+00
1.377118587493896484e+00
1.377118587493896484e+00
1.891592741012573242e+00
1.891592741012573242e+00
7.515815496444702148e-01
7.515815496444702148e-01
7.515815496444702148e-01
6.265503764152526855e-01
6.265503764152526855e-01
6.265503764152526855e-01
6.265503764152526855e-01
9.190444946289062500e-01
9.190444946289062500e-01
9.190444946289062500e-01
9.190444946289062500e-01
9.190444946289062500e-01
9.190444946289062500e-01
6.456748247146606445e-01
1.400792121887207031e+00
1.400792121887207031e+00
1.732345700263977051e+00
9.185522198677062988e-01
9.185522198677062988e-01
1.802501678466796875e-01
1.802501678466796875e-01
9.433694481849670410e-01
9.433694481849670410e-01
9.433694481849670410e-01
9.433694481849670410e-01
9.433694481849670410e-01
9.433694481849670410e-01
9.433694481849670410e-01
9.433694481849670410e-01
9.433694481849670410e-01
9.433694481849670410e-01
9.433694481849670410e-01
9.433694481849670410e-01
6.273444890975952148e-01
6.273444890975952148e-01
6.273444890975952148e-01
7.214239835739135742e-01
5.712538361549377441e-01
1.147484302520751953e+00
1.147484302520751953e+00
1.147484302520751953e+00
1.161124348640441895e+00
9.078370332717895508e-01
9.078370332717895508e-01
3.047447204589843750e-01
3.622446656227111816e-01
3.622446656227111816e-01
3.622446656227111816e-01
3.622446656227111816e-01
3.622446656227111816e-01
3.622446656227111816e-01
3.622446656227111816e-01
3.622446656227111816e-01
3.622446656227111816e-01
5.973000526428222656e-01
5.973000526428222656e-01
1.267064452171325684e+00
1.405956983566284180e+00
1.405956983566284180e+00
1.192678689956665039e+00
1.192678689956665039e+00
1.192678689956665039e+00
1.094658255577087402e+00
4.162359237670898438e-01
4.162359237670898438e-01
4.162359237670898438e-01
5.762404203414916992e-01
3.627746999263763428e-01
3.627746999263763428e-01
3.627746999263763428e-01
3.627746999263763428e-01
3.627746999263763428e-01
3.627746999263763428e-01
1.016574263572692871e+00
1.016574263572692871e+00
1.660182476043701172e+00
1.660182476043701172e+00
1.710421681404113770e+00
1.545300006866455078e+00
7.989341020584106445e-01
1.147768259048461914e+00
1.147768259048461914e+00
1.147768259048461914e+00
8.410859107971191406e-01
6.402441859245300293e-01
4.256959259510040283e-01
1.677455782890319824e+00
1.677455782890319824e+00
9.445130825042724609e-01
9.445130825042724609e-01
9.445130825042724609e-01
8.346606492996215820e-01
1.300949573516845703e+00
1.300949573516845703e+00
5.139142274856567383e-01
5.139142274856567383e-01
5.139142274856567383e-01
1.056111454963684082e+00
1.056111454963684082e+00
1.012513637542724609e+00
1.012513637542724609e+00
1.012513637542724609e+00
1.125877976417541504e+00
1.125877976417541504e+00
1.125877976417541504e+00
1.125877976417541504e+00
1.125877976417541504e+00
1.125877976417541504e+00
1.125877976417541504e+00
1.125877976417541504e+00
1.125877976417541504e+00
8.527575731277465820e-01
8.474083542823791504e-01
8.474083542823791504e-01
8.474083542823791504e-01
8.474083542823791504e-01
8.474083542823791504e-01
8.474083542823791504e-01
8.474083542823791504e-01
8.474083542823791504e-01
1.039108157157897949e+00
1.060211300849914551e+00
1.060211300849914551e+00
6.245993971824645996e-01
6.245993971824645996e-01
6.245993971824645996e-01
6.245993971824645996e-01
6.245993971824645996e-01
1.201359272003173828e+00
1.287508845329284668e+00
1.518370509147644043e+00
1.518370509147644043e+00
1.518370509147644043e+00
5.531091094017028809e-01
5.531091094017028809e-01
5.531091094017028809e-01
5.531091094017028809e-01
5.531091094017028809e-01
1.065141439437866211e+00
1.065141439437866211e+00
1.065141439437866211e+00
1.065141439437866211e+00
5.446186661720275879e-01
5.446186661720275879e-01
1.249586820602416992e+00
1.249586820602416992e+00
1.249586820602416992e+00
1.249586820602416992e+00
1.249586820602416992e+00
1.249586820602416992e+00
5.585863590240478516e-01
5.386277437210083008e-01
4.649807214736938477e-01
1.747180461883544922e+00
1.747180461883544922e+00
1.219558715820312500e+00
1.970906496047973633e+00
1.970906496047973633e+00
1.970906496047973633e+00
7.647521495819091797e-01
7.647521495819091797e-01
6.878075003623962402e-01
6.878075003623962402e-01
6.878075003623962402e-01
6.016581058502197266e-01
6.016581058502197266e-01
6.016581058502197266e-01
6.016581058502197266e-01
2.474663853645324707e-01
2.474663853645324707e-01
2.474663853645324707e-01
9.601722955703735352e-01
9.601722955703735352e-01
9.601722955703735352e-01
1.073848128318786621e+00
1.073848128318786621e+00
1.531958460807800293e+00
1.531958460807800293e+00
1.531958460807800293e+00
1.236006736755371094e+00
8.318753242492675781e-01
8.318753242492675781e-01
8.318753242492675781e-01
8.318753242492675781e-01
1.032792568206787109e+00
1.032792568206787109e+00
1.032792568206787109e+00
1.032792568206787109e+00
1.032792568206787109e+00
1.032792568206787109e+00
8.676417469978332520e-01
1.108973383903503418e+00
1.108973383903503418e+00
1.108973383903503418e+00
1.108973383903503418e+00
1.108973383903503418e+00
1.108973383903503418e+00
1.108973383903503418e+00
1.108973383903503418e+00
9.499546289443969727e-01
9.499546289443969727e-01
9.499546289443969727e-01
9.499546289443969727e-01
9.499546289443969727e-01
9.499546289443969727e-01
9.499546289443969727e-01
1.080750465393066406e+00
1.080750465393066406e+00
8.992058634757995605e-01
7.418463826179504395e-01
7.418463826179504395e-01
7.418463826179504395e-01
7.418463826179504395e-01
7.418463826179504395e-01
7.418463826179504395e-01
7.418463826179504395e-01
7.418463826179504395e-01
7.418463826179504395e-01
7.418463826179504395e-01
7.623302936553955078e-01
4.642733633518218994e-01
4.642733633518218994e-01
4.642733633518218994e-01
4.642733633518218994e-01
9.355058670043945312e-01
9.355058670043945312e-01
9.355058670043945312e-01
9.355058670043945312e-01
2.932935953140258789e-01
2.932935953140258789e-01
3.837959170341491699e-01
3.837959170341491699e-01
3.837959170341491699e-01
3.837959170341491699e-01
3.837959170341491699e-01
3.837959170341491699e-01
3.837959170341491699e-01
8.251597881317138672e-01
8.251597881317138672e-01
8.251597881317138672e-01
8.251597881317138672e-01
8.251597881317138672e-01
8.251597881317138672e-01
1.418884515762329102e+00
1.418884515762329102e+00
1.418884515762329102e+00
8.630334734916687012e-01
6.564314365386962891e-01
6.564314365386962891e-01
6.564314365386962891e-01
1.131058335304260254e+00
1.131058335304260254e+00
1.131058335304260254e+00
1.131058335304260254e+00
1.722251534461975098e+00
2.063777685165405273e+00
2.063777685165405273e+00
2.063777685165405273e+00
2.063777685165405273e+00
2.063777685165405273e+00
1.299124479293823242e+00
1.299124479293823242e+00
1.299124479293823242e+00
1.359660148620605469e+00
1.436497926712036133e+00
1.436497926712036133e+00
1.436497926712036133e+00
1.436497926712036133e+00
1.436497926712036133e+00
1.436497926712036133e+00
1.436497926712036133e+00
1.436497926712036133e+00
1.380736351013183594e+00
5.143641829490661621e-01
1.795736253261566162e-01
1.795736253261566162e-01
2.922070324420928955e-01
2.922070324420928955e-01
7.011785507202148438e-01
7.011785507202148438e-01
5.428385734558105469e-01
1.293508768081665039e+00
1.293508768081665039e+00
1.293508768081665039e+00
1.293508768081665039e+00
8.974533081054687500e-01
8.974533081054687500e-01
8.974533081054687500e-01
1.456426382064819336e-01
1.575110197067260742e+00
1.121572971343994141e+00
1.121572971343994141e+00
1.121572971343994141e+00
1.121572971343994141e+00
6.984748840332031250e-01
6.984748840332031250e-01
5.615806579589843750e-01
5.615806579589843750e-01
9.962311983108520508e-01
9.962311983108520508e-01
6.632733345031738281e-01
4.647059142589569092e-01
1.016480445861816406e+00
1.016480445861816406e+00
1.016480445861816406e+00
1.016480445861816406e+00
1.016480445861816406e+00
1.016480445861816406e+00
1.016480445861816406e+00
1.016480445861816406e+00
1.016480445861816406e+00
4.782602190971374512e-01
4.782602190971374512e-01
1.228969335556030273e+00
1.228969335556030273e+00
6.090435385704040527e-01
7.123077511787414551e-01
5.063981413841247559e-01
3.803197145462036133e-01
1.388830065727233887e+00
1.388830065727233887e+00
1.388830065727233887e+00
1.388830065727233887e+00
1.388830065727233887e+00
1.077421069145202637e+00
8.452024459838867188e-01
4.389736950397491455e-01
5.788765549659729004e-01
5.788765549659729004e-01
5.788765549659729004e-01
5.788765549659729004e-01
5.788765549659729004e-01
4.683351516723632812e-01
4.843446016311645508e-01
4.843446016311645508e-01
4.843446016311645508e-01
3.162970542907714844e-01
3.162970542907714844e-01
3.828898370265960693e-01
3.828898370265960693e-01
3.828898370265960693e-01
8.348656892776489258e-01
8.348656892776489258e-01
8.348656892776489258e-01
8.348656892776489258e-01
8.348656892776489258e-01
1.131268978118896484e+00
1.688963651657104492e+00
1.491051793098449707e+00
1.491051793098449707e+00
1.491051793098449707e+00
4.305902719497680664e-01
4.305902719497680664e-01
4.305902719497680664e-01
4.305902719497680664e-01
9.627094864845275879e-01
1.371022462844848633e+00
6.210010051727294922e-01
4.639733433723449707e-01
7.758429050445556641e-01
7.758429050445556641e-01
7.758429050445556641e-01
7.758429050445556641e-01
7.758429050445556641e-01
7.758429050445556641e-01
7.758429050445556641e-01
7.758429050445556641e-01
7.758429050445556641e-01
7.758429050445556641e-01
1.403611421585083008e+00
1.403611421585083008e+00
1.403611421585083008e+00
9.176049828529357910e-01
9.176049828529357910e-01
9.176049828529357910e-01
9.176049828529357910e-01
1.338773369789123535e+00
1.338773369789123535e+00
1.112636566162109375e+00
1.112636566162109375e+00
1.112636566162109375e+00
1.112636566162109375e+00
1.112636566162109375e+00
1.013468027114868164e+00
1.013468027114868164e+00
1.013468027114868164e+00
1.013468027114868164e+00
1.252652883529663086e+00
1.252652883529663086e+00
9.002593159675598145e-01
1.116075754165649414e+00
1.194311857223510742e+00
9.203950166702270508e-01
9.203950166702270508e-01
9.203950166702270508e-01
9.203950166702270508e-01
9.203950166702270508e-01
9.203950166702270508e-01
9.203950166702270508e-01
9.203950166702270508e-01
9.203950166702270508e-01
2.401691079139709473e-01
2.401691079139709473e-01
2.401691079139709473e-01
1.811754941940307617e+00
1.811754941940307617e+00
1.948713660240173340e+00
1.948713660240173340e+00
1.097734332084655762e+00
1.097734332084655762e+00
1.097734332084655762e+00
6.548383235931396484e-01
6.548383235931396484e-01
6.548383235931396484e-01
6.548383235931396484e-01
6.548383235931396484e-01
1.894483268260955811e-01
1.894483268260955811e-01
1.303665757179260254e+00
1.269062995910644531e+00
1.269062995910644531e+00
6.187273263931274414e-01
1.069922327995300293e+00
9.732798933982849121e-01
9.732798933982849121e-01
8.509765267372131348e-01
8.698650002479553223e-01
1.461259007453918457e+00
6.500527262687683105e-01
6.500527262687683105e-01
6.500527262687683105e-01
6.500527262687683105e-01
6.500527262687683105e-01
6.500527262687683105e-01
6.445670127868652344e-01
6.445670127868652344e-01
8.599309921264648438e-01
8.599309921264648438e-01
9.974699616432189941e-01
5.648915171623229980e-01
5.648915171623229980e-01
5.648915171623229980e-01
5.648915171623229980e-01
5.648915171623229980e-01
5.648915171623229980e-01
5.648915171623229980e-01
2.654855549335479736e-01
2.654855549335479736e-01
2.654855549335479736e-01
2.654855549335479736e-01
3.612695038318634033e-01
9.725146293640136719e-01
9.725146293640136719e-01
1.670479297637939453e+00
2.995157241821289062e-01
2.995157241821289062e-01
2.995157241821289062e-01
2.995157241821289062e-01
1.582000017166137695e+00
1.912687778472900391e+00
1.286270141601562500e+00
1.286270141601562500e+00
1.286270141601562500e+00
9.698764085769653320e-01
6.726406216621398926e-01
6.726406216621398926e-01
1.347422599792480469e+00
1.347422599792480469e+00
6.633926033973693848e-01
6.633926033973693848e-01
6.633926033973693848e-01
6.633926033973693848e-01
9.856831431388854980e-01
9.856831431388854980e-01
9.856831431388854980e-01
9.856831431388854980e-01
9.109503626823425293e-01
9.109503626823425293e-01
8.246254324913024902e-01
8.246254324913024902e-01
8.246254324913024902e-01
1.334531188011169434e+00
1.334531188011169434e+00
1.334531188011169434e+00
1.334531188011169434e+00
1.434952735900878906e+00
8.149142265319824219e-01
8.149142265319824219e-01
8.149142265319824219e-01
8.149142265319824219e-01
8.149142265319824219e-01
5.164927244186401367e-01
5.164927244186401367e-01
5.211926698684692383e-01
5.211926698684692383e-01
5.211926698684692383e-01
5.211926698684692383e-01
5.211926698684692383e-01
9.317356348037719727e-01
7.915855050086975098e-01
7.915855050086975098e-01
7.915855050086975098e-01
7.915855050086975098e-01
4.699321985244750977e-01
4.699321985244750977e-01
4.699321985244750977e-01
4.699321985244750977e-01
1.083589315414428711e+00
1.091054916381835938e+00
1.120391249656677246e+00
1.120391249656677246e+00
1.120391249656677246e+00
1.120391249656677246e+00
1.120391249656677246e+00
1.120391249656677246e+00
1.344842195510864258e+00
1.277328729629516602e+00
9.876316785812377930e-01
9.876316785812377930e-01
9.876316785812377930e-01
9.876316785812377930e-01
9.876316785812377930e-01
4.807394742965698242e-01
4.807394742965698242e-01
4.807394742965698242e-01
4.807394742965698242e-01
1.119764924049377441e+00
1.247899293899536133e+00
7.497388124465942383e-01
7.497388124465942383e-01
7.497388124465942383e-01
1.084490299224853516e+00
1.084490299224853516e+00
1.084490299224853516e+00
1.084490299224853516e+00
1.084490299224853516e+00
1.084490299224853516e+00
1.084490299224853516e+00
5.150976181030273438e-01
5.150976181030273438e-01
8.337191343307495117e-01
9.683039188385009766e-01
1.070174813270568848e+00
1.070174813270568848e+00
1.070174813270568848e+00
1.070174813270568848e+00
2.301656007766723633e-01
2.301656007766723633e-01
2.301656007766723633e-01
1.444539904594421387e+00
1.444539904594421387e+00
7.238003611564636230e-01
7.238003611564636230e-01
7.238003611564636230e-01
7.389093637466430664e-01
7.389093637466430664e-01
7.389093637466430664e-01
7.389093637466430664e-01
7.389093637466430664e-01
7.389093637466430664e-01
7.389093637466430664e-01
7.389093637466430664e-01
7.389093637466430664e-01
7.389093637466430664e-01
7.389093637466430664e-01
7.389093637466430664e-01
7.389093637466430664e-01
7.389093637466430664e-01
7.389093637466430664e-01
1.249408841133117676e+00
1.249408841133117676e+00
4.135732650756835938e-01
4.135732650756835938e-01
4.135732650756835938e-01
4.135732650756835938e-01
1.475918531417846680e+00
1.261103630065917969e+00
1.297111511230468750e+00
1.200264811515808105e+00
1.200264811515808105e+00
1.200264811515808105e+00
5.693573355674743652e-01
7.865533828735351562e-01
5.000829696655273438e-01
5.000829696655273438e-01
5.000829696655273438e-01
9.239505529403686523e-01
9.239505529403686523e-01
9.239505529403686523e-01
2.247883081436157227e-01
2.247883081436157227e-01
2.247883081436157227e-01
1.808586359024047852e+00
1.808586359024047852e+00
9.270392060279846191e-01
9.270392060279846191e-01
7.155372500419616699e-01
7.155372500419616699e-01
1.839797973632812500e+00
2.235691785812377930e+00
1.057257890701293945e+00
1.057257890701293945e+00
5.370830893516540527e-01
5.370830893516540527e-01
5.370830893516540527e-01
5.970475673675537109e-01
5.970475673675537109e-01
5.106481313705444336e-01
5.106481313705444336e-01
5.106481313705444336e-01
1.352335691452026367e+00
1.341166496276855469e+00
1.144627809524536133e+00
3.411314487457275391e-01
3.411314487457275391e-01
3.411314487457275391e-01
6.801919937133789062e-01
6.801919937133789062e-01
6.801919937133789062e-01
6.801919937133789062e-01
6.801919937133789062e-01
1.492540597915649414e+00
8.390275239944458008e-01
8.390275239944458008e-01
8.390275239944458008e-01
8.390275239944458008e-01
8.390275239944458008e-01
8.390275239944458008e-01
8.390275239944458008e-01
8.663309216499328613e-01
8.663309216499328613e-01
8.663309216499328613e-01
3.134112358093261719e-01
1.475461006164550781e+00
6.637046933174133301e-01
6.637046933174133301e-01
6.637046933174133301e-01
6.637046933174133301e-01
6.637046933174133301e-01
6.637046933174133301e-01
6.637046933174133301e-01
9.495217800140380859e-01
9.495217800140380859e-01
9.495217800140380859e-01
9.495217800140380859e-01
9.495217800140380859e-01
1.190449833869934082e+00
1.190449833869934082e+00
1.190449833869934082e+00
1.190449833869934082e+00
1.190449833869934082e+00
1.190449833869934082e+00
1.190449833869934082e+00
1.190449833869934082e+00
8.790162801742553711e-01
1.056426167488098145e+00
1.056426167488098145e+00
1.056426167488098145e+00
1.056426167488098145e+00
1.056426167488098145e+00
1.269372463226318359e+00
4.947251677513122559e-01
1.303851842880249023e+00
6.978555321693420410e-01
6.978555321693420410e-01
6.978555321693420410e-01
7.172971963882446289e-01
9.642562270164489746e-01
9.642562270164489746e-01
9.642562270164489746e-01
1.322368621826171875e+00
1.415548324584960938e+00
1.561561703681945801e+00
1.561561703681945801e+00
1.763240575790405273e+00
1.763240575790405273e+00
6.850885152816772461e-01
5.245960950851440430e-01
1.028799414634704590e+00
1.028799414634704590e+00
3.719862103462219238e-01
3.719862103462219238e-01
3.719862103462219238e-01
1.378540992736816406e+00
1.378540992736816406e+00
1.378540992736816406e+00
1.378540992736816406e+00
1.378540992736816406e+00
1.378540992736816406e+00
5.888466238975524902e-01
5.888466238975524902e-01
5.888466238975524902e-01
5.888466238975524902e-01
9.601256847381591797e-01
9.601256847381591797e-01
8.621007204055786133e-01
8.621007204055786133e-01
8.621007204055786133e-01
8.621007204055786133e-01
8.621007204055786133e-01
8.621007204055786133e-01
1.955789327621459961e-01
1.955789327621459961e-01
1.955789327621459961e-01
1.716422915458679199e+00
1.716422915458679199e+00
1.151690602302551270e+00
1.151690602302551270e+00
1.151690602302551270e+00
1.151690602302551270e+00
1.647111892700195312e+00
5.045338869094848633e-01
5.045338869094848633e-01
5.045338869094848633e-01
5.045338869094848633e-01
5.045338869094848633e-01
1.177205324172973633e+00
1.177205324172973633e+00
1.177205324172973633e+00
9.372992515563964844e-01
5.966335535049438477e-01
5.966335535049438477e-01
5.966335535049438477e-01
8.743233680725097656e-01
8.743233680725097656e-01
1.006898283958435059e+00
1.006898283958435059e+00
1.463069677352905273e+00
1.838790178298950195e+00
1.838790178298950195e+00
1.838790178298950195e+00
1.915646314620971680e+00
1.251925945281982422e+00
1.251925945281982422e+00
1.251925945281982422e+00
1.251925945281982422e+00
1.197785139083862305e+00
1.197785139083862305e+00
5.406454801559448242e-01
5.406454801559448242e-01
4.613771140575408936e-01
4.613771140575408936e-01
4.613771140575408936e-01
1.067246794700622559e+00
1.067246794700622559e+00
1.067246794700622559e+00
1.067246794700622559e+00
1.067246794700622559e+00
1.067246794700622559e+00
1.060335397720336914e+00
1.321502089500427246e+00
8.461931943893432617e-01
8.461931943893432617e-01
8.461931943893432617e-01
8.461931943893432617e-01
8.461931943893432617e-01
8.113068938255310059e-01
8.113068938255310059e-01
8.113068938255310059e-01
8.113068938255310059e-01
8.113068938255310059e-01
8.113068938255310059e-01
8.113068938255310059e-01
7.462173104286193848e-01
7.462173104286193848e-01
5.664154291152954102e-01
5.664154291152954102e-01
5.664154291152954102e-01
6.070154905319213867e-01
6.070154905319213867e-01
6.070154905319213867e-01
6.070154905319213867e-01
6.070154905319213867e-01
6.070154905319213867e-01
1.092449665069580078e+00
1.092449665069580078e+00
1.092449665069580078e+00
1.092449665069580078e+00
4.839368462562561035e-01
4.839368462562561035e-01
1.255999088287353516e+00
1.255999088287353516e+00
1.255999088287353516e+00
1.255999088287353516e+00
7.743313312530517578e-01
7.743313312530517578e-01
7.743313312530517578e-01
7.743313312530517578e-01
7.743313312530517578e-01
7.743313312530517578e-01
7.743313312530517578e-01
7.743313312530517578e-01
7.743313312530517578e-01
7.743313312530517578e-01
1.706512331962585449e+00
1.353101730346679688e+00
1.503855943679809570e+00
1.503855943679809570e+00
1.118289232254028320e+00
1.118289232254028320e+00
1.549499273300170898e+00
1.549499273300170898e+00
1.549499273300170898e+00
5.861313939094543457e-01
5.861313939094543457e-01
6.207247376441955566e-01
6.207247376441955566e-01
6.207247376441955566e-01
1.170704007148742676e+00
1.699962973594665527e+00
1.339577078819274902e+00
1.339577078819274902e+00
1.339577078819274902e+00
1.339577078819274902e+00
1.339577078819274902e+00
1.191328883171081543e+00
1.191328883171081543e+00
1.191328883171081543e+00
1.191328883171081543e+00
1.191328883171081543e+00
1.191328883171081543e+00
1.191328883171081543e+00
1.191328883171081543e+00
1.191328883171081543e+00
1.144771456718444824e+00
1.144771456718444824e+00
1.144771456718444824e+00
4.552989602088928223e-01
4.552989602088928223e-01
1.000371217727661133e+00
1.000371217727661133e+00
1.000371217727661133e+00
1.000371217727661133e+00
1.000371217727661133e+00
1.000371217727661133e+00
1.000371217727661133e+00
1.000371217727661133e+00
1.031599760055541992e+00
1.031599760055541992e+00
1.031599760055541992e+00
1.031599760055541992e+00
1.031599760055541992e+00
9.296875000000000000e-01
9.296875000000000000e-01
9.296875000000000000e-01
1.182833433151245117e+00
1.182833433151245117e+00
1.182833433151245117e+00
1.182833433151245117e+00
7.991387844085693359e-01
5.201103091239929199e-01
5.201103091239929199e-01
6.738805174827575684e-01
6.738805174827575684e-01
6.738805174827575684e-01
6.738805174827575684e-01
6.738805174827575684e-01
6.390826702117919922e-01
6.422234773635864258e-01
5.413708090782165527e-01
3.140270113945007324e-01
1.210672616958618164e+00
1.210672616958618164e+00
1.210672616958618164e+00
1.210672616958618164e+00
4.424539804458618164e-01
4.424539804458618164e-01
4.424539804458618164e-01
4.424539804458618164e-01
4.424539804458618164e-01
4.424539804458618164e-01
4.424539804458618164e-01
4.424539804458618164e-01
9.923006296157836914e-01
9.923006296157836914e-01
9.923006296157836914e-01
9.923006296157836914e-01
9.923006296157836914e-01
9.923006296157836914e-01
9.923006296157836914e-01
9.923006296157836914e-01
9.923006296157836914e-01
5.318922996520996094e-01
8.681212663650512695e-01
8.681212663650512695e-01
8.681212663650512695e-01
8.681212663650512695e-01
8.681212663650512695e-01
8.681212663650512695e-01
8.681212663650512695e-01
6.860860586166381836e-01
6.860860586166381836e-01
6.860860586166381836e-01
6.860860586166381836e-01
6.860860586166381836e-01
6.860860586166381836e-01
3.848275542259216309e-01
9.034089446067810059e-01
6.388164758682250977e-01
9.522393345832824707e-01
9.522393345832824707e-01
9.522393345832824707e-01
9.522393345832824707e-01
9.522393345832824707e-01
8.762084841728210449e-01
8.762084841728210449e-01
8.762084841728210449e-01
1.073018312454223633e+00
1.073018312454223633e+00
1.073018312454223633e+00
1.073018312454223633e+00
1.073018312454223633e+00
8.915053606033325195e-01
8.915053606033325195e-01
8.915053606033325195e-01
8.915053606033325195e-01
7.005226612091064453e-01
1.151874303817749023e+00
1.151874303817749023e+00
1.151874303817749023e+00
9.155999422073364258e-01
9.155999422073364258e-01
1.200888276100158691e+00
1.408789515495300293e+00
1.408789515495300293e+00
1.408789515495300293e+00
1.408789515495300293e+00
1.408789515495300293e+00
1.408789515495300293e+00
1.408789515495300293e+00
1.408789515495300293e+00
1.128091335296630859e+00
4.899497628211975098e-01
4.899497628211975098e-01
4.899497628211975098e-01
4.899497628211975098e-01
4.899497628211975098e-01
4.899497628211975098e-01
4.899497628211975098e-01
8.130719661712646484e-01
8.130719661712646484e-01
8.130719661712646484e-01
1.769392728805541992e+00
1.769392728805541992e+00
1.360278606414794922e+00
1.297114253044128418e+00
1.297114253044128418e+00
6.406930088996887207e-01
6.406930088996887207e-01
6.406930088996887207e-01
6.406930088996887207e-01
6.406930088996887207e-01
6.406930088996887207e-01
6.406930088996887207e-01
6.406930088996887207e-01
6.406930088996887207e-01
6.406930088996887207e-01
6.406930088996887207e-01
6.406930088996887207e-01
6.406930088996887207e-01
1.625389456748962402e+00
1.625389456748962402e+00
1.625389456748962402e+00
1.528942108154296875e+00
1.528942108154296875e+00
4.732147455215454102e-01
4.732147455215454102e-01
4.732147455215454102e-01
4.732147455215454102e-01
8.089507818222045898e-01
7.368544936180114746e-01
8.867840766906738281e-01
8.867840766906738281e-01
8.867840766906738281e-01
8.867840766906738281e-01
8.867840766906738281e-01
8.366923928260803223e-01
6.332646608352661133e-01
6.332646608352661133e-01
6.332646608352661133e-01
1.271955251693725586e+00
1.603241443634033203e+00
1.603241443634033203e+00
1.603241443634033203e+00
1.603241443634033203e+00
1.603241443634033203e+00
1.603241443634033203e+00
8.419134616851806641e-01
8.419134616851806641e-01
8.419134616851806641e-01
8.419134616851806641e-01
8.419134616851806641e-01
8.419134616851806641e-01
8.419134616851806641e-01
8.419134616851806641e-01
8.419134616851806641e-01
8.419134616851806641e-01
8.419134616851806641e-01
8.419134616851806641e-01
8.419134616851806641e-01
8.419134616851806641e-01
8.419134616851806641e-01
8.276475071907043457e-01
1.164054989814758301e+00
1.164054989814758301e+00
1.164054989814758301e+00
1.164054989814758301e+00
1.164054989814758301e+00
1.164054989814758301e+00
1.197661876678466797e+00
1.197661876678466797e+00
1.840496063232421875e+00
1.840496063232421875e+00
2.383306503295898438e+00
1.370845079421997070e+00
9.514786005020141602e-01
9.514786005020141602e-01
9.514786005020141602e-01
9.514786005020141602e-01
9.514786005020141602e-01
3.550400733947753906e-01
3.550400733947753906e-01
6.996133923530578613e-01
8.955330252647399902e-01
8.955330252647399902e-01
8.955330252647399902e-01
8.955330252647399902e-01
6.599038839340209961e-01
6.599038839340209961e-01
1.003669857978820801e+00
1.003669857978820801e+00
6.140415668487548828e-01
6.140415668487548828e-01
6.140415668487548828e-01
4.734881222248077393e-01
4.734881222248077393e-01
1.383132696151733398e+00
1.065836668014526367e+00
1.056720256805419922e+00
6.475402116775512695e-01
6.475402116775512695e-01
6.475402116775512695e-01
6.475402116775512695e-01
6.475402116775512695e-01
1.127029061317443848e+00
7.036508917808532715e-01
7.036508917808532715e-01
1.068683028221130371e+00
6.648370027542114258e-01
9.791005849838256836e-01
9.791005849838256836e-01
2.414111495018005371e-01
2.414111495018005371e-01
2.414111495018005371e-01
2.414111495018005371e-01
5.373920202255249023e-01
3.078310489654541016e-01
3.078310489654541016e-01
3.078310489654541016e-01
3.078310489654541016e-01
4.949610531330108643e-01
4.949610531330108643e-01
4.949610531330108643e-01
4.949610531330108643e-01
4.949610531330108643e-01
4.949610531330108643e-01
2.742169499397277832e-01
1.264062166213989258e+00
1.264062166213989258e+00
1.264062166213989258e+00
1.264062166213989258e+00
1.264062166213989258e+00
1.166830301284790039e+00
1.166830301284790039e+00
1.166830301284790039e+00
7.957851886749267578e-01
1.406677126884460449e+00
7.688692808151245117e-01
7.407053112983703613e-01
4.742448329925537109e-01
4.742448329925537109e-01
4.742448329925537109e-01
4.742448329925537109e-01
6.021087169647216797e-01
1.724354505538940430e+00
4.014115333557128906e-01
1.079726576805114746e+00
1.079726576805114746e+00
1.079726576805114746e+00
1.079726576805114746e+00
1.469650745391845703e+00
1.259855985641479492e+00
1.259855985641479492e+00
1.259855985641479492e+00
8.958610296249389648e-01
8.958610296249389648e-01
8.958610296249389648e-01
8.958610296249389648e-01
8.958610296249389648e-01
8.958610296249389648e-01
8.958610296249389648e-01
8.958610296249389648e-01
5.735797286033630371e-01
5.735797286033630371e-01
8.231952786445617676e-01
8.231952786445617676e-01
3.143351674079895020e-01
3.143351674079895020e-01
3.143351674079895020e-01
3.143351674079895020e-01
1.189661264419555664e+00
5.085062384605407715e-01
5.085062384605407715e-01
5.085062384605407715e-01
5.085062384605407715e-01
5.085062384605407715e-01
5.085062384605407715e-01
5.085062384605407715e-01
5.085062384605407715e-01
5.441811084747314453e-01
1.158023357391357422e+00
1.750981807708740234e+00
1.750981807708740234e+00
1.750981807708740234e+00
1.750981807708740234e+00
1.159098148345947266e+00
1.159098148345947266e+00
1.159098148345947266e+00
1.159098148345947266e+00
1.159098148345947266e+00
8.518606424331665039e-01
8.518606424331665039e-01
8.518606424331665039e-01
8.518606424331665039e-01
8.518606424331665039e-01
8.518606424331665039e-01
8.518606424331665039e-01
8.518606424331665039e-01
8.518606424331665039e-01
8.518606424331665039e-01
7.689163088798522949e-01
7.689163088798522949e-01
7.689163088798522949e-01
7.689163088798522949e-01
7.998264431953430176e-01
7.998264431953430176e-01
7.998264431953430176e-01
7.998264431953430176e-01
7.998264431953430176e-01
7.998264431953430176e-01
7.998264431953430176e-01
4.826053082942962646e-01
4.826053082942962646e-01
1.164174914360046387e+00
9.478307962417602539e-01
1.071614384651184082e+00
1.071614384651184082e+00
1.071614384651184082e+00
1.071614384651184082e+00
1.138503909111022949e+00
7.875785827636718750e-01
1.516018748283386230e+00
5.369032025337219238e-01
5.369032025337219238e-01
5.369032025337219238e-01
7.537112236022949219e-01
1.850354671478271484e+00
1.850354671478271484e+00
1.251382827758789062e+00
1.251382827758789062e+00
1.548995256423950195e+00
1.548995256423950195e+00
1.398812294006347656e+00
1.398812294006347656e+00
1.398812294006347656e+00
1.398812294006347656e+00
1.398812294006347656e+00
5.256037116050720215e-01
5.256037116050720215e-01
5.256037116050720215e-01
5.256037116050720215e-01
4.346948862075805664e-01
4.346948862075805664e-01
4.346948862075805664e-01
4.346948862075805664e-01
4.346948862075805664e-01
4.292034804821014404e-01
4.292034804821014404e-01
1.368214607238769531e+00
1.368214607238769531e+00
7.521756887435913086e-01
7.521756887435913086e-01
7.521756887435913086e-01
7.521756887435913086e-01
7.521756887435913086e-01
7.521756887435913086e-01
7.521756887435913086e-01
7.521756887435913086e-01
1.433358669281005859e+00
1.433358669281005859e+00
1.433358669281005859e+00
1.240068078041076660e+00
1.240068078041076660e+00
1.240068078041076660e+00
7.167841196060180664e-01
7.168658971786499023e-01
7.168658971786499023e-01
1.047017574310302734e+00
1.047017574310302734e+00
1.047017574310302734e+00
1.047017574310302734e+00
8.899428248405456543e-01
8.899428248405456543e-01
8.899428248405456543e-01
8.899428248405456543e-01
8.899428248405456543e-01
8.899428248405456543e-01
8.899428248405456543e-01
1.337792038917541504e+00
1.337792038917541504e+00
1.726460933685302734e+00
1.726460933685302734e+00
1.726460933685302734e+00
1.350491881370544434e+00
1.488273501396179199e+00
3.580995798110961914e-01
7.383840680122375488e-01
7.383840680122375488e-01
6.566170454025268555e-01
6.566170454025268555e-01
6.566170454025268555e-01
6.566170454025268555e-01
6.932918429374694824e-01
1.101232528686523438e+00
1.101232528686523438e+00
1.180601000785827637e+00
4.327257275581359863e-01
1.539195299148559570e+00
1.539195299148559570e+00
1.483783960342407227e+00
9.353860020637512207e-01
9.353860020637512207e-01
1.235748291015625000e+00
1.041555643081665039e+00
1.041555643081665039e+00
1.273230433464050293e+00
1.273230433464050293e+00
1.273230433464050293e+00
1.199935555458068848e+00
1.499015092849731445e-01
5.754753947257995605e-01
6.437652707099914551e-01
6.437652707099914551e-01
6.437652707099914551e-01
6.437652707099914551e-01
6.437652707099914551e-01
1.147883176803588867e+00
1.147883176803588867e+00
1.784613132476806641e+00
1.637266516685485840e+00
1.637266516685485840e+00
1.986407399177551270e+00
1.142453670501708984e+00
9.847818613052368164e-01
1.240280032157897949e+00
8.106750249862670898e-01
5.397220253944396973e-01
5.397220253944396973e-01
5.397220253944396973e-01
5.397220253944396973e-01
7.290201187133789062e-01
8.637982606887817383e-01
8.637982606887817383e-01
8.637982606887817383e-01
8.637982606887817383e-01
8.637982606887817383e-01
1.576737403869628906e+00
1.576737403869628906e+00
3.338319063186645508e-01
3.338319063186645508e-01
3.338319063186645508e-01
3.338319063186645508e-01
1.486319422721862793e+00
1.486319422721862793e+00
1.486319422721862793e+00
1.412008523941040039e+00
4.865718483924865723e-01
4.865718483924865723e-01
1.084408998489379883e+00
1.290277004241943359e+00
1.290277004241943359e+00
1.290277004241943359e+00
1.290277004241943359e+00
5.527239441871643066e-01
5.527239441871643066e-01
5.527239441871643066e-01
5.527239441871643066e-01
5.527239441871643066e-01
5.527239441871643066e-01
5.527239441871643066e-01
6.545611023902893066e-01
6.545611023902893066e-01
6.545611023902893066e-01
7.969580888748168945e-01
7.253878712654113770e-01
7.253878712654113770e-01
7.253878712654113770e-01
7.253878712654113770e-01
4.881451725959777832e-01
1.015145897865295410e+00
1.015145897865295410e+00
1.064331412315368652e+00
1.064331412315368652e+00
1.064331412315368652e+00
9.817456007003784180e-01
9.817456007003784180e-01
1.059682607650756836e+00
4.004853367805480957e-01
4.004853367805480957e-01
1.101766586303710938e+00
1.568022370338439941e+00
2.009609699249267578e+00
1.311580300331115723e+00
1.311580300331115723e+00
1.497621417045593262e+00
1.497621417045593262e+00
2.076029300689697266e+00
2.303895950317382812e+00
2.303895950317382812e+00
8.624126911163330078e-01
1.603683471679687500e+00
1.603683471679687500e+00
1.603683471679687500e+00
1.046954393386840820e+00
1.050900220870971680e+00
3.848791718482971191e-01
3.848791718482971191e-01
7.578277587890625000e-01
7.578277587890625000e-01
1.409032702445983887e+00
1.736124753952026367e-01
9.369158148765563965e-01
1.234296321868896484e+00
1.234296321868896484e+00
1.234296321868896484e+00
1.012834548950195312e+00
8.843482732772827148e-01
8.843482732772827148e-01
1.744217157363891602e+00
1.704984426498413086e+00
1.483763456344604492e+00
1.483763456344604492e+00
1.483763456344604492e+00
1.272087812423706055e+00
1.272087812423706055e+00
1.389355301856994629e+00
1.389355301856994629e+00
1.389355301856994629e+00
1.684393167495727539e+00
1.684393167495727539e+00
1.684393167495727539e+00
1.684393167495727539e+00
1.750731348991394043e+00
2.196250438690185547e+00
2.196250438690185547e+00
2.196250438690185547e+00
2.431489229202270508e-01
2.431489229202270508e-01
2.431489229202270508e-01
2.431489229202270508e-01
1.270322561264038086e+00
1.224228262901306152e+00
1.224228262901306152e+00
1.157095551490783691e+00
1.157095551490783691e+00
1.157095551490783691e+00
1.159511208534240723e+00
8.802694082260131836e-01
8.802694082260131836e-01
7.692886590957641602e-01
7.692886590957641602e-01
1.010373830795288086e+00
1.010373830795288086e+00
1.010373830795288086e+00
6.573752164840698242e-01
8.270609974861145020e-01
8.270609974861145020e-01
4.606346487998962402e-01
1.924748659133911133e+00
8.202630281448364258e-01
4.531173706054687500e-01
4.531173706054687500e-01
4.531173706054687500e-01
7.524453401565551758e-01
1.404217839241027832e+00
1.404217839241027832e+00
1.202172040939331055e+00
1.202172040939331055e+00
1.202172040939331055e+00
1.202172040939331055e+00
1.202172040939331055e+00
1.202172040939331055e+00
1.202172040939331055e+00
1.202172040939331055e+00
1.202172040939331055e+00
1.202172040939331055e+00
1.247563719749450684e+00
1.247563719749450684e+00
1.224721908569335938e+00
1.224721908569335938e+00
4.290407299995422363e-01
4.290407299995422363e-01
1.042248487472534180e+00
1.042248487472534180e+00
1.042248487472534180e+00
7.808090448379516602e-01
7.808090448379516602e-01
7.808090448379516602e-01
7.808090448379516602e-01
7.808090448379516602e-01
3.739101588726043701e-01
3.739101588726043701e-01
4.790811836719512939e-01
4.790811836719512939e-01
8.280922174453735352e-01
6.900858879089355469e-01
6.900858879089355469e-01
6.900858879089355469e-01
6.900858879089355469e-01
2.994078993797302246e-01
2.994078993797302246e-01
2.994078993797302246e-01
2.994078993797302246e-01
2.994078993797302246e-01
2.994078993797302246e-01
2.994078993797302246e-01
2.994078993797302246e-01
2.994078993797302246e-01
2.994078993797302246e-01
2.994078993797302246e-01
2.994078993797302246e-01
2.994078993797302246e-01
2.994078993797302246e-01
2.994078993797302246e-01
2.994078993797302246e-01
2.994078993797302246e-01
6.543873548507690430e-01
1.581459283828735352e+00
1.581459283828735352e+00
1.581459283828735352e+00
1.581459283828735352e+00
1.581459283828735352e+00
1.097746372222900391e+00
6.499474048614501953e-01
6.499474048614501953e-01
5.467380881309509277e-01
5.467380881309509277e-01
5.467380881309509277e-01
5.467380881309509277e-01
5.467380881309509277e-01
4.389112591743469238e-01
4.389112591743469238e-01
4.389112591743469238e-01
1.590055704116821289e+00
1.590055704116821289e+00
1.590055704116821289e+00
1.553469777107238770e+00
7.668202519416809082e-01
7.668202519416809082e-01
6.764826178550720215e-01
6.764826178550720215e-01
1.130627393722534180e+00
1.099710941314697266e+00
1.099710941314697266e+00
1.099710941314697266e+00
1.099710941314697266e+00
9.624108672142028809e-01
9.624108672142028809e-01
9.624108672142028809e-01
9.624108672142028809e-01
9.624108672142028809e-01
1.523124337196350098e+00
1.523124337196350098e+00
1.027945876121520996e+00
1.027945876121520996e+00
1.027945876121520996e+00
1.027945876121520996e+00
6.270843148231506348e-01
6.270843148231506348e-01
6.270843148231506348e-01
6.270843148231506348e-01
7.920338511466979980e-01
7.920338511466979980e-01
7.920338511466979980e-01
7.920338511466979980e-01
7.920338511466979980e-01
7.920338511466979980e-01
7.920338511466979980e-01
4.260083734989166260e-01
4.260083734989166260e-01
4.260083734989166260e-01
1.504609942436218262e+00
1.504609942436218262e+00
1.504609942436218262e+00
1.504609942436218262e+00
1.504609942436218262e+00
1.504609942436218262e+00
5.852723121643066406e-01
5.852723121643066406e-01
7.095600962638854980e-01
7.095600962638854980e-01
7.095600962638854980e-01
3.846801519393920898e-01
3.846801519393920898e-01
9.096828699111938477e-01
9.096828699111938477e-01
9.096828699111938477e-01
9.220241904258728027e-01
9.220241904258728027e-01
9.220241904258728027e-01
9.220241904258728027e-01
3.092486858367919922e-01
3.092486858367919922e-01
3.092486858367919922e-01
3.092486858367919922e-01
1.347109317779541016e+00
1.347109317779541016e+00
1.347109317779541016e+00
1.347109317779541016e+00
1.347109317779541016e+00
1.347109317779541016e+00
1.347109317779541016e+00
8.729552030563354492e-01
9.938500523567199707e-01
7.485374808311462402e-01
7.485374808311462402e-01
7.485374808311462402e-01
7.485374808311462402e-01
7.485374808311462402e-01
7.485374808311462402e-01
1.396908640861511230e+00
1.396908640861511230e+00
1.396908640861511230e+00
7.553764581680297852e-01
1.012034654617309570e+00
1.012034654617309570e+00
5.967185497283935547e-01
5.967185497283935547e-01
4.122639894485473633e-01
4.122639894485473633e-01
4.122639894485473633e-01
1.702873587608337402e+00
1.702873587608337402e+00
1.702873587608337402e+00
1.377743363380432129e+00
1.377743363380432129e+00
4.848066568374633789e-01
4.848066568374633789e-01
4.848066568374633789e-01
4.848066568374633789e-01
1.230109214782714844e+00
2.210363864898681641e+00
2.210363864898681641e+00
2.210363864898681641e+00
1.784937500953674316e+00
1.438090085983276367e+00
9.230544567108154297e-01
9.230544567108154297e-01
9.230544567108154297e-01
9.230544567108154297e-01
9.230544567108154297e-01
9.230544567108154297e-01
1.003531217575073242e+00
8.471531867980957031e-01
8.471531867980957031e-01
5.473943948745727539e-01
5.473943948745727539e-01
5.473943948745727539e-01
5.473943948745727539e-01
6.362058520317077637e-01
6.362058520317077637e-01
6.362058520317077637e-01
6.362058520317077637e-01
6.362058520317077637e-01
6.362058520317077637e-01
6.362058520317077637e-01
6.362058520317077637e-01
4.367000162601470947e-01
4.367000162601470947e-01
4.367000162601470947e-01
4.367000162601470947e-01
4.367000162601470947e-01
4.813917875289916992e-01
7.948955297470092773e-01
7.948955297470092773e-01
1.044683218002319336e+00
1.917998790740966797e-01
1.917998790740966797e-01
1.836030036211013794e-01
1.836030036211013794e-01
1.373207569122314453e+00
1.373207569122314453e+00
1.373207569122314453e+00
1.373207569122314453e+00
1.373207569122314453e+00
1.621752619743347168e+00
1.612366914749145508e+00
1.156650185585021973e+00
1.156650185585021973e+00
1.156650185585021973e+00
1.156650185585021973e+00
1.156650185585021973e+00
3.636794090270996094e-01
5.736427307128906250e-01
5.736427307128906250e-01
1.094760894775390625e+00
6.202447414398193359e-01
6.202447414398193359e-01
2.810635566711425781e-01
2.810635566711425781e-01
3.468421697616577148e-01
3.468421697616577148e-01
3.468421697616577148e-01
3.468421697616577148e-01
7.695099115371704102e-01
7.695099115371704102e-01
7.695099115371704102e-01
7.695099115371704102e-01
3.895432651042938232e-01
7.056748867034912109e-01
7.056748867034912109e-01
7.056748867034912109e-01
7.056748867034912109e-01
7.056748867034912109e-01
7.056748867034912109e-01
7.056748867034912109e-01
7.056748867034912109e-01
7.056748867034912109e-01
1.267971277236938477e+00
1.267971277236938477e+00
1.093051910400390625e+00
3.903120160102844238e-01
3.903120160102844238e-01
3.903120160102844238e-01
1.054430484771728516e+00
1.054430484771728516e+00
1.054430484771728516e+00
1.054430484771728516e+00
1.054430484771728516e+00
8.506274223327636719e-01
8.506274223327636719e-01
8.506274223327636719e-01
1.021433234214782715e+00
1.021433234214782715e+00
1.021433234214782715e+00
1.021433234214782715e+00
9.024989604949951172e-01
9.024989604949951172e-01
9.024989604949951172e-01
9.024989604949951172e-01
7.207026481628417969e-01
7.207026481628417969e-01
7.207026481628417969e-01
7.207026481628417969e-01
7.207026481628417969e-01
7.207026481628417969e-01
7.207026481628417969e-01
7.207026481628417969e-01
9.617086052894592285e-01
9.617086052894592285e-01
9.617086052894592285e-01
9.617086052894592285e-01
1.498318910598754883e+00
1.498318910598754883e+00
1.829215288162231445e+00
1.829215288162231445e+00
4.643443822860717773e-01
4.643443822860717773e-01
4.643443822860717773e-01
5.567130446434020996e-01
4.449365139007568359e-01
1.085598707199096680e+00
1.085598707199096680e+00
1.629806518554687500e+00
1.380039095878601074e+00
1.232576966285705566e+00
1.345854282379150391e+00
1.345854282379150391e+00
1.345854282379150391e+00
1.345854282379150391e+00
1.345854282379150391e+00
1.345854282379150391e+00
1.345854282379150391e+00
1.345854282379150391e+00
1.345854282379150391e+00
1.345854282379150391e+00
8.508434295654296875e-01
4.454310238361358643e-01
4.454310238361358643e-01
2.853345870971679688e-01
2.853345870971679688e-01
8.245231509208679199e-01
8.245231509208679199e-01
8.245231509208679199e-01
8.245231509208679199e-01
8.245231509208679199e-01
8.245231509208679199e-01
8.245231509208679199e-01
6.053313016891479492e-01
7.847231626510620117e-01
7.847231626510620117e-01
7.847231626510620117e-01
1.319906711578369141e+00
1.319906711578369141e+00
1.319906711578369141e+00
1.195177197456359863e+00
1.195177197456359863e+00
1.195177197456359863e+00
1.049318909645080566e+00
1.049318909645080566e+00
7.839276790618896484e-01
7.122611403465270996e-01
6.989952921867370605e-01
6.989952921867370605e-01
6.989952921867370605e-01
1.176436901092529297e+00
1.176436901092529297e+00
8.437739610671997070e-01
8.437739610671997070e-01
8.437739610671997070e-01
8.437739610671997070e-01
8.437739610671997070e-01
8.437739610671997070e-01
8.437739610671997070e-01
8.437739610671997070e-01
1.424508333206176758e+00
5.125913023948669434e-01
5.125913023948669434e-01
5.125913023948669434e-01
5.125913023948669434e-01
5.125913023948669434e-01
5.125913023948669434e-01
5.125913023948669434e-01
5.125913023948669434e-01
5.125913023948669434e-01
5.125913023948669434e-01
5.125913023948669434e-01
1.689588785171508789e+00
1.982681155204772949e+00
1.982681155204772949e+00
1.672529697418212891e+00
1.672529697418212891e+00
1.672529697418212891e+00
1.672529697418212891e+00
1.672529697418212891e+00
8.399155735969543457e-01
5.514482259750366211e-01
5.514482259750366211e-01
1.419345617294311523e+00
9.486469030380249023e-01
9.486469030380249023e-01
9.486469030380249023e-01
9.486469030380249023e-01
1.708172082901000977e+00
1.708172082901000977e+00
1.708172082901000977e+00
9.427548646926879883e-01
5.741233825683593750e-01
1.031898975372314453e+00
1.031898975372314453e+00
5.599322319030761719e-01
5.599322319030761719e-01
5.599322319030761719e-01
5.599322319030761719e-01
7.746285200119018555e-01
7.746285200119018555e-01
7.746285200119018555e-01
7.746285200119018555e-01
7.746285200119018555e-01
7.746285200119018555e-01
7.746285200119018555e-01
7.746285200119018555e-01
7.746285200119018555e-01
9.995052218437194824e-01
9.995052218437194824e-01
9.995052218437194824e-01
9.995052218437194824e-01
1.372171282768249512e+00
1.372171282768249512e+00
1.372171282768249512e+00
1.649959087371826172e+00
1.649959087371826172e+00
2.368771314620971680e+00
2.368771314620971680e+00
2.368771314620971680e+00
1.310061216354370117e+00
1.310061216354370117e+00
6.060171127319335938e-01
6.060171127319335938e-01
6.060171127319335938e-01
6.483030915260314941e-01
6.483030915260314941e-01
6.483030915260314941e-01
1.032291293144226074e+00
4.407656192779541016e-01
4.407656192779541016e-01
4.407656192779541016e-01
1.049056529998779297e+00
1.049056529998779297e+00
4.998757243156433105e-01
1.274589300155639648e+00
1.274589300155639648e+00
1.274589300155639648e+00
1.274589300155639648e+00
7.345215678215026855e-01
7.345215678215026855e-01
7.345215678215026855e-01
7.345215678215026855e-01
7.345215678215026855e-01
3.867974579334259033e-01
8.285646438598632812e-01
6.912871599197387695e-01
6.912871599197387695e-01
6.912871599197387695e-01
6.912871599197387695e-01
3.755853474140167236e-01
3.755853474140167236e-01
1.218285441398620605e+00
1.377120494842529297e+00
1.377120494842529297e+00
1.377120494842529297e+00
1.377120494842529297e+00
1.377120494842529297e+00
1.377120494842529297e+00
3.863754272460937500e-01
3.863754272460937500e-01
3.863754272460937500e-01
9.201074242591857910e-01
9.201074242591857910e-01
9.201074242591857910e-01
9.201074242591857910e-01
9.201074242591857910e-01
9.201074242591857910e-01
9.201074242591857910e-01
9.201074242591857910e-01
3.035721778869628906e-01
6.450164318084716797e-01
6.450164318084716797e-01
6.450164318084716797e-01
1.520685553550720215e+00
6.905549168586730957e-01
6.905549168586730957e-01
1.548552989959716797e+00
1.548552989959716797e+00
9.622976779937744141e-01
9.622976779937744141e-01
9.622976779937744141e-01
9.622976779937744141e-01
9.622976779937744141e-01
8.019657731056213379e-01
8.019657731056213379e-01
6.455236673355102539e-01
6.455236673355102539e-01
5.838228464126586914e-01
5.838228464126586914e-01
6.615170240402221680e-01
6.615170240402221680e-01
6.615170240402221680e-01
6.615170240402221680e-01
1.104597330093383789e+00
4.355899691581726074e-01
4.355899691581726074e-01
8.776035904884338379e-01
8.776035904884338379e-01
8.776035904884338379e-01
8.776035904884338379e-01
8.776035904884338379e-01
5.768979787826538086e-01
1.277452230453491211e+00
7.006004452705383301e-01
7.006004452705383301e-01
6.681336164474487305e-01
8.124802708625793457e-01
1.892030239105224609e+00
1.892030239105224609e+00
1.462203860282897949e+00
1.462203860282897949e+00
1.609634160995483398e+00
1.609634160995483398e+00
5.824614763259887695e-01
5.824614763259887695e-01
8.177229762077331543e-01
8.177229762077331543e-01
8.177229762077331543e-01
8.177229762077331543e-01
8.177229762077331543e-01
1.361678361892700195e+00
1.217903494834899902e+00
1.123232960700988770e+00
1.026078224182128906e+00
1.026078224182128906e+00
1.340607404708862305e+00
1.340607404708862305e+00
1.340607404708862305e+00
1.340607404708862305e+00
1.083135843276977539e+00
1.402407169342041016e+00
4.464734196662902832e-01
4.464734196662902832e-01
5.899600982666015625e-01
5.899600982666015625e-01
5.899600982666015625e-01
7.924557924270629883e-01
7.924557924270629883e-01
7.924557924270629883e-01
8.418812155723571777e-01
8.418812155723571777e-01
8.418812155723571777e-01
8.418812155723571777e-01
3.873159587383270264e-01
1.139267563819885254e+00
1.139267563819885254e+00
1.139267563819885254e+00
1.139267563819885254e+00
1.139267563819885254e+00
8.243246078491210938e-01
8.243246078491210938e-01
8.243246078491210938e-01
8.243246078491210938e-01
8.243246078491210938e-01
8.901654481887817383e-01
8.901654481887817383e-01
1.577286005020141602e+00
6.866297721862792969e-01
6.866297721862792969e-01
6.866297721862792969e-01
6.866297721862792969e-01
6.866297721862792969e-01
6.831469535827636719e-01
6.831469535827636719e-01
6.831469535827636719e-01
6.831469535827636719e-01
6.831469535827636719e-01
6.831469535827636719e-01
1.742382287979125977e+00
2.011479854583740234e+00
1.620849609375000000e+00
8.787987232208251953e-01
8.787987232208251953e-01
8.787987232208251953e-01
8.787987232208251953e-01
8.787987232208251953e-01
3.538770675659179688e-01
3.538770675659179688e-01
7.895181179046630859e-01
7.895181179046630859e-01
7.394595742225646973e-01
1.111659765243530273e+00
1.111659765243530273e+00
1.111659765243530273e+00
1.111659765243530273e+00
7.993997335433959961e-01
7.993997335433959961e-01
3.303538858890533447e-01
5.624506473541259766e-01
5.624506473541259766e-01
5.624506473541259766e-01
1.229704856872558594e+00
1.229704856872558594e+00
1.201358675956726074e+00
1.201358675956726074e+00
1.201358675956726074e+00
1.201358675956726074e+00
9.437192678451538086e-01
9.773327708244323730e-01
9.773327708244323730e-01
6.212419271469116211e-01
6.212419271469116211e-01
6.212419271469116211e-01
6.212419271469116211e-01
6.212419271469116211e-01
6.212419271469116211e-01
6.212419271469116211e-01
6.212419271469116211e-01
6.212419271469116211e-01
9.081387519836425781e-01
9.081387519836425781e-01
9.081387519836425781e-01
9.081387519836425781e-01
9.081387519836425781e-01
9.081387519836425781e-01
9.081387519836425781e-01
9.081387519836425781e-01
9.081387519836425781e-01
5.493494868278503418e-01
4.387854933738708496e-01
3.250805735588073730e-01
9.515016674995422363e-01
9.515016674995422363e-01
9.515016674995422363e-01
9.515016674995422363e-01
9.515016674995422363e-01
9.515016674995422363e-01
9.515016674995422363e-01
9.515016674995422363e-01
3.247334361076354980e-01
2.906643450260162354e-01
2.906643450260162354e-01
3.567167520523071289e-01
3.567167520523071289e-01
2.236786186695098877e-01
1.365902543067932129e+00
9.325294494628906250e-01
1.481502294540405273e+00
1.481502294540405273e+00
1.013800024986267090e+00
1.212699174880981445e+00
1.212699174880981445e+00
1.212699174880981445e+00
1.212699174880981445e+00
1.212699174880981445e+00
1.212699174880981445e+00
1.212699174880981445e+00
1.212699174880981445e+00
1.212699174880981445e+00
1.212699174880981445e+00
1.212699174880981445e+00
1.212699174880981445e+00
1.305221319198608398e+00
1.305221319198608398e+00
1.305221319198608398e+00
1.305221319198608398e+00
1.180820822715759277e+00
1.180820822715759277e+00
1.383932352066040039e+00
6.012997627258300781e-01
6.012997627258300781e-01
6.012997627258300781e-01
1.165772080421447754e+00
5.835228562355041504e-01
5.835228562355041504e-01
5.835228562355041504e-01
6.745948791503906250e-01
5.308351516723632812e-01
1.431519627571105957e+00
1.431519627571105957e+00
1.431519627571105957e+00
1.431519627571105957e+00
1.249412059783935547e+00
1.328791022300720215e+00
1.328791022300720215e+00
1.328791022300720215e+00
8.068370223045349121e-01
8.068370223045349121e-01
8.068370223045349121e-01
8.068370223045349121e-01
8.068370223045349121e-01
8.068370223045349121e-01
8.068370223045349121e-01
8.068370223045349121e-01
1.329328298568725586e+00
1.329328298568725586e+00
5.993888378143310547e-01
5.993888378143310547e-01
5.993888378143310547e-01
5.993888378143310547e-01
5.993888378143310547e-01
5.993888378143310547e-01
5.569031834602355957e-01
5.569031834602355957e-01
1.713110685348510742e+00
1.713110685348510742e+00
7.235576510429382324e-01
7.235576510429382324e-01
7.235576510429382324e-01
7.235576510429382324e-01
7.235576510429382324e-01
1.300630927085876465e+00
1.300630927085876465e+00
3.398242592811584473e-01
6.252486109733581543e-01
6.252486109733581543e-01
6.252486109733581543e-01
7.806764245033264160e-01
7.130633592605590820e-01
7.039486765861511230e-01
7.039486765861511230e-01
7.039486765861511230e-01
5.259577035903930664e-01
5.259577035903930664e-01
5.259577035903930664e-01
5.259577035903930664e-01
5.259577035903930664e-01
1.330072879791259766e+00
1.330072879791259766e+00
1.330072879791259766e+00
1.330072879791259766e+00
4.347688555717468262e-01
6.147605776786804199e-01
6.147605776786804199e-01
6.147605776786804199e-01
6.147605776786804199e-01
6.147605776786804199e-01
6.147605776786804199e-01
1.153827667236328125e+00
1.584054946899414062e+00
1.584054946899414062e+00
1.369168877601623535e+00
9.370821118354797363e-01
8.644242882728576660e-01
8.644242882728576660e-01
8.644242882728576660e-01
7.087960243225097656e-01
7.087960243225097656e-01
7.087960243225097656e-01
7.087960243225097656e-01
7.087960243225097656e-01
2.046951293945312500e+00
2.046951293945312500e+00
2.008426666259765625e+00
1.622015595436096191e+00
3.663622140884399414e-01
3.663622140884399414e-01
3.663622140884399414e-01
1.896651625633239746e+00
1.073606848716735840e+00
7.178204059600830078e-01
7.178204059600830078e-01
7.178204059600830078e-01
7.178204059600830078e-01
7.178204059600830078e-01
1.498197317123413086e+00
7.953827977180480957e-01
1.297330260276794434e+00
8.084485530853271484e-01
4.916861951351165771e-01
4.916861951351165771e-01
4.916861951351165771e-01
4.916861951351165771e-01
4.916861951351165771e-01
4.916861951351165771e-01
4.916861951351165771e-01
4.916861951351165771e-01
4.916861951351165771e-01
1.161796808242797852e+00
1.161796808242797852e+00
1.161796808242797852e+00
1.651511788368225098e+00
1.578200697898864746e+00
7.859006524085998535e-01
6.085875034332275391e-01
6.085875034332275391e-01
6.085875034332275391e-01
9.131357669830322266e-01
9.131357669830322266e-01
6.861199140548706055e-01
6.861199140548706055e-01
6.861199140548706055e-01
6.861199140548706055e-01
6.861199140548706055e-01
6.861199140548706055e-01
6.861199140548706055e-01
9.699237346649169922e-01
9.699237346649169922e-01
9.699237346649169922e-01
9.699237346649169922e-01
1.721373319625854492e+00
1.540044426918029785e+00
1.540044426918029785e+00
1.540044426918029785e+00
1.540044426918029785e+00
1.540044426918029785e+00
1.540044426918029785e+00
1.206194996833801270e+00
1.206194996833801270e+00
1.206194996833801270e+00
1.206194996833801270e+00
1.180764079093933105e+00
1.180764079093933105e+00
1.180764079093933105e+00
1.180764079093933105e+00
1.180764079093933105e+00
1.180764079093933105e+00
1.180764079093933105e+00
1.180764079093933105e+00
1.180764079093933105e+00
1.032578587532043457e+00
1.032578587532043457e+00
1.460849523544311523e+00
1.460849523544311523e+00
1.460849523544311523e+00
1.701758146286010742e+00
1.456084489822387695e+00
1.456084489822387695e+00
4.350693225860595703e-01
4.350693225860595703e-01
1.443616628646850586e+00
1.443616628646850586e+00
1.655302047729492188e+00
1.655302047729492188e+00
1.655302047729492188e+00
1.655302047729492188e+00
4.471322298049926758e-01
1.001825571060180664e+00
1.001825571060180664e+00
1.001825571060180664e+00
6.895380020141601562e-01
1.196517229080200195e+00
7.138841152191162109e-01
9.721495509147644043e-01
1.419327378273010254e+00
2.008445501327514648e+00
2.008445501327514648e+00
2.008445501327514648e+00
2.322276592254638672e+00
2.347713232040405273e+00
2.347713232040405273e+00
2.566481351852416992e+00
2.464338064193725586e+00
1.878596901893615723e+00
1.938038706779479980e+00
1.938038706779479980e+00
1.938038706779479980e+00
1.045230150222778320e+00
7.735731601715087891e-01
7.735731601715087891e-01
7.650786042213439941e-01
7.650786042213439941e-01
7.650786042213439941e-01
7.650786042213439941e-01
7.650786042213439941e-01
7.650786042213439941e-01
7.650786042213439941e-01
8.116275072097778320e-01
8.116275072097778320e-01
8.116275072097778320e-01
1.206371426582336426e+00
1.206371426582336426e+00
1.206371426582336426e+00
1.206371426582336426e+00
1.206371426582336426e+00
1.206371426582336426e+00
1.206371426582336426e+00
1.753503084182739258e+00
1.753503084182739258e+00
1.753503084182739258e+00
8.344181180000305176e-01
8.344181180000305176e-01
7.862593531608581543e-01
7.862593531608581543e-01
7.862593531608581543e-01
5.292070508003234863e-01
5.292070508003234863e-01
1.025425672531127930e+00
1.025425672531127930e+00
1.025425672531127930e+00
1.025425672531127930e+00
1.025425672531127930e+00
1.025425672531127930e+00
3.401569724082946777e-01
3.401569724082946777e-01
7.598013877868652344e-01
1.524354457855224609e+00
2.765932083129882812e-01
2.765932083129882812e-01
2.765932083129882812e-01
6.881791949272155762e-01
6.881791949272155762e-01
6.881791949272155762e-01
6.881791949272155762e-01
6.881791949272155762e-01
6.881791949272155762e-01
6.881791949272155762e-01
6.414306759834289551e-01
6.414306759834289551e-01
6.414306759834289551e-01
6.414306759834289551e-01
6.414306759834289551e-01
6.414306759834289551e-01
6.414306759834289551e-01
8.848530650138854980e-01
8.848530650138854980e-01
8.848530650138854980e-01
8.848530650138854980e-01
1.715388536453247070e+00
1.715388536453247070e+00
1.715388536453247070e+00
7.826386094093322754e-01
7.826386094093322754e-01
7.826386094093322754e-01
1.309912681579589844e+00
1.471205830574035645e+00
1.471205830574035645e+00
1.471205830574035645e+00
1.471205830574035645e+00
1.471205830574035645e+00
1.471205830574035645e+00
7.765548825263977051e-01
7.765548825263977051e-01
6.195293664932250977e-01
6.195293664932250977e-01
4.077339172363281250e-01
4.077339172363281250e-01
4.077339172363281250e-01
5.819204449653625488e-01
8.076175451278686523e-01
8.076175451278686523e-01
8.076175451278686523e-01
8.076175451278686523e-01
8.076175451278686523e-01
1.354932546615600586e+00
1.354932546615600586e+00
4.940019845962524414e-01
4.940019845962524414e-01
6.380727887153625488e-01
6.380727887153625488e-01
8.608051538467407227e-01
8.608051538467407227e-01
8.608051538467407227e-01
8.608051538467407227e-01
8.608051538467407227e-01
8.608051538467407227e-01
8.608051538467407227e-01
1.768498063087463379e+00
1.768498063087463379e+00
1.146559953689575195e+00
1.146559953689575195e+00
1.146559953689575195e+00
1.146559953689575195e+00
1.220191001892089844e+00
1.220191001892089844e+00
7.642779350280761719e-01
3.483528792858123779e-01
3.483528792858123779e-01
1.161522269248962402e+00
3.638811707496643066e-01
3.638811707496643066e-01
3.638811707496643066e-01
9.969251751899719238e-01
9.969251751899719238e-01
9.969251751899719238e-01
9.969251751899719238e-01
8.842350840568542480e-01
8.842350840568542480e-01
6.665493249893188477e-01
6.665493249893188477e-01
1.132321000099182129e+00
1.606796145439147949e+00
1.645102977752685547e+00
1.505810499191284180e+00
2.319230794906616211e+00
2.307596206665039062e+00
2.307596206665039062e+00
1.066470384597778320e+00
1.066470384597778320e+00
8.695343732833862305e-01
8.695343732833862305e-01
8.695343732833862305e-01
8.695343732833862305e-01
8.695343732833862305e-01
1.078665375709533691e+00
1.078665375709533691e+00
1.078665375709533691e+00
