5.676368474960327148e-01
5.676368474960327148e-01
7.216241359710693359e-01
7.423223257064819336e-01
9.886895418167114258e-01
9.886895418167114258e-01
1.057670950889587402e+00
1.151768207550048828e+00
1.151768207550048828e+00
1.589924812316894531e+00
1.589924812316894531e+00
6.957563161849975586e-01
6.957563161849975586e-01
6.957563161849975586e-01
6.957563161849975586e-01
3.343552052974700928e-01
3.343552052974700928e-01
5.274862647056579590e-01
8.823194503784179688e-01
8.201888203620910645e-01
8.201888203620910645e-01
8.201888203620910645e-01
8.201888203620910645e-01
9.860304594039916992e-01
6.676278114318847656e-01
6.676278114318847656e-01
6.731643676757812500e-01
6.731643676757812500e-01
6.731643676757812500e-01
7.533044219017028809e-01
1.200417041778564453e+00
1.020940899848937988e+00
1.020940899848937988e+00
1.000208377838134766e+00
1.000208377838134766e+00
1.000208377838134766e+00
6.551001071929931641e-01
6.767880916595458984e-01
6.767880916595458984e-01
6.511201858520507812e-01
9.383784532546997070e-01
9.383784532546997070e-01
9.383784532546997070e-01
9.383784532546997070e-01
7.458916902542114258e-01
7.458916902542114258e-01
9.119110703468322754e-01
9.119110703468322754e-01
9.119110703468322754e-01
9.119110703468322754e-01
9.119110703468322754e-01
5.081786513328552246e-01
1.176682233810424805e+00
1.176682233810424805e+00
1.176682233810424805e+00
4.381595253944396973e-01
4.381595253944396973e-01
6.511176824569702148e-01
8.970953822135925293e-01
8.970953822135925293e-01
8.225585222244262695e-01
1.193973064422607422e+00
1.412207245826721191e+00
4.530826210975646973e-01
4.530826210975646973e-01
4.170639812946319580e-01
4.170639812946319580e-01
4.414556324481964111e-01
4.414556324481964111e-01
6.763392686843872070e-01
6.763392686843872070e-01
7.951832413673400879e-01
6.702030897140502930e-01
3.521860539913177490e-01
5.297386050224304199e-01
5.297386050224304199e-01
5.297386050224304199e-01
7.753977775573730469e-01
7.753977775573730469e-01
9.186555147171020508e-01
9.186555147171020508e-01
8.137875795364379883e-01
8.137875795364379883e-01
8.137875795364379883e-01
6.001234054565429688e-01
6.001234054565429688e-01
1.193184614181518555e+00
1.242027878761291504e+00
1.242027878761291504e+00
1.860587358474731445e+00
1.860587358474731445e+00
1.737708806991577148e+00
9.985592365264892578e-01
6.157884001731872559e-01
1.398080587387084961e+00
9.214131832122802734e-01
1.104760289192199707e+00
4.938635230064392090e-01
3.970753848552703857e-01
3.970753848552703857e-01
4.634880423545837402e-01
4.634880423545837402e-01
4.634880423545837402e-01
5.569628477096557617e-01
9.443268775939941406e-01
9.443268775939941406e-01
9.443268775939941406e-01
6.947913169860839844e-01
6.947913169860839844e-01
2.712170481681823730e-01
3.982540071010589600e-01
6.838035583496093750e-01
6.838035583496093750e-01
1.246288537979125977e+00
1.279654741287231445e+00
1.279654741287231445e+00
1.422112822532653809e+00
1.216677069664001465e+00
1.012359976768493652e+00
9.960104227066040039e-01
1.052966833114624023e+00
1.052966833114624023e+00
7.208941578865051270e-01
7.208941578865051270e-01
7.208941578865051270e-01
7.208941578865051270e-01
7.208941578865051270e-01
9.220809340476989746e-01
7.688539028167724609e-01
1.178257942199707031e+00
1.178257942199707031e+00
8.261122703552246094e-01
1.091258525848388672e+00
1.230177402496337891e+00
6.892992258071899414e-01
4.748432636260986328e-01
4.748432636260986328e-01
4.748432636260986328e-01
4.748432636260986328e-01
4.180624783039093018e-01
4.180624783039093018e-01
5.316925644874572754e-01
1.964673399925231934e-01
3.620909452438354492e-01
6.971775293350219727e-01
5.222599506378173828e-01
9.491713047027587891e-01
9.491713047027587891e-01
1.074811220169067383e+00
1.805999279022216797e+00
1.177464008331298828e+00
1.524928927421569824e+00
1.524928927421569824e+00
1.524928927421569824e+00
1.524928927421569824e+00
1.757013082504272461e+00
1.757013082504272461e+00
1.757013082504272461e+00
8.420216441154479980e-01
8.420216441154479980e-01
9.554340839385986328e-01
1.677431941032409668e+00
1.495348453521728516e+00
1.495348453521728516e+00
9.975961446762084961e-01
1.644963741302490234e+00
1.673170924186706543e+00
5.304346084594726562e-01
5.304346084594726562e-01
7.348437309265136719e-01
7.348437309265136719e-01
7.348437309265136719e-01
7.348437309265136719e-01
1.454106688499450684e+00
1.454106688499450684e+00
1.454106688499450684e+00
1.305467367172241211e+00
1.305467367172241211e+00
1.206488847732543945e+00
1.206488847732543945e+00
1.206488847732543945e+00
1.206488847732543945e+00
1.246982216835021973e+00
5.393555760383605957e-01
4.090360403060913086e-01
4.090360403060913086e-01
4.090360403060913086e-01
1.063046216964721680e+00
7.196778059005737305e-01
7.196778059005737305e-01
8.238418698310852051e-01
5.320564508438110352e-01
5.320564508438110352e-01
3.554914593696594238e-01
7.969701290130615234e-01
7.969701290130615234e-01
7.969701290130615234e-01
1.711863636970520020e+00
1.179039955139160156e+00
1.179039955139160156e+00
6.742838621139526367e-01
9.061591625213623047e-01
9.061591625213623047e-01
8.960174322128295898e-01
5.984859466552734375e-01
7.913323044776916504e-01
7.913323044776916504e-01
6.721682548522949219e-01
6.339207291603088379e-01
6.186556816101074219e-01
1.518314719200134277e+00
1.518314719200134277e+00
1.518314719200134277e+00
1.159992575645446777e+00
1.159992575645446777e+00
1.277536988258361816e+00
1.277536988258361816e+00
1.277536988258361816e+00
1.277536988258361816e+00
6.297889947891235352e-01
7.093927860260009766e-01
7.093927860260009766e-01
8.812949061393737793e-01
8.812949061393737793e-01
1.188294172286987305e+00
7.625463008880615234e-01
6.817771196365356445e-01
6.817771196365356445e-01
1.456243276596069336e+00
1.508956313133239746e+00
3.322384357452392578e-01
3.322384357452392578e-01
4.490559399127960205e-01
4.490559399127960205e-01
9.157244563102722168e-01
9.157244563102722168e-01
9.157244563102722168e-01
8.196063637733459473e-01
8.196063637733459473e-01
8.196063637733459473e-01
8.196063637733459473e-01
8.196063637733459473e-01
9.769467115402221680e-01
9.769467115402221680e-01
9.769467115402221680e-01
9.668201804161071777e-01
9.307448863983154297e-01
1.025803089141845703e+00
3.770062923431396484e-01
3.770062923431396484e-01
4.239130616188049316e-01
1.210229158401489258e+00
1.210229158401489258e+00
1.210229158401489258e+00
1.075575232505798340e+00
1.742884159088134766e+00
1.979367494583129883e+00
1.119916319847106934e+00
5.890592336654663086e-01
5.890592336654663086e-01
5.890592336654663086e-01
5.890592336654663086e-01
6.934190988540649414e-01
1.425221204757690430e+00
1.425221204757690430e+00
1.797427654266357422e+00
1.755458116531372070e+00
6.496052742004394531e-01
8.023653626441955566e-01
1.271918177604675293e+00
1.271918177604675293e+00
1.271918177604675293e+00
1.271918177604675293e+00
1.766725063323974609e+00
8.946101069450378418e-01
6.449624300003051758e-01
6.449624300003051758e-01
3.683919906616210938e-01
9.308332204818725586e-01
9.308332204818725586e-01
7.861962914466857910e-01
3.688337206840515137e-01
1.005150079727172852e+00
1.039063692092895508e+00
3.972606062889099121e-01
1.275986433029174805e+00
1.275986433029174805e+00
1.275986433029174805e+00
1.252142786979675293e+00
1.648558616638183594e+00
1.648558616638183594e+00
6.789909601211547852e-01
1.017685770988464355e+00
1.017685770988464355e+00
1.017685770988464355e+00
8.555232286453247070e-01
9.325925111770629883e-01
6.714837551116943359e-01
6.714837551116943359e-01
6.714837551116943359e-01
1.658613204956054688e+00
1.268490314483642578e+00
1.580732941627502441e+00
1.211770296096801758e+00
1.506910324096679688e+00
1.506910324096679688e+00
1.506910324096679688e+00
1.609608650207519531e+00
4.911304712295532227e-01
4.911304712295532227e-01
4.911304712295532227e-01
4.911304712295532227e-01
5.398024916648864746e-01
4.389425814151763916e-01
4.680214822292327881e-01
5.421495437622070312e-01
5.421495437622070312e-01
5.421495437622070312e-01
1.232812643051147461e+00
1.232812643051147461e+00
1.247215986251831055e+00
1.247215986251831055e+00
1.247215986251831055e+00
2.285548448562622070e-01
7.210354804992675781e-01
6.502583026885986328e-01
9.477711915969848633e-01
8.101112842559814453e-01
1.186892151832580566e+00
1.042848587036132812e+00
1.042848587036132812e+00
1.042848587036132812e+00
1.042848587036132812e+00
1.310973286628723145e+00
1.310973286628723145e+00
1.310973286628723145e+00
1.310973286628723145e+00
1.310973286628723145e+00
1.670691728591918945e+00
1.552486181259155273e+00
1.552486181259155273e+00
1.552486181259155273e+00
1.211400747299194336e+00
1.211400747299194336e+00
1.348214626312255859e+00
1.484492063522338867e+00
1.183528423309326172e+00
1.183528423309326172e+00
9.158122539520263672e-01
1.166776180267333984e+00
1.166776180267333984e+00
6.694956421852111816e-01
8.713683485984802246e-01
1.226466655731201172e+00
1.226466655731201172e+00
1.361459732055664062e+00
6.927095651626586914e-01
6.927095651626586914e-01
6.927095651626586914e-01
4.693081676959991455e-01
4.693081676959991455e-01
4.693081676959991455e-01
9.616913795471191406e-01
9.616913795471191406e-01
9.616913795471191406e-01
6.536198854446411133e-01
6.536198854446411133e-01
9.182671308517456055e-01
9.182671308517456055e-01
3.318416476249694824e-01
3.318416476249694824e-01
4.901640117168426514e-01
4.258475601673126221e-01
4.258475601673126221e-01
5.706428289413452148e-01
5.837996006011962891e-01
5.837996006011962891e-01
5.837996006011962891e-01
1.487949967384338379e+00
1.487949967384338379e+00
7.839615345001220703e-01
7.839615345001220703e-01
7.839615345001220703e-01
9.815818071365356445e-01
9.815818071365356445e-01
9.815818071365356445e-01
9.815818071365356445e-01
9.815818071365356445e-01
9.815818071365356445e-01
1.374132871627807617e+00
1.374132871627807617e+00
1.374132871627807617e+00
1.374132871627807617e+00
1.374132871627807617e+00
1.374132871627807617e+00
1.279626846313476562e+00
1.279626846313476562e+00
1.102046012878417969e+00
1.102046012878417969e+00
6.419028043746948242e-01
4.309396445751190186e-01
1.487754344940185547e+00
1.487754344940185547e+00
1.536149144172668457e+00
1.458901166915893555e+00
1.458901166915893555e+00
6.245547533035278320e-01
6.245547533035278320e-01
6.245547533035278320e-01
4.942629337310791016e-01
7.688114047050476074e-01
4.585787355899810791e-01
4.881569147109985352e-01
1.176704645156860352e+00
8.590883016586303711e-01
8.590883016586303711e-01
8.590883016586303711e-01
8.590883016586303711e-01
6.408308744430541992e-01
1.061729907989501953e+00
9.455607533454895020e-01
6.221550703048706055e-01
6.221550703048706055e-01
6.221550703048706055e-01
6.221550703048706055e-01
1.119837641716003418e+00
4.587889909744262695e-01
1.572941422462463379e+00
1.359934091567993164e+00
1.894919872283935547e+00
1.894919872283935547e+00
1.785112380981445312e+00
9.654142260551452637e-01
9.654142260551452637e-01
9.654142260551452637e-01
1.216678619384765625e+00
1.996192455291748047e+00
1.941704392433166504e+00
1.941704392433166504e+00
1.830250382423400879e+00
1.856093645095825195e+00
1.856093645095825195e+00
1.856093645095825195e+00
1.856093645095825195e+00
2.218564748764038086e-01
2.218564748764038086e-01
2.218564748764038086e-01
2.218564748764038086e-01
1.114921420812606812e-01
1.291766911745071411e-01
1.307000219821929932e-01
8.054043054580688477e-01
8.054043054580688477e-01
8.054043054580688477e-01
7.488958239555358887e-01
9.887564182281494141e-01
3.438569903373718262e-01
3.438569903373718262e-01
6.632850170135498047e-01
6.632850170135498047e-01
6.632850170135498047e-01
6.632850170135498047e-01
8.419990539550781250e-01
8.419990539550781250e-01
8.419990539550781250e-01
5.161386728286743164e-01
5.161386728286743164e-01
1.192897677421569824e+00
8.519262075424194336e-01
8.519262075424194336e-01
8.519262075424194336e-01
8.519262075424194336e-01
8.519262075424194336e-01
1.208519339561462402e+00
6.669837832450866699e-01
1.637385964393615723e+00
1.496891975402832031e+00
1.494140386581420898e+00
8.434274196624755859e-01
1.269157171249389648e+00
6.276448965072631836e-01
9.268306493759155273e-01
9.268306493759155273e-01
9.268306493759155273e-01
1.025441646575927734e+00
7.002726793289184570e-01
7.002726793289184570e-01
4.761924743652343750e-01
4.761924743652343750e-01
4.761924743652343750e-01
4.761924743652343750e-01
4.761924743652343750e-01
2.156554460525512695e-01
8.565459251403808594e-01
2.650937438011169434e-01
4.570408463478088379e-01
1.165620803833007812e+00
1.478255987167358398e+00
1.860310435295104980e+00
1.860310435295104980e+00
1.100574254989624023e+00
1.100574254989624023e+00
9.090881347656250000e-01
9.090881347656250000e-01
9.090881347656250000e-01
9.090881347656250000e-01
9.612971544265747070e-01
9.612971544265747070e-01
9.612971544265747070e-01
9.612971544265747070e-01
2.146240472793579102e-01
1.585090905427932739e-01
1.585090905427932739e-01
1.585090905427932739e-01
1.482423096895217896e-01
1.103580445051193237e-01
7.699258327484130859e-01
7.699258327484130859e-01
5.746946334838867188e-01
5.746946334838867188e-01
9.611903429031372070e-01
9.611903429031372070e-01
1.063430666923522949e+00
4.429808855056762695e-01
7.429166436195373535e-01
7.033360600471496582e-01
7.033360600471496582e-01
7.033360600471496582e-01
6.590205430984497070e-01
1.165208578109741211e+00
5.662602186203002930e-01
3.840628266334533691e-01
3.840628266334533691e-01
3.840628266334533691e-01
7.506810426712036133e-01
1.500794649124145508e+00
1.500794649124145508e+00
1.559269905090332031e+00
1.559269905090332031e+00
1.794923305511474609e+00
1.794923305511474609e+00
1.794923305511474609e+00
1.642684817314147949e+00
1.434798240661621094e+00
8.000368475914001465e-01
8.667681813240051270e-01
8.667681813240051270e-01
9.701206684112548828e-01
9.701206684112548828e-01
1.673846483230590820e+00
3.072899580001831055e-01
8.434504270553588867e-01
7.584962844848632812e-01
7.584962844848632812e-01
1.046244859695434570e+00
1.861798644065856934e+00
1.214719772338867188e+00
6.942982673645019531e-01
9.179342985153198242e-01
9.179342985153198242e-01
6.684644818305969238e-01
3.319602310657501221e-01
6.030517220497131348e-01
6.030517220497131348e-01
7.134350538253784180e-01
7.134350538253784180e-01
7.134350538253784180e-01
7.134350538253784180e-01
7.807168960571289062e-01
7.807168960571289062e-01
6.873297691345214844e-01
6.063835620880126953e-01
6.063835620880126953e-01
6.063835620880126953e-01
7.269885540008544922e-01
7.269885540008544922e-01
7.269885540008544922e-01
7.269885540008544922e-01
7.269885540008544922e-01
7.269885540008544922e-01
7.375255227088928223e-01
5.842040777206420898e-01
5.842040777206420898e-01
6.136791110038757324e-01
6.136791110038757324e-01
9.030635356903076172e-01
9.030635356903076172e-01
1.386804699897766113e+00
8.902637958526611328e-01
8.902637958526611328e-01
8.902637958526611328e-01
8.713125586509704590e-01
8.713125586509704590e-01
8.713125586509704590e-01
6.428333520889282227e-01
6.428333520889282227e-01
6.428333520889282227e-01
8.698723912239074707e-01
8.698723912239074707e-01
8.698723912239074707e-01
8.698723912239074707e-01
3.611243963241577148e-01
3.611243963241577148e-01
3.611243963241577148e-01
3.611243963241577148e-01
3.611243963241577148e-01
3.611243963241577148e-01
1.551570415496826172e+00
1.229671955108642578e+00
1.614907979965209961e+00
1.579985976219177246e+00
1.579985976219177246e+00
1.757975339889526367e+00
1.670714378356933594e+00
1.974826097488403320e+00
2.150508403778076172e+00
2.150508403778076172e+00
2.150508403778076172e+00
2.150508403778076172e+00
2.150508403778076172e+00
2.150508403778076172e+00
2.014531135559082031e+00
2.014531135559082031e+00
2.045670986175537109e+00
2.085196495056152344e+00
2.092757701873779297e+00
1.888185024261474609e+00
1.888185024261474609e+00
1.888185024261474609e+00
1.888185024261474609e+00
1.008560419082641602e+00
6.432602405548095703e-01
1.235723257064819336e+00
1.235723257064819336e+00
7.980017662048339844e-01
7.980017662048339844e-01
7.413684129714965820e-01
9.517447352409362793e-01
9.517447352409362793e-01
8.702940940856933594e-01
1.256441354751586914e+00
4.010360240936279297e-01
1.269231081008911133e+00
1.269231081008911133e+00
7.570653557777404785e-01
8.336247801780700684e-01
1.076987028121948242e+00
6.902531385421752930e-01
6.902531385421752930e-01
4.569521248340606689e-01
4.569521248340606689e-01
1.212836027145385742e+00
1.212836027145385742e+00
9.951930046081542969e-01
4.517163038253784180e-01
4.517163038253784180e-01
4.517163038253784180e-01
1.218793392181396484e+00
1.218793392181396484e+00
1.218793392181396484e+00
3.675316572189331055e-01
3.675316572189331055e-01
1.389942526817321777e+00
1.389942526817321777e+00
8.605822324752807617e-01
1.318955302238464355e+00
1.018072247505187988e+00
1.018072247505187988e+00
1.018072247505187988e+00
1.018072247505187988e+00
1.018072247505187988e+00
1.018072247505187988e+00
1.018072247505187988e+00
1.018072247505187988e+00
7.233362197875976562e-01
7.233362197875976562e-01
7.233362197875976562e-01
1.242117166519165039e+00
1.242117166519165039e+00
1.242117166519165039e+00
1.242117166519165039e+00
1.242117166519165039e+00
9.713244438171386719e-01
1.456175684928894043e+00
1.336721658706665039e+00
1.127756237983703613e+00
1.127756237983703613e+00
7.961719036102294922e-01
7.961719036102294922e-01
4.978449940681457520e-01
4.978449940681457520e-01
4.978449940681457520e-01
4.978449940681457520e-01
4.114007949829101562e-01
4.114007949829101562e-01
4.456563591957092285e-01
4.456563591957092285e-01
1.182161569595336914e+00
1.182161569595336914e+00
1.182161569595336914e+00
1.182161569595336914e+00
1.182161569595336914e+00
7.560793161392211914e-01
9.085501432418823242e-01
1.195430040359497070e+00
1.093623518943786621e+00
1.093623518943786621e+00
1.093623518943786621e+00
9.294442534446716309e-01
1.142176508903503418e+00
1.369736313819885254e+00
1.643460154533386230e+00
1.853497743606567383e+00
1.467684268951416016e+00
1.386908769607543945e+00
1.386908769607543945e+00
1.177230119705200195e+00
6.230120658874511719e-01
6.230120658874511719e-01
6.230120658874511719e-01
6.230120658874511719e-01
6.230120658874511719e-01
6.230120658874511719e-01
6.230120658874511719e-01
6.230120658874511719e-01
1.345581650733947754e+00
1.066197395324707031e+00
1.066197395324707031e+00
6.230075955390930176e-01
6.230075955390930176e-01
6.230075955390930176e-01
6.230075955390930176e-01
6.568803191184997559e-01
8.735306859016418457e-01
8.735306859016418457e-01
8.735306859016418457e-01
8.735306859016418457e-01
8.735306859016418457e-01
8.735306859016418457e-01
8.735306859016418457e-01
1.380198955535888672e+00
1.227128028869628906e+00
1.124894022941589355e+00
1.124894022941589355e+00
5.886636376380920410e-01
1.328422069549560547e+00
7.730382084846496582e-01
8.132830858230590820e-01
6.723793745040893555e-01
6.723793745040893555e-01
6.723793745040893555e-01
8.813577890396118164e-01
8.813577890396118164e-01
3.697256445884704590e-01
1.124711513519287109e+00
1.124711513519287109e+00
1.124711513519287109e+00
7.748010754585266113e-01
5.260501503944396973e-01
4.981935620307922363e-01
4.981935620307922363e-01
1.423703908920288086e+00
1.494155883789062500e+00
1.494155883789062500e+00
1.056409358978271484e+00
6.647562980651855469e-01
1.326130032539367676e+00
1.098302841186523438e+00
7.686282992362976074e-01
7.686282992362976074e-01
7.686282992362976074e-01
1.181235909461975098e+00
9.418377876281738281e-01
9.418377876281738281e-01
4.352329969406127930e-01
4.352329969406127930e-01
4.352329969406127930e-01
6.673291921615600586e-01
6.176159977912902832e-01
6.176159977912902832e-01
5.547027587890625000e-01
5.644190311431884766e-01
8.686341047286987305e-01
7.707564234733581543e-01
4.123974740505218506e-01
3.507503271102905273e-01
1.150208711624145508e+00
1.150208711624145508e+00
1.150208711624145508e+00
9.575393199920654297e-01
1.068323254585266113e+00
1.068323254585266113e+00
1.139073729515075684e+00
9.165539741516113281e-01
9.165539741516113281e-01
1.244275808334350586e+00
7.230983972549438477e-01
4.403217136859893799e-01
2.863062918186187744e-01
2.863062918186187744e-01
2.863062918186187744e-01
1.608644485473632812e+00
1.608644485473632812e+00
1.559199810028076172e+00
1.559199810028076172e+00
1.263677597045898438e+00
1.081811428070068359e+00
1.081811428070068359e+00
8.898712396621704102e-01
8.134817481040954590e-01
1.127829313278198242e+00
7.386572360992431641e-01
7.386572360992431641e-01
7.386572360992431641e-01
5.759032368659973145e-01
4.230041801929473877e-01
1.080585360527038574e+00
1.427695393562316895e+00
1.427695393562316895e+00
1.075828075408935547e+00
1.075828075408935547e+00
1.075828075408935547e+00
1.075828075408935547e+00
1.091008663177490234e+00
5.142772197723388672e-01
3.732458949089050293e-01
3.348031044006347656e-01
3.348031044006347656e-01
2.903972864151000977e-01
1.513922095298767090e+00
1.513922095298767090e+00
1.776219367980957031e+00
1.776219367980957031e+00
1.776219367980957031e+00
1.776219367980957031e+00
1.827876567840576172e+00
1.508926749229431152e+00
8.677392005920410156e-01
9.894099235534667969e-01
9.894099235534667969e-01
7.367553710937500000e-01
5.832463502883911133e-01
1.384385585784912109e+00
1.386803269386291504e+00
8.081387281417846680e-01
8.081387281417846680e-01
8.081387281417846680e-01
1.703735113143920898e+00
1.703735113143920898e+00
1.631641387939453125e+00
1.631641387939453125e+00
1.631641387939453125e+00
1.236883401870727539e+00
1.071423888206481934e+00
1.071423888206481934e+00
3.609856367111206055e-01
3.609856367111206055e-01
6.766529083251953125e-01
6.804932951927185059e-01
6.955839991569519043e-01
7.668175101280212402e-01
7.668175101280212402e-01
7.668175101280212402e-01
7.668175101280212402e-01
1.190809249877929688e+00
1.052111744880676270e+00
1.052111744880676270e+00
1.052111744880676270e+00
1.448683500289916992e+00
2.166698217391967773e+00
2.166698217391967773e+00
1.530603408813476562e+00
1.411761045455932617e+00
1.211796045303344727e+00
1.211796045303344727e+00
4.936955571174621582e-01
5.393021702766418457e-01
5.393021702766418457e-01
5.393021702766418457e-01
5.393021702766418457e-01
5.393021702766418457e-01
7.114994525909423828e-01
7.114994525909423828e-01
7.114994525909423828e-01
9.180434346199035645e-01
9.180434346199035645e-01
9.180434346199035645e-01
9.180434346199035645e-01
4.091597795486450195e-01
5.730597376823425293e-01
6.422905921936035156e-01
6.946932673454284668e-01
6.946932673454284668e-01
1.072509527206420898e+00
5.133345723152160645e-01
5.133345723152160645e-01
5.133345723152160645e-01
1.138012647628784180e+00
1.198890447616577148e+00
8.281396627426147461e-01
1.135596990585327148e+00
1.135596990585327148e+00
1.143369078636169434e+00
1.143369078636169434e+00
1.344087839126586914e+00
1.344087839126586914e+00
1.344087839126586914e+00
1.344087839126586914e+00
7.926602959632873535e-01
1.087844967842102051e+00
8.274459242820739746e-01
8.274459242820739746e-01
8.274459242820739746e-01
8.274459242820739746e-01
6.663622260093688965e-01
1.284461975097656250e+00
1.284461975097656250e+00
1.869301199913024902e+00
1.258198261260986328e+00
4.944739937782287598e-01
4.944739937782287598e-01
4.944739937782287598e-01
4.944739937782287598e-01
4.944739937782287598e-01
4.446557462215423584e-01
6.324508786201477051e-01
6.946229338645935059e-01
6.946229338645935059e-01
8.063492774963378906e-01
6.589879989624023438e-01
1.330195426940917969e+00
1.093805193901062012e+00
1.311844110488891602e+00
6.206309795379638672e-01
1.057649731636047363e+00
9.074686765670776367e-01
5.357213020324707031e-01
7.637469768524169922e-01
4.860106706619262695e-01
4.860106706619262695e-01
4.860106706619262695e-01
4.860106706619262695e-01
6.931311488151550293e-01
5.843338370323181152e-01
9.755054712295532227e-01
1.553828835487365723e+00
1.757477879524230957e+00
1.151287555694580078e+00
1.151287555694580078e+00
8.837079405784606934e-01
8.837079405784606934e-01
8.837079405784606934e-01
9.145538806915283203e-01
9.145538806915283203e-01
8.701097369194030762e-01
5.762969255447387695e-01
5.762969255447387695e-01
1.155666351318359375e+00
1.155666351318359375e+00
1.155666351318359375e+00
1.458257555961608887e+00
1.458257555961608887e+00
1.458257555961608887e+00
5.411633253097534180e-01
1.533091545104980469e+00
1.533091545104980469e+00
1.533091545104980469e+00
6.905131340026855469e-01
1.228779792785644531e+00
1.228779792785644531e+00
6.029582619667053223e-01
7.898267507553100586e-01
1.032531261444091797e+00
1.532483339309692383e+00
1.546528339385986328e+00
1.546528339385986328e+00
1.064286708831787109e+00
8.535445332527160645e-01
8.535445332527160645e-01
4.359744191169738770e-01
5.744093060493469238e-01
9.366673231124877930e-01
7.370810508728027344e-01
7.370810508728027344e-01
1.128288507461547852e+00
8.657082319259643555e-01
1.012733459472656250e+00
1.012733459472656250e+00
1.012733459472656250e+00
1.012733459472656250e+00
1.012733459472656250e+00
1.012733459472656250e+00
7.755686044692993164e-01
7.755686044692993164e-01
1.409890651702880859e+00
1.409890651702880859e+00
1.098855376243591309e+00
1.061323285102844238e+00
9.011208415031433105e-01
9.923810362815856934e-01
9.923810362815856934e-01
9.923810362815856934e-01
9.923810362815856934e-01
9.923810362815856934e-01
9.923810362815856934e-01
9.923810362815856934e-01
8.497558236122131348e-01
6.695308685302734375e-01
6.695308685302734375e-01
7.965673804283142090e-01
7.965673804283142090e-01
9.704120755195617676e-01
1.154626250267028809e+00
1.202558159828186035e+00
1.277667880058288574e+00
1.517716765403747559e+00
1.621461033821105957e+00
1.621461033821105957e+00
1.066856145858764648e+00
9.842983484268188477e-01
9.842983484268188477e-01
9.842983484268188477e-01
6.787033677101135254e-01
6.787033677101135254e-01
6.787033677101135254e-01
6.787033677101135254e-01
8.382122516632080078e-01
8.382122516632080078e-01
8.382122516632080078e-01
8.382122516632080078e-01
8.382122516632080078e-01
8.382122516632080078e-01
8.382122516632080078e-01
8.382122516632080078e-01
8.382122516632080078e-01
8.382122516632080078e-01
8.382122516632080078e-01
7.425683736801147461e-01
7.425683736801147461e-01
7.425683736801147461e-01
7.425683736801147461e-01
7.425683736801147461e-01
7.425683736801147461e-01
5.526045560836791992e-01
5.526045560836791992e-01
5.526045560836791992e-01
5.526045560836791992e-01
3.890511393547058105e-01
5.176012516021728516e-01
4.813951849937438965e-01
7.210256457328796387e-01
4.952433109283447266e-01
9.513187408447265625e-01
5.562905669212341309e-01
6.546154618263244629e-01
6.546154618263244629e-01
6.546154618263244629e-01
6.546154618263244629e-01
9.747666716575622559e-01
8.513581752777099609e-01
6.761186122894287109e-01
1.061348319053649902e+00
9.346929788589477539e-01
1.077537536621093750e+00
1.077537536621093750e+00
1.145734429359436035e+00
1.145734429359436035e+00
1.380390405654907227e+00
4.699280261993408203e-01
6.130512356758117676e-01
6.130512356758117676e-01
6.525862812995910645e-01
6.525862812995910645e-01
6.525862812995910645e-01
1.091796875000000000e+00
1.091796875000000000e+00
1.063946723937988281e+00
1.063946723937988281e+00
7.259119153022766113e-01
7.259119153022766113e-01
6.851360201835632324e-01
6.851360201835632324e-01
8.287592530250549316e-01
1.017876744270324707e+00
1.069164872169494629e+00
1.208532333374023438e+00
1.057591438293457031e+00
1.057591438293457031e+00
5.159500241279602051e-01
5.123947858810424805e-01
6.467397809028625488e-01
4.022393226623535156e-01
4.022393226623535156e-01
1.274816989898681641e+00
7.173215746879577637e-01
7.173215746879577637e-01
3.985779583454132080e-01
2.407943308353424072e-01
2.407943308353424072e-01
2.407943308353424072e-01
2.407943308353424072e-01
2.407943308353424072e-01
2.006814032793045044e-01
2.006814032793045044e-01
2.548361718654632568e-01
2.548361718654632568e-01
2.548361718654632568e-01
2.548361718654632568e-01
2.757209837436676025e-01
2.757209837436676025e-01
2.757209837436676025e-01
6.169865131378173828e-01
6.169865131378173828e-01
6.169865131378173828e-01
6.652839183807373047e-01
6.652839183807373047e-01
6.652839183807373047e-01
1.353928089141845703e+00
9.855666160583496094e-01
6.725456118583679199e-01
6.725456118583679199e-01
1.069697022438049316e+00
1.069697022438049316e+00
1.069697022438049316e+00
1.069697022438049316e+00
8.219255208969116211e-01
1.018553376197814941e+00
5.409876108169555664e-01
5.409876108169555664e-01
5.409876108169555664e-01
5.409876108169555664e-01
5.409876108169555664e-01
9.182336330413818359e-01
5.283445715904235840e-01
2.152547538280487061e-01
5.168308019638061523e-01
1.199931621551513672e+00
1.199931621551513672e+00
5.868557095527648926e-01
5.868557095527648926e-01
5.868557095527648926e-01
5.868557095527648926e-01
4.086436033248901367e-01
6.945519447326660156e-01
7.123468518257141113e-01
5.978323221206665039e-01
5.978323221206665039e-01
8.807435035705566406e-01
1.152996063232421875e+00
9.676123857498168945e-01
9.676123857498168945e-01
9.676123857498168945e-01
9.676123857498168945e-01
1.318495988845825195e+00
1.242236614227294922e+00
1.242236614227294922e+00
1.242236614227294922e+00
1.242236614227294922e+00
1.242236614227294922e+00
3.138552308082580566e-01
9.977679252624511719e-01
1.197358489036560059e+00
1.197358489036560059e+00
1.173409223556518555e+00
2.993316650390625000e-01
8.622623085975646973e-01
1.137878775596618652e+00
1.137878775596618652e+00
1.196945667266845703e+00
9.081963300704956055e-01
9.749932289123535156e-01
9.749932289123535156e-01
9.749932289123535156e-01
9.749932289123535156e-01
5.754343271255493164e-01
5.914984345436096191e-01
5.914984345436096191e-01
8.545192480087280273e-01
8.545192480087280273e-01
1.279032468795776367e+00
1.577879428863525391e+00
1.577879428863525391e+00
9.552676677703857422e-01
1.085486769676208496e+00
1.460769414901733398e+00
1.460769414901733398e+00
1.460769414901733398e+00
1.263395547866821289e+00
1.119862437248229980e+00
1.119862437248229980e+00
1.198962330818176270e+00
1.198962330818176270e+00
5.250535607337951660e-01
9.037948846817016602e-01
1.078013181686401367e+00
1.078013181686401367e+00
1.026134252548217773e+00
9.091878533363342285e-01
1.370425343513488770e+00
1.370425343513488770e+00
6.201931238174438477e-01
6.201931238174438477e-01
6.201931238174438477e-01
6.201931238174438477e-01
6.201931238174438477e-01
4.528011083602905273e-01
2.212901711463928223e-01
6.557573080062866211e-01
3.688631653785705566e-01
3.688631653785705566e-01
3.688631653785705566e-01
3.688631653785705566e-01
3.688631653785705566e-01
3.688631653785705566e-01
4.967462420463562012e-01
6.498399972915649414e-01
6.498399972915649414e-01
1.035681009292602539e+00
4.586278200149536133e-01
4.586278200149536133e-01
6.315851211547851562e-01
9.368442296981811523e-01
9.368442296981811523e-01
9.368442296981811523e-01
9.368442296981811523e-01
9.368442296981811523e-01
9.368442296981811523e-01
9.368442296981811523e-01
9.368442296981811523e-01
9.368442296981811523e-01
9.368442296981811523e-01
1.086404323577880859e+00
1.724598884582519531e+00
1.078250288963317871e+00
1.078250288963317871e+00
5.005344748497009277e-01
6.179461479187011719e-01
6.179461479187011719e-01
1.373747348785400391e+00
1.334636807441711426e+00
1.334636807441711426e+00
1.334636807441711426e+00
1.435876369476318359e+00
1.435876369476318359e+00
2.043130874633789062e+00
2.043130874633789062e+00
2.043130874633789062e+00
1.949759960174560547e+00
1.949759960174560547e+00
1.949759960174560547e+00
1.949759960174560547e+00
1.851517796516418457e+00
1.851517796516418457e+00
1.851517796516418457e+00
1.851517796516418457e+00
1.729977488517761230e+00
1.729977488517761230e+00
1.729977488517761230e+00
1.836922526359558105e+00
1.836922526359558105e+00
8.474878072738647461e-01
1.097944855690002441e+00
1.226426482200622559e+00
1.451485276222229004e+00
1.203354477882385254e+00
1.203354477882385254e+00
7.076076269149780273e-01
7.076076269149780273e-01
7.076076269149780273e-01
7.076076269149780273e-01
6.261977553367614746e-01
6.261977553367614746e-01
6.261977553367614746e-01
7.924128770828247070e-01
7.924128770828247070e-01
7.924128770828247070e-01
1.284347414970397949e+00
1.516874313354492188e+00
1.306424617767333984e+00
1.273932695388793945e+00
1.273932695388793945e+00
9.362674355506896973e-01
9.362674355506896973e-01
9.362674355506896973e-01
9.362674355506896973e-01
9.362674355506896973e-01
9.362674355506896973e-01
9.362674355506896973e-01
9.362674355506896973e-01
9.362674355506896973e-01
6.330517530441284180e-01
6.330517530441284180e-01
6.330517530441284180e-01
8.579368591308593750e-01
1.364467859268188477e+00
1.364467859268188477e+00
1.364467859268188477e+00
1.364467859268188477e+00
8.213982582092285156e-01
8.213982582092285156e-01
4.953260123729705811e-01
6.680297255516052246e-01
6.309431791305541992e-01
7.080674171447753906e-01
1.528706789016723633e+00
1.528706789016723633e+00
8.390676379203796387e-01
1.559694290161132812e+00
1.559694290161132812e+00
1.559694290161132812e+00
1.276079297065734863e+00
9.515706300735473633e-01
1.280115246772766113e+00
1.450530052185058594e+00
1.450530052185058594e+00
1.450530052185058594e+00
1.450530052185058594e+00
5.339231491088867188e-01
5.339231491088867188e-01
5.339231491088867188e-01
5.339231491088867188e-01
4.545995593070983887e-01
4.545995593070983887e-01
7.448468208312988281e-01
2.678022682666778564e-01
2.678022682666778564e-01
1.816383898258209229e-01
6.205590963363647461e-01
6.205590963363647461e-01
8.988993763923645020e-01
8.988993763923645020e-01
7.067013382911682129e-01
7.067013382911682129e-01
7.067013382911682129e-01
6.969819664955139160e-01
6.969819664955139160e-01
1.025464534759521484e+00
9.523981809616088867e-01
9.523981809616088867e-01
9.523981809616088867e-01
9.523981809616088867e-01
9.523981809616088867e-01
9.346347451210021973e-01
9.346347451210021973e-01
9.346347451210021973e-01
1.213858366012573242e+00
6.930449008941650391e-01
4.773214161396026611e-01
4.773214161396026611e-01
9.218788146972656250e-01
9.218788146972656250e-01
6.011241078376770020e-01
2.943141758441925049e-01
2.943141758441925049e-01
4.715638160705566406e-01
5.723455548286437988e-01
5.723455548286437988e-01
5.723455548286437988e-01
5.723455548286437988e-01
4.511371552944183350e-01
4.511371552944183350e-01
6.279715299606323242e-01
1.020517468452453613e+00
8.200913667678833008e-01
8.200913667678833008e-01
8.200913667678833008e-01
8.200913667678833008e-01
3.866237401962280273e-01
2.996657788753509521e-01
2.996657788753509521e-01
2.949762344360351562e-01
2.949762344360351562e-01
2.949762344360351562e-01
2.949762344360351562e-01
2.949762344360351562e-01
1.334218859672546387e+00
1.334218859672546387e+00
1.334218859672546387e+00
1.116431713104248047e+00
1.116431713104248047e+00
1.116431713104248047e+00
9.086920022964477539e-01
1.070350170135498047e+00
1.181402683258056641e+00
1.271672606468200684e+00
7.966762781143188477e-01
4.412619173526763916e-01
4.412619173526763916e-01
1.405085921287536621e+00
1.369198322296142578e+00
1.369198322296142578e+00
7.790161967277526855e-01
7.790161967277526855e-01
7.790161967277526855e-01
2.587580084800720215e-01
2.587580084800720215e-01
2.587580084800720215e-01
2.587580084800720215e-01
1.165792584419250488e+00
1.052241086959838867e+00
1.561420679092407227e+00
8.153496384620666504e-01
1.370248794555664062e+00
1.311301589012145996e+00
1.355284333229064941e+00
1.886485576629638672e+00
1.886485576629638672e+00
1.122690558433532715e+00
8.414990901947021484e-01
5.931520462036132812e-01
9.956841468811035156e-01
6.436933875083923340e-01
1.100112438201904297e+00
1.080894351005554199e+00
3.930654525756835938e-01
3.930654525756835938e-01
3.930654525756835938e-01
5.727110505104064941e-01
1.386190652847290039e+00
1.386190652847290039e+00
1.532010555267333984e+00
9.684673547744750977e-01
9.684673547744750977e-01
8.170109987258911133e-01
8.170109987258911133e-01
8.170109987258911133e-01
8.170109987258911133e-01
8.170109987258911133e-01
8.170109987258911133e-01
1.003215551376342773e+00
6.285325288772583008e-01
9.720140695571899414e-01
9.720140695571899414e-01
9.720140695571899414e-01
9.720140695571899414e-01
1.628703832626342773e+00
1.366944551467895508e+00
1.281498908996582031e+00
4.334437251091003418e-01
4.334437251091003418e-01
3.737867772579193115e-01
1.415297389030456543e+00
1.013186693191528320e+00
1.121621131896972656e+00
1.121621131896972656e+00
3.499731421470642090e-01
3.499731421470642090e-01
3.499731421470642090e-01
3.683244287967681885e-01
6.840869188308715820e-01
9.891066551208496094e-01
1.424415111541748047e+00
1.424415111541748047e+00
1.424415111541748047e+00
1.424415111541748047e+00
9.247756004333496094e-01
1.450234174728393555e+00
1.450234174728393555e+00
1.450234174728393555e+00
1.202507257461547852e+00
1.202507257461547852e+00
1.202507257461547852e+00
7.531106472015380859e-01
7.779767513275146484e-01
1.589816093444824219e+00
1.589816093444824219e+00
1.589816093444824219e+00
6.597989201545715332e-01
6.597989201545715332e-01
1.022649526596069336e+00
1.022649526596069336e+00
8.412855267524719238e-01
8.571857810020446777e-01
8.571857810020446777e-01
8.571857810020446777e-01
8.571857810020446777e-01
1.098454713821411133e+00
9.296901226043701172e-01
9.296901226043701172e-01
9.296901226043701172e-01
9.296901226043701172e-01
9.296901226043701172e-01
9.296901226043701172e-01
7.976651787757873535e-01
5.520263314247131348e-01
5.520263314247131348e-01
5.864345431327819824e-01
5.864345431327819824e-01
9.611465930938720703e-01
4.574863314628601074e-01
4.574863314628601074e-01
4.574863314628601074e-01
1.021603345870971680e+00
1.021603345870971680e+00
7.134903073310852051e-01
7.134903073310852051e-01
3.116264343261718750e-01
1.102183818817138672e+00
1.102183818817138672e+00
5.948625802993774414e-01
7.303206324577331543e-01
7.303206324577331543e-01
7.303206324577331543e-01
7.303206324577331543e-01
7.303206324577331543e-01
5.714693665504455566e-01
5.714693665504455566e-01
3.287318348884582520e-01
2.819680273532867432e-01
2.819680273532867432e-01
2.819680273532867432e-01
2.819680273532867432e-01
2.819680273532867432e-01
2.791432440280914307e-01
2.791432440280914307e-01
7.621736526489257812e-01
7.621736526489257812e-01
4.452812075614929199e-01
1.287223696708679199e+00
1.689024806022644043e+00
1.689024806022644043e+00
1.767424464225769043e+00
3.947985172271728516e-01
3.947985172271728516e-01
3.947985172271728516e-01
3.947985172271728516e-01
1.170346498489379883e+00
4.835187196731567383e-01
3.840894103050231934e-01
3.840894103050231934e-01
3.840894103050231934e-01
1.372753232717514038e-01
1.372753232717514038e-01
1.373173892498016357e-01
1.373173892498016357e-01
3.071484863758087158e-01
3.071484863758087158e-01
3.071484863758087158e-01
3.935660123825073242e-01
6.213601827621459961e-01
5.416106581687927246e-01
5.416106581687927246e-01
8.376839160919189453e-01
8.376839160919189453e-01
6.581327915191650391e-01
6.581327915191650391e-01
6.581327915191650391e-01
6.581327915191650391e-01
8.580653667449951172e-01
9.940233826637268066e-01
1.153481245040893555e+00
9.600815773010253906e-01
1.030956864356994629e+00
1.030956864356994629e+00
1.030956864356994629e+00
1.030956864356994629e+00
9.888956546783447266e-01
9.888956546783447266e-01
9.888956546783447266e-01
7.705847024917602539e-01
7.894503474235534668e-01
9.992963671684265137e-01
5.068854689598083496e-01
5.477128624916076660e-01
6.170451641082763672e-01
6.170451641082763672e-01
9.544867277145385742e-01
9.259829521179199219e-01
6.438852548599243164e-01
6.438852548599243164e-01
7.983925938606262207e-01
6.984992623329162598e-01
6.984992623329162598e-01
6.984992623329162598e-01
6.984992623329162598e-01
6.984992623329162598e-01
6.984992623329162598e-01
6.984992623329162598e-01
6.984992623329162598e-01
6.984992623329162598e-01
6.984992623329162598e-01
8.860024809837341309e-01
1.319861650466918945e+00
1.319861650466918945e+00
1.319861650466918945e+00
1.647397637367248535e+00
1.571602106094360352e+00
7.865359187126159668e-01
9.661351442337036133e-01
5.320025086402893066e-01
4.508956074714660645e-01
5.823247432708740234e-01
5.823247432708740234e-01
4.429456293582916260e-01
1.280739545822143555e+00
1.280739545822143555e+00
1.280739545822143555e+00
1.378115057945251465e+00
1.378115057945251465e+00
1.378115057945251465e+00
1.138701081275939941e+00
1.511196613311767578e+00
1.357726573944091797e+00
1.724464774131774902e+00
1.724464774131774902e+00
1.085110187530517578e+00
1.085110187530517578e+00
5.440086126327514648e-01
2.546431422233581543e-01
5.427778959274291992e-01
2.850940227508544922e-01
9.323734641075134277e-01
9.323734641075134277e-01
4.563257992267608643e-01
4.563257992267608643e-01
4.563257992267608643e-01
8.522366285324096680e-01
1.138378858566284180e+00
1.138378858566284180e+00
1.138378858566284180e+00
8.347296714782714844e-01
1.105993509292602539e+00
1.105993509292602539e+00
2.764766216278076172e-01
2.764766216278076172e-01
3.288620114326477051e-01
1.199554562568664551e+00
1.007816195487976074e+00
1.081065654754638672e+00
1.044249653816223145e+00
1.044249653816223145e+00
1.673666477203369141e+00
1.838556528091430664e+00
9.451992511749267578e-01
9.451992511749267578e-01
9.705004692077636719e-01
9.705004692077636719e-01
1.197213411331176758e+00
1.154731035232543945e+00
1.154731035232543945e+00
1.194822072982788086e+00
8.557288646697998047e-01
8.557288646697998047e-01
8.557288646697998047e-01
1.095572352409362793e+00
1.322726249694824219e+00
9.636576175689697266e-01
9.636576175689697266e-01
9.636576175689697266e-01
9.636576175689697266e-01
9.636576175689697266e-01
1.080872893333435059e+00
1.726789832115173340e+00
9.852861166000366211e-01
1.366598248481750488e+00
1.366598248481750488e+00
1.366598248481750488e+00
1.080214977264404297e+00
1.082244753837585449e+00
7.396413087844848633e-01
7.396413087844848633e-01
9.314873218536376953e-01
9.314873218536376953e-01
1.266469240188598633e+00
6.309650540351867676e-01
1.023610830307006836e+00
1.176584362983703613e+00
1.176584362983703613e+00
1.176584362983703613e+00
9.626336693763732910e-01
1.356963396072387695e+00
1.799282789230346680e+00
1.779101371765136719e+00
1.665304541587829590e+00
1.665304541587829590e+00
2.037792205810546875e+00
1.928905487060546875e+00
1.928905487060546875e+00
1.246607065200805664e+00
5.165300369262695312e-01
5.860030651092529297e-01
5.860030651092529297e-01
5.860030651092529297e-01
5.860030651092529297e-01
6.201276183128356934e-01
8.493040800094604492e-01
1.222867965698242188e+00
1.637165665626525879e+00
6.324838399887084961e-01
3.658028841018676758e-01
3.706518113613128662e-01
8.990333080291748047e-01
8.753222823143005371e-01
8.753222823143005371e-01
8.407889604568481445e-01
1.144079923629760742e+00
1.656153678894042969e+00
1.656153678894042969e+00
4.532471895217895508e-01
4.532471895217895508e-01
4.532471895217895508e-01
5.772621631622314453e-01
9.791679382324218750e-01
9.791679382324218750e-01
9.791679382324218750e-01
1.066454887390136719e+00
6.763861775398254395e-01
4.878952503204345703e-01
1.241040349006652832e+00
6.728892922401428223e-01
4.840283393859863281e-01
1.165954113006591797e+00
1.165954113006591797e+00
1.165954113006591797e+00
3.209783434867858887e-01
4.877920448780059814e-01
7.767243385314941406e-01
7.767243385314941406e-01
7.767243385314941406e-01
7.767243385314941406e-01
7.767243385314941406e-01
1.037447452545166016e+00
8.259725570678710938e-01
4.785645604133605957e-01
5.247287154197692871e-01
5.995563864707946777e-01
5.995563864707946777e-01
5.136296153068542480e-01
1.171118259429931641e+00
7.618172168731689453e-01
7.618172168731689453e-01
1.077253341674804688e+00
2.588954567909240723e-01
2.588954567909240723e-01
4.182398319244384766e-01
1.197966933250427246e+00
1.011886835098266602e+00
1.011886835098266602e+00
4.730059504508972168e-01
4.730059504508972168e-01
4.730059504508972168e-01
4.730059504508972168e-01
4.479175209999084473e-01
6.274499893188476562e-01
5.564590692520141602e-01
5.564590692520141602e-01
5.564590692520141602e-01
1.261587262153625488e+00
1.261587262153625488e+00
1.132835865020751953e+00
8.258257508277893066e-01
1.070185542106628418e+00
1.070185542106628418e+00
1.364262580871582031e+00
1.139981031417846680e+00
1.139981031417846680e+00
5.258342623710632324e-01
5.258342623710632324e-01
4.726715683937072754e-01
2.443262487649917603e-01
2.443262487649917603e-01
2.443262487649917603e-01
2.443262487649917603e-01
4.269288182258605957e-01
9.038177132606506348e-01
9.038177132606506348e-01
9.038177132606506348e-01
9.038177132606506348e-01
9.038177132606506348e-01
6.549941897392272949e-01
6.549941897392272949e-01
5.872375965118408203e-01
5.341463685035705566e-01
5.341463685035705566e-01
1.084865331649780273e+00
1.167871475219726562e+00
1.251463055610656738e+00
8.977062106132507324e-01
6.836843490600585938e-01
1.054574012756347656e+00
6.967848539352416992e-01
9.104944467544555664e-01
5.350488424301147461e-01
5.350488424301147461e-01
1.303937435150146484e-01
1.303937435150146484e-01
1.303937435150146484e-01
1.303937435150146484e-01
3.640072941780090332e-01
3.481037914752960205e-01
3.481037914752960205e-01
1.397375702857971191e+00
5.871815681457519531e-01
5.871815681457519531e-01
5.871815681457519531e-01
1.141983985900878906e+00
1.586976170539855957e+00
1.586976170539855957e+00
1.165042757987976074e+00
1.165042757987976074e+00
9.103212952613830566e-01
7.646612524986267090e-01
7.646612524986267090e-01
7.646612524986267090e-01
7.646612524986267090e-01
1.267829775810241699e+00
1.630537152290344238e+00
7.678129673004150391e-01
8.526635169982910156e-01
3.176903724670410156e-01
1.119908809661865234e+00
1.119908809661865234e+00
1.119908809661865234e+00
1.119908809661865234e+00
1.119908809661865234e+00
9.316241145133972168e-01
9.316241145133972168e-01
4.311535358428955078e-01
4.311535358428955078e-01
1.536295771598815918e+00
1.536295771598815918e+00
1.536295771598815918e+00
1.536295771598815918e+00
1.536295771598815918e+00
1.063385486602783203e+00
9.061049222946166992e-01
9.700389504432678223e-01
6.265959739685058594e-01
1.099415779113769531e+00
9.322964549064636230e-01
9.322964549064636230e-01
1.202359557151794434e+00
6.924526691436767578e-01
6.924526691436767578e-01
6.924526691436767578e-01
1.201168775558471680e+00
4.460582137107849121e-01
1.373620748519897461e+00
1.058407068252563477e+00
6.568113565444946289e-01
6.568113565444946289e-01
1.190690279006958008e+00
1.190690279006958008e+00
1.190690279006958008e+00
3.642193675041198730e-01
6.034545898437500000e-01
6.034545898437500000e-01
6.034545898437500000e-01
3.595481514930725098e-01
4.217368364334106445e-01
2.955472469329833984e-01
2.955472469329833984e-01
8.312340378761291504e-01
1.287184834480285645e+00
1.287184834480285645e+00
1.287184834480285645e+00
1.620709061622619629e+00
1.620709061622619629e+00
1.620709061622619629e+00
1.290702819824218750e+00
1.422728657722473145e+00
1.422728657722473145e+00
1.209088683128356934e+00
9.645758867263793945e-01
8.696918487548828125e-01
8.696918487548828125e-01
1.270782351493835449e+00
1.270782351493835449e+00
1.469835638999938965e+00
1.302587509155273438e+00
4.682587385177612305e-01
4.682587385177612305e-01
4.682587385177612305e-01
4.682587385177612305e-01
4.682587385177612305e-01
5.729877948760986328e-01
5.729877948760986328e-01
5.175440311431884766e-01
5.175440311431884766e-01
5.175440311431884766e-01
5.175440311431884766e-01
5.175440311431884766e-01
9.461103677749633789e-01
9.461103677749633789e-01
9.461103677749633789e-01
1.397691130638122559e+00
1.397691130638122559e+00
1.439088702201843262e+00
1.358647346496582031e+00
1.358647346496582031e+00
9.794502258300781250e-01
9.794502258300781250e-01
1.025135159492492676e+00
1.025135159492492676e+00
5.626509189605712891e-01
7.313327193260192871e-01
1.580928087234497070e+00
1.580928087234497070e+00
1.580928087234497070e+00
1.580928087234497070e+00
1.495082020759582520e+00
1.392455577850341797e+00
5.216372013092041016e-01
5.216372013092041016e-01
5.216372013092041016e-01
5.216372013092041016e-01
5.216372013092041016e-01
6.829045414924621582e-01
6.829045414924621582e-01
8.113961815834045410e-01
3.726701736450195312e-01
2.995069622993469238e-01
2.952904701232910156e-01
2.952904701232910156e-01
8.858581185340881348e-01
8.858581185340881348e-01
8.858581185340881348e-01
2.513771653175354004e-01
4.839213490486145020e-01
6.117737293243408203e-01
6.069456934928894043e-01
3.725235164165496826e-01
1.490969419479370117e+00
1.490969419479370117e+00
1.043232440948486328e+00
1.537936449050903320e+00
1.130029678344726562e+00
1.238035559654235840e+00
1.074119925498962402e+00
1.342184782028198242e+00
1.098092079162597656e+00
1.098092079162597656e+00
1.098092079162597656e+00
1.098092079162597656e+00
1.131928801536560059e+00
5.392995476722717285e-01
5.392995476722717285e-01
9.872897267341613770e-01
9.872897267341613770e-01
9.872897267341613770e-01
1.404580116271972656e+00
9.356590509414672852e-01
1.098278164863586426e+00
1.098278164863586426e+00
8.796801567077636719e-01
3.236041665077209473e-01
5.884923934936523438e-01
6.679933667182922363e-01
8.664268255233764648e-01
8.664268255233764648e-01
8.664268255233764648e-01
8.664268255233764648e-01
5.697898268699645996e-01
9.546272754669189453e-01
9.546272754669189453e-01
5.931355953216552734e-01
5.931355953216552734e-01
5.931355953216552734e-01
5.931355953216552734e-01
5.931355953216552734e-01
5.931355953216552734e-01
5.931355953216552734e-01
2.118912696838378906e+00
2.014075756072998047e+00
2.014075756072998047e+00
2.014075756072998047e+00
2.014075756072998047e+00
2.014075756072998047e+00
2.014075756072998047e+00
2.014075756072998047e+00
1.952895522117614746e+00
1.952895522117614746e+00
1.952895522117614746e+00
1.952895522117614746e+00
1.859378933906555176e+00
1.859378933906555176e+00
1.859378933906555176e+00
1.859378933906555176e+00
1.639879584312438965e+00
5.072839260101318359e-01
4.251410365104675293e-01
1.827095270156860352e+00
1.827095270156860352e+00
9.618513584136962891e-01
4.148682951927185059e-01
4.148682951927185059e-01
6.909024715423583984e-01
8.049980401992797852e-01
9.752122163772583008e-01
9.752122163772583008e-01
2.731181383132934570e-01
8.486868739128112793e-01
8.486868739128112793e-01
8.962016105651855469e-01
8.387033939361572266e-01
1.168262124061584473e+00
6.857148408889770508e-01
9.656571149826049805e-01
8.371759653091430664e-01
5.476890802383422852e-01
6.059592962265014648e-01
1.693855881690979004e+00
1.693855881690979004e+00
9.841476082801818848e-01
9.841476082801818848e-01
9.841476082801818848e-01
9.841476082801818848e-01
9.841476082801818848e-01
9.841476082801818848e-01
7.295123934745788574e-01
5.209668874740600586e-01
5.209668874740600586e-01
5.209668874740600586e-01
5.209668874740600586e-01
7.983272671699523926e-01
7.983272671699523926e-01
7.983272671699523926e-01
7.983272671699523926e-01
7.983272671699523926e-01
3.199448883533477783e-01
4.690390229225158691e-01
3.562860488891601562e-01
3.562860488891601562e-01
1.204914331436157227e+00
1.204914331436157227e+00
1.204914331436157227e+00
1.348230957984924316e+00
1.348230957984924316e+00
1.155496716499328613e+00
1.155496716499328613e+00
1.155496716499328613e+00
1.080466747283935547e+00
1.080466747283935547e+00
9.439486265182495117e-01
9.070831537246704102e-01
9.002591371536254883e-01
9.002591371536254883e-01
9.002591371536254883e-01
9.601840376853942871e-01
7.890611290931701660e-01
9.577659964561462402e-01
9.577659964561462402e-01
9.577659964561462402e-01
9.577659964561462402e-01
5.879490375518798828e-01
1.114162206649780273e+00
1.114162206649780273e+00
1.114162206649780273e+00
5.803571939468383789e-01
3.289119303226470947e-01
3.289119303226470947e-01
3.289119303226470947e-01
8.724471330642700195e-01
8.724471330642700195e-01
7.305690646171569824e-01
7.305690646171569824e-01
7.820438146591186523e-01
7.820438146591186523e-01
7.571989297866821289e-01
7.571989297866821289e-01
8.859136104583740234e-01
1.061151385307312012e+00
3.809930682182312012e-01
3.809930682182312012e-01
3.809930682182312012e-01
9.424260258674621582e-01
1.052695155143737793e+00
9.043066501617431641e-01
9.043066501617431641e-01
9.043066501617431641e-01
8.558409214019775391e-01
8.558409214019775391e-01
8.558409214019775391e-01
8.558409214019775391e-01
7.870062589645385742e-01
7.870062589645385742e-01
7.870062589645385742e-01
1.178411245346069336e+00
1.353912711143493652e+00
1.589393973350524902e+00
1.589393973350524902e+00
1.346612691879272461e+00
1.443042755126953125e+00
1.443042755126953125e+00
1.228324890136718750e+00
1.338765382766723633e+00
1.322825193405151367e+00
1.322825193405151367e+00
1.322825193405151367e+00
1.374613404273986816e+00
1.147590279579162598e+00
3.592526316642761230e-01
1.314308881759643555e+00
9.096548557281494141e-01
9.096548557281494141e-01
9.096548557281494141e-01
1.033343911170959473e+00
5.163179039955139160e-01
5.163179039955139160e-01
7.080185413360595703e-01
7.080185413360595703e-01
7.397267222404479980e-01
8.826217055320739746e-01
8.826217055320739746e-01
8.988868594169616699e-01
8.988868594169616699e-01
8.988868594169616699e-01
1.083973407745361328e+00
7.218108177185058594e-01
7.218108177185058594e-01
7.218108177185058594e-01
7.218108177185058594e-01
7.218108177185058594e-01
7.218108177185058594e-01
7.255901694297790527e-01
7.255901694297790527e-01
5.226875543594360352e-01
5.226875543594360352e-01
3.943001627922058105e-01
3.943001627922058105e-01
7.928153872489929199e-01
7.928153872489929199e-01
7.928153872489929199e-01
1.200562596321105957e+00
1.549963235855102539e+00
1.549963235855102539e+00
6.156796813011169434e-01
6.156796813011169434e-01
4.368092417716979980e-01
6.640557646751403809e-01
5.934397578239440918e-01
5.934397578239440918e-01
1.023756980895996094e+00
1.023756980895996094e+00
8.613589406013488770e-01
4.680731594562530518e-01
3.439342975616455078e-01
4.824307560920715332e-01
4.824307560920715332e-01
1.096012115478515625e+00
1.096012115478515625e+00
5.896979570388793945e-01
1.284219741821289062e+00
1.465476274490356445e+00
1.465476274490356445e+00
1.300699234008789062e+00
1.575252771377563477e+00
1.575252771377563477e+00
1.575252771377563477e+00
1.575252771377563477e+00
8.174092173576354980e-01
1.247702360153198242e+00
1.247702360153198242e+00
1.247702360153198242e+00
7.460566759109497070e-01
1.046377897262573242e+00
6.983428001403808594e-01
6.983428001403808594e-01
6.983428001403808594e-01
6.983428001403808594e-01
1.139699935913085938e+00
1.139699935913085938e+00
8.381282687187194824e-01
8.381282687187194824e-01
8.381282687187194824e-01
8.381282687187194824e-01
8.381282687187194824e-01
7.556530237197875977e-01
1.019451022148132324e+00
9.389767050743103027e-01
9.389767050743103027e-01
9.389767050743103027e-01
9.389767050743103027e-01
9.789428710937500000e-01
9.789428710937500000e-01
9.789428710937500000e-01
9.789428710937500000e-01
9.789428710937500000e-01
9.789428710937500000e-01
9.789428710937500000e-01
9.789428710937500000e-01
9.789428710937500000e-01
9.789428710937500000e-01
5.886886119842529297e-01
5.886886119842529297e-01
5.886886119842529297e-01
9.490560293197631836e-01
6.523215770721435547e-01
6.523215770721435547e-01
6.356205344200134277e-01
7.098729610443115234e-01
1.265197038650512695e+00
1.265197038650512695e+00
1.265197038650512695e+00
1.066614747047424316e+00
1.066614747047424316e+00
5.382337570190429688e-01
5.382337570190429688e-01
6.592530608177185059e-01
6.592530608177185059e-01
7.577952742576599121e-01
6.793781518936157227e-01
6.793781518936157227e-01
9.591906070709228516e-01
8.852323889732360840e-01
8.365335464477539062e-01
7.865568399429321289e-01
1.025241613388061523e+00
1.187036514282226562e+00
1.316804289817810059e+00
1.316804289817810059e+00
1.316804289817810059e+00
1.184360027313232422e+00
1.348594188690185547e+00
8.568587303161621094e-01
8.038821816444396973e-01
8.776921629905700684e-01
8.776921629905700684e-01
1.523065567016601562e+00
1.523065567016601562e+00
1.176153659820556641e+00
7.194635272026062012e-01
7.194635272026062012e-01
6.471385955810546875e-01
5.406582951545715332e-01
1.501083850860595703e+00
1.267253994941711426e+00
1.297646164894104004e+00
1.297646164894104004e+00
3.785470128059387207e-01
3.785470128059387207e-01
1.183481454849243164e+00
1.021473765373229980e+00
7.709800004959106445e-01
3.286475837230682373e-01
6.671380400657653809e-01
4.809327125549316406e-01
4.809327125549316406e-01
4.809327125549316406e-01
3.734293580055236816e-01
3.734293580055236816e-01
3.734293580055236816e-01
1.234330177307128906e+00
4.516546726226806641e-01
4.498631060123443604e-01
1.246842026710510254e+00
1.246842026710510254e+00
1.116330981254577637e+00
9.443206787109375000e-01
8.480053544044494629e-01
7.163818478584289551e-01
8.179911375045776367e-01
8.179911375045776367e-01
8.414292931556701660e-01
4.597158730030059814e-01
4.597158730030059814e-01
5.092425346374511719e-01
8.211575746536254883e-01
8.211575746536254883e-01
5.511361360549926758e-01
5.511361360549926758e-01
7.752313017845153809e-01
1.252095460891723633e+00
1.226345181465148926e+00
1.417806148529052734e+00
1.442894816398620605e+00
2.585948705673217773e-01
2.585948705673217773e-01
6.826655864715576172e-01
4.413868784904479980e-01
5.607782006263732910e-01
5.607782006263732910e-01
5.607782006263732910e-01
9.040158987045288086e-01
9.040158987045288086e-01
8.894345760345458984e-01
1.115677237510681152e+00
1.115677237510681152e+00
1.115677237510681152e+00
9.831466674804687500e-01
1.000437617301940918e+00
1.000437617301940918e+00
8.172633051872253418e-01
8.172633051872253418e-01
6.794122457504272461e-01
2.452685236930847168e-01
3.860307931900024414e-01
3.860307931900024414e-01
9.210019707679748535e-01
9.210019707679748535e-01
1.240693211555480957e+00
8.663222789764404297e-01
8.663222789764404297e-01
8.663222789764404297e-01
4.880907535552978516e-01
4.880907535552978516e-01
1.126957774162292480e+00
1.126957774162292480e+00
1.486113071441650391e-01
1.278340667486190796e-01
1.695471644401550293e+00
1.636981487274169922e+00
1.636981487274169922e+00
1.367644071578979492e-01
8.997762203216552734e-01
7.652350664138793945e-01
7.652350664138793945e-01
7.652350664138793945e-01
7.652350664138793945e-01
4.428234398365020752e-01
4.428234398365020752e-01
9.418473243713378906e-01
6.321754455566406250e-01
6.321754455566406250e-01
6.321754455566406250e-01
9.145689010620117188e-01
9.145689010620117188e-01
6.739813089370727539e-01
7.762956619262695312e-01
7.762956619262695312e-01
6.489939689636230469e-01
5.421635508537292480e-01
5.421635508537292480e-01
5.421635508537292480e-01
5.421635508537292480e-01
7.035387754440307617e-01
7.360662817955017090e-01
7.360662817955017090e-01
1.619830965995788574e+00
1.810054898262023926e+00
1.773664593696594238e+00
2.480449676513671875e+00
2.480449676513671875e+00
2.480449676513671875e+00
2.480449676513671875e+00
2.480449676513671875e+00
2.416457653045654297e+00
2.416457653045654297e+00
2.520938873291015625e+00
2.118350028991699219e+00
2.118350028991699219e+00
2.118350028991699219e+00
2.118350028991699219e+00
1.818839073181152344e+00
1.588781952857971191e+00
1.588781952857971191e+00
1.588781952857971191e+00
1.514831542968750000e+00
1.978146553039550781e+00
1.978146553039550781e+00
1.220615506172180176e+00
8.782774806022644043e-01
9.191102981567382812e-01
9.191102981567382812e-01
9.191102981567382812e-01
6.506154537200927734e-01
6.506154537200927734e-01
6.506154537200927734e-01
5.201301574707031250e-01
1.475746393203735352e+00
1.475746393203735352e+00
6.144678592681884766e-01
9.363541007041931152e-01
9.363541007041931152e-01
9.363541007041931152e-01
9.363541007041931152e-01
1.027502417564392090e+00
1.027502417564392090e+00
1.027502417564392090e+00
2.872886657714843750e-01
2.872886657714843750e-01
2.356407642364501953e-01
1.529959201812744141e+00
1.529959201812744141e+00
1.529959201812744141e+00
1.020929813385009766e+00
8.335745930671691895e-01
8.335745930671691895e-01
1.505959272384643555e+00
7.853985428810119629e-01
7.853985428810119629e-01
7.181759476661682129e-01
5.801078081130981445e-01
6.524673104286193848e-01
6.524673104286193848e-01
7.783755064010620117e-01
7.145259380340576172e-01
7.145259380340576172e-01
7.098373174667358398e-01
7.098373174667358398e-01
7.098373174667358398e-01
7.098373174667358398e-01
7.098373174667358398e-01
9.280915856361389160e-01
9.280915856361389160e-01
9.280915856361389160e-01
9.280915856361389160e-01
9.280915856361389160e-01
9.280915856361389160e-01
9.280915856361389160e-01
9.280915856361389160e-01
9.280915856361389160e-01
7.102456092834472656e-01
7.102456092834472656e-01
7.102456092834472656e-01
6.729305982589721680e-01
8.425103425979614258e-01
8.425103425979614258e-01
8.425103425979614258e-01
8.425103425979614258e-01
7.894690632820129395e-01
7.894690632820129395e-01
1.667553663253784180e+00
1.667553663253784180e+00
1.587497949600219727e+00
1.193359613418579102e+00
1.131716251373291016e+00
1.369868755340576172e+00
2.058220148086547852e+00
2.058220148086547852e+00
2.038403034210205078e+00
1.839631915092468262e+00
1.193719625473022461e+00
8.013283014297485352e-01
9.556427001953125000e-01
1.161267399787902832e+00
1.161267399787902832e+00
1.614903450012207031e+00
1.614903450012207031e+00
1.614903450012207031e+00
1.614903450012207031e+00
1.614903450012207031e+00
1.873106837272644043e+00
1.621624469757080078e+00
1.458680868148803711e+00
4.703200459480285645e-01
4.703200459480285645e-01
4.703200459480285645e-01
4.703200459480285645e-01
1.270719528198242188e+00
1.167428374290466309e+00
1.167428374290466309e+00
1.512135505676269531e+00
1.512135505676269531e+00
1.011163949966430664e+00
1.263074874877929688e+00
1.225363373756408691e+00
8.178015947341918945e-01
7.265911102294921875e-01
7.265911102294921875e-01
7.265911102294921875e-01
7.265911102294921875e-01
6.098134517669677734e-01
8.574868440628051758e-01
1.638589382171630859e+00
1.638589382171630859e+00
1.638589382171630859e+00
1.638589382171630859e+00
1.638589382171630859e+00
1.638589382171630859e+00
1.101058483123779297e+00
1.308678507804870605e+00
4.865710735321044922e-01
3.932948708534240723e-01
1.188629388809204102e+00
1.188629388809204102e+00
1.188629388809204102e+00
1.188629388809204102e+00
1.188629388809204102e+00
1.016896128654479980e+00
1.016896128654479980e+00
1.090565323829650879e+00
1.090565323829650879e+00
7.547657489776611328e-01
1.219570398330688477e+00
1.219570398330688477e+00
1.219570398330688477e+00
1.674124360084533691e+00
1.674124360084533691e+00
1.674124360084533691e+00
1.674124360084533691e+00
1.117159605026245117e+00
6.202532052993774414e-01
5.440260767936706543e-01
5.440260767936706543e-01
7.643300890922546387e-01
1.675631284713745117e+00
1.675631284713745117e+00
1.799555540084838867e+00
1.673180222511291504e+00
1.966299653053283691e+00
1.441086053848266602e+00
1.441086053848266602e+00
1.441086053848266602e+00
1.441086053848266602e+00
1.549977779388427734e+00
1.549977779388427734e+00
1.549977779388427734e+00
1.549977779388427734e+00
9.284912347793579102e-01
9.284912347793579102e-01
9.284912347793579102e-01
9.284912347793579102e-01
9.284912347793579102e-01
2.009738683700561523e-01
2.009738683700561523e-01
2.009738683700561523e-01
1.238275289535522461e+00
1.130271434783935547e+00
3.953897953033447266e-01
1.623460769653320312e+00
2.276848793029785156e+00
2.438284635543823242e+00
2.451369285583496094e+00
2.451369285583496094e+00
2.563904285430908203e+00
2.511361360549926758e+00
2.210054159164428711e+00
2.240631103515625000e+00
2.240631103515625000e+00
2.240631103515625000e+00
2.240631103515625000e+00
2.100889921188354492e+00
2.100889921188354492e+00
2.096520423889160156e+00
1.490576982498168945e+00
8.092257380485534668e-01
4.338042736053466797e-01
4.338042736053466797e-01
4.338042736053466797e-01
6.489847302436828613e-01
6.729296445846557617e-01
6.729296445846557617e-01
4.706842303276062012e-01
1.342323303222656250e+00
1.342323303222656250e+00
1.342323303222656250e+00
8.886736035346984863e-01
8.886736035346984863e-01
8.886736035346984863e-01
1.170120000839233398e+00
1.414275288581848145e+00
1.414275288581848145e+00
1.414275288581848145e+00
9.110620021820068359e-01
1.248997211456298828e+00
1.248997211456298828e+00
1.163718581199645996e+00
1.031490087509155273e+00
5.158690810203552246e-01
5.158690810203552246e-01
5.158690810203552246e-01
5.158690810203552246e-01
5.158690810203552246e-01
5.158690810203552246e-01
5.158690810203552246e-01
5.158690810203552246e-01
5.158690810203552246e-01
5.158690810203552246e-01
1.142865180969238281e+00
4.381465911865234375e-01
6.605669856071472168e-01
6.605669856071472168e-01
6.605669856071472168e-01
8.722881674766540527e-01
8.722881674766540527e-01
8.722881674766540527e-01
8.722881674766540527e-01
8.722881674766540527e-01
8.722881674766540527e-01
8.722881674766540527e-01
8.722881674766540527e-01
8.722881674766540527e-01
7.430425882339477539e-01
7.430425882339477539e-01
7.430425882339477539e-01
7.430425882339477539e-01
8.682598471641540527e-01
8.682598471641540527e-01
7.347427010536193848e-01
7.347427010536193848e-01
7.347427010536193848e-01
7.347427010536193848e-01
7.347427010536193848e-01
2.549330890178680420e-01
1.321747899055480957e+00
1.321747899055480957e+00
1.592979431152343750e+00
1.675949096679687500e+00
1.675949096679687500e+00
1.675949096679687500e+00
1.675949096679687500e+00
1.675949096679687500e+00
1.675949096679687500e+00
1.318618297576904297e+00
1.318618297576904297e+00
1.237843871116638184e+00
9.652000665664672852e-01
8.562517762184143066e-01
5.254913568496704102e-01
9.926903247833251953e-01
9.926903247833251953e-01
9.926903247833251953e-01
9.926903247833251953e-01
9.926903247833251953e-01
1.111747860908508301e+00
1.111747860908508301e+00
9.921913146972656250e-01
9.921913146972656250e-01
5.493258237838745117e-01
5.493258237838745117e-01
1.322940587997436523e+00
1.322940587997436523e+00
1.322940587997436523e+00
3.980701565742492676e-01
1.110933542251586914e+00
1.103301286697387695e+00
1.126399040222167969e+00
1.126399040222167969e+00
1.157025933265686035e+00
7.817957401275634766e-01
7.817957401275634766e-01
7.817957401275634766e-01
7.817957401275634766e-01
8.196718096733093262e-01
9.949334859848022461e-01
7.604103088378906250e-01
5.464571118354797363e-01
4.406857788562774658e-01
8.589828014373779297e-01
4.486736059188842773e-01
1.484568715095520020e+00
8.766205310821533203e-01
8.766205310821533203e-01
8.766205310821533203e-01
8.766205310821533203e-01
1.540547251701354980e+00
1.482579112052917480e+00
1.482579112052917480e+00
1.370600819587707520e+00
6.351888179779052734e-01
6.351888179779052734e-01
6.351888179779052734e-01
6.351888179779052734e-01
1.192701339721679688e+00
1.268971920013427734e+00
1.033828854560852051e+00
1.033828854560852051e+00
1.033828854560852051e+00
9.325243234634399414e-01
5.854392647743225098e-01
5.854392647743225098e-01
5.854392647743225098e-01
5.854392647743225098e-01
1.499551534652709961e+00
9.795784354209899902e-01
9.795784354209899902e-01
9.795784354209899902e-01
8.682612180709838867e-01
7.982687354087829590e-01
7.982687354087829590e-01
1.200541853904724121e+00
1.367911696434020996e+00
1.367911696434020996e+00
1.341663718223571777e+00
1.534067988395690918e+00
6.571469306945800781e-01
6.776204109191894531e-01
5.028036236763000488e-01
5.028036236763000488e-01
1.431116819381713867e+00
1.216725707054138184e+00
1.112272977828979492e+00
1.112272977828979492e+00
1.330294609069824219e+00
1.778378129005432129e+00
1.778378129005432129e+00
1.229657888412475586e+00
2.900308370590209961e-01
2.900308370590209961e-01
2.900308370590209961e-01
2.900308370590209961e-01
1.136117458343505859e+00
9.757615327835083008e-01
9.525064229965209961e-01
9.525064229965209961e-01
9.525064229965209961e-01
8.055283427238464355e-01
9.948434829711914062e-01
3.257045745849609375e-01
3.257045745849609375e-01
3.257045745849609375e-01
3.257045745849609375e-01
8.617082834243774414e-01
8.617082834243774414e-01
7.447754144668579102e-01
7.447754144668579102e-01
1.294062376022338867e+00
1.294062376022338867e+00
1.451866507530212402e+00
2.536926269531250000e-01
5.225299596786499023e-01
5.225299596786499023e-01
5.225299596786499023e-01
5.225299596786499023e-01
5.225299596786499023e-01
5.225299596786499023e-01
5.225299596786499023e-01
1.058935403823852539e+00
7.403967380523681641e-01
7.403967380523681641e-01
1.149313807487487793e+00
1.149313807487487793e+00
1.149313807487487793e+00
1.149313807487487793e+00
9.959157705307006836e-01
7.248349189758300781e-01
9.344747662544250488e-01
7.806481719017028809e-01
7.806481719017028809e-01
7.806481719017028809e-01
8.601858019828796387e-01
8.601858019828796387e-01
8.601858019828796387e-01
8.601858019828796387e-01
1.127330899238586426e+00
1.127330899238586426e+00
1.127330899238586426e+00
1.220056891441345215e+00
1.220056891441345215e+00
1.325178384780883789e+00
1.325178384780883789e+00
1.325178384780883789e+00
1.325178384780883789e+00
1.325178384780883789e+00
1.325178384780883789e+00
4.075316190719604492e-01
4.075316190719604492e-01
4.075316190719604492e-01
7.607548236846923828e-01
7.607548236846923828e-01
5.623778700828552246e-01
5.623778700828552246e-01
5.623778700828552246e-01
1.265944242477416992e+00
6.758824586868286133e-01
6.758824586868286133e-01
6.758824586868286133e-01
6.758824586868286133e-01
6.758824586868286133e-01
8.038768768310546875e-01
8.038768768310546875e-01
8.038768768310546875e-01
1.095684766769409180e+00
1.095684766769409180e+00
1.095684766769409180e+00
1.095684766769409180e+00
1.095684766769409180e+00
1.095684766769409180e+00
1.000089764595031738e+00
7.408900260925292969e-01
9.362305402755737305e-01
1.343794584274291992e+00
1.534201502799987793e+00
1.836473941802978516e+00
8.379943370819091797e-01
8.379943370819091797e-01
1.009951233863830566e+00
9.471918940544128418e-01
9.471918940544128418e-01
9.471918940544128418e-01
1.079046487808227539e+00
1.079046487808227539e+00
1.170815706253051758e+00
1.170815706253051758e+00
1.170815706253051758e+00
8.450980186462402344e-01
8.450980186462402344e-01
9.606993198394775391e-01
9.606993198394775391e-01
9.606993198394775391e-01
9.606993198394775391e-01
1.574694156646728516e+00
1.525844335556030273e+00
1.638577103614807129e+00
1.362493038177490234e+00
1.362493038177490234e+00
2.306524515151977539e-01
9.369870424270629883e-01
5.510298013687133789e-01
6.681009531021118164e-01
6.681009531021118164e-01
6.681009531021118164e-01
5.174673795700073242e-01
5.174673795700073242e-01
7.089442014694213867e-01
7.089442014694213867e-01
7.089442014694213867e-01
7.089442014694213867e-01
7.961959838867187500e-01
7.961959838867187500e-01
7.961959838867187500e-01
2.950204014778137207e-01
1.669535934925079346e-01
8.966537714004516602e-01
1.288354635238647461e+00
1.886083602905273438e+00
1.886083602905273438e+00
1.849736332893371582e+00
1.849736332893371582e+00
1.849736332893371582e+00
1.654212713241577148e+00
1.526205658912658691e+00
1.062249422073364258e+00
1.062249422073364258e+00
1.062249422073364258e+00
1.062249422073364258e+00
1.062249422073364258e+00
4.891803264617919922e-01
4.341492950916290283e-01
4.341492950916290283e-01
9.434989690780639648e-01
1.015429019927978516e+00
1.015429019927978516e+00
6.173797845840454102e-01
5.397099852561950684e-01
5.541958212852478027e-01
5.541958212852478027e-01
5.541958212852478027e-01
5.541958212852478027e-01
5.541958212852478027e-01
4.263814687728881836e-01
4.502082467079162598e-01
3.679158091545104980e-01
3.679158091545104980e-01
3.679158091545104980e-01
3.679158091545104980e-01
3.679158091545104980e-01
5.680961608886718750e-01
5.623151063919067383e-01
1.559850454330444336e+00
1.559850454330444336e+00
1.559850454330444336e+00
2.521232366561889648e-01
1.095823287963867188e+00
1.151597857475280762e+00
1.151597857475280762e+00
1.151597857475280762e+00
1.151597857475280762e+00
1.151597857475280762e+00
8.775858879089355469e-01
8.775858879089355469e-01
8.775858879089355469e-01
8.775858879089355469e-01
8.368886709213256836e-01
1.105280756950378418e+00
1.105280756950378418e+00
1.105280756950378418e+00
1.105280756950378418e+00
1.105280756950378418e+00
1.428009152412414551e+00
1.042890787124633789e+00
6.610864996910095215e-01
6.610864996910095215e-01
6.610864996910095215e-01
4.594170451164245605e-01
4.594170451164245605e-01
4.594170451164245605e-01
4.594170451164245605e-01
6.813001632690429688e-01
1.220196008682250977e+00
1.220196008682250977e+00
1.193923830986022949e+00
1.193923830986022949e+00
1.193923830986022949e+00
1.210394501686096191e+00
1.210394501686096191e+00
1.210394501686096191e+00
1.321443319320678711e+00
1.321443319320678711e+00
4.664012789726257324e-01
2.203532308340072632e-01
2.203532308340072632e-01
2.203532308340072632e-01
2.203532308340072632e-01
6.554020643234252930e-01
6.554020643234252930e-01
6.554020643234252930e-01
6.554020643234252930e-01
1.016222000122070312e+00
8.205442428588867188e-01
4.948540925979614258e-01
6.566260457038879395e-01
6.521437168121337891e-01
7.024231553077697754e-01
7.024231553077697754e-01
7.024231553077697754e-01
7.024231553077697754e-01
8.504257202148437500e-01
8.504257202148437500e-01
1.484892368316650391e+00
7.980360984802246094e-01
9.781885147094726562e-01
1.119938731193542480e+00
1.003447532653808594e+00
1.003447532653808594e+00
1.441761970520019531e+00
8.343058824539184570e-01
8.343058824539184570e-01
8.343058824539184570e-01
8.343058824539184570e-01
4.687069058418273926e-01
4.687069058418273926e-01
4.687069058418273926e-01
4.687069058418273926e-01
4.687069058418273926e-01
5.349068641662597656e-01
2.838825583457946777e-01
2.838825583457946777e-01
1.280197501182556152e-01
9.428569078445434570e-01
7.454932928085327148e-01
7.454932928085327148e-01
7.454932928085327148e-01
1.141645550727844238e+00
1.141645550727844238e+00
1.221981644630432129e+00
1.221981644630432129e+00
1.025718092918395996e+00
4.565252661705017090e-01
1.566041946411132812e+00
1.566041946411132812e+00
1.808569073677062988e+00
1.911876916885375977e+00
1.311786770820617676e+00
1.311786770820617676e+00
1.311786770820617676e+00
1.311786770820617676e+00
1.311786770820617676e+00
1.311786770820617676e+00
8.804724216461181641e-01
8.804724216461181641e-01
8.342147469520568848e-01
8.175328373908996582e-01
9.311823844909667969e-01
9.311823844909667969e-01
9.311823844909667969e-01
9.311823844909667969e-01
1.854179382324218750e+00
1.854179382324218750e+00
1.854179382324218750e+00
1.854179382324218750e+00
1.916515469551086426e+00
1.916515469551086426e+00
1.793741822242736816e+00
1.793741822242736816e+00
1.883950591087341309e+00
1.883950591087341309e+00
9.124022126197814941e-01
1.418811440467834473e+00
8.366322517395019531e-01
8.366322517395019531e-01
9.241968989372253418e-01
1.245067954063415527e+00
9.003072977066040039e-01
9.234489202499389648e-01
9.234489202499389648e-01
9.234489202499389648e-01
6.817445755004882812e-01
1.407977938652038574e+00
8.148329257965087891e-01
1.006727457046508789e+00
7.527204751968383789e-01
7.527204751968383789e-01
7.527204751968383789e-01
7.527204751968383789e-01
7.527204751968383789e-01
7.527204751968383789e-01
7.527204751968383789e-01
7.527204751968383789e-01
7.527204751968383789e-01
1.110344290733337402e+00
1.561200618743896484e-01
1.561200618743896484e-01
8.260962963104248047e-01
7.665311694145202637e-01
5.122879743576049805e-01
5.122879743576049805e-01
5.122879743576049805e-01
5.122879743576049805e-01
5.452095866203308105e-01
5.452095866203308105e-01
5.452095866203308105e-01
5.452095866203308105e-01
5.306934118270874023e-01
5.306934118270874023e-01
1.189702272415161133e+00
1.189702272415161133e+00
1.517705917358398438e+00
1.517705917358398438e+00
