1.266112089157104492e+00
5.064067244529724121e-01
5.064067244529724121e-01
7.108175754547119141e-01
7.108175754547119141e-01
7.108175754547119141e-01
1.337713360786437988e+00
1.705797195434570312e+00
2.294784545898437500e+00
2.294784545898437500e+00
8.299663066864013672e-01
8.299663066864013672e-01
8.299663066864013672e-01
8.299663066864013672e-01
8.299663066864013672e-01
8.299663066864013672e-01
8.299663066864013672e-01
8.299663066864013672e-01
8.299663066864013672e-01
7.106261253356933594e-01
6.669663786888122559e-01
6.669663786888122559e-01
6.669663786888122559e-01
9.727643728256225586e-01
3.838800191879272461e-01
3.838800191879272461e-01
3.838800191879272461e-01
6.934021711349487305e-01
6.934021711349487305e-01
6.934021711349487305e-01
9.893530607223510742e-01
6.091157793998718262e-01
6.091157793998718262e-01
6.091157793998718262e-01
6.091157793998718262e-01
6.091157793998718262e-01
6.091157793998718262e-01
6.091157793998718262e-01
6.091157793998718262e-01
8.384515047073364258e-01
1.967806577682495117e+00
1.967806577682495117e+00
1.955298662185668945e+00
1.655224323272705078e+00
1.073369145393371582e+00
1.073369145393371582e+00
1.073369145393371582e+00
1.073369145393371582e+00
9.174960851669311523e-02
9.236159324645996094e-01
9.236159324645996094e-01
5.807552337646484375e-01
6.302400231361389160e-01
5.185764431953430176e-01
1.032860279083251953e+00
1.032860279083251953e+00
2.982094287872314453e-01
2.982094287872314453e-01
1.261910438537597656e+00
1.261910438537597656e+00
1.261910438537597656e+00
1.261910438537597656e+00
9.560111761093139648e-01
7.565493583679199219e-01
7.565493583679199219e-01
7.565493583679199219e-01
7.565493583679199219e-01
6.144272685050964355e-01
6.144272685050964355e-01
6.144272685050964355e-01
5.138049721717834473e-01
5.138049721717834473e-01
5.874200463294982910e-01
8.296775221824645996e-01
8.296775221824645996e-01
7.872532606124877930e-01
7.872532606124877930e-01
7.872532606124877930e-01
7.872532606124877930e-01
1.174775600433349609e+00
1.174775600433349609e+00
6.929126977920532227e-01
6.929126977920532227e-01
4.650671482086181641e-01
4.650671482086181641e-01
4.650671482086181641e-01
4.650671482086181641e-01
5.670509338378906250e-01
5.670509338378906250e-01
5.670509338378906250e-01
5.670509338378906250e-01
5.670509338378906250e-01
5.670509338378906250e-01
5.670509338378906250e-01
5.670509338378906250e-01
5.670509338378906250e-01
5.670509338378906250e-01
7.465984821319580078e-01
7.465984821319580078e-01
7.465984821319580078e-01
1.704054832458496094e+00
1.704054832458496094e+00
8.213860988616943359e-01
8.213860988616943359e-01
8.213860988616943359e-01
1.192123174667358398e+00
1.192123174667358398e+00
1.192123174667358398e+00
1.390758514404296875e+00
4.304154515266418457e-01
5.957690477371215820e-01
5.957690477371215820e-01
5.957690477371215820e-01
5.957690477371215820e-01
5.957690477371215820e-01
5.957690477371215820e-01
5.957690477371215820e-01
5.957690477371215820e-01
5.957690477371215820e-01
5.957690477371215820e-01
8.485336303710937500e-01
1.477162241935729980e-01
1.477162241935729980e-01
1.477162241935729980e-01
5.560909509658813477e-01
5.560909509658813477e-01
5.560909509658813477e-01
5.560909509658813477e-01
5.560909509658813477e-01
1.083050131797790527e+00
1.083050131797790527e+00
1.083050131797790527e+00
1.083050131797790527e+00
1.083050131797790527e+00
1.083050131797790527e+00
6.143581867218017578e-01
6.143581867218017578e-01
6.143581867218017578e-01
6.143581867218017578e-01
6.143581867218017578e-01
6.143581867218017578e-01
6.143581867218017578e-01
6.143581867218017578e-01
6.143581867218017578e-01
9.464406967163085938e-01
9.464406967163085938e-01
9.464406967163085938e-01
9.464406967163085938e-01
9.464406967163085938e-01
9.464406967163085938e-01
9.464406967163085938e-01
9.464406967163085938e-01
9.464406967163085938e-01
3.573262691497802734e-01
3.573262691497802734e-01
8.157643675804138184e-01
7.024700045585632324e-01
7.024700045585632324e-01
7.024700045585632324e-01
7.024700045585632324e-01
7.024700045585632324e-01
7.024700045585632324e-01
7.024700045585632324e-01
7.024700045585632324e-01
7.024700045585632324e-01
7.714614868164062500e-01
9.484425783157348633e-01
1.518376111984252930e+00
1.518376111984252930e+00
1.518376111984252930e+00
1.518376111984252930e+00
1.518376111984252930e+00
1.518376111984252930e+00
1.518376111984252930e+00
1.518376111984252930e+00
1.518376111984252930e+00
1.518376111984252930e+00
1.518376111984252930e+00
1.518376111984252930e+00
1.518376111984252930e+00
1.297215223312377930e-01
1.297215223312377930e-01
1.297215223312377930e-01
1.297215223312377930e-01
9.664264321327209473e-01
5.743352174758911133e-01
5.743352174758911133e-01
5.743352174758911133e-01
5.743352174758911133e-01
5.743352174758911133e-01
5.743352174758911133e-01
5.743352174758911133e-01
5.743352174758911133e-01
5.394794344902038574e-01
5.394794344902038574e-01
7.735947370529174805e-01
2.847429811954498291e-01
2.847429811954498291e-01
2.847429811954498291e-01
2.847429811954498291e-01
3.398099243640899658e-01
3.398099243640899658e-01
3.398099243640899658e-01
3.398099243640899658e-01
3.398099243640899658e-01
3.398099243640899658e-01
3.398099243640899658e-01
3.398099243640899658e-01
3.398099243640899658e-01
3.398099243640899658e-01
3.398099243640899658e-01
3.398099243640899658e-01
3.699544072151184082e-01
6.954861879348754883e-01
6.954861879348754883e-01
6.954861879348754883e-01
6.954861879348754883e-01
1.959203243255615234e+00
1.959203243255615234e+00
1.230858445167541504e+00
1.230858445167541504e+00
1.230858445167541504e+00
2.004114389419555664e-01
2.004114389419555664e-01
3.908604979515075684e-01
1.437829732894897461e+00
1.127456426620483398e+00
1.127456426620483398e+00
1.127456426620483398e+00
5.855358242988586426e-01
5.855358242988586426e-01
5.855358242988586426e-01
5.855358242988586426e-01
1.574800133705139160e+00
1.574800133705139160e+00
7.786470651626586914e-01
7.786470651626586914e-01
7.786470651626586914e-01
7.739366888999938965e-01
5.386306643486022949e-01
5.386306643486022949e-01
7.511786222457885742e-01
1.204049229621887207e+00
1.204049229621887207e+00
1.204049229621887207e+00
1.204049229621887207e+00
1.698693037033081055e+00
1.178701639175415039e+00
1.178701639175415039e+00
1.178701639175415039e+00
1.456058979034423828e+00
1.456058979034423828e+00
1.456058979034423828e+00
1.456058979034423828e+00
1.456058979034423828e+00
1.533532857894897461e+00
1.533532857894897461e+00
1.533532857894897461e+00
1.533532857894897461e+00
4.112313985824584961e-01
4.112313985824584961e-01
2.264564782381057739e-01
2.264564782381057739e-01
2.264564782381057739e-01
2.264564782381057739e-01
2.264564782381057739e-01
2.264564782381057739e-01
6.973221898078918457e-01
6.973221898078918457e-01
6.973221898078918457e-01
5.889698863029479980e-01
5.889698863029479980e-01
5.889698863029479980e-01
5.889698863029479980e-01
5.889698863029479980e-01
1.486558675765991211e+00
1.486558675765991211e+00
1.486558675765991211e+00
1.701797723770141602e+00
1.484025001525878906e+00
1.484025001525878906e+00
1.484025001525878906e+00
1.484025001525878906e+00
1.484025001525878906e+00
9.431079626083374023e-01
9.431079626083374023e-01
1.396799087524414062e-01
2.631022930145263672e-01
2.631022930145263672e-01
4.096449315547943115e-01
1.124581098556518555e+00
1.124581098556518555e+00
1.124581098556518555e+00
1.124581098556518555e+00
1.124581098556518555e+00
1.124581098556518555e+00
1.124581098556518555e+00
1.124581098556518555e+00
1.124581098556518555e+00
1.124581098556518555e+00
1.124581098556518555e+00
1.124581098556518555e+00
1.124581098556518555e+00
1.124581098556518555e+00
1.506802797317504883e+00
1.506802797317504883e+00
1.078271031379699707e+00
6.837905645370483398e-01
8.998850584030151367e-01
7.506442070007324219e-01
7.506442070007324219e-01
7.506442070007324219e-01
7.506442070007324219e-01
7.506442070007324219e-01
7.506442070007324219e-01
8.237144351005554199e-01
8.237144351005554199e-01
8.237144351005554199e-01
8.237144351005554199e-01
8.237144351005554199e-01
8.237144351005554199e-01
8.237144351005554199e-01
8.237144351005554199e-01
8.237144351005554199e-01
9.633508920669555664e-01
9.633508920669555664e-01
5.495179891586303711e-01
5.495179891586303711e-01
5.495179891586303711e-01
5.495179891586303711e-01
1.166025876998901367e+00
1.166025876998901367e+00
1.166025876998901367e+00
1.166025876998901367e+00
1.166025876998901367e+00
1.166025876998901367e+00
1.166025876998901367e+00
1.166025876998901367e+00
1.166025876998901367e+00
1.166025876998901367e+00
1.166025876998901367e+00
1.166025876998901367e+00
1.166025876998901367e+00
1.166025876998901367e+00
1.166025876998901367e+00
1.166025876998901367e+00
1.166025876998901367e+00
2.878156185150146484e+00
3.091491222381591797e+00
2.142180681228637695e+00
2.142180681228637695e+00
2.142180681228637695e+00
1.526990294456481934e+00
9.440546631813049316e-01
1.182482957839965820e+00
1.182482957839965820e+00
1.182482957839965820e+00
1.182482957839965820e+00
1.182482957839965820e+00
1.538397312164306641e+00
1.538397312164306641e+00
1.538397312164306641e+00
1.538397312164306641e+00
1.538397312164306641e+00
1.224343657493591309e+00
1.224343657493591309e+00
1.224343657493591309e+00
1.224343657493591309e+00
1.750664710998535156e-01
6.524970531463623047e-01
6.524970531463623047e-01
6.524970531463623047e-01
6.524970531463623047e-01
6.524970531463623047e-01
6.524970531463623047e-01
6.524970531463623047e-01
6.524970531463623047e-01
6.524970531463623047e-01
6.524970531463623047e-01
6.524970531463623047e-01
4.112723469734191895e-01
4.112723469734191895e-01
1.003742456436157227e+00
1.003742456436157227e+00
1.003742456436157227e+00
1.003742456436157227e+00
1.003742456436157227e+00
1.398319602012634277e-01
1.398319602012634277e-01
2.791848480701446533e-01
2.791848480701446533e-01
2.791848480701446533e-01
5.771392583847045898e-01
5.771392583847045898e-01
1.300341606140136719e+00
1.300341606140136719e+00
1.300341606140136719e+00
1.300341606140136719e+00
1.300341606140136719e+00
1.300341606140136719e+00
1.300341606140136719e+00
1.624791860580444336e+00
1.277632951736450195e+00
1.277632951736450195e+00
1.165786385536193848e+00
8.764901161193847656e-01
8.764901161193847656e-01
8.764901161193847656e-01
8.764901161193847656e-01
8.764901161193847656e-01
8.764901161193847656e-01
1.755527257919311523e-01
1.755527257919311523e-01
1.395055294036865234e+00
1.395055294036865234e+00
8.039284348487854004e-01
8.039284348487854004e-01
8.039284348487854004e-01
8.039284348487854004e-01
9.533789157867431641e-01
9.533789157867431641e-01
9.533789157867431641e-01
9.533789157867431641e-01
9.533789157867431641e-01
9.533789157867431641e-01
9.533789157867431641e-01
9.533789157867431641e-01
6.604928970336914062e-01
6.604928970336914062e-01
6.604928970336914062e-01
4.465460777282714844e-01
3.975324928760528564e-01
3.975324928760528564e-01
3.975324928760528564e-01
3.975324928760528564e-01
3.975324928760528564e-01
3.975324928760528564e-01
7.763001322746276855e-01
7.763001322746276855e-01
7.959938645362854004e-01
7.959938645362854004e-01
7.959938645362854004e-01
7.959938645362854004e-01
1.595522403717041016e+00
2.044645547866821289e-01
2.044645547866821289e-01
2.044645547866821289e-01
2.044645547866821289e-01
2.044645547866821289e-01
5.547317266464233398e-01
2.917518615722656250e-01
2.917518615722656250e-01
2.917518615722656250e-01
3.720734715461730957e-01
3.720734715461730957e-01
3.720734715461730957e-01
3.720734715461730957e-01
3.720734715461730957e-01
3.720734715461730957e-01
1.337662458419799805e+00
1.337662458419799805e+00
1.337662458419799805e+00
1.337662458419799805e+00
1.337662458419799805e+00
1.337662458419799805e+00
1.337662458419799805e+00
5.020385384559631348e-01
5.020385384559631348e-01
5.020385384559631348e-01
5.020385384559631348e-01
5.020385384559631348e-01
6.721236705780029297e-01
7.906476259231567383e-01
7.906476259231567383e-01
7.906476259231567383e-01
7.906476259231567383e-01
6.262832880020141602e-01
6.262832880020141602e-01
6.262832880020141602e-01
8.591710925102233887e-01
8.591710925102233887e-01
4.040894210338592529e-01
1.725763797760009766e+00
3.665214776992797852e-01
3.665214776992797852e-01
3.665214776992797852e-01
3.665214776992797852e-01
3.665214776992797852e-01
1.231730341911315918e+00
1.231730341911315918e+00
2.589715957641601562e+00
2.925781250000000000e+00
2.925781250000000000e+00
2.925781250000000000e+00
1.487456083297729492e+00
1.487456083297729492e+00
1.901978135108947754e+00
9.881883263587951660e-01
9.881883263587951660e-01
9.881883263587951660e-01
9.881883263587951660e-01
9.881883263587951660e-01
9.881883263587951660e-01
9.881883263587951660e-01
9.881883263587951660e-01
9.881883263587951660e-01
2.370277643203735352e+00
2.370277643203735352e+00
2.370277643203735352e+00
2.370277643203735352e+00
2.370277643203735352e+00
2.370277643203735352e+00
2.370277643203735352e+00
4.008109569549560547e-01
4.008109569549560547e-01
4.008109569549560547e-01
4.008109569549560547e-01
1.521665811538696289e+00
1.397953033447265625e-01
1.397953033447265625e-01
1.135451316833496094e+00
1.135451316833496094e+00
1.135451316833496094e+00
1.135451316833496094e+00
1.135451316833496094e+00
1.135451316833496094e+00
2.432144880294799805e-01
2.432144880294799805e-01
2.432144880294799805e-01
2.432144880294799805e-01
2.432144880294799805e-01
2.432144880294799805e-01
1.152094244956970215e+00
1.152094244956970215e+00
1.152094244956970215e+00
1.152094244956970215e+00
1.152094244956970215e+00
1.152094244956970215e+00
1.152094244956970215e+00
3.814224004745483398e-01
3.814224004745483398e-01
3.814224004745483398e-01
3.814224004745483398e-01
3.814224004745483398e-01
9.801375269889831543e-01
9.801375269889831543e-01
9.801375269889831543e-01
9.801375269889831543e-01
9.801375269889831543e-01
9.801375269889831543e-01
9.801375269889831543e-01
9.801375269889831543e-01
9.801375269889831543e-01
2.301269769668579102e-01
7.834616899490356445e-01
7.834616899490356445e-01
7.834616899490356445e-01
7.834616899490356445e-01
7.834616899490356445e-01
7.834616899490356445e-01
5.789539813995361328e-01
5.789539813995361328e-01
5.789539813995361328e-01
5.789539813995361328e-01
5.789539813995361328e-01
5.789539813995361328e-01
5.789539813995361328e-01
5.789539813995361328e-01
2.375027179718017578e+00
2.375027179718017578e+00
7.405776977539062500e-01
7.405776977539062500e-01
7.405776977539062500e-01
7.405776977539062500e-01
7.405776977539062500e-01
7.405776977539062500e-01
1.208931446075439453e+00
1.208931446075439453e+00
1.208931446075439453e+00
9.655253291130065918e-01
9.655253291130065918e-01
9.655253291130065918e-01
9.655253291130065918e-01
9.655253291130065918e-01
9.655253291130065918e-01
9.655253291130065918e-01
9.655253291130065918e-01
9.655253291130065918e-01
4.512365460395812988e-01
1.136686086654663086e+00
1.136686086654663086e+00
1.136686086654663086e+00
1.136686086654663086e+00
1.327940225601196289e-01
1.327940225601196289e-01
6.692691445350646973e-01
6.692691445350646973e-01
4.966840744018554688e-01
6.801823973655700684e-01
6.801823973655700684e-01
1.140853643417358398e+00
2.564017176628112793e-01
2.564017176628112793e-01
2.717809975147247314e-01
2.717809975147247314e-01
1.102752208709716797e+00
1.102752208709716797e+00
1.102752208709716797e+00
1.102752208709716797e+00
1.102752208709716797e+00
1.102752208709716797e+00
1.045161843299865723e+00
1.347117900848388672e+00
1.450520992279052734e+00
4.918867945671081543e-01
5.521312355995178223e-01
5.521312355995178223e-01
5.521312355995178223e-01
1.350070953369140625e+00
1.350070953369140625e+00
1.350070953369140625e+00
1.350070953369140625e+00
8.153855204582214355e-01
8.153855204582214355e-01
1.276550412178039551e+00
1.691626310348510742e-01
1.691626310348510742e-01
1.691626310348510742e-01
1.691626310348510742e-01
1.691626310348510742e-01
2.026117324829101562e+00
2.026117324829101562e+00
2.026117324829101562e+00
2.026117324829101562e+00
2.026117324829101562e+00
2.961764812469482422e+00
3.553315162658691406e+00
3.553315162658691406e+00
3.553315162658691406e+00
3.346268177032470703e+00
3.346268177032470703e+00
3.346268177032470703e+00
6.820330619812011719e-01
1.031097769737243652e+00
9.310460090637207031e-01
9.310460090637207031e-01
9.988006353378295898e-01
4.319652318954467773e-01
1.084419727325439453e+00
1.084419727325439453e+00
1.084419727325439453e+00
1.084419727325439453e+00
1.084419727325439453e+00
1.084419727325439453e+00
8.668711781501770020e-01
8.668711781501770020e-01
8.668711781501770020e-01
9.492694139480590820e-01
1.347207546234130859e+00
1.347207546234130859e+00
1.347207546234130859e+00
2.184337377548217773e-01
2.184337377548217773e-01
1.546271204948425293e+00
1.546271204948425293e+00
1.546271204948425293e+00
1.546271204948425293e+00
1.546271204948425293e+00
1.546271204948425293e+00
1.546271204948425293e+00
1.546271204948425293e+00
1.204941868782043457e+00
1.204941868782043457e+00
1.091681361198425293e+00
1.091681361198425293e+00
1.091681361198425293e+00
1.091681361198425293e+00
1.091681361198425293e+00
8.648306727409362793e-01
8.648306727409362793e-01
8.648306727409362793e-01
1.049310207366943359e+00
1.049310207366943359e+00
1.049310207366943359e+00
1.308962583541870117e+00
1.308962583541870117e+00
4.371143579483032227e-01
4.371143579483032227e-01
4.371143579483032227e-01
4.371143579483032227e-01
1.086645841598510742e+00
1.086645841598510742e+00
1.664499044418334961e+00
1.664499044418334961e+00
1.664499044418334961e+00
1.664499044418334961e+00
2.060215950012207031e+00
1.489561200141906738e+00
9.220136404037475586e-01
8.765982389450073242e-01
1.034810543060302734e+00
1.034810543060302734e+00
1.034810543060302734e+00
1.034810543060302734e+00
6.901080012321472168e-01
6.901080012321472168e-01
6.901080012321472168e-01
6.901080012321472168e-01
6.901080012321472168e-01
1.462044000625610352e+00
1.462044000625610352e+00
1.462044000625610352e+00
1.144927144050598145e+00
1.144927144050598145e+00
1.530812859535217285e+00
1.530812859535217285e+00
9.351018667221069336e-01
9.351018667221069336e-01
9.351018667221069336e-01
9.351018667221069336e-01
7.773774862289428711e-01
7.773774862289428711e-01
1.093016624450683594e+00
1.618354320526123047e-01
6.219010353088378906e-01
1.552697062492370605e+00
1.066814780235290527e+00
1.066814780235290527e+00
1.004346609115600586e-01
1.004346609115600586e-01
2.131512641906738281e+00
3.855811357498168945e-01
1.350761413574218750e+00
1.350761413574218750e+00
1.350761413574218750e+00
1.350761413574218750e+00
1.995439648628234863e+00
1.995439648628234863e+00
1.995439648628234863e+00
1.995439648628234863e+00
2.507424354553222656e+00
2.507424354553222656e+00
9.150944948196411133e-01
5.375459194183349609e-01
5.375459194183349609e-01
5.375459194183349609e-01
5.375459194183349609e-01
1.403347849845886230e-01
1.403347849845886230e-01
1.403347849845886230e-01
1.403347849845886230e-01
1.403347849845886230e-01
1.403347849845886230e-01
1.403347849845886230e-01
1.403347849845886230e-01
1.403347849845886230e-01
1.935978382825851440e-01
2.191550493240356445e+00
2.191550493240356445e+00
2.191550493240356445e+00
1.778663396835327148e+00
1.778663396835327148e+00
1.503722906112670898e+00
1.503722906112670898e+00
1.503722906112670898e+00
1.492138504981994629e+00
1.492138504981994629e+00
4.029828310012817383e-01
8.470794558525085449e-01
4.850806891918182373e-01
4.850806891918182373e-01
1.428096532821655273e+00
1.428096532821655273e+00
4.742953181266784668e-01
4.742953181266784668e-01
4.742953181266784668e-01
4.742953181266784668e-01
4.742953181266784668e-01
4.742953181266784668e-01
4.742953181266784668e-01
4.742953181266784668e-01
4.742953181266784668e-01
4.742953181266784668e-01
4.742953181266784668e-01
4.742953181266784668e-01
4.742953181266784668e-01
4.742953181266784668e-01
1.366740465164184570e+00
1.366740465164184570e+00
8.556226491928100586e-01
1.766349911689758301e+00
1.738178491592407227e+00
1.738178491592407227e+00
9.448909759521484375e-02
9.448909759521484375e-02
6.261703372001647949e-01
6.961081624031066895e-01
5.898650288581848145e-01
5.474621057510375977e-01
5.474621057510375977e-01
5.474621057510375977e-01
5.474621057510375977e-01
5.474621057510375977e-01
5.474621057510375977e-01
5.474621057510375977e-01
5.474621057510375977e-01
5.474621057510375977e-01
5.474621057510375977e-01
5.474621057510375977e-01
5.474621057510375977e-01
5.474621057510375977e-01
5.474621057510375977e-01
8.147684335708618164e-01
8.147684335708618164e-01
8.147684335708618164e-01
8.147684335708618164e-01
8.147684335708618164e-01
8.147684335708618164e-01
8.147684335708618164e-01
8.147684335708618164e-01
1.139261484146118164e+00
1.139261484146118164e+00
1.646016716957092285e+00
1.646016716957092285e+00
2.112055063247680664e+00
2.112055063247680664e+00
2.112055063247680664e+00
2.112055063247680664e+00
1.439432501792907715e+00
1.439432501792907715e+00
1.031605482101440430e+00
1.031605482101440430e+00
1.031605482101440430e+00
1.031605482101440430e+00
1.031605482101440430e+00
1.031605482101440430e+00
1.466915607452392578e+00
1.597212195396423340e+00
1.597212195396423340e+00
1.597212195396423340e+00
1.597212195396423340e+00
1.223173379898071289e+00
1.223173379898071289e+00
1.880071401596069336e+00
1.880071401596069336e+00
5.048143863677978516e-02
5.048143863677978516e-02
5.048143863677978516e-02
5.048143863677978516e-02
3.403698801994323730e-01
3.403698801994323730e-01
5.919442176818847656e-01
5.919442176818847656e-01
5.919442176818847656e-01
5.919442176818847656e-01
1.016277790069580078e+00
1.016277790069580078e+00
1.016277790069580078e+00
1.016277790069580078e+00
1.016277790069580078e+00
2.622771859169006348e-01
2.622771859169006348e-01
2.622771859169006348e-01
2.622771859169006348e-01
3.348362743854522705e-01
3.348362743854522705e-01
3.348362743854522705e-01
3.348362743854522705e-01
3.348362743854522705e-01
3.348362743854522705e-01
3.348362743854522705e-01
4.290409088134765625e-01
4.290409088134765625e-01
4.290409088134765625e-01
1.422022581100463867e+00
1.422022581100463867e+00
1.422022581100463867e+00
1.422022581100463867e+00
1.422022581100463867e+00
1.422022581100463867e+00
1.422022581100463867e+00
1.422022581100463867e+00
1.422022581100463867e+00
1.422022581100463867e+00
1.422022581100463867e+00
1.422022581100463867e+00
9.715710878372192383e-01
1.185652375221252441e+00
4.603502154350280762e-01
4.603502154350280762e-01
4.603502154350280762e-01
4.603502154350280762e-01
4.603502154350280762e-01
4.603502154350280762e-01
4.603502154350280762e-01
4.603502154350280762e-01
4.603502154350280762e-01
4.603502154350280762e-01
4.603502154350280762e-01
4.603502154350280762e-01
7.456234097480773926e-01
7.456234097480773926e-01
7.456234097480773926e-01
1.409431457519531250e+00
1.409431457519531250e+00
1.544631481170654297e+00
1.264465093612670898e+00
1.345239758491516113e+00
1.345239758491516113e+00
1.009924411773681641e+00
1.009924411773681641e+00
1.009924411773681641e+00
1.009924411773681641e+00
1.049933791160583496e+00
1.049933791160583496e+00
1.049933791160583496e+00
5.711028575897216797e-01
9.873943328857421875e-01
9.873943328857421875e-01
9.873943328857421875e-01
6.050057411193847656e-01
1.651619315147399902e+00
1.251498341560363770e+00
1.251498341560363770e+00
1.391477584838867188e+00
1.391477584838867188e+00
1.391477584838867188e+00
3.710488080978393555e-01
3.710488080978393555e-01
3.710488080978393555e-01
3.710488080978393555e-01
3.710488080978393555e-01
1.249905347824096680e+00
1.238232970237731934e+00
7.308254837989807129e-01
2.164961814880371094e+00
2.164961814880371094e+00
2.164961814880371094e+00
2.164961814880371094e+00
1.159046053886413574e+00
1.159046053886413574e+00
1.159046053886413574e+00
1.159046053886413574e+00
1.212607026100158691e+00
1.212607026100158691e+00
1.212607026100158691e+00
1.212607026100158691e+00
1.212607026100158691e+00
1.212607026100158691e+00
1.212607026100158691e+00
1.587587833404541016e+00
1.587587833404541016e+00
9.377990365028381348e-01
9.377990365028381348e-01
3.172395825386047363e-01
3.172395825386047363e-01
3.172395825386047363e-01
3.172395825386047363e-01
2.663813591003417969e+00
2.663813591003417969e+00
1.022059917449951172e+00
1.022059917449951172e+00
1.757191061973571777e+00
1.757191061973571777e+00
1.282314062118530273e-01
1.282314062118530273e-01
1.282314062118530273e-01
1.282314062118530273e-01
1.574033498764038086e+00
1.574033498764038086e+00
1.574033498764038086e+00
5.298848152160644531e-01
5.298848152160644531e-01
1.132866024971008301e+00
1.132866024971008301e+00
7.422486543655395508e-01
1.821234345436096191e+00
1.821234345436096191e+00
1.821234345436096191e+00
6.584064960479736328e-01
6.584064960479736328e-01
6.584064960479736328e-01
6.584064960479736328e-01
6.584064960479736328e-01
6.584064960479736328e-01
6.584064960479736328e-01
6.584064960479736328e-01
6.584064960479736328e-01
6.584064960479736328e-01
6.584064960479736328e-01
3.702354431152343750e-02
3.702354431152343750e-02
2.241336107254028320e+00
9.631605148315429688e-01
3.771517276763916016e-01
3.771517276763916016e-01
3.771517276763916016e-01
5.115817189216613770e-01
2.970039248466491699e-01
1.120378494262695312e+00
1.120378494262695312e+00
1.120378494262695312e+00
1.139868736267089844e+00
7.779470682144165039e-01
7.779470682144165039e-01
7.779470682144165039e-01
1.028673768043518066e+00
1.393855214118957520e+00
1.393855214118957520e+00
1.393855214118957520e+00
5.115875005722045898e-01
5.115875005722045898e-01
5.115875005722045898e-01
5.115875005722045898e-01
5.115875005722045898e-01
5.115875005722045898e-01
8.474577069282531738e-01
8.474577069282531738e-01
8.474577069282531738e-01
1.045920968055725098e+00
1.045920968055725098e+00
1.366372227668762207e+00
1.366372227668762207e+00
1.366372227668762207e+00
1.226311087608337402e+00
2.569147348403930664e-01
2.569147348403930664e-01
2.569147348403930664e-01
4.855448603630065918e-01
1.805241107940673828e-01
1.805241107940673828e-01
1.805241107940673828e-01
1.805241107940673828e-01
1.805241107940673828e-01
8.784806132316589355e-01
8.784806132316589355e-01
7.271249294281005859e-01
7.271249294281005859e-01
4.175305068492889404e-01
4.893172085285186768e-01
4.893172085285186768e-01
2.080118894577026367e+00
2.080118894577026367e+00
2.080118894577026367e+00
2.080118894577026367e+00
1.641901016235351562e+00
1.354918718338012695e+00
1.048351168632507324e+00
1.097474932670593262e+00
1.101706385612487793e+00
1.101706385612487793e+00
1.101706385612487793e+00
1.101706385612487793e+00
9.447384476661682129e-01
1.611017942428588867e+00
1.611017942428588867e+00
1.611017942428588867e+00
1.635949969291687012e+00
1.635949969291687012e+00
1.635949969291687012e+00
1.635949969291687012e+00
1.635949969291687012e+00
1.635949969291687012e+00
1.635949969291687012e+00
1.635949969291687012e+00
1.635949969291687012e+00
1.797935962677001953e+00
1.797935962677001953e+00
1.797935962677001953e+00
1.797935962677001953e+00
6.045897006988525391e-01
6.045897006988525391e-01
1.595126271247863770e+00
9.086084365844726562e-02
9.086084365844726562e-02
9.086084365844726562e-02
9.086084365844726562e-02
9.086084365844726562e-02
9.086084365844726562e-02
9.086084365844726562e-02
9.086084365844726562e-02
9.086084365844726562e-02
9.086084365844726562e-02
9.086084365844726562e-02
9.086084365844726562e-02
3.647803068161010742e-01
3.949344754219055176e-01
3.949344754219055176e-01
3.949344754219055176e-01
3.949344754219055176e-01
3.949344754219055176e-01
3.949344754219055176e-01
3.949344754219055176e-01
1.219065427780151367e+00
1.219065427780151367e+00
2.076884746551513672e+00
2.076884746551513672e+00
2.076884746551513672e+00
2.076884746551513672e+00
2.076884746551513672e+00
2.076884746551513672e+00
2.076884746551513672e+00
2.076884746551513672e+00
2.076884746551513672e+00
2.076884746551513672e+00
2.076884746551513672e+00
2.076884746551513672e+00
2.076884746551513672e+00
2.221909761428833008e+00
2.221909761428833008e+00
2.221909761428833008e+00
3.764486312866210938e-02
3.764486312866210938e-02
5.794838666915893555e-01
5.794838666915893555e-01
5.794838666915893555e-01
5.794838666915893555e-01
1.318229198455810547e+00
1.318229198455810547e+00
1.318229198455810547e+00
1.318229198455810547e+00
1.187997341156005859e+00
1.187997341156005859e+00
1.187997341156005859e+00
1.187997341156005859e+00
5.819130539894104004e-01
1.015037775039672852e+00
1.015037775039672852e+00
1.015037775039672852e+00
8.919391036033630371e-01
8.919391036033630371e-01
8.919391036033630371e-01
8.919391036033630371e-01
3.858352303504943848e-01
3.858352303504943848e-01
2.142484188079833984e-01
1.232632517814636230e+00
1.232632517814636230e+00
1.232632517814636230e+00
1.395063757896423340e+00
1.395063757896423340e+00
2.049656629562377930e+00
2.049656629562377930e+00
2.049656629562377930e+00
1.626771807670593262e+00
1.049309253692626953e+00
1.049309253692626953e+00
1.049309253692626953e+00
1.049309253692626953e+00
1.336399555206298828e+00
1.336399555206298828e+00
1.336399555206298828e+00
1.336399555206298828e+00
1.336399555206298828e+00
1.949509143829345703e+00
1.949509143829345703e+00
2.294347286224365234e+00
2.294347286224365234e+00
2.294347286224365234e+00
1.263129591941833496e+00
4.483989477157592773e-01
1.069610118865966797e+00
1.069610118865966797e+00
3.766383528709411621e-01
3.766383528709411621e-01
3.766383528709411621e-01
3.766383528709411621e-01
6.832587122917175293e-01
6.832587122917175293e-01
6.832587122917175293e-01
6.832587122917175293e-01
8.701526522636413574e-01
8.701526522636413574e-01
6.107439994812011719e-01
6.107439994812011719e-01
6.107439994812011719e-01
6.107439994812011719e-01
6.107439994812011719e-01
6.107439994812011719e-01
6.107439994812011719e-01
6.107439994812011719e-01
6.107439994812011719e-01
1.071123838424682617e+00
1.071123838424682617e+00
1.100393295288085938e+00
6.745003461837768555e-01
6.745003461837768555e-01
7.563754320144653320e-01
7.563754320144653320e-01
7.563754320144653320e-01
7.563754320144653320e-01
7.563754320144653320e-01
7.563754320144653320e-01
7.563754320144653320e-01
7.563754320144653320e-01
8.856940269470214844e-01
8.330516815185546875e-01
8.330516815185546875e-01
8.330516815185546875e-01
8.330516815185546875e-01
8.330516815185546875e-01
8.330516815185546875e-01
8.330516815185546875e-01
8.330516815185546875e-01
8.330516815185546875e-01
8.330516815185546875e-01
8.330516815185546875e-01
8.330516815185546875e-01
8.330516815185546875e-01
8.330516815185546875e-01
8.330516815185546875e-01
8.330516815185546875e-01
8.330516815185546875e-01
8.330516815185546875e-01
8.330516815185546875e-01
7.360460758209228516e-01
7.360460758209228516e-01
1.230461120605468750e+00
9.880694746971130371e-01
1.832824230194091797e+00
1.832824230194091797e+00
1.832824230194091797e+00
1.832824230194091797e+00
1.832824230194091797e+00
1.832824230194091797e+00
1.832824230194091797e+00
1.455109596252441406e+00
1.455109596252441406e+00
1.541608929634094238e+00
1.651402235031127930e+00
1.672405362129211426e+00
1.104147791862487793e+00
1.104147791862487793e+00
1.104147791862487793e+00
1.104147791862487793e+00
1.104147791862487793e+00
1.104147791862487793e+00
1.104147791862487793e+00
1.104147791862487793e+00
1.104147791862487793e+00
1.265089511871337891e+00
1.107774734497070312e+00
1.692153453826904297e+00
1.692153453826904297e+00
1.465901732444763184e+00
2.538532972335815430e+00
1.497750878334045410e+00
1.497750878334045410e+00
1.497750878334045410e+00
9.318280816078186035e-01
9.318280816078186035e-01
9.318280816078186035e-01
9.318280816078186035e-01
9.318280816078186035e-01
9.318280816078186035e-01
9.318280816078186035e-01
9.262424111366271973e-01
9.262424111366271973e-01
9.262424111366271973e-01
3.216783404350280762e-01
3.216783404350280762e-01
1.260704845190048218e-01
1.260704845190048218e-01
7.471418380737304688e-01
7.471418380737304688e-01
2.713789641857147217e-01
2.713789641857147217e-01
2.713789641857147217e-01
1.377265453338623047e+00
1.377265453338623047e+00
1.377265453338623047e+00
1.377265453338623047e+00
1.377265453338623047e+00
1.377265453338623047e+00
1.377265453338623047e+00
1.377265453338623047e+00
1.377265453338623047e+00
6.082035899162292480e-01
6.082035899162292480e-01
6.082035899162292480e-01
6.082035899162292480e-01
6.082035899162292480e-01
6.082035899162292480e-01
6.082035899162292480e-01
6.082035899162292480e-01
6.082035899162292480e-01
6.082035899162292480e-01
6.082035899162292480e-01
6.082035899162292480e-01
6.082035899162292480e-01
1.632319092750549316e-01
1.632319092750549316e-01
1.632319092750549316e-01
1.632319092750549316e-01
1.632319092750549316e-01
1.632319092750549316e-01
2.529550790786743164e-01
2.529550790786743164e-01
2.529550790786743164e-01
2.529550790786743164e-01
2.529550790786743164e-01
2.529550790786743164e-01
2.529550790786743164e-01
2.529550790786743164e-01
3.481093645095825195e-01
3.481093645095825195e-01
3.481093645095825195e-01
9.939367771148681641e-01
9.939367771148681641e-01
9.939367771148681641e-01
9.939367771148681641e-01
9.939367771148681641e-01
9.939367771148681641e-01
9.939367771148681641e-01
9.939367771148681641e-01
9.939367771148681641e-01
9.939367771148681641e-01
9.939367771148681641e-01
1.584859609603881836e+00
2.216970205307006836e+00
2.216970205307006836e+00
2.216970205307006836e+00
1.145266056060791016e+00
9.208895564079284668e-01
9.208895564079284668e-01
9.208895564079284668e-01
9.208895564079284668e-01
9.208895564079284668e-01
5.835091471672058105e-01
5.835091471672058105e-01
5.835091471672058105e-01
5.835091471672058105e-01
5.835091471672058105e-01
5.835091471672058105e-01
1.480526208877563477e+00
1.480526208877563477e+00
1.480526208877563477e+00
7.860725522041320801e-01
7.860725522041320801e-01
7.860725522041320801e-01
7.860725522041320801e-01
1.387879133224487305e+00
1.387879133224487305e+00
1.387879133224487305e+00
1.387879133224487305e+00
1.387879133224487305e+00
1.387879133224487305e+00
1.387879133224487305e+00
1.246177315711975098e+00
2.717952132225036621e-01
2.717952132225036621e-01
1.550708770751953125e+00
1.892479658126831055e+00
1.892479658126831055e+00
1.388945102691650391e+00
1.697324872016906738e+00
1.697324872016906738e+00
1.305925607681274414e+00
1.305925607681274414e+00
1.305925607681274414e+00
1.305925607681274414e+00
1.305925607681274414e+00
1.305925607681274414e+00
1.305925607681274414e+00
1.305925607681274414e+00
1.305925607681274414e+00
3.339521288871765137e-01
3.339521288871765137e-01
1.811817437410354614e-01
1.811817437410354614e-01
1.811817437410354614e-01
1.811817437410354614e-01
1.811817437410354614e-01
1.811817437410354614e-01
1.096381425857543945e+00
5.147159099578857422e-01
1.308799028396606445e+00
1.524130225181579590e+00
1.524130225181579590e+00
1.524130225181579590e+00
8.591353893280029297e-01
8.591353893280029297e-01
8.591353893280029297e-01
9.900767803192138672e-01
9.900767803192138672e-01
9.900767803192138672e-01
9.900767803192138672e-01
9.900767803192138672e-01
9.900767803192138672e-01
7.268469929695129395e-01
7.268469929695129395e-01
7.538366913795471191e-01
1.598878383636474609e+00
4.397473335266113281e-01
4.397473335266113281e-01
4.397473335266113281e-01
4.397473335266113281e-01
4.397473335266113281e-01
4.397473335266113281e-01
4.319088160991668701e-01
4.319088160991668701e-01
4.319088160991668701e-01
3.289463818073272705e-01
9.227808713912963867e-01
9.227808713912963867e-01
9.227808713912963867e-01
1.062909364700317383e+00
1.548599720001220703e+00
5.788167119026184082e-01
5.788167119026184082e-01
1.417378783226013184e+00
1.885446548461914062e+00
1.885446548461914062e+00
1.415271520614624023e+00
1.415271520614624023e+00
1.415271520614624023e+00
1.552137017250061035e+00
1.552137017250061035e+00
5.544790625572204590e-01
5.544790625572204590e-01
5.544790625572204590e-01
4.343163967132568359e-01
4.343163967132568359e-01
4.909745454788208008e-01
4.909745454788208008e-01
4.909745454788208008e-01
6.131843328475952148e-01
6.131843328475952148e-01
6.131843328475952148e-01
6.131843328475952148e-01
1.884647309780120850e-01
2.015079021453857422e+00
2.015079021453857422e+00
2.015079021453857422e+00
2.015079021453857422e+00
7.576936483383178711e-01
7.576936483383178711e-01
7.576936483383178711e-01
7.576936483383178711e-01
7.576936483383178711e-01
7.576936483383178711e-01
7.576936483383178711e-01
7.576936483383178711e-01
7.576936483383178711e-01
6.343441009521484375e-01
6.343441009521484375e-01
6.343441009521484375e-01
1.362947463989257812e+00
1.362947463989257812e+00
1.362947463989257812e+00
1.362947463989257812e+00
1.506439685821533203e+00
6.204679012298583984e-01
6.204679012298583984e-01
9.584422111511230469e-01
9.584422111511230469e-01
2.566240429878234863e-01
2.566240429878234863e-01
2.566240429878234863e-01
1.320853233337402344e+00
1.320853233337402344e+00
1.320853233337402344e+00
1.320853233337402344e+00
1.320853233337402344e+00
1.320853233337402344e+00
1.120592951774597168e+00
1.120592951774597168e+00
1.120592951774597168e+00
1.120592951774597168e+00
6.609832048416137695e-01
6.609832048416137695e-01
8.048139810562133789e-01
8.048139810562133789e-01
8.048139810562133789e-01
8.154816627502441406e-01
8.574002385139465332e-01
1.055271029472351074e+00
1.055271029472351074e+00
1.055271029472351074e+00
1.055271029472351074e+00
1.055271029472351074e+00
1.375988602638244629e+00
1.279518723487854004e+00
8.655711412429809570e-01
8.655711412429809570e-01
8.655711412429809570e-01
8.655711412429809570e-01
8.655711412429809570e-01
8.655711412429809570e-01
8.655711412429809570e-01
8.655711412429809570e-01
8.655711412429809570e-01
8.655711412429809570e-01
1.048662185668945312e+00
3.368416428565979004e-01
3.368416428565979004e-01
3.368416428565979004e-01
8.151674270629882812e-01
8.151674270629882812e-01
8.151674270629882812e-01
8.151674270629882812e-01
8.151674270629882812e-01
8.151674270629882812e-01
8.151674270629882812e-01
1.563370227813720703e-03
1.563370227813720703e-03
7.166512608528137207e-01
7.166512608528137207e-01
7.166512608528137207e-01
7.166512608528137207e-01
7.166512608528137207e-01
7.166512608528137207e-01
7.166512608528137207e-01
7.166512608528137207e-01
7.166512608528137207e-01
7.166512608528137207e-01
7.166512608528137207e-01
7.166512608528137207e-01
7.166512608528137207e-01
4.754666686058044434e-01
4.754666686058044434e-01
1.363528251647949219e+00
1.363528251647949219e+00
1.669572591781616211e-01
7.245093584060668945e-01
7.245093584060668945e-01
7.245093584060668945e-01
7.245093584060668945e-01
7.245093584060668945e-01
7.245093584060668945e-01
7.245093584060668945e-01
7.245093584060668945e-01
7.245093584060668945e-01
7.245093584060668945e-01
7.245093584060668945e-01
7.245093584060668945e-01
7.245093584060668945e-01
7.245093584060668945e-01
7.245093584060668945e-01
7.245093584060668945e-01
7.245093584060668945e-01
7.245093584060668945e-01
7.245093584060668945e-01
7.245093584060668945e-01
4.175607860088348389e-01
4.175607860088348389e-01
2.791767716407775879e-01
8.008299469947814941e-01
8.008299469947814941e-01
8.008299469947814941e-01
8.008299469947814941e-01
6.210243701934814453e-02
1.926567554473876953e+00
1.269927978515625000e+00
1.875591516494750977e+00
1.875591516494750977e+00
1.875591516494750977e+00
8.765599727630615234e-01
2.544339299201965332e-01
8.878385424613952637e-01
1.163488030433654785e-01
1.163488030433654785e-01
1.163488030433654785e-01
1.224207878112792969e+00
1.224207878112792969e+00
1.112340092658996582e+00
1.678031921386718750e+00
1.678031921386718750e+00
1.337248802185058594e+00
5.939720869064331055e-01
5.939720869064331055e-01
5.939720869064331055e-01
6.796551942825317383e-01
6.796551942825317383e-01
5.561991930007934570e-01
5.561991930007934570e-01
5.561991930007934570e-01
5.561991930007934570e-01
5.402396321296691895e-01
2.594058513641357422e-01
2.594058513641357422e-01
1.099936962127685547e+00
1.099936962127685547e+00
1.099936962127685547e+00
2.646990418434143066e-01
2.646990418434143066e-01
2.646990418434143066e-01
2.646990418434143066e-01
2.646990418434143066e-01
2.646990418434143066e-01
5.849455296993255615e-02
5.849455296993255615e-02
5.849455296993255615e-02
5.849455296993255615e-02
7.326738238334655762e-01
7.326738238334655762e-01
7.716875672340393066e-01
7.716875672340393066e-01
7.716875672340393066e-01
7.716875672340393066e-01
1.907259225845336914e-01
1.907259225845336914e-01
1.907259225845336914e-01
1.196998238563537598e+00
6.425918340682983398e-01
6.425918340682983398e-01
6.425918340682983398e-01
6.425918340682983398e-01
1.050995349884033203e+00
1.050995349884033203e+00
1.050995349884033203e+00
1.050995349884033203e+00
1.050995349884033203e+00
1.050995349884033203e+00
1.050995349884033203e+00
1.050995349884033203e+00
1.050995349884033203e+00
1.050995349884033203e+00
1.050995349884033203e+00
1.050995349884033203e+00
6.059886217117309570e-01
8.594892024993896484e-01
8.594892024993896484e-01
8.594892024993896484e-01
8.594892024993896484e-01
8.594892024993896484e-01
8.594892024993896484e-01
8.594892024993896484e-01
8.594892024993896484e-01
8.594892024993896484e-01
8.594892024993896484e-01
8.594892024993896484e-01
8.594892024993896484e-01
8.594892024993896484e-01
8.594892024993896484e-01
8.594892024993896484e-01
1.371195316314697266e+00
1.504339575767517090e+00
1.712977766990661621e+00
1.712977766990661621e+00
2.001156330108642578e+00
2.001156330108642578e+00
4.605870246887207031e-01
2.312597334384918213e-01
9.517148733139038086e-01
9.517148733139038086e-01
9.517148733139038086e-01
9.517148733139038086e-01
9.517148733139038086e-01
9.517148733139038086e-01
9.517148733139038086e-01
9.517148733139038086e-01
9.517148733139038086e-01
9.517148733139038086e-01
9.845649600028991699e-01
9.845649600028991699e-01
9.845649600028991699e-01
9.845649600028991699e-01
9.845649600028991699e-01
1.718556880950927734e+00
1.718556880950927734e+00
1.718556880950927734e+00
1.578489184379577637e+00
1.578489184379577637e+00
1.578489184379577637e+00
1.578489184379577637e+00
1.578489184379577637e+00
1.578489184379577637e+00
6.260975599288940430e-01
6.260975599288940430e-01
6.260975599288940430e-01
6.260975599288940430e-01
6.260975599288940430e-01
6.260975599288940430e-01
6.260975599288940430e-01
9.831811189651489258e-01
8.826087117195129395e-01
8.826087117195129395e-01
2.554355263710021973e-01
1.522311687469482422e+00
4.250112771987915039e-01
4.250112771987915039e-01
4.250112771987915039e-01
1.386190176010131836e+00
1.386190176010131836e+00
1.386190176010131836e+00
1.043388843536376953e+00
5.566122531890869141e-01
5.566122531890869141e-01
5.566122531890869141e-01
9.534026384353637695e-01
9.534026384353637695e-01
1.142838597297668457e+00
1.142838597297668457e+00
1.679704904556274414e+00
1.679704904556274414e+00
1.679704904556274414e+00
1.789524435997009277e+00
8.411357402801513672e-01
8.411357402801513672e-01
8.411357402801513672e-01
8.411357402801513672e-01
7.637740373611450195e-01
7.637740373611450195e-01
7.637740373611450195e-01
6.505076289176940918e-01
6.505076289176940918e-01
1.049461007118225098e+00
1.574787378311157227e+00
1.717254519462585449e+00
1.717254519462585449e+00
1.717254519462585449e+00
1.717254519462585449e+00
1.717254519462585449e+00
1.717254519462585449e+00
1.717254519462585449e+00
3.019694805145263672e+00
3.019694805145263672e+00
1.471096515655517578e+00
1.471096515655517578e+00
5.856975317001342773e-01
1.474097073078155518e-01
1.474097073078155518e-01
1.474097073078155518e-01
1.474097073078155518e-01
1.474097073078155518e-01
1.474097073078155518e-01
1.474097073078155518e-01
2.978396415710449219e-01
2.978396415710449219e-01
2.978396415710449219e-01
2.978396415710449219e-01
2.978396415710449219e-01
2.978396415710449219e-01
2.978396415710449219e-01
2.978396415710449219e-01
2.978396415710449219e-01
9.914756417274475098e-01
9.914756417274475098e-01
9.914756417274475098e-01
9.914756417274475098e-01
1.219728589057922363e-01
1.219728589057922363e-01
1.225171089172363281e+00
1.225171089172363281e+00
2.023721218109130859e+00
2.023721218109130859e+00
2.023721218109130859e+00
1.416367530822753906e+00
1.868713498115539551e+00
1.947327494621276855e+00
1.947327494621276855e+00
1.947327494621276855e+00
1.947327494621276855e+00
1.947327494621276855e+00
1.947327494621276855e+00
1.442339658737182617e+00
1.657752037048339844e+00
1.657752037048339844e+00
1.106816530227661133e+00
1.106816530227661133e+00
1.722971796989440918e+00
1.722971796989440918e+00
1.722971796989440918e+00
1.227938175201416016e+00
1.227938175201416016e+00
1.277368545532226562e+00
9.592727422714233398e-01
9.592727422714233398e-01
9.592727422714233398e-01
9.592727422714233398e-01
7.472678422927856445e-01
7.472678422927856445e-01
8.977185487747192383e-01
8.977185487747192383e-01
1.872395396232604980e+00
1.660563826560974121e+00
1.660563826560974121e+00
1.660563826560974121e+00
1.660563826560974121e+00
1.660563826560974121e+00
1.660563826560974121e+00
1.660563826560974121e+00
1.660563826560974121e+00
1.142541170120239258e-01
1.142541170120239258e-01
1.142541170120239258e-01
1.142541170120239258e-01
1.142541170120239258e-01
1.142541170120239258e-01
1.142541170120239258e-01
1.142541170120239258e-01
2.783288359642028809e-01
1.010703086853027344e+00
1.010703086853027344e+00
1.010703086853027344e+00
1.010703086853027344e+00
1.010703086853027344e+00
1.010703086853027344e+00
1.055325508117675781e+00
1.055325508117675781e+00
1.055325508117675781e+00
1.055325508117675781e+00
1.055325508117675781e+00
9.097032546997070312e-01
9.097032546997070312e-01
9.097032546997070312e-01
2.226352691650390625e-02
9.174987673759460449e-01
9.174987673759460449e-01
9.174987673759460449e-01
7.648571133613586426e-01
3.661538958549499512e-01
3.661538958549499512e-01
5.858758687973022461e-01
5.858758687973022461e-01
5.858758687973022461e-01
5.858758687973022461e-01
5.858758687973022461e-01
1.069815516471862793e+00
1.069815516471862793e+00
9.257073402404785156e-01
6.008562445640563965e-01
1.882071495056152344e+00
1.882071495056152344e+00
1.882071495056152344e+00
1.882071495056152344e+00
7.843654155731201172e-01
7.843654155731201172e-01
7.843654155731201172e-01
3.193875551223754883e-01
3.193875551223754883e-01
3.193875551223754883e-01
3.193875551223754883e-01
3.193875551223754883e-01
1.105062365531921387e+00
1.105062365531921387e+00
1.105062365531921387e+00
1.105062365531921387e+00
1.105062365531921387e+00
6.455923318862915039e-01
1.070852756500244141e+00
1.070852756500244141e+00
1.070852756500244141e+00
4.129762053489685059e-01
9.284575581550598145e-01
9.284575581550598145e-01
8.647840023040771484e-01
1.738781929016113281e-01
1.738781929016113281e-01
1.286912083625793457e+00
1.286912083625793457e+00
8.205229043960571289e-01
8.205229043960571289e-01
8.205229043960571289e-01
8.205229043960571289e-01
8.205229043960571289e-01
3.900552093982696533e-01
1.131055116653442383e+00
7.529794573783874512e-01
7.529794573783874512e-01
7.529794573783874512e-01
7.529794573783874512e-01
7.529794573783874512e-01
7.529794573783874512e-01
7.529794573783874512e-01
3.969840705394744873e-01
3.969840705394744873e-01
3.969840705394744873e-01
3.969840705394744873e-01
3.969840705394744873e-01
3.969840705394744873e-01
3.969840705394744873e-01
3.969840705394744873e-01
3.969840705394744873e-01
3.969840705394744873e-01
1.240892708301544189e-01
7.690248489379882812e-01
7.690248489379882812e-01
1.539144039154052734e+00
1.178834438323974609e-01
1.178834438323974609e-01
5.255314111709594727e-01
8.226010799407958984e-01
8.226010799407958984e-01
8.226010799407958984e-01
8.226010799407958984e-01
8.226010799407958984e-01
8.226010799407958984e-01
8.226010799407958984e-01
4.215119481086730957e-01
4.215119481086730957e-01
6.447446942329406738e-01
6.447446942329406738e-01
6.447446942329406738e-01
6.447446942329406738e-01
6.447446942329406738e-01
6.447446942329406738e-01
6.447446942329406738e-01
6.447446942329406738e-01
6.447446942329406738e-01
1.290652751922607422e+00
7.060704231262207031e-01
6.158149838447570801e-01
6.158149838447570801e-01
6.158149838447570801e-01
6.158149838447570801e-01
6.158149838447570801e-01
2.366613745689392090e-01
2.366613745689392090e-01
2.366613745689392090e-01
2.366613745689392090e-01
2.366613745689392090e-01
1.400262355804443359e+00
5.579964518547058105e-01
5.579964518547058105e-01
5.579964518547058105e-01
5.579964518547058105e-01
1.965027332305908203e+00
1.965027332305908203e+00
1.965027332305908203e+00
1.827213883399963379e+00
1.827213883399963379e+00
3.186870813369750977e-01
3.186870813369750977e-01
3.186870813369750977e-01
3.186870813369750977e-01
3.186870813369750977e-01
2.355150222778320312e+00
1.737535715103149414e+00
1.190483808517456055e+00
1.190483808517456055e+00
1.190483808517456055e+00
1.118907928466796875e+00
8.282303810119628906e-01
4.041093587875366211e-02
4.041093587875366211e-02
4.041093587875366211e-02
1.213768959045410156e+00
8.537975549697875977e-01
8.537975549697875977e-01
7.272270917892456055e-01
5.879779458045959473e-01
5.879779458045959473e-01
5.879779458045959473e-01
5.879779458045959473e-01
9.764878749847412109e-01
3.192520141601562500e-01
3.192520141601562500e-01
3.192520141601562500e-01
1.741434335708618164e+00
1.741434335708618164e+00
3.355413675308227539e-01
3.355413675308227539e-01
3.355413675308227539e-01
1.108708858489990234e+00
1.108708858489990234e+00
5.748254060745239258e-01
5.748254060745239258e-01
5.748254060745239258e-01
1.055517435073852539e+00
1.055517435073852539e+00
6.318801641464233398e-01
6.318801641464233398e-01
6.318801641464233398e-01
6.318801641464233398e-01
6.799010038375854492e-01
6.799010038375854492e-01
1.598445415496826172e+00
1.598445415496826172e+00
2.374066352844238281e+00
9.273622035980224609e-01
3.281303048133850098e-01
3.281303048133850098e-01
1.563012123107910156e+00
1.563012123107910156e+00
6.720268726348876953e-01
6.720268726348876953e-01
6.720268726348876953e-01
6.720268726348876953e-01
6.720268726348876953e-01
6.720268726348876953e-01
6.720268726348876953e-01
6.720268726348876953e-01
3.353368639945983887e-01
3.353368639945983887e-01
3.353368639945983887e-01
3.353368639945983887e-01
3.353368639945983887e-01
3.353368639945983887e-01
3.353368639945983887e-01
1.345003247261047363e-01
1.345003247261047363e-01
1.345003247261047363e-01
1.345003247261047363e-01
1.345003247261047363e-01
1.345003247261047363e-01
1.345003247261047363e-01
1.345003247261047363e-01
1.345003247261047363e-01
1.345003247261047363e-01
8.196410536766052246e-01
8.196410536766052246e-01
8.196410536766052246e-01
8.196410536766052246e-01
8.196410536766052246e-01
8.196410536766052246e-01
8.196410536766052246e-01
8.196410536766052246e-01
2.265396714210510254e-01
2.265396714210510254e-01
2.265396714210510254e-01
2.265396714210510254e-01
2.265396714210510254e-01
2.265396714210510254e-01
2.265396714210510254e-01
2.265396714210510254e-01
2.265396714210510254e-01
2.265396714210510254e-01
2.265396714210510254e-01
2.265396714210510254e-01
3.632574081420898438e-01
3.632574081420898438e-01
1.777645349502563477e+00
1.777645349502563477e+00
1.777645349502563477e+00
1.777645349502563477e+00
1.777645349502563477e+00
3.511966466903686523e-01
6.568059921264648438e-01
6.568059921264648438e-01
6.568059921264648438e-01
1.529708266258239746e+00
6.183459162712097168e-01
5.781024694442749023e-01
1.973576247692108154e-01
1.465188264846801758e+00
1.411804795265197754e+00
1.411804795265197754e+00
1.594509243965148926e+00
1.594509243965148926e+00
1.594509243965148926e+00
1.594509243965148926e+00
7.239558100700378418e-01
7.239558100700378418e-01
7.239558100700378418e-01
7.239558100700378418e-01
4.241805374622344971e-01
4.241805374622344971e-01
4.241805374622344971e-01
4.241805374622344971e-01
4.241805374622344971e-01
4.241805374622344971e-01
4.241805374622344971e-01
4.241805374622344971e-01
9.414154291152954102e-01
9.414154291152954102e-01
1.315554380416870117e+00
1.315554380416870117e+00
1.315554380416870117e+00
1.315554380416870117e+00
1.315554380416870117e+00
5.884451270103454590e-01
3.510962426662445068e-01
3.510962426662445068e-01
3.510962426662445068e-01
1.601848006248474121e+00
6.285469532012939453e-01
6.285469532012939453e-01
6.285469532012939453e-01
6.285469532012939453e-01
6.285469532012939453e-01
6.285469532012939453e-01
6.285469532012939453e-01
6.285469532012939453e-01
6.795226931571960449e-01
6.795226931571960449e-01
1.526799798011779785e+00
1.526799798011779785e+00
1.526799798011779785e+00
1.526799798011779785e+00
1.526799798011779785e+00
1.389122009277343750e-01
1.389122009277343750e-01
1.299843549728393555e+00
1.299843549728393555e+00
4.891247749328613281e-01
2.973307371139526367e-01
2.973307371139526367e-01
2.973307371139526367e-01
2.973307371139526367e-01
8.547615408897399902e-01
8.547615408897399902e-01
8.547615408897399902e-01
7.362425923347473145e-01
7.362425923347473145e-01
7.362425923347473145e-01
7.362425923347473145e-01
7.804099917411804199e-01
7.804099917411804199e-01
7.804099917411804199e-01
7.804099917411804199e-01
7.804099917411804199e-01
7.804099917411804199e-01
7.804099917411804199e-01
7.804099917411804199e-01
7.804099917411804199e-01
7.804099917411804199e-01
7.804099917411804199e-01
9.572840929031372070e-01
9.572840929031372070e-01
9.572840929031372070e-01
9.572840929031372070e-01
1.052862405776977539e+00
5.514258742332458496e-01
1.592292547225952148e+00
1.932362318038940430e-01
1.932362318038940430e-01
1.932362318038940430e-01
5.030327439308166504e-01
2.070024251937866211e+00
2.070024251937866211e+00
1.214154720306396484e+00
1.214154720306396484e+00
1.639412641525268555e+00
1.639412641525268555e+00
1.424816489219665527e+00
1.424816489219665527e+00
1.424816489219665527e+00
1.424816489219665527e+00
2.041570663452148438e+00
1.537147641181945801e+00
1.537147641181945801e+00
1.537147641181945801e+00
1.964317679405212402e+00
1.290046691894531250e+00
1.160147190093994141e+00
3.177000284194946289e-01
1.149435162544250488e+00
1.149435162544250488e+00
1.141588568687438965e+00
1.141588568687438965e+00
1.141588568687438965e+00
1.141588568687438965e+00
2.613317966461181641e-01
2.613317966461181641e-01
1.377445936203002930e+00
1.377445936203002930e+00
1.595222711563110352e+00
1.595222711563110352e+00
1.595222711563110352e+00
3.178353309631347656e-01
1.291176319122314453e+00
1.291176319122314453e+00
1.291176319122314453e+00
1.646165490150451660e+00
1.646165490150451660e+00
1.646165490150451660e+00
9.605708122253417969e-01
2.775377035140991211e-01
2.775377035140991211e-01
2.775377035140991211e-01
2.775377035140991211e-01
5.369321703910827637e-01
5.369321703910827637e-01
7.769808173179626465e-01
7.769808173179626465e-01
5.554543137550354004e-01
5.554543137550354004e-01
5.554543137550354004e-01
5.554543137550354004e-01
5.554543137550354004e-01
5.554543137550354004e-01
1.195385098457336426e+00
1.195385098457336426e+00
1.750753402709960938e+00
1.750753402709960938e+00
1.750753402709960938e+00
1.213531970977783203e+00
1.410407781600952148e+00
1.410407781600952148e+00
2.330813646316528320e+00
1.449492692947387695e+00
1.449492692947387695e+00
1.449492692947387695e+00
1.449492692947387695e+00
8.430734276771545410e-01
8.954779505729675293e-01
1.478383541107177734e+00
1.105754375457763672e-01
2.239849120378494263e-01
2.239849120378494263e-01
2.239849120378494263e-01
1.805017113685607910e+00
1.805017113685607910e+00
1.725839972496032715e+00
9.422352313995361328e-01
9.422352313995361328e-01
2.607018470764160156e+00
4.945347309112548828e-01
3.866755962371826172e-01
7.177151441574096680e-01
7.177151441574096680e-01
7.177151441574096680e-01
7.177151441574096680e-01
7.177151441574096680e-01
7.177151441574096680e-01
7.177151441574096680e-01
7.177151441574096680e-01
7.177151441574096680e-01
7.177151441574096680e-01
1.438048124313354492e+00
1.438048124313354492e+00
2.347870349884033203e+00
2.137327194213867188e+00
2.137327194213867188e+00
2.636213779449462891e+00
1.430289864540100098e+00
1.204992890357971191e+00
1.204992890357971191e+00
5.064311623573303223e-01
5.064311623573303223e-01
5.064311623573303223e-01
5.064311623573303223e-01
5.064311623573303223e-01
7.769188284873962402e-01
7.769188284873962402e-01
7.769188284873962402e-01
7.769188284873962402e-01
7.769188284873962402e-01
7.769188284873962402e-01
1.795636177062988281e+00
1.795636177062988281e+00
1.965105533599853516e-02
1.965105533599853516e-02
1.965105533599853516e-02
1.965105533599853516e-02
1.666438221931457520e+00
1.666438221931457520e+00
1.666438221931457520e+00
1.560255527496337891e+00
2.379008531570434570e-01
2.379008531570434570e-01
1.092149138450622559e+00
1.386313557624816895e+00
1.386313557624816895e+00
1.386313557624816895e+00
3.324254751205444336e-01
3.324254751205444336e-01
3.324254751205444336e-01
3.324254751205444336e-01
3.324254751205444336e-01
3.324254751205444336e-01
3.324254751205444336e-01
4.779404401779174805e-01
4.779404401779174805e-01
4.779404401779174805e-01
4.705908894538879395e-01
4.705908894538879395e-01
6.684235930442810059e-01
6.684235930442810059e-01
6.684235930442810059e-01
6.938573718070983887e-01
6.938573718070983887e-01
7.850283384323120117e-02
7.850283384323120117e-02
7.082611322402954102e-01
5.902544856071472168e-01
5.902544856071472168e-01
7.016186118125915527e-01
7.016186118125915527e-01
7.016186118125915527e-01
7.016186118125915527e-01
7.016186118125915527e-01
7.016186118125915527e-01
7.016186118125915527e-01
7.016186118125915527e-01
7.016186118125915527e-01
7.016186118125915527e-01
7.016186118125915527e-01
7.016186118125915527e-01
7.016186118125915527e-01
1.377625465393066406e+00
1.377625465393066406e+00
1.377625465393066406e+00
1.377625465393066406e+00
1.377625465393066406e+00
1.377625465393066406e+00
1.377625465393066406e+00
1.377625465393066406e+00
1.377625465393066406e+00
1.377625465393066406e+00
5.081166625022888184e-01
8.358542919158935547e-01
8.358542919158935547e-01
1.260780692100524902e+00
1.260780692100524902e+00
1.260780692100524902e+00
9.443343281745910645e-01
7.607405185699462891e-01
7.607405185699462891e-01
1.989405512809753418e+00
1.933345913887023926e+00
1.617243647575378418e+00
1.617243647575378418e+00
1.617243647575378418e+00
1.314780712127685547e+00
1.314780712127685547e+00
1.482344031333923340e+00
1.482344031333923340e+00
1.482344031333923340e+00
1.903923034667968750e+00
5.273526906967163086e-01
5.273526906967163086e-01
6.221431493759155273e-01
1.258744359016418457e+00
1.258744359016418457e+00
1.258744359016418457e+00
1.258744359016418457e+00
7.874709367752075195e-01
2.717329263687133789e-01
1.739459276199340820e+00
5.024448633193969727e-01
5.024448633193969727e-01
4.065190553665161133e-01
4.065190553665161133e-01
4.065190553665161133e-01
4.099707305431365967e-01
4.099707305431365967e-01
4.099707305431365967e-01
2.513905167579650879e-01
2.513905167579650879e-01
5.958765745162963867e-01
5.958765745162963867e-01
5.958765745162963867e-01
5.958765745162963867e-01
8.383402228355407715e-01
8.383402228355407715e-01
8.383402228355407715e-01
8.383402228355407715e-01
1.291653752326965332e+00
1.291653752326965332e+00
1.291653752326965332e+00
1.291653752326965332e+00
1.291653752326965332e+00
1.291653752326965332e+00
1.291653752326965332e+00
1.291653752326965332e+00
1.002951025962829590e+00
1.002951025962829590e+00
1.002951025962829590e+00
1.002951025962829590e+00
1.002951025962829590e+00
1.002951025962829590e+00
4.155207872390747070e-01
4.155207872390747070e-01
4.155207872390747070e-01
5.437544584274291992e-01
5.437544584274291992e-01
5.437544584274291992e-01
3.050689399242401123e-01
3.050689399242401123e-01
3.050689399242401123e-01
1.271529912948608398e+00
1.271529912948608398e+00
2.147741317749023438e+00
2.147741317749023438e+00
1.670612096786499023e+00
1.670612096786499023e+00
1.670612096786499023e+00
1.153723001480102539e+00
1.153723001480102539e+00
1.153723001480102539e+00
5.723059773445129395e-01
5.723059773445129395e-01
7.225846648216247559e-01
7.225846648216247559e-01
7.225846648216247559e-01
5.253876447677612305e-01
5.253876447677612305e-01
5.253876447677612305e-01
5.253876447677612305e-01
5.253876447677612305e-01
5.253876447677612305e-01
1.677448451519012451e-01
1.677448451519012451e-01
1.677448451519012451e-01
1.677448451519012451e-01
1.677448451519012451e-01
1.677448451519012451e-01
1.677448451519012451e-01
1.677448451519012451e-01
1.677448451519012451e-01
1.677448451519012451e-01
1.677448451519012451e-01
1.677448451519012451e-01
1.677448451519012451e-01
1.677448451519012451e-01
1.677448451519012451e-01
6.749742031097412109e-01
6.749742031097412109e-01
6.749742031097412109e-01
6.749742031097412109e-01
6.749742031097412109e-01
6.749742031097412109e-01
6.749742031097412109e-01
6.749742031097412109e-01
6.749742031097412109e-01
6.749742031097412109e-01
4.867615103721618652e-01
3.392859697341918945e-01
3.392859697341918945e-01
1.869060993194580078e+00
2.099633455276489258e+00
2.331832170486450195e+00
1.349174261093139648e+00
7.546690106391906738e-01
1.784918308258056641e+00
7.910594344139099121e-01
1.384697198867797852e+00
3.417927026748657227e-01
2.895151078701019287e-01
2.895151078701019287e-01
2.895151078701019287e-01
1.604318618774414062e-01
1.604318618774414062e-01
8.093583583831787109e-01
8.093583583831787109e-01
8.093583583831787109e-01
8.093583583831787109e-01
8.093583583831787109e-01
8.093583583831787109e-01
8.093583583831787109e-01
8.093583583831787109e-01
8.093583583831787109e-01
8.093583583831787109e-01
1.610560774803161621e+00
1.610560774803161621e+00
9.030011892318725586e-01
9.030011892318725586e-01
9.030011892318725586e-01
9.030011892318725586e-01
3.302108645439147949e-01
3.302108645439147949e-01
3.302108645439147949e-01
3.302108645439147949e-01
3.302108645439147949e-01
3.302108645439147949e-01
5.611137151718139648e-01
5.611137151718139648e-01
5.611137151718139648e-01
5.611137151718139648e-01
5.611137151718139648e-01
1.026822805404663086e+00
1.026822805404663086e+00
1.026822805404663086e+00
1.026822805404663086e+00
1.026822805404663086e+00
1.026822805404663086e+00
1.056368589401245117e+00
1.056368589401245117e+00
1.056368589401245117e+00
1.056368589401245117e+00
8.552680015563964844e-01
7.096220254898071289e-01
7.096220254898071289e-01
7.096220254898071289e-01
7.096220254898071289e-01
7.096220254898071289e-01
7.096220254898071289e-01
7.096220254898071289e-01
7.096220254898071289e-01
2.454017400741577148e-01
2.454017400741577148e-01
9.955770969390869141e-01
9.955770969390869141e-01
9.955770969390869141e-01
1.013211607933044434e+00
2.426311969757080078e+00
3.287827968597412109e-01
3.287827968597412109e-01
3.287827968597412109e-01
1.207004904747009277e+00
1.444495081901550293e+00
1.327308297157287598e+00
1.327308297157287598e+00
1.683865785598754883e-01
1.683865785598754883e-01
1.683865785598754883e-01
1.683865785598754883e-01
8.329288363456726074e-01
8.329288363456726074e-01
8.329288363456726074e-01
1.554109454154968262e-01
3.281573355197906494e-01
3.281573355197906494e-01
3.281573355197906494e-01
3.281573355197906494e-01
1.594687342643737793e+00
1.594687342643737793e+00
1.594687342643737793e+00
1.594687342643737793e+00
1.594687342643737793e+00
1.594687342643737793e+00
6.780033111572265625e-01
1.044741630554199219e+00
1.044741630554199219e+00
4.512972831726074219e-01
4.512972831726074219e-01
4.512972831726074219e-01
4.512972831726074219e-01
4.512972831726074219e-01
4.512972831726074219e-01
4.512972831726074219e-01
4.512972831726074219e-01
4.512972831726074219e-01
4.512972831726074219e-01
4.512972831726074219e-01
4.512972831726074219e-01
4.512972831726074219e-01
4.512972831726074219e-01
4.512972831726074219e-01
1.851981282234191895e+00
1.851981282234191895e+00
1.851981282234191895e+00
1.851981282234191895e+00
1.851981282234191895e+00
1.971391558647155762e+00
1.971391558647155762e+00
1.971391558647155762e+00
6.919085979461669922e-01
1.909452438354492188e+00
1.909452438354492188e+00
2.024445533752441406e+00
1.800997257232666016e+00
1.800997257232666016e+00
1.372672557830810547e+00
1.372672557830810547e+00
1.372672557830810547e+00
1.499575018882751465e+00
1.499575018882751465e+00
2.148965597152709961e-01
6.834570765495300293e-01
6.834570765495300293e-01
6.834570765495300293e-01
6.834570765495300293e-01
6.834570765495300293e-01
6.834570765495300293e-01
3.983835875988006592e-01
3.983835875988006592e-01
3.983835875988006592e-01
3.983835875988006592e-01
3.983835875988006592e-01
4.622435867786407471e-01
4.622435867786407471e-01
4.622435867786407471e-01
8.191648125648498535e-01
8.191648125648498535e-01
8.191648125648498535e-01
8.191648125648498535e-01
8.191648125648498535e-01
8.191648125648498535e-01
8.191648125648498535e-01
8.191648125648498535e-01
8.191648125648498535e-01
8.191648125648498535e-01
5.582290887832641602e-01
5.582290887832641602e-01
5.582290887832641602e-01
5.582290887832641602e-01
5.582290887832641602e-01
5.582290887832641602e-01
5.582290887832641602e-01
5.582290887832641602e-01
5.582290887832641602e-01
5.582290887832641602e-01
5.582290887832641602e-01
8.582453131675720215e-01
4.029240012168884277e-01
1.147548675537109375e+00
4.695134758949279785e-01
4.695134758949279785e-01
4.695134758949279785e-01
4.695134758949279785e-01
5.021474957466125488e-01
5.021474957466125488e-01
1.050954103469848633e+00
8.947782516479492188e-01
8.947782516479492188e-01
8.947782516479492188e-01
8.947782516479492188e-01
8.947782516479492188e-01
8.947782516479492188e-01
8.947782516479492188e-01
8.947782516479492188e-01
1.208351492881774902e+00
1.208351492881774902e+00
4.884048104286193848e-01
4.884048104286193848e-01
4.884048104286193848e-01
4.884048104286193848e-01
4.884048104286193848e-01
1.291868925094604492e+00
1.058585166931152344e+00
1.058585166931152344e+00
1.058585166931152344e+00
5.444157123565673828e-02
5.444157123565673828e-02
5.444157123565673828e-02
1.003399133682250977e+00
1.003399133682250977e+00
1.003399133682250977e+00
1.003399133682250977e+00
1.003399133682250977e+00
7.121853828430175781e-01
7.121853828430175781e-01
7.121853828430175781e-01
9.562495350837707520e-01
9.562495350837707520e-01
9.562495350837707520e-01
9.562495350837707520e-01
7.863045930862426758e-01
7.863045930862426758e-01
7.863045930862426758e-01
7.863045930862426758e-01
5.265362262725830078e-01
5.265362262725830078e-01
5.265362262725830078e-01
5.265362262725830078e-01
5.265362262725830078e-01
2.093047857284545898e+00
2.093047857284545898e+00
2.093047857284545898e+00
2.093047857284545898e+00
2.093047857284545898e+00
2.093047857284545898e+00
2.093047857284545898e+00
2.093047857284545898e+00
2.093047857284545898e+00
2.093047857284545898e+00
2.565865039825439453e+00
2.565865039825439453e+00
1.118994474411010742e+00
1.118994474411010742e+00
1.118994474411010742e+00
1.118994474411010742e+00
1.118994474411010742e+00
3.107475638389587402e-01
3.107475638389587402e-01
1.088364958763122559e+00
7.314728498458862305e-01
5.207645297050476074e-01
6.826263070106506348e-01
6.826263070106506348e-01
6.826263070106506348e-01
6.826263070106506348e-01
6.826263070106506348e-01
6.826263070106506348e-01
6.826263070106506348e-01
6.826263070106506348e-01
6.826263070106506348e-01
6.826263070106506348e-01
6.826263070106506348e-01
2.033336162567138672e+00
1.597487926483154297e+00
1.597487926483154297e+00
1.597487926483154297e+00
1.597487926483154297e+00
1.597487926483154297e+00
1.597487926483154297e+00
1.597487926483154297e+00
1.597487926483154297e+00
1.284285187721252441e+00
1.540617823600769043e+00
8.981607556343078613e-01
8.981607556343078613e-01
8.981607556343078613e-01
1.296262621879577637e+00
1.296262621879577637e+00
1.118036866188049316e+00
1.118036866188049316e+00
1.118036866188049316e+00
9.096202850341796875e-01
9.096202850341796875e-01
5.304033160209655762e-01
4.279991388320922852e-01
4.090435802936553955e-01
4.090435802936553955e-01
4.090435802936553955e-01
1.091258883476257324e+00
1.091258883476257324e+00
1.091258883476257324e+00
1.091258883476257324e+00
1.091258883476257324e+00
1.091258883476257324e+00
1.091258883476257324e+00
1.091258883476257324e+00
6.398963928222656250e-02
1.525692939758300781e+00
1.525692939758300781e+00
1.525692939758300781e+00
4.290127754211425781e-02
4.290127754211425781e-02
4.290127754211425781e-02
4.290127754211425781e-02
4.290127754211425781e-02
4.290127754211425781e-02
4.290127754211425781e-02
1.534476399421691895e+00
1.534476399421691895e+00
1.534476399421691895e+00
1.534476399421691895e+00
1.534476399421691895e+00
1.534476399421691895e+00
1.953275442123413086e+00
1.953275442123413086e+00
2.310816287994384766e+00
2.310816287994384766e+00
4.214875698089599609e-01
4.214875698089599609e-01
4.214875698089599609e-01
8.886657357215881348e-01
8.886657357215881348e-01
8.886657357215881348e-01
8.794973492622375488e-01
8.794973492622375488e-01
2.069168686866760254e-01
2.069168686866760254e-01
2.069168686866760254e-01
2.069168686866760254e-01
1.292200803756713867e+00
1.292200803756713867e+00
1.292200803756713867e+00
1.292200803756713867e+00
1.779704809188842773e+00
2.433819293975830078e+00
2.433819293975830078e+00
1.759426832199096680e+00
8.154180645942687988e-01
8.154180645942687988e-01
8.154180645942687988e-01
8.154180645942687988e-01
8.154180645942687988e-01
8.154180645942687988e-01
8.154180645942687988e-01
8.154180645942687988e-01
6.878927350044250488e-01
6.878927350044250488e-01
1.009218573570251465e+00
1.009218573570251465e+00
1.009218573570251465e+00
1.009218573570251465e+00
1.009218573570251465e+00
1.009218573570251465e+00
1.009218573570251465e+00
7.692952156066894531e-01
1.796404480934143066e+00
1.796404480934143066e+00
2.128103733062744141e+00
6.153148412704467773e-01
1.129444003105163574e+00
1.234368085861206055e-01
1.234368085861206055e-01
1.234368085861206055e-01
1.838591396808624268e-01
1.838591396808624268e-01
1.838591396808624268e-01
1.943573355674743652e-01
1.943573355674743652e-01
1.943573355674743652e-01
1.943573355674743652e-01
1.063543081283569336e+00
1.063543081283569336e+00
2.788197398185729980e-01
1.385806560516357422e+00
1.385806560516357422e+00
1.385806560516357422e+00
1.385806560516357422e+00
1.385806560516357422e+00
1.385806560516357422e+00
1.385806560516357422e+00
1.385806560516357422e+00
1.385806560516357422e+00
8.889442682266235352e-01
8.889442682266235352e-01
6.927887201309204102e-01
6.927887201309204102e-01
6.927887201309204102e-01
6.927887201309204102e-01
2.416830360889434814e-01
2.416830360889434814e-01
1.445815563201904297e+00
1.672774791717529297e+00
1.672774791717529297e+00
1.672774791717529297e+00
1.672774791717529297e+00
1.672774791717529297e+00
2.663465738296508789e-01
2.663465738296508789e-01
2.663465738296508789e-01
2.663465738296508789e-01
2.663465738296508789e-01
2.663465738296508789e-01
1.028995156288146973e+00
1.028995156288146973e+00
1.028995156288146973e+00
1.028995156288146973e+00
1.028995156288146973e+00
1.028995156288146973e+00
1.028995156288146973e+00
1.028995156288146973e+00
1.480291485786437988e-01
6.359181404113769531e-01
6.359181404113769531e-01
6.359181404113769531e-01
6.359181404113769531e-01
2.216279506683349609e-01
1.447619795799255371e+00
1.447619795799255371e+00
6.099206805229187012e-01
6.099206805229187012e-01
6.099206805229187012e-01
6.099206805229187012e-01
6.099206805229187012e-01
6.099206805229187012e-01
6.099206805229187012e-01
4.097611308097839355e-01
3.215969800949096680e-01
1.242753982543945312e+00
1.353771090507507324e+00
1.353771090507507324e+00
1.353771090507507324e+00
1.986887693405151367e+00
1.030944347381591797e+00
5.700008869171142578e-01
5.700008869171142578e-01
5.700008869171142578e-01
1.291478872299194336e+00
1.083526134490966797e+00
1.079364180564880371e+00
1.079364180564880371e+00
1.079364180564880371e+00
1.079364180564880371e+00
2.551017999649047852e-01
2.551017999649047852e-01
2.087099850177764893e-01
4.149666428565979004e-01
1.957533597946166992e+00
1.957533597946166992e+00
1.343355417251586914e+00
1.343355417251586914e+00
4.762508273124694824e-01
4.762508273124694824e-01
4.762508273124694824e-01
8.124155402183532715e-01
8.124155402183532715e-01
8.124155402183532715e-01
8.124155402183532715e-01
8.124155402183532715e-01
1.589672327041625977e+00
1.384232759475708008e+00
1.248958230018615723e+00
1.110134005546569824e+00
1.110134005546569824e+00
1.559564232826232910e+00
1.559564232826232910e+00
1.559564232826232910e+00
1.559564232826232910e+00
1.191663622856140137e+00
1.647869706153869629e+00
2.819378376007080078e-01
2.819378376007080078e-01
2.819378376007080078e-01
2.819378376007080078e-01
2.819378376007080078e-01
5.712834596633911133e-01
5.712834596633911133e-01
5.712834596633911133e-01
6.419073343276977539e-01
6.419073343276977539e-01
6.419073343276977539e-01
6.419073343276977539e-01
6.419073343276977539e-01
8.360506892204284668e-01
8.360506892204284668e-01
8.360506892204284668e-01
8.360506892204284668e-01
8.360506892204284668e-01
8.360506892204284668e-01
3.860293030738830566e-01
3.860293030738830566e-01
3.860293030738830566e-01
3.860293030738830566e-01
3.860293030738830566e-01
3.860293030738830566e-01
4.801091849803924561e-01
4.801091849803924561e-01
1.461934447288513184e+00
1.892775297164916992e-01
1.892775297164916992e-01
1.892775297164916992e-01
1.892775297164916992e-01
1.892775297164916992e-01
2.376773357391357422e+00
1.895125627517700195e+00
1.895125627517700195e+00
1.895125627517700195e+00
1.532595157623291016e+00
1.054788708686828613e+00
1.054788708686828613e+00
6.891677975654602051e-01
9.714157581329345703e-01
9.714157581329345703e-01
1.036521673202514648e+00
1.036521673202514648e+00
1.036521673202514648e+00
1.036521673202514648e+00
1.036521673202514648e+00
4.341909885406494141e-01
4.341909885406494141e-01
4.341909885406494141e-01
4.341909885406494141e-01
1.056677579879760742e+00
1.056677579879760742e+00
9.851489663124084473e-01
9.851489663124084473e-01
1.054839611053466797e+00
1.054839611053466797e+00
6.086518764495849609e-01
6.086518764495849609e-01
6.086518764495849609e-01
1.074876070022583008e+00
1.368574380874633789e+00
1.368574380874633789e+00
1.292997956275939941e+00
1.399974822998046875e+00
1.399974822998046875e+00
2.168436050415039062e-01
2.168436050415039062e-01
2.168436050415039062e-01
3.346056342124938965e-01
3.346056342124938965e-01
3.346056342124938965e-01
4.865384101867675781e-01
4.865384101867675781e-01
7.285420894622802734e-01
7.285420894622802734e-01
3.456224203109741211e-01
3.456224203109741211e-01
3.456224203109741211e-01
3.456224203109741211e-01
3.456224203109741211e-01
3.456224203109741211e-01
7.555686831474304199e-01
7.555686831474304199e-01
7.555686831474304199e-01
7.555686831474304199e-01
7.555686831474304199e-01
7.555686831474304199e-01
7.555686831474304199e-01
7.555686831474304199e-01
7.555686831474304199e-01
2.428954243659973145e-01
8.491072058677673340e-02
8.491072058677673340e-02
8.491072058677673340e-02
2.455805838108062744e-01
2.455805838108062744e-01
2.455805838108062744e-01
6.521332263946533203e-01
6.521332263946533203e-01
6.521332263946533203e-01
6.521332263946533203e-01
6.034519672393798828e-01
7.543668150901794434e-01
7.543668150901794434e-01
7.543668150901794434e-01
7.543668150901794434e-01
1.351208090782165527e-01
1.351208090782165527e-01
1.351208090782165527e-01
1.351208090782165527e-01
1.351208090782165527e-01
1.351208090782165527e-01
5.382314920425415039e-01
5.382314920425415039e-01
5.382314920425415039e-01
5.382314920425415039e-01
9.864960908889770508e-01
1.076850295066833496e+00
1.076850295066833496e+00
1.076850295066833496e+00
1.076850295066833496e+00
1.076850295066833496e+00
1.076850295066833496e+00
1.076850295066833496e+00
1.076850295066833496e+00
1.076850295066833496e+00
1.076850295066833496e+00
8.990947008132934570e-01
