2.016821384429931641e+00
2.016821384429931641e+00
8.188990354537963867e-01
9.892160296440124512e-01
1.204405546188354492e+00
1.204405546188354492e+00
1.204405546188354492e+00
1.204405546188354492e+00
3.899254202842712402e-01
2.721556425094604492e-01
2.721556425094604492e-01
2.721556425094604492e-01
1.140522003173828125e+00
1.140522003173828125e+00
1.069309473037719727e+00
1.069309473037719727e+00
1.069309473037719727e+00
1.012126564979553223e+00
1.012126564979553223e+00
1.012126564979553223e+00
1.012126564979553223e+00
1.012126564979553223e+00
1.012126564979553223e+00
1.012126564979553223e+00
2.465233206748962402e-01
2.120730161666870117e+00
2.120730161666870117e+00
2.123983621597290039e+00
2.123983621597290039e+00
2.123983621597290039e+00
5.897214412689208984e-01
1.211542606353759766e+00
1.211542606353759766e+00
1.211542606353759766e+00
1.273126959800720215e+00
1.273126959800720215e+00
1.273126959800720215e+00
1.273126959800720215e+00
1.273126959800720215e+00
1.273126959800720215e+00
1.273126959800720215e+00
3.732787966728210449e-01
3.732787966728210449e-01
3.732787966728210449e-01
3.732787966728210449e-01
9.154636263847351074e-01
6.613885164260864258e-01
9.458079338073730469e-01
9.458079338073730469e-01
9.458079338073730469e-01
9.458079338073730469e-01
9.458079338073730469e-01
9.458079338073730469e-01
9.458079338073730469e-01
9.232213497161865234e-01
1.058762073516845703e+00
1.210468769073486328e+00
8.936928510665893555e-01
8.936928510665893555e-01
8.936928510665893555e-01
7.325507402420043945e-01
7.325507402420043945e-01
7.325507402420043945e-01
7.325507402420043945e-01
1.310446023941040039e+00
1.310446023941040039e+00
1.310446023941040039e+00
1.263664960861206055e+00
9.026248455047607422e-01
9.026248455047607422e-01
4.207963645458221436e-01
4.207963645458221436e-01
4.207963645458221436e-01
6.317409873008728027e-01
6.317409873008728027e-01
6.317409873008728027e-01
6.317409873008728027e-01
6.317409873008728027e-01
6.317409873008728027e-01
6.317409873008728027e-01
8.981111049652099609e-01
5.399094223976135254e-01
5.399094223976135254e-01
5.399094223976135254e-01
6.633204221725463867e-01
1.341756463050842285e+00
1.140634536743164062e+00
1.140634536743164062e+00
1.140634536743164062e+00
7.894699573516845703e-01
7.894699573516845703e-01
1.565002679824829102e+00
5.130856037139892578e-01
5.036709308624267578e-01
5.036709308624267578e-01
8.816789388656616211e-01
8.816789388656616211e-01
8.816789388656616211e-01
8.816789388656616211e-01
7.292006611824035645e-01
7.292006611824035645e-01
8.669317364692687988e-01
1.160391926765441895e+00
1.439599752426147461e+00
1.439599752426147461e+00
1.439599752426147461e+00
1.760128974914550781e+00
1.423174619674682617e+00
2.200105428695678711e+00
2.200105428695678711e+00
2.379832983016967773e+00
2.379832983016967773e+00
2.379832983016967773e+00
2.379832983016967773e+00
2.379832983016967773e+00
1.713629961013793945e+00
1.713629961013793945e+00
1.713629961013793945e+00
1.713629961013793945e+00
2.037708997726440430e+00
1.917974829673767090e+00
1.917974829673767090e+00
1.917974829673767090e+00
9.077793359756469727e-01
9.077793359756469727e-01
4.864246845245361328e-01
4.864246845245361328e-01
4.864246845245361328e-01
4.162123799324035645e-01
4.162123799324035645e-01
4.162123799324035645e-01
4.162123799324035645e-01
4.162123799324035645e-01
6.404116153717041016e-01
1.222049236297607422e+00
9.704443216323852539e-01
7.570935487747192383e-01
7.570935487747192383e-01
8.965684175491333008e-01
7.554516792297363281e-01
7.554516792297363281e-01
7.554516792297363281e-01
7.554516792297363281e-01
7.554516792297363281e-01
4.049374163150787354e-01
4.049374163150787354e-01
4.049374163150787354e-01
4.049374163150787354e-01
4.049374163150787354e-01
4.998970627784729004e-01
9.631756544113159180e-01
9.631756544113159180e-01
9.631756544113159180e-01
1.024924993515014648e+00
1.024924993515014648e+00
1.024924993515014648e+00
4.487530589103698730e-01
4.487530589103698730e-01
4.487530589103698730e-01
4.487530589103698730e-01
4.487530589103698730e-01
1.255234122276306152e+00
7.882333993911743164e-01
7.882333993911743164e-01
7.882333993911743164e-01
7.882333993911743164e-01
5.105447769165039062e-01
5.105447769165039062e-01
6.505740284919738770e-01
5.538659691810607910e-01
5.538659691810607910e-01
1.417294979095458984e+00
1.417294979095458984e+00
1.417294979095458984e+00
1.417294979095458984e+00
1.464644432067871094e+00
4.159224033355712891e-01
4.159224033355712891e-01
4.159224033355712891e-01
4.159224033355712891e-01
4.159224033355712891e-01
4.159224033355712891e-01
4.159224033355712891e-01
8.464158773422241211e-01
9.369002580642700195e-01
9.369002580642700195e-01
6.687365770339965820e-01
1.130906105041503906e+00
1.130906105041503906e+00
1.130906105041503906e+00
3.877786993980407715e-01
1.263434171676635742e+00
1.263434171676635742e+00
1.263434171676635742e+00
3.362932205200195312e-01
3.362932205200195312e-01
3.362932205200195312e-01
3.362932205200195312e-01
7.297146916389465332e-01
7.297146916389465332e-01
1.388929843902587891e+00
1.388929843902587891e+00
1.388929843902587891e+00
1.388929843902587891e+00
1.388929843902587891e+00
6.569738388061523438e-01
6.550078392028808594e-01
1.764468431472778320e+00
3.700507879257202148e-01
3.700507879257202148e-01
9.002552628517150879e-01
1.719226717948913574e+00
1.320583343505859375e+00
2.543028831481933594e+00
2.142260551452636719e+00
2.679845094680786133e-01
2.679845094680786133e-01
1.594070792198181152e+00
1.594070792198181152e+00
1.594070792198181152e+00
1.824703216552734375e+00
2.307754278182983398e+00
2.307754278182983398e+00
2.307754278182983398e+00
1.233365535736083984e-01
2.644692420959472656e+00
1.577362060546875000e+00
1.577362060546875000e+00
1.577362060546875000e+00
1.265952944755554199e+00
2.027912378311157227e+00
1.128426551818847656e+00
1.128426551818847656e+00
1.128426551818847656e+00
1.128426551818847656e+00
1.128426551818847656e+00
1.128426551818847656e+00
4.488876461982727051e-01
4.311637282371520996e-01
4.311637282371520996e-01
1.752426862716674805e+00
1.596113204956054688e+00
1.596113204956054688e+00
1.980033874511718750e+00
8.637880086898803711e-01
8.637880086898803711e-01
8.637880086898803711e-01
8.637880086898803711e-01
8.637880086898803711e-01
3.039739727973937988e-01
3.039739727973937988e-01
3.942746520042419434e-01
3.942746520042419434e-01
3.942746520042419434e-01
5.873491168022155762e-01
5.873491168022155762e-01
1.055984258651733398e+00
1.055984258651733398e+00
1.999658107757568359e+00
7.628456354141235352e-01
7.627714872360229492e-01
7.627714872360229492e-01
7.627714872360229492e-01
3.407266736030578613e-01
3.407266736030578613e-01
3.407266736030578613e-01
7.131179571151733398e-01
7.131179571151733398e-01
7.131179571151733398e-01
7.131179571151733398e-01
7.131179571151733398e-01
7.131179571151733398e-01
7.131179571151733398e-01
2.589105367660522461e-01
7.785661220550537109e-01
7.785661220550537109e-01
7.785661220550537109e-01
3.955158889293670654e-01
3.955158889293670654e-01
3.955158889293670654e-01
3.955158889293670654e-01
3.955158889293670654e-01
3.955158889293670654e-01
6.011660695075988770e-01
6.011660695075988770e-01
6.011660695075988770e-01
6.011660695075988770e-01
6.011660695075988770e-01
6.011660695075988770e-01
6.011660695075988770e-01
6.011660695075988770e-01
4.625285267829895020e-01
4.307677149772644043e-01
4.307677149772644043e-01
3.274289965629577637e-01
1.472638607025146484e+00
1.472638607025146484e+00
7.594149112701416016e-01
7.594149112701416016e-01
7.594149112701416016e-01
7.594149112701416016e-01
1.555414557456970215e+00
5.834220051765441895e-01
5.834220051765441895e-01
5.834220051765441895e-01
5.834220051765441895e-01
5.834220051765441895e-01
5.834220051765441895e-01
6.574175357818603516e-01
6.574175357818603516e-01
6.574175357818603516e-01
8.664551377296447754e-01
8.664551377296447754e-01
3.327268958091735840e-01
3.327268958091735840e-01
3.327268958091735840e-01
3.327268958091735840e-01
3.327268958091735840e-01
9.584285616874694824e-01
9.584285616874694824e-01
9.584285616874694824e-01
9.584285616874694824e-01
9.584285616874694824e-01
9.584285616874694824e-01
1.362797617912292480e+00
1.140393376350402832e+00
1.140393376350402832e+00
7.483154535293579102e-01
7.483154535293579102e-01
8.585305809974670410e-01
9.353340864181518555e-01
9.353340864181518555e-01
9.353340864181518555e-01
9.353340864181518555e-01
8.288259506225585938e-01
8.288259506225585938e-01
8.288259506225585938e-01
8.288259506225585938e-01
8.288259506225585938e-01
5.339330434799194336e-01
5.339330434799194336e-01
5.339330434799194336e-01
5.339330434799194336e-01
5.339330434799194336e-01
7.304244041442871094e-01
7.304244041442871094e-01
7.304244041442871094e-01
7.304244041442871094e-01
7.304244041442871094e-01
6.952752470970153809e-01
9.130455255508422852e-01
1.328280448913574219e+00
1.735826253890991211e+00
8.037915229797363281e-01
8.037915229797363281e-01
1.072401762008666992e+00
4.802659749984741211e-01
4.802659749984741211e-01
4.802659749984741211e-01
4.802659749984741211e-01
7.318067550659179688e-01
7.318067550659179688e-01
7.318067550659179688e-01
7.318067550659179688e-01
7.318067550659179688e-01
1.627400636672973633e+00
1.627400636672973633e+00
1.627400636672973633e+00
1.627400636672973633e+00
1.627400636672973633e+00
1.627400636672973633e+00
1.627400636672973633e+00
1.627400636672973633e+00
1.627400636672973633e+00
1.627400636672973633e+00
1.053946256637573242e+00
1.053946256637573242e+00
6.716181039810180664e-01
6.716181039810180664e-01
6.716181039810180664e-01
1.316803216934204102e+00
1.316803216934204102e+00
1.316803216934204102e+00
1.316803216934204102e+00
1.009879350662231445e+00
4.317098855972290039e-01
4.317098855972290039e-01
1.950105547904968262e+00
1.950105547904968262e+00
1.950105547904968262e+00
1.950105547904968262e+00
1.950105547904968262e+00
1.950105547904968262e+00
1.950105547904968262e+00
1.950105547904968262e+00
6.604027748107910156e-01
5.727905035018920898e-01
5.727905035018920898e-01
9.237631559371948242e-01
4.465397894382476807e-01
4.465397894382476807e-01
4.465397894382476807e-01
4.465397894382476807e-01
6.989563703536987305e-01
6.989563703536987305e-01
6.989563703536987305e-01
6.989563703536987305e-01
6.989563703536987305e-01
6.989563703536987305e-01
6.989563703536987305e-01
6.989563703536987305e-01
6.989563703536987305e-01
1.057517290115356445e+00
1.057517290115356445e+00
1.057517290115356445e+00
1.057517290115356445e+00
8.523581624031066895e-01
8.523581624031066895e-01
1.573519349098205566e+00
1.440998315811157227e+00
3.214982748031616211e-01
3.214982748031616211e-01
7.656397819519042969e-01
7.656397819519042969e-01
7.656397819519042969e-01
7.656397819519042969e-01
7.656397819519042969e-01
7.656397819519042969e-01
7.656397819519042969e-01
7.656397819519042969e-01
4.175828695297241211e-01
4.175828695297241211e-01
4.175828695297241211e-01
6.241295337677001953e-01
6.241295337677001953e-01
9.013066291809082031e-01
9.385633468627929688e-01
9.385633468627929688e-01
9.385633468627929688e-01
1.307823181152343750e+00
1.307823181152343750e+00
6.486675739288330078e-01
6.486675739288330078e-01
1.573565602302551270e+00
1.573565602302551270e+00
1.573565602302551270e+00
1.802295565605163574e+00
1.802295565605163574e+00
1.151773571968078613e+00
1.151773571968078613e+00
1.151773571968078613e+00
1.151773571968078613e+00
1.039938449859619141e+00
1.039938449859619141e+00
1.039938449859619141e+00
1.039938449859619141e+00
1.338453412055969238e+00
7.653285861015319824e-01
7.653285861015319824e-01
7.752943634986877441e-01
7.752943634986877441e-01
1.313763737678527832e+00
1.313763737678527832e+00
1.313763737678527832e+00
1.313763737678527832e+00
1.313763737678527832e+00
1.313763737678527832e+00
1.276445150375366211e+00
1.472112655639648438e+00
1.539117813110351562e+00
5.555845499038696289e-01
5.555845499038696289e-01
5.555845499038696289e-01
5.093823075294494629e-01
1.026447176933288574e+00
1.026447176933288574e+00
1.026447176933288574e+00
1.026447176933288574e+00
6.799709796905517578e-01
6.799709796905517578e-01
9.788058400154113770e-01
9.788058400154113770e-01
9.788058400154113770e-01
9.788058400154113770e-01
9.788058400154113770e-01
2.520874738693237305e-01
1.455394029617309570e+00
1.455394029617309570e+00
1.455394029617309570e+00
1.260532140731811523e-01
1.260532140731811523e-01
5.093778371810913086e-01
9.521377086639404297e-01
9.521377086639404297e-01
8.179713487625122070e-01
8.179713487625122070e-01
1.210792779922485352e+00
1.210792779922485352e+00
1.436986684799194336e+00
1.775559782981872559e+00
1.775559782981872559e+00
1.819464802742004395e+00
1.819464802742004395e+00
1.819464802742004395e+00
1.819464802742004395e+00
1.819464802742004395e+00
1.780221462249755859e+00
1.780221462249755859e+00
9.886261820793151855e-01
9.886261820793151855e-01
9.886261820793151855e-01
9.886261820793151855e-01
9.886261820793151855e-01
1.246490120887756348e+00
1.246490120887756348e+00
1.057727813720703125e+00
1.057727813720703125e+00
6.735369563102722168e-01
6.735369563102722168e-01
6.735369563102722168e-01
6.735369563102722168e-01
7.614548206329345703e-01
7.614548206329345703e-01
1.874861717224121094e+00
1.874861717224121094e+00
1.653680324554443359e+00
3.232111930847167969e-01
3.232111930847167969e-01
3.232111930847167969e-01
4.649924337863922119e-01
4.649924337863922119e-01
4.649924337863922119e-01
4.649924337863922119e-01
4.649924337863922119e-01
5.845351815223693848e-01
5.845351815223693848e-01
5.845351815223693848e-01
7.527898550033569336e-01
7.527898550033569336e-01
7.527898550033569336e-01
7.527898550033569336e-01
7.527898550033569336e-01
7.527898550033569336e-01
7.527898550033569336e-01
6.353401541709899902e-01
1.009788990020751953e+00
1.009788990020751953e+00
1.009788990020751953e+00
1.009788990020751953e+00
7.473707199096679688e-01
7.473707199096679688e-01
7.473707199096679688e-01
1.068170905113220215e+00
1.068170905113220215e+00
1.068170905113220215e+00
1.068170905113220215e+00
1.068170905113220215e+00
5.650424957275390625e-01
5.650424957275390625e-01
5.650424957275390625e-01
5.650424957275390625e-01
1.065257072448730469e+00
1.065257072448730469e+00
1.065257072448730469e+00
8.597653508186340332e-01
8.597653508186340332e-01
1.109819293022155762e+00
1.109819293022155762e+00
7.237985730171203613e-01
7.237985730171203613e-01
7.237985730171203613e-01
7.237985730171203613e-01
6.215931773185729980e-01
6.215931773185729980e-01
8.261273503303527832e-01
2.227219343185424805e-01
5.208444595336914062e-01
1.124000310897827148e+00
8.091486096382141113e-01
8.091486096382141113e-01
8.091486096382141113e-01
8.091486096382141113e-01
8.091486096382141113e-01
8.091486096382141113e-01
9.159698486328125000e-01
9.159698486328125000e-01
6.717939376831054688e-01
1.147898316383361816e+00
1.147898316383361816e+00
1.147898316383361816e+00
1.565649747848510742e+00
1.565649747848510742e+00
1.565649747848510742e+00
1.897415876388549805e+00
1.897415876388549805e+00
8.655861616134643555e-01
6.209346652030944824e-01
6.209346652030944824e-01
6.209346652030944824e-01
6.209346652030944824e-01
3.635418713092803955e-01
3.635418713092803955e-01
3.635418713092803955e-01
3.635418713092803955e-01
3.635418713092803955e-01
3.635418713092803955e-01
3.635418713092803955e-01
3.635418713092803955e-01
9.888899326324462891e-01
9.888899326324462891e-01
9.888899326324462891e-01
4.738933444023132324e-01
2.699499726295471191e-01
1.564346313476562500e+00
1.386184930801391602e+00
1.386184930801391602e+00
1.386184930801391602e+00
1.378678202629089355e+00
1.378678202629089355e+00
6.729053258895874023e-01
9.606799483299255371e-01
7.261047363281250000e-01
2.153791785240173340e-01
2.153791785240173340e-01
1.392597675323486328e+00
7.745345234870910645e-01
7.745345234870910645e-01
7.745345234870910645e-01
7.745345234870910645e-01
7.745345234870910645e-01
4.567175209522247314e-01
1.251379132270812988e+00
1.251379132270812988e+00
7.734565138816833496e-01
2.420264720916748047e+00
1.564204692840576172e+00
1.564204692840576172e+00
1.564204692840576172e+00
1.564204692840576172e+00
1.233000278472900391e+00
1.823151588439941406e+00
1.804896473884582520e+00
5.691986083984375000e-01
5.691986083984375000e-01
5.691986083984375000e-01
9.137280583381652832e-01
6.992328166961669922e-01
6.303872466087341309e-01
6.029101610183715820e-01
2.222296476364135742e+00
2.222296476364135742e+00
2.222296476364135742e+00
1.577316641807556152e+00
1.577316641807556152e+00
3.969552516937255859e-01
3.969552516937255859e-01
1.386602163314819336e+00
1.386602163314819336e+00
2.206557989120483398e-01
3.639426827430725098e-01
3.639426827430725098e-01
3.639426827430725098e-01
1.571937322616577148e+00
1.745151758193969727e+00
1.745151758193969727e+00
7.060554027557373047e-01
7.060554027557373047e-01
8.009389638900756836e-01
8.009389638900756836e-01
8.009389638900756836e-01
1.011210441589355469e+00
1.011210441589355469e+00
1.851213693618774414e+00
2.387814521789550781e-01
2.387814521789550781e-01
5.407742857933044434e-01
6.559395790100097656e-01
6.559395790100097656e-01
6.559395790100097656e-01
6.559395790100097656e-01
6.559395790100097656e-01
6.559395790100097656e-01
5.908892154693603516e-01
9.600191712379455566e-01
9.600191712379455566e-01
9.600191712379455566e-01
9.600191712379455566e-01
1.242100119590759277e+00
1.326532244682312012e+00
1.326532244682312012e+00
1.326532244682312012e+00
1.326532244682312012e+00
1.084155082702636719e+00
1.084155082702636719e+00
1.509824991226196289e+00
1.509824991226196289e+00
3.242506980895996094e-01
3.242506980895996094e-01
3.242506980895996094e-01
3.242506980895996094e-01
3.242506980895996094e-01
1.641494393348693848e+00
1.641494393348693848e+00
1.641494393348693848e+00
1.565949320793151855e+00
1.565949320793151855e+00
1.840917468070983887e+00
1.840917468070983887e+00
1.840917468070983887e+00
1.840917468070983887e+00
1.840917468070983887e+00
1.840917468070983887e+00
2.711105346679687500e-01
2.711105346679687500e-01
2.711105346679687500e-01
2.711105346679687500e-01
3.181288242340087891e-01
3.181288242340087891e-01
3.181288242340087891e-01
3.181288242340087891e-01
3.181288242340087891e-01
3.181288242340087891e-01
8.811551928520202637e-01
1.155879259109497070e+00
1.155879259109497070e+00
1.799331426620483398e+00
1.799331426620483398e+00
1.799331426620483398e+00
1.799331426620483398e+00
1.799331426620483398e+00
5.655989646911621094e-01
1.172425985336303711e+00
1.172425985336303711e+00
1.172425985336303711e+00
1.172425985336303711e+00
1.172425985336303711e+00
1.172425985336303711e+00
1.172425985336303711e+00
7.024301886558532715e-01
7.024301886558532715e-01
7.024301886558532715e-01
7.024301886558532715e-01
7.024301886558532715e-01
1.264467000961303711e+00
6.003342866897583008e-01
1.131586313247680664e+00
1.131586313247680664e+00
1.131586313247680664e+00
1.316443324089050293e+00
1.316443324089050293e+00
6.162209510803222656e-01
1.046368479728698730e+00
1.046368479728698730e+00
1.133978128433227539e+00
9.524303078651428223e-01
1.004772305488586426e+00
1.138202786445617676e+00
9.209184646606445312e-01
9.209184646606445312e-01
2.164112091064453125e+00
2.164112091064453125e+00
2.190038204193115234e+00
2.190038204193115234e+00
2.190038204193115234e+00
3.564481735229492188e-01
1.242913246154785156e+00
1.115514278411865234e+00
1.651037454605102539e+00
1.651037454605102539e+00
1.543768644332885742e+00
1.354412078857421875e+00
1.354412078857421875e+00
1.354412078857421875e+00
1.445118665695190430e+00
8.274304270744323730e-01
8.274304270744323730e-01
1.044096708297729492e+00
1.044096708297729492e+00
1.044096708297729492e+00
1.044096708297729492e+00
1.044096708297729492e+00
1.044096708297729492e+00
1.044096708297729492e+00
1.642415046691894531e+00
1.313614964485168457e+00
2.242935180664062500e+00
5.039929151535034180e-01
5.039929151535034180e-01
7.492922544479370117e-01
7.492922544479370117e-01
7.492922544479370117e-01
7.492922544479370117e-01
7.839998006820678711e-01
7.839998006820678711e-01
7.839998006820678711e-01
7.839998006820678711e-01
7.839998006820678711e-01
7.839998006820678711e-01
1.026987433433532715e+00
1.026987433433532715e+00
6.059243083000183105e-01
6.059243083000183105e-01
2.038017809391021729e-01
2.038017809391021729e-01
2.038017809391021729e-01
2.038017809391021729e-01
1.724381685256958008e+00
1.724381685256958008e+00
1.169852972030639648e+00
1.169852972030639648e+00
1.646217942237854004e+00
1.646217942237854004e+00
5.906521081924438477e-01
5.906521081924438477e-01
5.906521081924438477e-01
4.748824834823608398e-01
4.748824834823608398e-01
4.748824834823608398e-01
4.748824834823608398e-01
7.457103729248046875e-01
7.457103729248046875e-01
7.457103729248046875e-01
7.457103729248046875e-01
7.457103729248046875e-01
9.382109642028808594e-01
9.382109642028808594e-01
9.382109642028808594e-01
1.293927431106567383e+00
1.293927431106567383e+00
4.914517402648925781e-01
4.914517402648925781e-01
4.914517402648925781e-01
1.494272947311401367e+00
1.494272947311401367e+00
1.494272947311401367e+00
1.494272947311401367e+00
1.494272947311401367e+00
1.494272947311401367e+00
1.494272947311401367e+00
1.324162006378173828e+00
1.324162006378173828e+00
3.245375752449035645e-01
3.245375752449035645e-01
1.752932071685791016e+00
9.246742725372314453e-01
5.449405908584594727e-01
5.449405908584594727e-01
8.923523426055908203e-01
6.731035113334655762e-01
6.731035113334655762e-01
6.731035113334655762e-01
6.731035113334655762e-01
6.731035113334655762e-01
6.731035113334655762e-01
4.385782480239868164e-01
9.327654838562011719e-01
3.743466734886169434e-01
4.275873601436614990e-01
4.275873601436614990e-01
4.275873601436614990e-01
4.275873601436614990e-01
1.938625425100326538e-01
1.938625425100326538e-01
1.410962343215942383e+00
1.475000381469726562e-01
1.475000381469726562e-01
5.501053333282470703e-01
5.501053333282470703e-01
5.501053333282470703e-01
1.170257568359375000e+00
1.298861742019653320e+00
1.298861742019653320e+00
1.101381778717041016e+00
1.101381778717041016e+00
1.101381778717041016e+00
1.010622143745422363e+00
3.824533224105834961e-01
3.824533224105834961e-01
3.824533224105834961e-01
5.306056141853332520e-01
3.329521715641021729e-01
3.329521715641021729e-01
3.329521715641021729e-01
3.329521715641021729e-01
3.329521715641021729e-01
3.329521715641021729e-01
9.383220672607421875e-01
9.383220672607421875e-01
1.534255504608154297e+00
1.534255504608154297e+00
1.580773353576660156e+00
1.427882909774780273e+00
7.368034124374389648e-01
1.059798002243041992e+00
1.059798002243041992e+00
1.059798002243041992e+00
7.758328318595886230e-01
5.898683071136474609e-01
3.912125229835510254e-01
1.550249576568603516e+00
1.550249576568603516e+00
8.715989589691162109e-01
8.715989589691162109e-01
8.715989589691162109e-01
7.698837518692016602e-01
1.201632857322692871e+00
1.201632857322692871e+00
4.728963971138000488e-01
4.728963971138000488e-01
1.371092796325683594e+00
1.371092796325683594e+00
1.371092796325683594e+00
1.692778110504150391e+00
1.692778110504150391e+00
7.606296539306640625e-01
7.606296539306640625e-01
7.606296539306640625e-01
1.978795886039733887e+00
1.365047335624694824e+00
1.365047335624694824e+00
1.365047335624694824e+00
5.917589664459228516e-01
5.917589664459228516e-01
1.233626604080200195e+00
2.588625550270080566e-01
2.005586385726928711e+00
1.752697110176086426e+00
1.747744202613830566e+00
5.764608383178710938e-01
1.342774391174316406e+00
1.880522966384887695e-01
7.265866398811340332e-01
7.265866398811340332e-01
7.265866398811340332e-01
7.265866398811340332e-01
5.558374524116516113e-01
7.333372831344604492e-01
7.333372831344604492e-01
7.333372831344604492e-01
7.333372831344604492e-01
7.333372831344604492e-01
9.882561564445495605e-01
9.882561564445495605e-01
9.882561564445495605e-01
1.522293090820312500e+00
1.602061271667480469e+00
1.815822124481201172e+00
1.815822124481201172e+00
1.815822124481201172e+00
9.220615625381469727e-01
9.220615625381469727e-01
9.220615625381469727e-01
9.220615625381469727e-01
9.220615625381469727e-01
9.220615625381469727e-01
9.220615625381469727e-01
9.220615625381469727e-01
9.220615625381469727e-01
9.220615625381469727e-01
9.220615625381469727e-01
9.220615625381469727e-01
9.220615625381469727e-01
9.220615625381469727e-01
9.220615625381469727e-01
9.220615625381469727e-01
1.273173213005065918e+00
1.273173213005065918e+00
6.333579421043395996e-01
6.148777604103088379e-01
5.466860532760620117e-01
1.733908057212829590e+00
2.434821128845214844e-01
2.434821128845214844e-01
2.434821128845214844e-01
2.813458442687988281e-01
2.813458442687988281e-01
4.653784036636352539e-01
4.653784036636352539e-01
4.653784036636352539e-01
7.460432648658752441e-01
7.460432648658752441e-01
9.138983488082885742e-01
8.341304063796997070e-01
8.341304063796997070e-01
8.341304063796997070e-01
8.341304063796997070e-01
5.061751008033752441e-01
5.061751008033752441e-01
5.061751008033752441e-01
1.166087985038757324e+00
1.166087985038757324e+00
1.166087985038757324e+00
1.271343469619750977e+00
1.271343469619750977e+00
1.695519685745239258e+00
1.695519685745239258e+00
1.695519685745239258e+00
1.421490311622619629e+00
1.047294616699218750e+00
1.047294616699218750e+00
1.047294616699218750e+00
1.047294616699218750e+00
1.233329057693481445e+00
1.233329057693481445e+00
1.233329057693481445e+00
1.233329057693481445e+00
1.233329057693481445e+00
1.233329057693481445e+00
1.080411672592163086e+00
1.080411672592163086e+00
1.080411672592163086e+00
2.548408508300781250e+00
1.383666515350341797e+00
4.469077587127685547e-01
8.494526147842407227e-01
8.494526147842407227e-01
4.004069268703460693e-01
4.004069268703460693e-01
4.004069268703460693e-01
4.004069268703460693e-01
5.990968942642211914e-01
5.990968942642211914e-01
5.990968942642211914e-01
5.990968942642211914e-01
7.202041745185852051e-01
7.202041745185852051e-01
5.521073341369628906e-01
5.521073341369628906e-01
5.521073341369628906e-01
5.521073341369628906e-01
5.521073341369628906e-01
5.521073341369628906e-01
5.521073341369628906e-01
5.521073341369628906e-01
5.521073341369628906e-01
8.504335284233093262e-01
8.504335284233093262e-01
8.694001436233520508e-01
5.934215188026428223e-01
5.934215188026428223e-01
3.954258561134338379e-01
3.954258561134338379e-01
8.317523002624511719e-01
8.317523002624511719e-01
1.702486395835876465e+00
8.087127804756164551e-01
8.087127804756164551e-01
8.087127804756164551e-01
7.746005654335021973e-01
7.746005654335021973e-01
7.746005654335021973e-01
7.746005654335021973e-01
7.746005654335021973e-01
7.746005654335021973e-01
1.183270812034606934e+00
1.183270812034606934e+00
1.183270812034606934e+00
1.183270812034606934e+00
2.675244808197021484e-01
2.675244808197021484e-01
8.172695636749267578e-01
8.172695636749267578e-01
8.172695636749267578e-01
3.025926351547241211e-01
3.025926351547241211e-01
3.025926351547241211e-01
3.025926351547241211e-01
7.420619726181030273e-01
7.420619726181030273e-01
7.420619726181030273e-01
7.420619726181030273e-01
1.289463043212890625e+00
1.605690956115722656e+00
1.605690956115722656e+00
1.605690956115722656e+00
1.605690956115722656e+00
1.605690956115722656e+00
1.605690956115722656e+00
1.360931873321533203e+00
1.360931873321533203e+00
1.416983485221862793e+00
1.488129496574401855e+00
1.488129496574401855e+00
1.488129496574401855e+00
1.488129496574401855e+00
2.977086544036865234e+00
7.686605453491210938e-01
2.421668767929077148e-01
1.187582492828369141e+00
1.135951399803161621e+00
1.135951399803161621e+00
8.259601593017578125e-01
8.259601593017578125e-01
8.259601593017578125e-01
7.240201830863952637e-01
1.102697610855102539e+00
1.102697610855102539e+00
9.560865163803100586e-01
1.651151537895202637e+00
1.651151537895202637e+00
1.651151537895202637e+00
1.651151537895202637e+00
1.284433603286743164e+00
1.284433603286743164e+00
1.284433603286743164e+00
5.883125662803649902e-01
5.883125662803649902e-01
5.883125662803649902e-01
5.883125662803649902e-01
5.883125662803649902e-01
5.883125662803649902e-01
5.883125662803649902e-01
5.883125662803649902e-01
4.615586698055267334e-01
1.702196955680847168e+00
1.702196955680847168e+00
1.702196955680847168e+00
1.393902540206909180e+00
1.210043787956237793e+00
1.210043787956237793e+00
6.874161362648010254e-01
6.874161362648010254e-01
6.874161362648010254e-01
6.874161362648010254e-01
6.874161362648010254e-01
6.874161362648010254e-01
6.874161362648010254e-01
6.874161362648010254e-01
6.874161362648010254e-01
6.874161362648010254e-01
6.874161362648010254e-01
6.874161362648010254e-01
6.874161362648010254e-01
6.874161362648010254e-01
6.874161362648010254e-01
6.874161362648010254e-01
6.874161362648010254e-01
6.874161362648010254e-01
6.874161362648010254e-01
6.874161362648010254e-01
6.874161362648010254e-01
1.113584518432617188e+00
8.252428770065307617e-01
6.102256178855895996e-01
6.102256178855895996e-01
7.397652864456176758e-01
7.397652864456176758e-01
7.397652864456176758e-01
2.027768492698669434e-01
2.027768492698669434e-01
1.141773462295532227e+00
3.918966650962829590e-01
1.208487749099731445e+00
1.208487749099731445e+00
1.208487749099731445e+00
1.270147681236267090e+00
2.714551687240600586e-01
1.445444703102111816e+00
1.445444703102111816e+00
1.445444703102111816e+00
1.445444703102111816e+00
1.445444703102111816e+00
1.099607348442077637e+00
1.099607348442077637e+00
9.163556098937988281e-01
9.163556098937988281e-01
9.163556098937988281e-01
9.163556098937988281e-01
9.163556098937988281e-01
9.163556098937988281e-01
1.867749094963073730e-01
1.867749094963073730e-01
5.648424625396728516e-01
5.648424625396728516e-01
5.648424625396728516e-01
6.510921120643615723e-01
1.743419647216796875e+00
1.743419647216796875e+00
7.458271384239196777e-01
7.458271384239196777e-01
7.458271384239196777e-01
7.458271384239196777e-01
7.458271384239196777e-01
7.458271384239196777e-01
7.458271384239196777e-01
7.458271384239196777e-01
7.458271384239196777e-01
1.327094197273254395e+00
1.327094197273254395e+00
1.327094197273254395e+00
8.770881891250610352e-01
8.770881891250610352e-01
8.770881891250610352e-01
9.380591511726379395e-01
1.328029870986938477e+00
1.328029870986938477e+00
1.328029870986938477e+00
5.439780354499816895e-01
5.439780354499816895e-01
5.439780354499816895e-01
7.309496402740478516e-01
7.309496402740478516e-01
1.642952442169189453e+00
1.367424845695495605e+00
1.183403611183166504e+00
1.183403611183166504e+00
1.404871106147766113e+00
1.404871106147766113e+00
1.078580737113952637e+00
1.278410792350769043e+00
1.350851655006408691e+00
1.097224950790405273e+00
1.097224950790405273e+00
1.097224950790405273e+00
1.097224950790405273e+00
1.097224950790405273e+00
1.762871146202087402e-01
1.535261869430541992e+00
1.535261869430541992e+00
1.535261869430541992e+00
9.054230451583862305e-01
4.576713442802429199e-01
4.075294733047485352e-01
4.075294733047485352e-01
4.075294733047485352e-01
5.343430638313293457e-01
5.343430638313293457e-01
5.343430638313293457e-01
1.127392411231994629e+00
7.504731416702270508e-01
1.265039086341857910e+00
1.265039086341857910e+00
1.265039086341857910e+00
1.265039086341857910e+00
1.459403038024902344e+00
1.231134176254272461e+00
1.231134176254272461e+00
1.199094533920288086e+00
1.199094533920288086e+00
5.969318747520446777e-01
1.014704942703247070e+00
9.252212047576904297e-01
9.252212047576904297e-01
8.119773268699645996e-01
8.294666409492492676e-01
1.377053737640380859e+00
6.259368062019348145e-01
6.259368062019348145e-01
6.259368062019348145e-01
6.259368062019348145e-01
6.259368062019348145e-01
6.259368062019348145e-01
6.208574771881103516e-01
6.208574771881103516e-01
8.202685713768005371e-01
8.202685713768005371e-01
9.476194977760314941e-01
5.470839142799377441e-01
5.470839142799377441e-01
5.470839142799377441e-01
5.470839142799377441e-01
5.470839142799377441e-01
5.470839142799377441e-01
5.470839142799377441e-01
2.698561549186706543e-01
2.698561549186706543e-01
2.698561549186706543e-01
2.698561549186706543e-01
2.698561549186706543e-01
1.808557212352752686e-01
1.040067911148071289e+00
1.040067911148071289e+00
1.040067911148071289e+00
9.622024893760681152e-01
9.622024893760681152e-01
9.989169836044311523e-01
9.989169836044311523e-01
9.989169836044311523e-01
1.078108906745910645e+00
1.078108906745910645e+00
7.851517200469970703e-01
5.099334120750427246e-01
1.693579435348510742e+00
1.693579435348510742e+00
1.640241146087646484e+00
8.035256266593933105e-01
8.035256266593933105e-01
1.053397417068481445e+00
1.053397417068481445e+00
1.351814508438110352e+00
1.351814508438110352e+00
1.351814508438110352e+00
1.351814508438110352e+00
1.282617449760437012e+00
1.282617449760437012e+00
1.282617449760437012e+00
1.282617449760437012e+00
1.282617449760437012e+00
1.754752397537231445e+00
1.754752397537231445e+00
1.754752397537231445e+00
1.754752397537231445e+00
1.847735404968261719e+00
1.273625612258911133e+00
1.273625612258911133e+00
1.273625612258911133e+00
1.273625612258911133e+00
8.188474178314208984e-01
5.425312519073486328e-01
5.425312519073486328e-01
5.468830466270446777e-01
5.468830466270446777e-01
5.468830466270446777e-01
5.468830466270446777e-01
5.468830466270446777e-01
9.270154237747192383e-01
7.972468137741088867e-01
7.972468137741088867e-01
7.972468137741088867e-01
7.972468137741088867e-01
4.994196891784667969e-01
4.994196891784667969e-01
4.994196891784667969e-01
4.994196891784667969e-01
1.067620754241943359e+00
1.074533343315124512e+00
1.101696610450744629e+00
1.229916930198669434e+00
1.229916930198669434e+00
1.229916930198669434e+00
1.229916930198669434e+00
1.229916930198669434e+00
1.437741875648498535e+00
1.375229477882385254e+00
1.106991410255432129e+00
1.106991410255432129e+00
2.399417877197265625e+00
2.399417877197265625e+00
1.254447102546691895e+00
1.040530800819396973e+00
6.805939078330993652e-01
6.805939078330993652e-01
6.805939078330993652e-01
7.626857757568359375e-01
7.626857757568359375e-01
7.626857757568359375e-01
7.626857757568359375e-01
7.626857757568359375e-01
1.072640895843505859e+00
1.072640895843505859e+00
1.072640895843505859e+00
1.444420099258422852e+00
1.444420099258422852e+00
1.444420099258422852e+00
1.444420099258422852e+00
5.284295082092285156e-01
8.234493732452392578e-01
9.480649232864379883e-01
1.042389750480651855e+00
1.042389750480651855e+00
1.042389750480651855e+00
1.042389750480651855e+00
1.042389750480651855e+00
1.042389750480651855e+00
1.042389750480651855e+00
1.151969671249389648e+00
4.846181869506835938e-01
1.038041353225708008e+00
1.038041353225708008e+00
1.038041353225708008e+00
1.038041353225708008e+00
1.038041353225708008e+00
1.038041353225708008e+00
1.038041353225708008e+00
1.038041353225708008e+00
1.038041353225708008e+00
1.038041353225708008e+00
1.569373846054077148e+00
1.100655555725097656e+00
1.100655555725097656e+00
1.100655555725097656e+00
1.100655555725097656e+00
8.107048273086547852e-01
8.107048273086547852e-01
8.107048273086547852e-01
8.107048273086547852e-01
8.107048273086547852e-01
8.107048273086547852e-01
8.107048273086547852e-01
8.107048273086547852e-01
8.107048273086547852e-01
6.118021607398986816e-01
6.451427936553955078e-01
5.554699897766113281e-01
8.935012817382812500e-01
8.935012817382812500e-01
8.935012817382812500e-01
8.935012817382812500e-01
6.282509565353393555e-01
6.282509565353393555e-01
6.282509565353393555e-01
1.020720958709716797e+00
1.020720958709716797e+00
1.020720958709716797e+00
3.733485341072082520e-01
2.767988443374633789e-01
2.767988443374633789e-01
1.501115441322326660e+00
8.521311879158020020e-01
8.521311879158020020e-01
8.521311879158020020e-01
8.521311879158020020e-01
8.521311879158020020e-01
6.562960147857666016e-01
6.562960147857666016e-01
1.697278141975402832e+00
2.063846588134765625e+00
9.727040529251098633e-01
9.727040529251098633e-01
4.910607337951660156e-01
4.910607337951660156e-01
4.910607337951660156e-01
5.465833544731140137e-01
5.465833544731140137e-01
4.665838479995727539e-01
4.665838479995727539e-01
4.665838479995727539e-01
1.245924115180969238e+00
1.235582351684570312e+00
1.235582351684570312e+00
4.916042685508728027e-01
4.916042685508728027e-01
4.916042685508728027e-01
4.916042685508728027e-01
4.916042685508728027e-01
6.005292534828186035e-01
6.005292534828186035e-01
6.005292534828186035e-01
6.005292534828186035e-01
6.005292534828186035e-01
6.005292534828186035e-01
4.669087529182434082e-01
4.669087529182434082e-01
4.669087529182434082e-01
4.669087529182434082e-01
9.037768840789794922e-01
1.803690552711486816e+00
1.828971505165100098e+00
1.828971505165100098e+00
9.609365463256835938e-01
5.816006064414978027e-01
5.816006064414978027e-01
5.816006064414978027e-01
5.816006064414978027e-01
5.816006064414978027e-01
1.233664989471435547e+00
8.744096755981445312e-01
8.744096755981445312e-01
8.744096755981445312e-01
8.744096755981445312e-01
8.744096755981445312e-01
8.744096755981445312e-01
8.744096755981445312e-01
8.744096755981445312e-01
8.744096755981445312e-01
1.097491145133972168e+00
1.097491145133972168e+00
1.097491145133972168e+00
1.097491145133972168e+00
1.097491145133972168e+00
1.097491145133972168e+00
3.448417186737060547e-01
3.448417186737060547e-01
5.091100931167602539e-01
5.091100931167602539e-01
5.091100931167602539e-01
5.091100931167602539e-01
9.351438283920288086e-01
1.132316350936889648e+00
4.150503277778625488e-01
1.164241790771484375e+00
6.031340956687927246e-01
6.031340956687927246e-01
2.787291109561920166e-01
2.787291109561920166e-01
5.073948502540588379e-01
5.073948502540588379e-01
5.073948502540588379e-01
1.031135201454162598e+00
5.580189228057861328e-01
5.580189228057861328e-01
1.591943502426147461e+00
1.591943502426147461e+00
1.778683185577392578e+00
1.778683185577392578e+00
7.803942561149597168e-01
6.317901611328125000e-01
1.098645091056823730e+00
1.098645091056823730e+00
4.904847145080566406e-01
4.904847145080566406e-01
4.904847145080566406e-01
4.904847145080566406e-01
7.776007056236267090e-01
7.776007056236267090e-01
7.776007056236267090e-01
7.776007056236267090e-01
7.988875508308410645e-01
7.988875508308410645e-01
7.988875508308410645e-01
7.988875508308410645e-01
7.988875508308410645e-01
7.988875508308410645e-01
7.988875508308410645e-01
7.988875508308410645e-01
7.081236839294433594e-01
7.081236839294433594e-01
7.081236839294433594e-01
7.081236839294433594e-01
7.081236839294433594e-01
7.081236839294433594e-01
7.081236839294433594e-01
7.081236839294433594e-01
3.661888241767883301e-01
3.661888241767883301e-01
3.661888241767883301e-01
3.661888241767883301e-01
3.661888241767883301e-01
5.975790023803710938e-01
5.324080586433410645e-01
9.637428522109985352e-01
5.573346614837646484e-01
1.378270387649536133e+00
6.672196984291076660e-01
8.442044854164123535e-01
8.442044854164123535e-01
5.350631475448608398e-01
5.350631475448608398e-01
5.350631475448608398e-01
5.350631475448608398e-01
1.524980425834655762e+00
1.524980425834655762e+00
1.524980425834655762e+00
1.297000765800476074e+00
1.554120898246765137e+00
1.554120898246765137e+00
1.676875352859497070e+00
1.676875352859497070e+00
2.099256277084350586e+00
2.447145700454711914e+00
2.447145700454711914e+00
2.447145700454711914e+00
2.518308639526367188e+00
1.903752803802490234e+00
1.903752803802490234e+00
1.903752803802490234e+00
1.903752803802490234e+00
1.853622436523437500e+00
1.853622436523437500e+00
1.245159864425659180e+00
1.245159864425659180e+00
1.171763181686401367e+00
1.171763181686401367e+00
1.171763181686401367e+00
1.171763181686401367e+00
1.171763181686401367e+00
1.171763181686401367e+00
1.171763181686401367e+00
1.171763181686401367e+00
1.171763181686401367e+00
1.165363788604736328e+00
1.407184839248657227e+00
9.670839905738830566e-01
3.858645558357238770e-01
1.956504344940185547e+00
9.530125856399536133e-01
9.530125856399536133e-01
9.207105040550231934e-01
9.207105040550231934e-01
9.207105040550231934e-01
5.254058241844177246e-01
5.254058241844177246e-01
5.254058241844177246e-01
5.254058241844177246e-01
4.532025456428527832e-01
4.532025456428527832e-01
5.506811141967773438e-01
3.841978907585144043e-01
3.841978907585144043e-01
1.326800942420959473e+00
1.326800942420959473e+00
7.812951207160949707e-01
7.812951207160949707e-01
7.812951207160949707e-01
7.812951207160949707e-01
1.230771303176879883e+00
1.230771303176879883e+00
1.230771303176879883e+00
5.677207112312316895e-01
5.677207112312316895e-01
5.677207112312316895e-01
1.282593250274658203e+00
1.282593250274658203e+00
1.282593250274658203e+00
1.282593250274658203e+00
8.366045951843261719e-01
8.366045951843261719e-01
8.366045951843261719e-01
8.366045951843261719e-01
8.366045951843261719e-01
8.366045951843261719e-01
8.366045951843261719e-01
8.366045951843261719e-01
8.366045951843261719e-01
8.366045951843261719e-01
1.699735164642333984e+00
1.372503042221069336e+00
1.512090325355529785e+00
1.512090325355529785e+00
1.155084133148193359e+00
1.155084133148193359e+00
1.554352760314941406e+00
2.675865888595581055e-01
2.675865888595581055e-01
2.675865888595581055e-01
2.675865888595581055e-01
2.675865888595581055e-01
2.996174693107604980e-01
2.996174693107604980e-01
2.996174693107604980e-01
8.088575005531311035e-01
1.298912048339843750e+00
9.652214050292968750e-01
9.652214050292968750e-01
9.652214050292968750e-01
9.652214050292968750e-01
4.499288201332092285e-01
4.499288201332092285e-01
4.499288201332092285e-01
4.499288201332092285e-01
9.613130688667297363e-01
9.613130688667297363e-01
9.613130688667297363e-01
9.613130688667297363e-01
9.613130688667297363e-01
9.613130688667297363e-01
9.613130688667297363e-01
9.613130688667297363e-01
1.974588155746459961e+00
1.974588155746459961e+00
1.974588155746459961e+00
2.080908536911010742e+00
1.561159610748291016e+00
1.681393980979919434e+00
1.681393980979919434e+00
1.681393980979919434e+00
1.681393980979919434e+00
9.621880054473876953e-01
9.911033511161804199e-01
9.911033511161804199e-01
9.911033511161804199e-01
9.911033511161804199e-01
9.911033511161804199e-01
9.911033511161804199e-01
9.911033511161804199e-01
9.911033511161804199e-01
9.911033511161804199e-01
8.100038766860961914e-01
1.485512733459472656e+00
1.485512733459472656e+00
1.485512733459472656e+00
1.130239844322204590e+00
1.130239844322204590e+00
1.130239844322204590e+00
1.272619724273681641e+00
1.272619724273681641e+00
1.272619724273681641e+00
1.272619724273681641e+00
1.586212635040283203e+00
1.586212635040283203e+00
1.492830514907836914e+00
1.282326936721801758e+00
2.112554311752319336e+00
2.112554311752319336e+00
7.621363401412963867e-01
7.621363401412963867e-01
7.621363401412963867e-01
7.621363401412963867e-01
7.621363401412963867e-01
4.608306884765625000e-01
4.608306884765625000e-01
1.242871522903442383e+00
7.264620661735534668e-01
7.264620661735534668e-01
7.264620661735534668e-01
7.264620661735534668e-01
7.264620661735534668e-01
7.264620661735534668e-01
9.566516280174255371e-01
1.232220411300659180e+00
1.232220411300659180e+00
5.774095654487609863e-01
1.271923542022705078e+00
6.128848791122436523e-01
6.128848791122436523e-01
9.242079854011535645e-01
9.242079854011535645e-01
9.242079854011535645e-01
9.242079854011535645e-01
9.242079854011535645e-01
9.242079854011535645e-01
9.242079854011535645e-01
7.556568384170532227e-01
4.534366726875305176e-01
4.534366726875305176e-01
7.560268640518188477e-01
7.560268640518188477e-01
7.560268640518188477e-01
4.770838022232055664e-01
9.572517871856689453e-01
7.122587561607360840e-01
1.002465128898620605e+00
1.002465128898620605e+00
2.141711235046386719e+00
2.141711235046386719e+00
2.141711235046386719e+00
2.071312189102172852e+00
2.071312189102172852e+00
2.071312189102172852e+00
2.253543376922607422e+00
2.253543376922607422e+00
2.253543376922607422e+00
2.253543376922607422e+00
2.253543376922607422e+00
2.085475921630859375e+00
2.085475921630859375e+00
2.085475921630859375e+00
2.085475921630859375e+00
1.908640146255493164e+00
1.908640146255493164e+00
1.908640146255493164e+00
1.908640146255493164e+00
1.689867615699768066e+00
1.689867615699768066e+00
1.689867615699768066e+00
1.882368803024291992e+00
1.882368803024291992e+00
1.882368803024291992e+00
1.882368803024291992e+00
1.882368803024291992e+00
4.095599651336669922e-01
4.095599651336669922e-01
4.095599651336669922e-01
4.095599651336669922e-01
4.095599651336669922e-01
4.095599651336669922e-01
8.706724047660827637e-01
5.178930759429931641e-01
5.178930759429931641e-01
5.178930759429931641e-01
5.178930759429931641e-01
5.178930759429931641e-01
5.178930759429931641e-01
5.178930759429931641e-01
5.178930759429931641e-01
5.178930759429931641e-01
9.364414811134338379e-01
5.576320886611938477e-01
4.991465508937835693e-01
4.991465508937835693e-01
4.991465508937835693e-01
9.647291898727416992e-01
9.647291898727416992e-01
7.190376520156860352e-01
7.190376520156860352e-01
7.190376520156860352e-01
7.190376520156860352e-01
7.190376520156860352e-01
7.190376520156860352e-01
7.190376520156860352e-01
7.190376520156860352e-01
7.190376520156860352e-01
7.190376520156860352e-01
1.630793571472167969e+00
1.630793571472167969e+00
1.630793571472167969e+00
1.541490435600280762e+00
1.541490435600280762e+00
5.639650821685791016e-01
5.639650821685791016e-01
5.639650821685791016e-01
5.639650821685791016e-01
8.748317360877990723e-01
8.080759048461914062e-01
9.468995928764343262e-01
9.468995928764343262e-01
1.443545103073120117e+00
1.443545103073120117e+00
4.167823791503906250e-01
4.167823791503906250e-01
4.167823791503906250e-01
4.167823791503906250e-01
2.354747056961059570e-01
8.268549442291259766e-01
1.133601427078247070e+00
1.133601427078247070e+00
1.133601427078247070e+00
1.133601427078247070e+00
1.133601427078247070e+00
1.133601427078247070e+00
4.286680817604064941e-01
4.286680817604064941e-01
6.804225444793701172e-01
6.804225444793701172e-01
6.804225444793701172e-01
6.804225444793701172e-01
1.601996660232543945e+00
1.601996660232543945e+00
6.909780502319335938e-01
1.186469078063964844e+00
1.186469078063964844e+00
1.186469078063964844e+00
1.186469078063964844e+00
8.405125737190246582e-01
8.405125737190246582e-01
1.449234724044799805e+00
1.436025500297546387e+00
1.436025500297546387e+00
1.436025500297546387e+00
1.436025500297546387e+00
1.436025500297546387e+00
1.436025500297546387e+00
1.436025500297546387e+00
1.467143058776855469e+00
1.467143058776855469e+00
2.062359809875488281e+00
2.062359809875488281e+00
2.564962148666381836e+00
1.627497911453247070e+00
1.239195585250854492e+00
1.239195585250854492e+00
1.239195585250854492e+00
1.239195585250854492e+00
1.239195585250854492e+00
6.869376897811889648e-01
6.869376897811889648e-01
1.005987048149108887e+00
1.187394142150878906e+00
1.187394142150878906e+00
1.187394142150878906e+00
1.187394142150878906e+00
9.692190289497375488e-01
9.692190289497375488e-01
1.675801753997802734e+00
1.315034747123718262e+00
1.315034747123718262e+00
6.753827333450317383e-01
6.753827333450317383e-01
6.753827333450317383e-01
6.753827333450317383e-01
2.481669187545776367e-01
2.397257685661315918e-01
2.397257685661315918e-01
2.397257685661315918e-01
2.397257685661315918e-01
2.397257685661315918e-01
2.397257685661315918e-01
1.750690460205078125e+00
1.750690460205078125e+00
1.358673572540283203e+00
1.358673572540283203e+00
1.358673572540283203e+00
9.847420454025268555e-01
1.275726795196533203e+00
1.275726795196533203e+00
5.926809906959533691e-01
5.926809906959533691e-01
5.926809906959533691e-01
5.926809906959533691e-01
5.926809906959533691e-01
5.280832052230834961e-01
5.280832052230834961e-01
5.280832052230834961e-01
5.280832052230834961e-01
7.013517618179321289e-01
7.013517618179321289e-01
7.013517618179321289e-01
1.269424676895141602e+00
3.101264834403991699e-01
3.101264834403991699e-01
3.101264834403991699e-01
1.226649880409240723e+00
1.226649880409240723e+00
1.226649880409240723e+00
1.226649880409240723e+00
1.355936169624328613e+00
1.435105085372924805e+00
1.435105085372924805e+00
1.435105085372924805e+00
1.435105085372924805e+00
9.289605021476745605e-01
4.819358587265014648e-01
1.206493735313415527e+00
5.729103684425354004e-01
5.729103684425354004e-01
5.383179187774658203e-01
5.383179187774658203e-01
6.567104458808898926e-01
1.695827007293701172e+00
4.708799123764038086e-01
1.098949432373046875e+00
1.098949432373046875e+00
1.098949432373046875e+00
1.098949432373046875e+00
1.459990382194519043e+00
1.265735983848571777e+00
1.265735983848571777e+00
1.265735983848571777e+00
1.265735983848571777e+00
1.265735983848571777e+00
1.265735983848571777e+00
1.176508307456970215e+00
1.176508307456970215e+00
1.176508307456970215e+00
1.176508307456970215e+00
5.020788908004760742e-01
1.120345592498779297e+00
1.120345592498779297e+00
1.120345592498779297e+00
1.120345592498779297e+00
1.120345592498779297e+00
1.120345592498779297e+00
1.120345592498779297e+00
9.665434956550598145e-01
9.665434956550598145e-01
9.665434956550598145e-01
9.665434956550598145e-01
9.665434956550598145e-01
9.665434956550598145e-01
1.161725521087646484e+00
1.161725521087646484e+00
1.161725521087646484e+00
1.161725521087646484e+00
1.161725521087646484e+00
3.094314932823181152e-01
3.094314932823181152e-01
3.094314932823181152e-01
3.094314932823181152e-01
1.092986702919006348e+00
1.092986702919006348e+00
1.092986702919006348e+00
5.449462532997131348e-01
5.449462532997131348e-01
8.677017092704772949e-01
8.677017092704772949e-01
8.677017092704772949e-01
5.832225084304809570e-01
5.832225084304809570e-01
5.832225084304809570e-01
5.832225084304809570e-01
5.832225084304809570e-01
5.832225084304809570e-01
5.832225084304809570e-01
9.444376826286315918e-01
9.444376826286315918e-01
9.444376826286315918e-01
8.676373958587646484e-01
8.676373958587646484e-01
8.676373958587646484e-01
5.411821603775024414e-01
5.411821603775024414e-01
5.411821603775024414e-01
5.411821603775024414e-01
5.411821603775024414e-01
5.411821603775024414e-01
1.190438389778137207e+00
1.190438389778137207e+00
1.190438389778137207e+00
1.190438389778137207e+00
1.190438389778137207e+00
1.190438389778137207e+00
1.190438389778137207e+00
1.190438389778137207e+00
9.527935385704040527e-01
5.106436014175415039e-01
5.106436014175415039e-01
5.725783705711364746e-01
5.725783705711364746e-01
5.725783705711364746e-01
8.855336904525756836e-01
8.855336904525756836e-01
1.086281776428222656e+00
2.101692199707031250e+00
2.101692199707031250e+00
2.101692199707031250e+00
2.386782884597778320e+00
2.662349939346313477e+00
2.662349939346313477e+00
2.523291587829589844e+00
2.523291587829589844e+00
1.417579174041748047e+00
1.417579174041748047e+00
1.417579174041748047e+00
6.090527176856994629e-01
3.231204450130462646e-01
3.231204450130462646e-01
3.231204450130462646e-01
1.641018629074096680e+00
1.095112800598144531e+00
1.095112800598144531e+00
1.095112800598144531e+00
1.090028166770935059e+00
1.090028166770935059e+00
1.090028166770935059e+00
1.090028166770935059e+00
5.196217894554138184e-01
5.196217894554138184e-01
5.196217894554138184e-01
5.196217894554138184e-01
5.196217894554138184e-01
5.196217894554138184e-01
5.196217894554138184e-01
5.196217894554138184e-01
9.462770819664001465e-01
9.462770819664001465e-01
9.462770819664001465e-01
9.462770819664001465e-01
1.176310062408447266e+00
1.176310062408447266e+00
1.176310062408447266e+00
7.320446968078613281e-01
2.894392311573028564e-01
2.894392311573028564e-01
1.390512824058532715e+00
1.390512824058532715e+00
4.699825644493103027e-01
4.699825644493103027e-01
6.255341172218322754e-01
1.035563707351684570e+00
8.920145034790039062e-01
8.920145034790039062e-01
8.920145034790039062e-01
8.920145034790039062e-01
8.920145034790039062e-01
3.038393259048461914e-01
3.038393259048461914e-01
1.321387052536010742e+00
1.321387052536010742e+00
1.321387052536010742e+00
5.322456955909729004e-01
5.322456955909729004e-01
7.769700884819030762e-01
1.063994288444519043e+00
7.158747911453247070e-01
8.434503078460693359e-01
8.434503078460693359e-01
1.439873337745666504e+00
8.687773346900939941e-01
8.687773346900939941e-01
8.687773346900939941e-01
8.687773346900939941e-01
1.019474506378173828e+00
9.496781826019287109e-01
6.547737717628479004e-01
1.032496690750122070e+00
1.032496690750122070e+00
1.105985999107360840e+00
4.135088920593261719e-01
1.438017725944519043e+00
1.438017725944519043e+00
1.386710882186889648e+00
8.789349794387817383e-01
8.789349794387817383e-01
1.157048225402832031e+00
9.772402644157409668e-01
9.772402644157409668e-01
1.191753864288330078e+00
1.191753864288330078e+00
1.191753864288330078e+00
1.191753864288330078e+00
1.191753864288330078e+00
1.254985213279724121e+00
1.055776476860046387e+00
1.055776476860046387e+00
8.612158298492431641e-01
8.612158298492431641e-01
8.612158298492431641e-01
9.117641448974609375e-01
9.117641448974609375e-01
1.501328945159912109e+00
1.364896893501281738e+00
1.364896893501281738e+00
7.775340080261230469e-01
1.238343596458435059e+00
9.302901029586791992e-01
9.302901029586791992e-01
9.302901029586791992e-01
9.302901029586791992e-01
6.794077157974243164e-01
6.794077157974243164e-01
6.794077157974243164e-01
1.045461535453796387e+00
1.045461535453796387e+00
1.045461535453796387e+00
1.045461535453796387e+00
1.045461535453796387e+00
6.145163774490356445e-01
1.285008192062377930e+00
1.008762240409851074e+00
1.668890953063964844e+00
1.668890953063964844e+00
5.180525779724121094e-01
5.180525779724121094e-01
5.180525779724121094e-01
5.180525779724121094e-01
5.180525779724121094e-01
5.180525779724121094e-01
5.180525779724121094e-01
5.180525779724121094e-01
5.180525779724121094e-01
5.180525779724121094e-01
5.180525779724121094e-01
5.180525779724121094e-01
5.180525779724121094e-01
1.230692148208618164e+00
1.230692148208618164e+00
1.230692148208618164e+00
5.477726459503173828e-01
5.477726459503173828e-01
5.477726459503173828e-01
1.036047577857971191e+00
1.036047577857971191e+00
1.036047577857971191e+00
1.036047577857971191e+00
1.234264135360717773e+00
8.891351222991943359e-01
1.020984172821044922e+00
9.547154903411865234e-01
9.547154903411865234e-01
9.547154903411865234e-01
9.547154903411865234e-01
7.350463271141052246e-01
7.350463271141052246e-01
7.350463271141052246e-01
7.805885076522827148e-01
7.805885076522827148e-01
7.805885076522827148e-01
7.041201591491699219e-01
7.041201591491699219e-01
7.041201591491699219e-01
7.041201591491699219e-01
7.041201591491699219e-01
7.041201591491699219e-01
1.135838508605957031e+00
1.544715642929077148e+00
8.983920812606811523e-01
8.983920812606811523e-01
1.070652365684509277e+00
1.070652365684509277e+00
1.606215238571166992e+00
1.817202806472778320e+00
1.817202806472778320e+00
4.824961423873901367e-01
1.168858051300048828e+00
1.168858051300048828e+00
1.168858051300048828e+00
6.533681154251098633e-01
6.570216417312622070e-01
6.570216417312622070e-01
6.570216417312622070e-01
1.002344369888305664e+00
1.002344369888305664e+00
1.605311870574951172e+00
4.614043235778808594e-01
1.168166637420654297e+00
1.443518877029418945e+00
1.443518877029418945e+00
1.443518877029418945e+00
1.238461613655090332e+00
1.119492769241333008e+00
7.351508140563964844e-01
1.531325817108154297e+00
1.494999170303344727e+00
1.290164947509765625e+00
1.290164947509765625e+00
1.960642933845520020e+00
1.764646887779235840e+00
1.764646887779235840e+00
1.873227953910827637e+00
1.873227953910827637e+00
1.873227953910827637e+00
2.146411180496215820e+00
2.146411180496215820e+00
3.486346006393432617e-01
4.100588262081146240e-01
8.225764036178588867e-01
1.494991302490234375e+00
1.494991302490234375e+00
1.494991302490234375e+00
1.494991302490234375e+00
1.494991302490234375e+00
1.503719449043273926e+00
1.503719449043273926e+00
7.021340727806091309e-01
7.021340727806091309e-01
7.021340727806091309e-01
7.021340727806091309e-01
1.623866796493530273e+00
1.623866796493530273e+00
1.623866796493530273e+00
2.406769752502441406e+00
2.406769752502441406e+00
2.406769752502441406e+00
2.406769752502441406e+00
1.702589988708496094e+00
1.702589988708496094e+00
1.702589988708496094e+00
1.000466346740722656e+00
6.611827015876770020e-01
2.016844034194946289e+00
9.941720962524414062e-01
6.542223691940307617e-01
6.542223691940307617e-01
6.542223691940307617e-01
9.313778877258300781e-01
1.534870982170104980e+00
1.534870982170104980e+00
1.347791552543640137e+00
4.490676522254943848e-01
1.052192568778991699e+00
1.052192568778991699e+00
1.052192568778991699e+00
1.052192568778991699e+00
1.529874801635742188e+00
1.529874801635742188e+00
1.529874801635742188e+00
1.529874801635742188e+00
1.571904063224792480e+00
1.571904063224792480e+00
1.550754189491271973e+00
1.550754189491271973e+00
8.140123486518859863e-01
8.140123486518859863e-01
1.381797313690185547e+00
1.381797313690185547e+00
1.381797313690185547e+00
1.139723777770996094e+00
1.139723777770996094e+00
1.314762711524963379e+00
1.314762711524963379e+00
1.608345985412597656e+00
1.231587767601013184e+00
4.133801460266113281e-01
4.133801460266113281e-01
3.682209849357604980e-01
1.310046434402465820e+00
1.359761953353881836e+00
1.359761953353881836e+00
1.359761953353881836e+00
1.359761953353881836e+00
1.359761953353881836e+00
1.359761953353881836e+00
1.128009438514709473e+00
5.753912329673767090e-01
1.015238881111145020e+00
1.015238881111145020e+00
1.544577360153198242e+00
1.140870690345764160e+00
1.140870690345764160e+00
1.140870690345764160e+00
4.057949185371398926e-01
4.057949185371398926e-01
4.057949185371398926e-01
4.057949185371398926e-01
4.057949185371398926e-01
4.057949185371398926e-01
7.344795465469360352e-01
1.592879533767700195e+00
1.558933258056640625e-01
7.375132441520690918e-01
7.375132441520690918e-01
7.375132441520690918e-01
1.362185239791870117e+00
9.143028855323791504e-01
4.996742010116577148e-01
4.996742010116577148e-01
4.041100442409515381e-01
4.041100442409515381e-01
4.041100442409515381e-01
9.066600799560546875e-01
9.066600799560546875e-01
8.068203926086425781e-01
5.159527659416198730e-01
5.159527659416198730e-01
1.581827402114868164e+00
2.077996969223022461e+00
2.077996969223022461e+00
2.044121026992797852e+00
1.315741777420043945e+00
1.315741777420043945e+00
1.315741777420043945e+00
1.315741777420043945e+00
1.736246109008789062e+00
1.736246109008789062e+00
7.263362407684326172e-01
7.263362407684326172e-01
5.992065668106079102e-01
5.992065668106079102e-01
5.992065668106079102e-01
5.992065668106079102e-01
5.992065668106079102e-01
1.118385791778564453e+00
1.118385791778564453e+00
6.598871946334838867e-01
6.598871946334838867e-01
6.598871946334838867e-01
6.598871946334838867e-01
6.598871946334838867e-01
6.598871946334838867e-01
6.598871946334838867e-01
6.598871946334838867e-01
8.126182556152343750e-01
8.126182556152343750e-01
8.126182556152343750e-01
9.622432589530944824e-01
9.622432589530944824e-01
1.038413763046264648e+00
1.038413763046264648e+00
1.038413763046264648e+00
6.995012760162353516e-01
6.995012760162353516e-01
6.995012760162353516e-01
6.995012760162353516e-01
6.995012760162353516e-01
7.186469435691833496e-01
7.186469435691833496e-01
1.334518909454345703e+00
3.473292589187622070e-01
8.349618911743164062e-01
8.349618911743164062e-01
8.349618911743164062e-01
9.500432014465332031e-01
9.500432014465332031e-01
9.500432014465332031e-01
6.492284536361694336e-01
6.492284536361694336e-01
1.135342121124267578e+00
1.135342121124267578e+00
3.688488602638244629e-01
3.688488602638244629e-01
1.284537792205810547e+00
1.284537792205810547e+00
1.539114594459533691e+00
1.539114594459533691e+00
2.108202457427978516e+00
2.262096166610717773e+00
2.186159133911132812e+00
7.954268455505371094e-01
7.954268455505371094e-01
7.954268455505371094e-01
7.954268455505371094e-01
7.954268455505371094e-01
7.954268455505371094e-01
1.109498143196105957e+00
1.109498143196105957e+00
1.109498143196105957e+00
4.436925053596496582e-01
4.436925053596496582e-01
4.436925053596496582e-01
1.264403939247131348e+00
1.264403939247131348e+00
1.264403939247131348e+00
1.864747524261474609e+00
1.864747524261474609e+00
1.864747524261474609e+00
1.270736217498779297e+00
1.508382678031921387e+00
1.508382678031921387e+00
1.123830795288085938e+00
6.837077736854553223e-01
5.129165053367614746e-01
5.129165053367614746e-01
5.129165053367614746e-01
1.707925319671630859e+00
1.707925319671630859e+00
1.880138874053955078e+00
1.047344446182250977e+00
1.047344446182250977e+00
1.047344446182250977e+00
1.047344446182250977e+00
1.047344446182250977e+00
1.047344446182250977e+00
3.678531050682067871e-01
5.563653707504272461e-01
5.563653707504272461e-01
1.880569696426391602e+00
1.880569696426391602e+00
1.486656427383422852e+00
1.165501356124877930e+00
6.886165142059326172e-01
6.886165142059326172e-01
6.886165142059326172e-01
6.886165142059326172e-01
1.501461982727050781e+00
1.501461982727050781e+00
1.575977563858032227e+00
1.431183099746704102e+00
1.431183099746704102e+00
1.153628706932067871e+00
1.153628706932067871e+00
1.153628706932067871e+00
1.235861539840698242e+00
1.235861539840698242e+00
4.033899307250976562e-01
7.070171833038330078e-01
7.070171833038330078e-01
7.070171833038330078e-01
2.539552211761474609e+00
2.539552211761474609e+00
2.385029315948486328e+00
2.200301647186279297e+00
6.328285932540893555e-01
6.328285932540893555e-01
6.328285932540893555e-01
6.328285932540893555e-01
6.742098927497863770e-01
6.742098927497863770e-01
6.742098927497863770e-01
9.054948091506958008e-01
9.054948091506958008e-01
7.738010287284851074e-01
7.662113308906555176e-01
7.662113308906555176e-01
7.662113308906555176e-01
7.662113308906555176e-01
7.662113308906555176e-01
7.662113308906555176e-01
5.971249938011169434e-01
5.971249938011169434e-01
5.971249938011169434e-01
5.971249938011169434e-01
5.971249938011169434e-01
1.631951570510864258e+00
8.260249495506286621e-01
1.716492056846618652e+00
9.822598695755004883e-01
1.176670432090759277e+00
8.816221952438354492e-01
1.364138960838317871e+00
9.247721433639526367e-01
7.349468469619750977e-01
4.208902120590209961e-01
4.208902120590209961e-01
4.817963242530822754e-01
8.374229669570922852e-01
8.374229669570922852e-01
8.374229669570922852e-01
1.228781938552856445e+00
1.565796732902526855e+00
1.565796732902526855e+00
8.931944370269775391e-01
5.413734912872314453e-01
8.340879678726196289e-01
8.340879678726196289e-01
8.340879678726196289e-01
8.340879678726196289e-01
8.340879678726196289e-01
8.340879678726196289e-01
8.340879678726196289e-01
8.340879678726196289e-01
8.340879678726196289e-01
1.354732751846313477e+00
1.203564882278442383e+00
1.203564882278442383e+00
1.203564882278442383e+00
5.528798103332519531e-01
5.528798103332519531e-01
5.528798103332519531e-01
5.528798103332519531e-01
5.528798103332519531e-01
5.260485410690307617e-01
5.260485410690307617e-01
5.260485410690307617e-01
3.373420238494873047e-01
1.367179036140441895e+00
1.367179036140441895e+00
1.367179036140441895e+00
1.367179036140441895e+00
1.367179036140441895e+00
1.367179036140441895e+00
1.257054686546325684e+00
1.257054686546325684e+00
1.257054686546325684e+00
1.257054686546325684e+00
1.088724851608276367e+00
1.088724851608276367e+00
1.088724851608276367e+00
1.088724851608276367e+00
6.936260461807250977e-01
6.936260461807250977e-01
1.756164431571960449e+00
1.756164431571960449e+00
1.756164431571960449e+00
1.987254619598388672e-01
1.987254619598388672e-01
1.987254619598388672e-01
6.955869197845458984e-01
9.009589552879333496e-01
1.207344532012939453e+00
1.207344532012939453e+00
1.207344532012939453e+00
1.207344532012939453e+00
1.207344532012939453e+00
1.207344532012939453e+00
1.207344532012939453e+00
1.207344532012939453e+00
1.800550222396850586e+00
9.319650530815124512e-01
1.435861110687255859e+00
1.204594969749450684e+00
1.068055987358093262e+00
1.172942399978637695e+00
1.172942399978637695e+00
1.172942399978637695e+00
1.172942399978637695e+00
1.172942399978637695e+00
1.172942399978637695e+00
6.804702281951904297e-01
6.804702281951904297e-01
6.804702281951904297e-01
6.804702281951904297e-01
6.804702281951904297e-01
6.804702281951904297e-01
1.555730342864990234e+00
1.273300766944885254e+00
1.273300766944885254e+00
1.273300766944885254e+00
1.273300766944885254e+00
1.273300766944885254e+00
1.273300766944885254e+00
4.122124910354614258e-01
6.805819272994995117e-01
4.776265621185302734e-01
6.437301039695739746e-01
1.022237539291381836e+00
1.022237539291381836e+00
1.517777919769287109e+00
1.775747895240783691e+00
1.775747895240783691e+00
1.660257577896118164e+00
1.660257577896118164e+00
1.660257577896118164e+00
1.525203704833984375e+00
1.525203704833984375e+00
1.279471158981323242e+00
1.213113307952880859e+00
1.200830101966857910e+00
1.200830101966857910e+00
1.200830101966857910e+00
1.200830101966857910e+00
8.928088545799255371e-01
8.928088545799255371e-01
8.928088545799255371e-01
8.928088545799255371e-01
8.928088545799255371e-01
2.271384000778198242e-01
2.271384000778198242e-01
1.162146568298339844e+00
1.699863672256469727e+00
8.554960489273071289e-01
4.028945863246917725e-01
4.028945863246917725e-01
4.028945863246917725e-01
4.028945863246917725e-01
4.028945863246917725e-01
4.028945863246917725e-01
4.028945863246917725e-01
4.028945863246917725e-01
4.028945863246917725e-01
4.028945863246917725e-01
1.492707133293151855e+00
1.764088988304138184e+00
1.764088988304138184e+00
1.476911664009094238e+00
1.476911664009094238e+00
1.476911664009094238e+00
1.476911664009094238e+00
1.476911664009094238e+00
1.055686116218566895e+00
1.055686116218566895e+00
1.055686116218566895e+00
1.055686116218566895e+00
6.198539733886718750e-01
6.198539733886718750e-01
6.198539733886718750e-01
6.198539733886718750e-01
1.323117971420288086e+00
1.323117971420288086e+00
1.323117971420288086e+00
6.080794334411621094e-01
1.312608242034912109e+00
1.628510832786560059e+00
2.052377223968505859e+00
2.052377223968505859e+00
1.615370988845825195e+00
1.788945078849792480e+00
1.788945078849792480e+00
1.402453064918518066e+00
1.601245880126953125e+00
1.572553515434265137e+00
1.572553515434265137e+00
1.572553515434265137e+00
1.665772318840026855e+00
1.257130622863769531e+00
1.257130622863769531e+00
1.095002412796020508e+00
1.095002412796020508e+00
1.095002412796020508e+00
1.095002412796020508e+00
1.317642807960510254e+00
3.869960308074951172e-01
3.869960308074951172e-01
7.320572137832641602e-01
7.320572137832641602e-01
7.891318798065185547e-01
1.046342849731445312e+00
1.046342849731445312e+00
1.075620055198669434e+00
1.075620055198669434e+00
1.075620055198669434e+00
1.408775806427001953e+00
7.568831443786621094e-01
7.568831443786621094e-01
7.568831443786621094e-01
7.960368394851684570e-01
7.960368394851684570e-01
7.960368394851684570e-01
1.151581406593322754e+00
6.038724184036254883e-01
6.038724184036254883e-01
6.038724184036254883e-01
6.038724184036254883e-01
6.038724184036254883e-01
6.038724184036254883e-01
1.321199774742126465e+00
1.321199774742126465e+00
1.321199774742126465e+00
1.321199774742126465e+00
1.950120925903320312e+00
1.950120925903320312e+00
2.684105634689331055e-01
2.684105634689331055e-01
3.506098389625549316e-01
9.183504581451416016e-01
9.183504581451416016e-01
1.163840651512145996e+00
1.163840651512145996e+00
1.163840651512145996e+00
8.715242147445678711e-01
1.636098027229309082e-01
1.636098027229309082e-01
1.636098027229309082e-01
1.636098027229309082e-01
1.636098027229309082e-01
1.636098027229309082e-01
1.636098027229309082e-01
1.636098027229309082e-01
1.636098027229309082e-01
1.636098027229309082e-01
1.636098027229309082e-01
1.636098027229309082e-01
1.636098027229309082e-01
6.578060984611511230e-01
1.252337217330932617e+00
1.252337217330932617e+00
1.252337217330932617e+00
1.252337217330932617e+00
1.252337217330932617e+00
1.252337217330932617e+00
1.252337217330932617e+00
6.814712285995483398e-01
9.976233243942260742e-01
9.976233243942260742e-01
9.976233243942260742e-01
9.976233243942260742e-01
9.976233243942260742e-01
9.976233243942260742e-01
1.792066097259521484e+00
1.792066097259521484e+00
1.249237060546875000e+00
1.249237060546875000e+00
1.249237060546875000e+00
1.249237060546875000e+00
1.100781559944152832e+00
1.100781559944152832e+00
9.559277892112731934e-01
9.559277892112731934e-01
8.987973928451538086e-01
8.987973928451538086e-01
9.707364439964294434e-01
9.707364439964294434e-01
9.707364439964294434e-01
9.707364439964294434e-01
1.380995988845825195e+00
7.615447044372558594e-01
4.628533422946929932e-01
8.721252083778381348e-01
8.721252083778381348e-01
8.721252083778381348e-01
1.696675419807434082e-01
1.696675419807434082e-01
1.696675419807434082e-01
1.241428375244140625e+00
1.241428375244140625e+00
1.241428375244140625e+00
7.073063254356384277e-01
7.073063254356384277e-01
6.772444248199462891e-01
8.108987212181091309e-01
1.810482025146484375e+00
1.810482025146484375e+00
1.412494659423828125e+00
1.241670608520507812e+00
6.797868609428405762e-01
6.797868609428405762e-01
6.797868609428405762e-01
8.976215720176696777e-01
8.976215720176696777e-01
1.074997544288635254e+00
9.338467717170715332e-01
9.338467717170715332e-01
1.437509179115295410e+00
1.304384350776672363e+00
1.216726422309875488e+00
1.126768350601196289e+00
1.126768350601196289e+00
1.417999148368835449e+00
1.651581287384033203e+00
1.651581287384033203e+00
1.651581287384033203e+00
1.413181662559509277e+00
1.708803176879882812e+00
8.236793279647827148e-01
7.283214926719665527e-01
8.611794710159301758e-01
8.611794710159301758e-01
8.611794710159301758e-01
1.229598879814147949e+00
1.229598879814147949e+00
1.275363087654113770e+00
1.275363087654113770e+00
1.275363087654113770e+00
1.275363087654113770e+00
1.275363087654113770e+00
1.330068945884704590e+00
1.330068945884704590e+00
1.330068945884704590e+00
1.330068945884704590e+00
1.330068945884704590e+00
1.038455009460449219e+00
1.038455009460449219e+00
3.048093914985656738e-01
3.048093914985656738e-01
9.353352189064025879e-01
9.962989687919616699e-01
9.962989687919616699e-01
1.632521748542785645e+00
8.078400492668151855e-01
8.078400492668151855e-01
8.078400492668151855e-01
1.219772100448608398e+00
2.637269496917724609e+00
2.325161695480346680e+00
2.325161695480346680e+00
2.325161695480346680e+00
2.090241909027099609e+00
1.780623316764831543e+00
1.780623316764831543e+00
1.543700933456420898e+00
1.726597547531127930e+00
1.726597547531127930e+00
1.768786191940307617e+00
1.081701993942260742e+00
2.964980006217956543e-01
3.856459259986877441e-01
9.470929503440856934e-01
9.470929503440856934e-01
4.610543549060821533e-01
4.610543549060821533e-01
8.644256591796875000e-01
1.722781062126159668e+00
1.676430583000183105e+00
1.676430583000183105e+00
1.721590042114257812e+00
1.721590042114257812e+00
6.533627510070800781e-01
6.533627510070800781e-01
6.533627510070800781e-01
8.682671785354614258e-01
8.682671785354614258e-01
8.682671785354614258e-01
8.682671785354614258e-01
8.682671785354614258e-01
8.420207500457763672e-01
1.249257564544677734e+00
1.249257564544677734e+00
1.249257564544677734e+00
1.010702610015869141e+00
1.041826248168945312e+00
1.041826248168945312e+00
7.121125459671020508e-01
7.121125459671020508e-01
7.121125459671020508e-01
7.121125459671020508e-01
7.121125459671020508e-01
7.121125459671020508e-01
7.121125459671020508e-01
7.121125459671020508e-01
9.777576923370361328e-01
9.777576923370361328e-01
9.777576923370361328e-01
9.777576923370361328e-01
2.969409823417663574e-01
2.969409823417663574e-01
1.446901559829711914e+00
1.446901559829711914e+00
1.446901559829711914e+00
1.114689230918884277e+00
1.012315154075622559e+00
9.070328474044799805e-01
9.070328474044799805e-01
9.070328474044799805e-01
9.070328474044799805e-01
9.070328474044799805e-01
9.070328474044799805e-01
9.070328474044799805e-01
9.070328474044799805e-01
9.070328474044799805e-01
3.281524181365966797e-01
3.281524181365966797e-01
4.259452521800994873e-01
1.129832625389099121e+00
2.322939157485961914e+00
2.199755668640136719e+00
2.199755668640136719e+00
1.798484325408935547e+00
2.306792736053466797e+00
1.011450648307800293e+00
5.783929824829101562e-01
7.625588774681091309e-01
7.625588774681091309e-01
7.625588774681091309e-01
7.625588774681091309e-01
4.526683092117309570e-01
4.526683092117309570e-01
4.526683092117309570e-01
7.431437373161315918e-01
8.016932606697082520e-01
8.016932606697082520e-01
8.016932606697082520e-01
8.016932606697082520e-01
8.016932606697082520e-01
2.073906183242797852e+00
2.073906183242797852e+00
2.073906183242797852e+00
2.073906183242797852e+00
2.073906183242797852e+00
1.958720564842224121e+00
1.958720564842224121e+00
2.146786928176879883e+00
1.422127127647399902e+00
1.422127127647399902e+00
1.422127127647399902e+00
1.422127127647399902e+00
8.830074667930603027e-01
4.689047038555145264e-01
2.039315223693847656e+00
2.039315223693847656e+00
1.906204342842102051e+00
2.740171432495117188e+00
2.740171432495117188e+00
1.376615524291992188e+00
7.604070901870727539e-01
8.339061737060546875e-01
8.339061737060546875e-01
8.339061737060546875e-01
3.506154417991638184e-01
3.506154417991638184e-01
3.506154417991638184e-01
3.506154417991638184e-01
2.070724725723266602e+00
2.070724725723266602e+00
5.204234123229980469e-01
1.099818706512451172e+00
1.099818706512451172e+00
1.099818706512451172e+00
1.099818706512451172e+00
1.099818706512451172e+00
1.099818706512451172e+00
1.451567888259887695e+00
8.826973438262939453e-01
8.433587551116943359e-01
8.433587551116943359e-01
1.913921236991882324e+00
9.976684451103210449e-01
6.604291200637817383e-01
6.604291200637817383e-01
1.870721459388732910e+00
5.737122297286987305e-01
5.737122297286987305e-01
4.527115523815155029e-01
4.527115523815155029e-01
5.829585790634155273e-01
5.829585790634155273e-01
8.095933198928833008e-01
6.946641206741333008e-01
6.946641206741333008e-01
6.862246394157409668e-01
6.862246394157409668e-01
6.862246394157409668e-01
5.214182138442993164e-01
5.214182138442993164e-01
5.214182138442993164e-01
5.214182138442993164e-01
1.741662740707397461e+00
1.741662740707397461e+00
1.741662740707397461e+00
1.741662740707397461e+00
1.741662740707397461e+00
9.126775264739990234e-01
9.126775264739990234e-01
5.205547213554382324e-01
5.205547213554382324e-01
5.205547213554382324e-01
5.205547213554382324e-01
5.205547213554382324e-01
8.257983326911926270e-01
8.257983326911926270e-01
8.257983326911926270e-01
8.257983326911926270e-01
7.303240299224853516e-01
7.303240299224853516e-01
7.303240299224853516e-01
1.370285630226135254e+00
1.226185441017150879e+00
5.167363286018371582e-01
4.057782888412475586e-01
8.344526886940002441e-01
2.073485136032104492e+00
2.073485136032104492e+00
2.037814378738403320e+00
1.680026292800903320e+00
5.173842906951904297e-01
5.173842906951904297e-01
1.934319019317626953e+00
1.172240495681762695e+00
8.428086042404174805e-01
6.872737407684326172e-01
6.872737407684326172e-01
6.872737407684326172e-01
6.872737407684326172e-01
1.409845113754272461e+00
7.590909004211425781e-01
1.223857045173645020e+00
7.711888551712036133e-01
4.778903722763061523e-01
4.778903722763061523e-01
2.591820359230041504e-01
2.994436025619506836e-01
2.994436025619506836e-01
1.445607066154479980e+00
4.808846116065979004e-01
4.808846116065979004e-01
1.101357340812683105e+00
1.101357340812683105e+00
1.101357340812683105e+00
1.554797172546386719e+00
1.486916542053222656e+00
7.533053755760192871e-01
5.891265273094177246e-01
5.891265273094177246e-01
5.891265273094177246e-01
8.711156249046325684e-01
8.711156249046325684e-01
6.609157919883728027e-01
6.609157919883728027e-01
6.609157919883728027e-01
6.609157919883728027e-01
6.609157919883728027e-01
6.609157919883728027e-01
6.609157919883728027e-01
9.236971139907836914e-01
9.236971139907836914e-01
9.236971139907836914e-01
9.236971139907836914e-01
1.619483828544616699e+00
1.451586723327636719e+00
1.451586723327636719e+00
1.451586723327636719e+00
1.451586723327636719e+00
