1.480941176414489746e+00
1.474325299263000488e+00
1.474325299263000488e+00
1.474325299263000488e+00
1.332788109779357910e+00
1.332788109779357910e+00
1.332788109779357910e+00
5.730827450752258301e-01
5.730827450752258301e-01
7.774935960769653320e-01
7.774935960769653320e-01
7.774935960769653320e-01
1.404389381408691406e+00
1.772473216056823730e+00
1.108595371246337891e+00
1.108595371246337891e+00
6.702536344528198242e-01
7.131282091140747070e-01
7.131282091140747070e-01
7.131282091140747070e-01
7.131282091140747070e-01
7.131282091140747070e-01
7.131282091140747070e-01
7.131282091140747070e-01
7.131282091140747070e-01
7.131282091140747070e-01
5.937880277633666992e-01
5.501282811164855957e-01
5.501282811164855957e-01
5.501282811164855957e-01
8.559262752532958984e-01
2.670419216156005859e-01
5.329577326774597168e-01
5.329577326774597168e-01
5.329577326774597168e-01
5.329577326774597168e-01
5.329577326774597168e-01
5.329577326774597168e-01
1.527204513549804688e-01
5.880362391471862793e-01
5.880362391471862793e-01
5.880362391471862793e-01
5.880362391471862793e-01
5.880362391471862793e-01
5.880362391471862793e-01
5.880362391471862793e-01
5.880362391471862793e-01
1.717391252517700195e+00
1.717391252517700195e+00
1.704883337020874023e+00
1.404808998107910156e+00
8.229538202285766602e-01
8.229538202285766602e-01
1.772924184799194336e+00
1.772924184799194336e+00
1.772924184799194336e+00
1.772924184799194336e+00
1.772924184799194336e+00
2.501856088638305664e-01
2.501856088638305664e-01
2.996703982353210449e-01
2.996703982353210449e-01
8.139542341232299805e-01
8.139542341232299805e-01
8.139542341232299805e-01
1.637321233749389648e+00
1.637321233749389648e+00
1.637321233749389648e+00
1.637321233749389648e+00
1.637321233749389648e+00
1.331421971321105957e+00
1.131960153579711914e+00
8.677688837051391602e-01
8.677688837051391602e-01
8.677688837051391602e-01
7.256467938423156738e-01
7.256467938423156738e-01
7.256467938423156738e-01
6.250244975090026855e-01
6.250244975090026855e-01
6.986395716667175293e-01
9.408970475196838379e-01
9.408970475196838379e-01
8.984727859497070312e-01
8.984727859497070312e-01
8.984727859497070312e-01
8.984727859497070312e-01
1.285995006561279297e+00
1.285995006561279297e+00
8.041321039199829102e-01
8.041321039199829102e-01
5.762865543365478516e-01
5.762865543365478516e-01
5.762865543365478516e-01
5.762865543365478516e-01
6.782703399658203125e-01
6.782703399658203125e-01
6.782703399658203125e-01
6.782703399658203125e-01
6.782703399658203125e-01
9.740626811981201172e-02
1.400390625000000000e+00
1.400390625000000000e+00
1.400390625000000000e+00
8.108627796173095703e-02
8.108627796173095703e-02
5.538915991783142090e-01
6.594554185867309570e-01
1.616911768913269043e+00
1.616911768913269043e+00
7.342430353164672852e-01
7.342430353164672852e-01
7.342430353164672852e-01
1.104980111122131348e+00
1.104980111122131348e+00
1.104980111122131348e+00
1.104980111122131348e+00
1.104980111122131348e+00
1.104980111122131348e+00
1.104980111122131348e+00
5.006889104843139648e-01
5.006889104843139648e-01
5.006889104843139648e-01
3.316090703010559082e-01
1.370740175247192383e+00
1.370740175247192383e+00
1.370740175247192383e+00
1.370740175247192383e+00
1.370740175247192383e+00
1.623504757881164551e+00
9.226873517036437988e-01
9.226873517036437988e-01
9.226873517036437988e-01
1.331062078475952148e+00
8.969555497169494629e-01
8.969555497169494629e-01
8.969555497169494629e-01
8.969555497169494629e-01
1.709232926368713379e-01
1.688953638076782227e+00
2.956694364547729492e-01
4.727804660797119141e-01
4.727804660797119141e-01
4.727804660797119141e-01
4.727804660797119141e-01
5.432830452919006348e-01
5.432830452919006348e-01
5.432830452919006348e-01
5.432830452919006348e-01
5.432830452919006348e-01
5.432830452919006348e-01
1.214777946472167969e+00
1.169247627258300781e-01
1.169247627258300781e-01
2.032593250274658203e+00
2.032593250274658203e+00
2.032593250274658203e+00
7.756794691085815430e-01
5.939360260963439941e-01
5.939360260963439941e-01
5.939360260963439941e-01
8.981720209121704102e-01
3.090575933456420898e-01
3.090575933456420898e-01
7.674956917762756348e-01
6.542013287544250488e-01
6.542013287544250488e-01
6.542013287544250488e-01
6.542013287544250488e-01
6.542013287544250488e-01
6.542013287544250488e-01
6.542013287544250488e-01
6.542013287544250488e-01
6.542013287544250488e-01
1.025654911994934082e+00
1.030675530433654785e+00
1.030675530433654785e+00
1.030675530433654785e+00
1.030675530433654785e+00
1.030675530433654785e+00
1.030675530433654785e+00
1.125713109970092773e+00
1.125713109970092773e+00
1.125713109970092773e+00
1.125713109970092773e+00
1.125713109970092773e+00
1.125713109970092773e+00
1.125713109970092773e+00
1.125713109970092773e+00
1.125713109970092773e+00
1.591778516769409180e+00
1.018549919128417969e+00
1.018549919128417969e+00
1.018549919128417969e+00
6.264586448669433594e-01
1.065377473831176758e+00
1.065377473831176758e+00
1.065377473831176758e+00
1.065377473831176758e+00
1.065377473831176758e+00
1.065377473831176758e+00
1.065377473831176758e+00
1.030521631240844727e+00
1.030521631240844727e+00
1.264636993408203125e+00
7.757852077484130859e-01
7.757852077484130859e-01
7.757852077484130859e-01
7.757852077484130859e-01
7.757852077484130859e-01
7.757852077484130859e-01
7.757852077484130859e-01
7.757852077484130859e-01
7.757852077484130859e-01
7.757852077484130859e-01
7.757852077484130859e-01
7.757852077484130859e-01
7.757852077484130859e-01
7.757852077484130859e-01
7.757852077484130859e-01
7.757852077484130859e-01
7.757852077484130859e-01
7.757852077484130859e-01
7.757852077484130859e-01
7.598891258239746094e-01
6.650661230087280273e-01
6.650661230087280273e-01
6.650661230087280273e-01
6.650661230087280273e-01
6.650661230087280273e-01
6.650661230087280273e-01
1.122857928276062012e-01
1.122857928276062012e-01
1.122857928276062012e-01
3.027348518371582031e-01
1.349704027175903320e+00
5.719023346900939941e-01
5.719023346900939941e-01
5.719023346900939941e-01
5.719023346900939941e-01
5.719023346900939941e-01
5.719023346900939941e-01
5.719023346900939941e-01
1.561166644096374512e+00
1.561166644096374512e+00
7.650135755538940430e-01
7.650135755538940430e-01
7.650135755538940430e-01
7.603031992912292480e-01
5.249971747398376465e-01
5.249971747398376465e-01
7.375451326370239258e-01
1.190415740013122559e+00
1.190415740013122559e+00
1.190415740013122559e+00
1.190415740013122559e+00
1.685059547424316406e+00
1.165068149566650391e+00
1.165068149566650391e+00
1.165068149566650391e+00
1.442425489425659180e+00
1.442425489425659180e+00
1.442425489425659180e+00
1.442425489425659180e+00
1.442425489425659180e+00
1.519899368286132812e+00
1.519899368286132812e+00
1.519899368286132812e+00
1.519899368286132812e+00
3.975979089736938477e-01
3.975979089736938477e-01
2.128229886293411255e-01
2.128229886293411255e-01
2.128229886293411255e-01
2.128229886293411255e-01
2.128229886293411255e-01
2.128229886293411255e-01
6.836887001991271973e-01
6.836887001991271973e-01
6.836887001991271973e-01
5.753363966941833496e-01
5.753363966941833496e-01
5.753363966941833496e-01
5.753363966941833496e-01
5.753363966941833496e-01
1.472925186157226562e+00
1.472925186157226562e+00
1.472925186157226562e+00
1.688164234161376953e+00
1.470391511917114258e+00
1.470391511917114258e+00
1.470391511917114258e+00
1.470391511917114258e+00
1.470391511917114258e+00
9.294744729995727539e-01
9.294744729995727539e-01
1.260464191436767578e-01
2.494688183069229126e-01
2.494688183069229126e-01
3.960114717483520508e-01
1.110947608947753906e+00
1.110947608947753906e+00
1.110947608947753906e+00
1.110947608947753906e+00
1.110947608947753906e+00
1.110947608947753906e+00
1.110947608947753906e+00
2.217934131622314453e-01
2.217934131622314453e-01
1.747330307960510254e+00
1.747330307960510254e+00
1.747330307960510254e+00
1.747330307960510254e+00
1.747330307960510254e+00
2.129551887512207031e+00
2.129551887512207031e+00
1.701020121574401855e+00
1.306539654731750488e+00
1.522634148597717285e+00
1.373393297195434570e+00
1.373393297195434570e+00
1.373393297195434570e+00
1.373393297195434570e+00
1.373393297195434570e+00
1.373393297195434570e+00
1.446463465690612793e+00
1.446463465690612793e+00
1.446463465690612793e+00
5.229141116142272949e-01
5.229141116142272949e-01
5.229141116142272949e-01
5.229141116142272949e-01
5.229141116142272949e-01
5.229141116142272949e-01
6.625505685806274414e-01
6.625505685806274414e-01
6.625505685806274414e-01
6.625505685806274414e-01
6.625505685806274414e-01
6.625505685806274414e-01
6.625505685806274414e-01
6.625505685806274414e-01
9.995945096015930176e-01
9.995945096015930176e-01
9.995945096015930176e-01
9.995945096015930176e-01
9.995945096015930176e-01
9.995945096015930176e-01
9.995945096015930176e-01
9.995945096015930176e-01
9.995945096015930176e-01
9.995945096015930176e-01
9.995945096015930176e-01
9.995945096015930176e-01
9.995945096015930176e-01
9.995945096015930176e-01
9.995945096015930176e-01
2.711724996566772461e+00
2.925060033798217773e+00
1.975749492645263672e+00
1.975749492645263672e+00
1.975749492645263672e+00
1.360559105873107910e+00
1.360559105873107910e+00
7.420893907546997070e-01
7.420893907546997070e-01
7.420893907546997070e-01
7.420893907546997070e-01
7.420893907546997070e-01
7.420893907546997070e-01
1.098003745079040527e+00
1.843452930450439453e+00
1.843452930450439453e+00
1.843452930450439453e+00
1.843452930450439453e+00
1.843452930450439453e+00
1.963381767272949219e-01
1.963381767272949219e-01
1.963381767272949219e-01
1.963381767272949219e-01
6.737687587738037109e-01
6.737687587738037109e-01
6.737687587738037109e-01
6.737687587738037109e-01
6.737687587738037109e-01
6.737687587738037109e-01
9.676949977874755859e-01
9.676949977874755859e-01
9.676949977874755859e-01
9.676949977874755859e-01
9.403432607650756836e-01
9.403432607650756836e-01
9.403432607650756836e-01
6.991185545921325684e-01
6.991185545921325684e-01
1.291588783264160156e+00
1.291588783264160156e+00
1.291588783264160156e+00
1.291588783264160156e+00
1.291588783264160156e+00
1.291588783264160156e+00
4.276782870292663574e-01
4.276782870292663574e-01
5.670311450958251953e-01
5.670311450958251953e-01
5.670311450958251953e-01
8.649855852127075195e-01
8.649855852127075195e-01
1.588187932968139648e+00
1.588187932968139648e+00
1.588187932968139648e+00
1.588187932968139648e+00
1.588187932968139648e+00
1.588187932968139648e+00
1.588187932968139648e+00
1.912638187408447266e+00
1.565479278564453125e+00
1.565479278564453125e+00
1.565479278564453125e+00
1.565479278564453125e+00
1.565479278564453125e+00
1.565479278564453125e+00
1.565479278564453125e+00
1.565479278564453125e+00
8.645418882369995117e-01
1.666479587554931641e+00
1.666479587554931641e+00
1.666479587554931641e+00
1.075352668762207031e+00
1.075352668762207031e+00
1.075352668762207031e+00
1.075352668762207031e+00
1.075352668762207031e+00
1.075352668762207031e+00
1.075352668762207031e+00
1.075352668762207031e+00
1.075352668762207031e+00
1.075352668762207031e+00
1.075352668762207031e+00
1.075352668762207031e+00
7.824666500091552734e-01
7.824666500091552734e-01
7.824666500091552734e-01
5.685198307037353516e-01
5.195062756538391113e-01
5.195062756538391113e-01
3.600329160690307617e-01
3.600329160690307617e-01
3.600329160690307617e-01
3.600329160690307617e-01
7.388005256652832031e-01
7.388005256652832031e-01
7.584942579269409180e-01
7.584942579269409180e-01
7.584942579269409180e-01
7.584942579269409180e-01
1.558022737503051758e+00
1.669648885726928711e-01
1.669648885726928711e-01
1.669648885726928711e-01
4.910616576671600342e-01
4.910616576671600342e-01
8.413288593292236328e-01
5.783489942550659180e-01
5.783489942550659180e-01
9.009378552436828613e-01
9.009378552436828613e-01
9.009378552436828613e-01
9.009378552436828613e-01
9.009378552436828613e-01
9.009378552436828613e-01
9.009378552436828613e-01
9.009378552436828613e-01
9.009378552436828613e-01
9.009378552436828613e-01
9.009378552436828613e-01
9.009378552436828613e-01
9.009378552436828613e-01
9.009378552436828613e-01
9.009378552436828613e-01
9.009378552436828613e-01
1.198376417160034180e+00
1.198376417160034180e+00
1.198376417160034180e+00
1.198376417160034180e+00
1.198376417160034180e+00
1.198376417160034180e+00
1.198376417160034180e+00
1.198376417160034180e+00
1.034012079238891602e+00
1.034012079238891602e+00
1.034012079238891602e+00
1.034012079238891602e+00
1.034012079238891602e+00
5.789303779602050781e-01
1.900604724884033203e+00
5.413624048233032227e-01
5.413624048233032227e-01
5.413624048233032227e-01
5.413624048233032227e-01
5.413624048233032227e-01
1.406571269035339355e+00
1.406571269035339355e+00
2.764556884765625000e+00
3.100622177124023438e+00
3.100622177124023438e+00
3.100622177124023438e+00
1.662297010421752930e+00
1.662297010421752930e+00
2.076818943023681641e+00
1.163029193878173828e+00
1.163029193878173828e+00
1.163029193878173828e+00
1.163029193878173828e+00
1.163029193878173828e+00
1.163029193878173828e+00
1.163029193878173828e+00
1.163029193878173828e+00
1.163029193878173828e+00
1.163029193878173828e+00
1.163029193878173828e+00
1.163029193878173828e+00
1.163029193878173828e+00
1.163029193878173828e+00
1.163029193878173828e+00
1.163029193878173828e+00
1.163029193878173828e+00
1.163029193878173828e+00
1.163029193878173828e+00
2.780687808990478516e-01
2.780687808990478516e-01
2.780687808990478516e-01
2.780687808990478516e-01
2.780687808990478516e-01
1.273724794387817383e+00
1.273724794387817383e+00
1.273724794387817383e+00
1.273724794387817383e+00
8.000768423080444336e-01
8.000768423080444336e-01
8.000768423080444336e-01
8.000768423080444336e-01
8.000768423080444336e-01
8.000768423080444336e-01
8.000768423080444336e-01
8.000768423080444336e-01
8.000768423080444336e-01
8.000768423080444336e-01
8.000768423080444336e-01
8.000768423080444336e-01
8.000768423080444336e-01
8.000768423080444336e-01
8.000768423080444336e-01
2.141312956809997559e-01
2.141312956809997559e-01
2.141312956809997559e-01
1.423735767602920532e-01
1.423735767602920532e-01
1.423735767602920532e-01
8.712489008903503418e-01
8.712489008903503418e-01
8.712489008903503418e-01
8.712489008903503418e-01
8.712489008903503418e-01
8.712489008903503418e-01
1.424583673477172852e+00
1.424583673477172852e+00
1.424583673477172852e+00
1.424583673477172852e+00
1.424583673477172852e+00
1.424583673477172852e+00
1.424583673477172852e+00
1.424583673477172852e+00
1.424583673477172852e+00
1.424583673477172852e+00
1.424583673477172852e+00
1.424583673477172852e+00
1.424583673477172852e+00
1.424583673477172852e+00
1.424583673477172852e+00
1.424583673477172852e+00
1.424583673477172852e+00
1.424583673477172852e+00
1.424583673477172852e+00
5.261974930763244629e-01
5.261974930763244629e-01
5.261974930763244629e-01
5.261974930763244629e-01
8.449423313140869141e-01
8.449423313140869141e-01
1.272684693336486816e+00
1.330179572105407715e+00
1.330179572105407715e+00
1.330179572105407715e+00
1.330179572105407715e+00
1.330179572105407715e+00
3.129640817642211914e-01
3.129640817642211914e-01
3.129640817642211914e-01
3.129640817642211914e-01
3.129640817642211914e-01
6.659424304962158203e-01
6.659424304962158203e-01
6.659424304962158203e-01
6.659424304962158203e-01
6.659424304962158203e-01
1.202417612075805664e+00
1.202417612075805664e+00
1.029832601547241211e+00
1.029832601547241211e+00
1.029832601547241211e+00
1.029832601547241211e+00
1.029832601547241211e+00
1.453806757926940918e-01
1.453806757926940918e-01
1.607599556446075439e-01
1.607599556446075439e-01
9.917311668395996094e-01
9.917311668395996094e-01
9.917311668395996094e-01
9.917311668395996094e-01
9.917311668395996094e-01
9.917311668395996094e-01
9.341408014297485352e-01
1.236096858978271484e+00
1.339499950408935547e+00
3.808657526969909668e-01
4.411101937294006348e-01
4.411101937294006348e-01
4.411101937294006348e-01
1.239049911499023438e+00
1.239049911499023438e+00
1.239049911499023438e+00
1.239049911499023438e+00
7.043644785881042480e-01
7.043644785881042480e-01
1.165529370307922363e+00
1.165529370307922363e+00
1.165529370307922363e+00
1.165529370307922363e+00
1.165529370307922363e+00
1.165529370307922363e+00
4.975625276565551758e-01
1.133092522621154785e+00
1.133092522621154785e+00
1.133092522621154785e+00
1.133092522621154785e+00
2.068739891052246094e+00
2.660290241241455078e+00
2.660290241241455078e+00
2.660290241241455078e+00
2.453243255615234375e+00
2.453243255615234375e+00
2.453243255615234375e+00
2.453243255615234375e+00
2.453243255615234375e+00
2.353191375732421875e+00
8.075752258300781250e-01
8.075752258300781250e-01
8.075752258300781250e-01
8.075752258300781250e-01
8.075752258300781250e-01
8.075752258300781250e-01
8.075752258300781250e-01
8.075752258300781250e-01
8.075752258300781250e-01
5.900266766548156738e-01
5.900266766548156738e-01
5.900266766548156738e-01
6.724249124526977539e-01
1.070363044738769531e+00
1.070363044738769531e+00
1.070363044738769531e+00
1.070363044738769531e+00
1.070363044738769531e+00
4.234322905540466309e-01
4.234322905540466309e-01
4.234322905540466309e-01
5.591079592704772949e-01
5.591079592704772949e-01
5.591079592704772949e-01
5.591079592704772949e-01
5.591079592704772949e-01
5.591079592704772949e-01
4.458474814891815186e-01
4.458474814891815186e-01
4.458474814891815186e-01
4.458474814891815186e-01
4.458474814891815186e-01
2.189967930316925049e-01
2.189967930316925049e-01
2.189967930316925049e-01
6.929717063903808594e-01
6.929717063903808594e-01
9.486865997314453125e-01
9.486865997314453125e-01
9.486865997314453125e-01
9.486865997314453125e-01
9.486865997314453125e-01
9.486865997314453125e-01
9.486865997314453125e-01
9.486865997314453125e-01
9.486865997314453125e-01
1.526539802551269531e+00
1.526539802551269531e+00
1.526539802551269531e+00
1.526539802551269531e+00
1.922256827354431152e+00
1.351602077484130859e+00
7.840545177459716797e-01
7.386391162872314453e-01
8.968514204025268555e-01
8.968514204025268555e-01
8.968514204025268555e-01
8.968514204025268555e-01
5.521488785743713379e-01
5.521488785743713379e-01
5.521488785743713379e-01
5.521488785743713379e-01
5.521488785743713379e-01
1.324084877967834473e+00
1.324084877967834473e+00
1.324084877967834473e+00
1.006968021392822266e+00
1.006968021392822266e+00
1.392853736877441406e+00
1.392853736877441406e+00
1.392853736877441406e+00
1.392853736877441406e+00
1.392853736877441406e+00
1.392853736877441406e+00
1.235129356384277344e+00
1.235129356384277344e+00
1.550768494606018066e+00
6.195873022079467773e-01
6.195873022079467773e-01
1.550383329391479492e+00
1.064501047134399414e+00
1.064501047134399414e+00
1.064501047134399414e+00
1.064501047134399414e+00
1.064501047134399414e+00
1.064501047134399414e+00
1.229348659515380859e+00
1.229348659515380859e+00
8.525340557098388672e-01
1.587263107299804688e+00
1.587263107299804688e+00
1.587263107299804688e+00
1.587263107299804688e+00
1.587263107299804688e+00
1.587263107299804688e+00
5.202473402023315430e-01
8.352818489074707031e-01
8.352818489074707031e-01
8.352818489074707031e-01
8.352818489074707031e-01
8.352818489074707031e-01
4.380707144737243652e-01
4.380707144737243652e-01
4.380707144737243652e-01
4.380707144737243652e-01
4.380707144737243652e-01
4.380707144737243652e-01
4.380707144737243652e-01
4.380707144737243652e-01
4.380707144737243652e-01
1.124734640121459961e+00
1.124734640121459961e+00
3.299868106842041016e-01
3.299868106842041016e-01
3.299868106842041016e-01
3.299868106842041016e-01
1.008454203605651855e+00
1.008454203605651855e+00
9.968698024749755859e-01
9.968698024749755859e-01
9.968698024749755859e-01
9.968698024749755859e-01
9.968698024749755859e-01
7.579799294471740723e-01
7.579799294471740723e-01
2.497437000274658203e-01
2.497437000274658203e-01
2.497437000274658203e-01
5.390883684158325195e-01
5.390883684158325195e-01
1.356053948402404785e-01
1.356053948402404785e-01
1.356053948402404785e-01
1.356053948402404785e-01
1.356053948402404785e-01
1.496830940246582031e+00
7.592960000038146973e-01
7.592960000038146973e-01
7.592960000038146973e-01
7.592960000038146973e-01
1.651741266250610352e+00
1.651741266250610352e+00
1.140623450279235840e+00
1.140623450279235840e+00
1.112452030181884766e+00
1.112452030181884766e+00
1.112452030181884766e+00
1.386563062667846680e+00
1.386563062667846680e+00
1.386563062667846680e+00
1.280319929122924805e+00
1.237917065620422363e+00
1.237917065620422363e+00
1.237917065620422363e+00
1.237917065620422363e+00
2.425777912139892578e-01
2.425777912139892578e-01
5.690898895263671875e-01
1.102760553359985352e+00
1.034752011299133301e+00
1.034752011299133301e+00
1.034752011299133301e+00
1.034752011299133301e+00
1.034752011299133301e+00
1.512257814407348633e+00
1.512257814407348633e+00
1.298192024230957031e+00
1.565498352050781250e+00
1.565498352050781250e+00
1.565498352050781250e+00
1.565498352050781250e+00
1.565498352050781250e+00
1.565498352050781250e+00
1.565498352050781250e+00
1.565498352050781250e+00
1.565498352050781250e+00
1.565498352050781250e+00
2.072253704071044922e+00
2.072253704071044922e+00
2.538291931152343750e+00
2.538291931152343750e+00
2.538291931152343750e+00
2.538291931152343750e+00
1.865669369697570801e+00
1.865669369697570801e+00
1.457842350006103516e+00
1.457842350006103516e+00
1.457842350006103516e+00
1.457842350006103516e+00
1.457842350006103516e+00
1.457842350006103516e+00
1.893152475357055664e+00
2.023448944091796875e+00
2.023448944091796875e+00
2.023448944091796875e+00
2.023448944091796875e+00
1.649410247802734375e+00
1.649410247802734375e+00
2.306308269500732422e+00
2.306308269500732422e+00
4.767183065414428711e-01
4.767183065414428711e-01
4.767183065414428711e-01
4.767183065414428711e-01
7.666067481040954590e-01
7.666067481040954590e-01
1.018181085586547852e+00
1.018181085586547852e+00
1.018181085586547852e+00
1.018181085586547852e+00
1.442514657974243164e+00
1.442514657974243164e+00
1.442514657974243164e+00
1.442514657974243164e+00
1.442514657974243164e+00
6.885140538215637207e-01
6.885140538215637207e-01
2.426443099975585938e-01
2.426443099975585938e-01
2.426443099975585938e-01
2.426443099975585938e-01
2.426443099975585938e-01
2.426443099975585938e-01
2.426443099975585938e-01
1.111512184143066406e+00
1.111512184143066406e+00
1.111512184143066406e+00
2.104493856430053711e+00
2.104493856430053711e+00
2.104493856430053711e+00
2.104493856430053711e+00
2.104493856430053711e+00
2.005857229232788086e-01
2.005857229232788086e-01
2.005857229232788086e-01
2.005857229232788086e-01
1.382228970527648926e+00
1.382228970527648926e+00
1.382228970527648926e+00
6.569268107414245605e-01
6.569268107414245605e-01
6.569268107414245605e-01
6.569268107414245605e-01
6.569268107414245605e-01
6.569268107414245605e-01
6.569268107414245605e-01
6.569268107414245605e-01
6.569268107414245605e-01
6.569268107414245605e-01
6.569268107414245605e-01
6.569268107414245605e-01
9.422000050544738770e-01
9.422000050544738770e-01
9.422000050544738770e-01
9.422000050544738770e-01
9.422000050544738770e-01
1.077399969100952148e+00
7.972335815429687500e-01
8.780082464218139648e-01
1.083919525146484375e+00
7.486042380332946777e-01
7.486042380332946777e-01
7.486042380332946777e-01
7.486042380332946777e-01
7.886136174201965332e-01
7.886136174201965332e-01
7.886136174201965332e-01
3.097826838493347168e-01
7.260741591453552246e-01
7.260741591453552246e-01
7.260741591453552246e-01
3.436855375766754150e-01
1.390299081802368164e+00
9.901781082153320312e-01
9.901781082153320312e-01
1.130157351493835449e+00
1.130157351493835449e+00
2.079263687133789062e+00
1.058834910392761230e+00
1.058834910392761230e+00
1.058834910392761230e+00
1.058834910392761230e+00
1.058834910392761230e+00
1.058834910392761230e+00
1.058834910392761230e+00
1.058834910392761230e+00
1.113754510879516602e-01
1.497343420982360840e+00
1.497343420982360840e+00
1.875891804695129395e+00
1.039881825447082520e+00
1.039881825447082520e+00
1.039881825447082520e+00
1.093442797660827637e+00
1.093442797660827637e+00
1.093442797660827637e+00
1.093442797660827637e+00
1.093442797660827637e+00
1.093442797660827637e+00
1.093442797660827637e+00
1.468423604965209961e+00
1.468423604965209961e+00
8.186348080635070801e-01
8.186348080635070801e-01
1.980753540992736816e-01
1.980753540992736816e-01
1.980753540992736816e-01
1.980753540992736816e-01
2.544649362564086914e+00
2.544649362564086914e+00
9.028956890106201172e-01
9.028956890106201172e-01
1.638026833534240723e+00
1.638026833534240723e+00
1.638026833534240723e+00
1.638026833534240723e+00
1.459370017051696777e+00
3.025536537170410156e-01
7.047628164291381836e-01
7.413094639778137207e-01
7.413094639778137207e-01
7.413094639778137207e-01
7.413094639778137207e-01
7.413094639778137207e-01
7.413094639778137207e-01
1.038378238677978516e+00
6.477608680725097656e-01
1.726746559143066406e+00
1.726746559143066406e+00
1.726746559143066406e+00
5.639187097549438477e-01
5.639187097549438477e-01
5.639187097549438477e-01
5.639187097549438477e-01
5.639187097549438477e-01
5.639187097549438477e-01
5.639187097549438477e-01
5.639187097549438477e-01
5.639187097549438477e-01
5.639187097549438477e-01
5.639187097549438477e-01
5.639187097549438477e-01
7.063841819763183594e-02
2.274950981140136719e+00
9.967753887176513672e-01
4.107666015625000000e-01
4.107666015625000000e-01
4.107666015625000000e-01
5.451965928077697754e-01
3.306187987327575684e-01
1.153993368148803711e+00
1.153993368148803711e+00
1.153993368148803711e+00
1.173483610153198242e+00
8.115619421005249023e-01
8.115619421005249023e-01
8.115619421005249023e-01
1.062288641929626465e+00
1.427470088005065918e+00
1.427470088005065918e+00
1.427470088005065918e+00
5.452023744583129883e-01
5.452023744583129883e-01
5.452023744583129883e-01
5.452023744583129883e-01
5.452023744583129883e-01
5.452023744583129883e-01
8.810725808143615723e-01
8.810725808143615723e-01
8.810725808143615723e-01
1.079535841941833496e+00
1.079535841941833496e+00
1.399987101554870605e+00
1.399987101554870605e+00
1.399987101554870605e+00
1.259925961494445801e+00
2.905296087265014648e-01
2.905296087265014648e-01
2.905296087265014648e-01
5.191597342491149902e-01
2.141389846801757812e-01
2.141389846801757812e-01
2.141389846801757812e-01
2.141389846801757812e-01
2.141389846801757812e-01
9.120954871177673340e-01
9.120954871177673340e-01
7.607398033142089844e-01
7.607398033142089844e-01
4.511453807353973389e-01
5.229321122169494629e-01
5.229321122169494629e-01
5.229321122169494629e-01
1.021380543708801270e+00
1.021380543708801270e+00
1.021380543708801270e+00
5.831626653671264648e-01
2.961803078651428223e-01
2.961803078651428223e-01
2.961803078651428223e-01
2.961803078651428223e-01
2.961803078651428223e-01
2.813717722892761230e-01
2.813717722892761230e-01
1.208543419837951660e+00
1.208543419837951660e+00
1.208543419837951660e+00
1.208543419837951660e+00
1.208543419837951660e+00
8.395016193389892578e-02
8.395016193389892578e-02
1.470055699348449707e+00
1.470055699348449707e+00
1.470055699348449707e+00
1.470055699348449707e+00
1.470055699348449707e+00
1.470055699348449707e+00
5.648880004882812500e-01
5.648880004882812500e-01
5.648880004882812500e-01
1.118210077285766602e+00
1.118210077285766602e+00
1.118210077285766602e+00
1.259446382522583008e+00
1.259446382522583008e+00
1.259446382522583008e+00
1.259446382522583008e+00
7.001997232437133789e-01
7.001997232437133789e-01
6.925562620162963867e-01
6.925562620162963867e-01
6.925562620162963867e-01
6.925562620162963867e-01
6.925562620162963867e-01
6.925562620162963867e-01
6.925562620162963867e-01
6.925562620162963867e-01
9.664757251739501953e-01
9.966298937797546387e-01
9.966298937797546387e-01
9.966298937797546387e-01
9.966298937797546387e-01
9.966298937797546387e-01
9.966298937797546387e-01
9.966298937797546387e-01
2.729159593582153320e-01
2.729159593582153320e-01
2.729159593582153320e-01
1.105624198913574219e+00
1.105624198913574219e+00
1.105624198913574219e+00
1.105624198913574219e+00
1.105624198913574219e+00
1.105624198913574219e+00
1.105624198913574219e+00
1.105624198913574219e+00
1.105624198913574219e+00
1.105624198913574219e+00
1.105624198913574219e+00
1.105624198913574219e+00
1.250649213790893555e+00
1.250649213790893555e+00
1.250649213790893555e+00
1.250649213790893555e+00
1.250649213790893555e+00
1.250649213790893555e+00
1.250649213790893555e+00
1.250649213790893555e+00
2.632799744606018066e-01
2.347611486911773682e-01
1.295270770788192749e-01
1.961659789085388184e+00
1.961659789085388184e+00
1.419350862503051758e+00
1.419350862503051758e+00
1.477782487869262695e+00
4.388010501861572266e-01
4.388010501861572266e-01
4.388010501861572266e-01
4.388010501861572266e-01
3.288549780845642090e-01
3.288549780845642090e-01
3.288549780845642090e-01
2.057563066482543945e-01
1.611834168434143066e+00
1.611834168434143066e+00
1.611834168434143066e+00
1.105730295181274414e+00
3.584331274032592773e-01
3.584331274032592773e-01
3.584331274032592773e-01
3.584331274032592773e-01
3.584331274032592773e-01
3.584331274032592773e-01
1.013025999069213867e+00
1.013025999069213867e+00
1.013025999069213867e+00
5.901411771774291992e-01
5.901411771774291992e-01
5.901411771774291992e-01
5.901411771774291992e-01
5.901411771774291992e-01
8.772314786911010742e-01
8.772314786911010742e-01
8.772314786911010742e-01
8.772314786911010742e-01
8.772314786911010742e-01
8.772314786911010742e-01
6.412478089332580566e-01
6.412478089332580566e-01
6.412478089332580566e-01
6.412478089332580566e-01
6.412478089332580566e-01
6.412478089332580566e-01
6.412478089332580566e-01
6.412478089332580566e-01
6.412478089332580566e-01
4.140262305736541748e-01
4.140262305736541748e-01
4.140262305736541748e-01
7.206466197967529297e-01
7.206466197967529297e-01
7.206466197967529297e-01
7.206466197967529297e-01
9.075405597686767578e-01
9.075405597686767578e-01
6.481318473815917969e-01
6.481318473815917969e-01
6.481318473815917969e-01
6.481318473815917969e-01
6.481318473815917969e-01
6.481318473815917969e-01
6.481318473815917969e-01
6.481318473815917969e-01
6.481318473815917969e-01
6.481318473815917969e-01
6.481318473815917969e-01
6.774013042449951172e-01
2.515083551406860352e-01
2.515083551406860352e-01
2.515083551406860352e-01
2.515083551406860352e-01
2.515083551406860352e-01
9.248515963554382324e-01
9.248515963554382324e-01
9.248515963554382324e-01
9.248515963554382324e-01
9.248515963554382324e-01
9.248515963554382324e-01
1.054170250892639160e+00
1.001527905464172363e+00
1.001527905464172363e+00
1.001527905464172363e+00
3.668634295463562012e-01
3.668634295463562012e-01
3.668634295463562012e-01
9.975274205207824707e-01
9.975274205207824707e-01
9.975274205207824707e-01
9.975274205207824707e-01
9.975274205207824707e-01
9.975274205207824707e-01
9.975274205207824707e-01
9.975274205207824707e-01
9.975274205207824707e-01
2.032729387283325195e-01
2.032729387283325195e-01
1.535666584968566895e+00
1.535666584968566895e+00
1.535666584968566895e+00
1.438660979270935059e+00
1.438660979270935059e+00
1.438660979270935059e+00
1.196269273757934570e+00
2.041023969650268555e+00
2.041023969650268555e+00
2.041023969650268555e+00
2.041023969650268555e+00
2.041023969650268555e+00
2.041023969650268555e+00
2.041023969650268555e+00
1.663309335708618164e+00
1.663309335708618164e+00
1.749808669090270996e+00
1.859601974487304688e+00
1.880605101585388184e+00
1.312347531318664551e+00
1.312347531318664551e+00
1.312347531318664551e+00
1.312347531318664551e+00
1.312347531318664551e+00
1.312347531318664551e+00
1.312347531318664551e+00
1.312347531318664551e+00
8.339659571647644043e-01
8.339659571647644043e-01
9.949076175689697266e-01
8.375928401947021484e-01
1.421971559524536133e+00
1.421971559524536133e+00
1.195719838142395020e+00
2.268351078033447266e+00
1.227568984031677246e+00
1.227568984031677246e+00
1.227568984031677246e+00
6.616461873054504395e-01
8.743112683296203613e-01
8.743112683296203613e-01
8.743112683296203613e-01
8.743112683296203613e-01
8.743112683296203613e-01
8.743112683296203613e-01
8.687255978584289551e-01
8.687255978584289551e-01
8.687255978584289551e-01
8.687255978584289551e-01
8.687255978584289551e-01
6.731177568435668945e-01
6.731177568435668945e-01
6.731177568435668945e-01
6.731177568435668945e-01
6.731177568435668945e-01
3.893851637840270996e-01
1.177814722061157227e+00
1.177814722061157227e+00
1.177814722061157227e+00
1.177814722061157227e+00
1.177814722061157227e+00
1.177814722061157227e+00
1.177814722061157227e+00
1.177814722061157227e+00
1.177814722061157227e+00
4.087528586387634277e-01
4.087528586387634277e-01
4.087528586387634277e-01
4.087528586387634277e-01
4.087528586387634277e-01
4.087528586387634277e-01
4.087528586387634277e-01
4.087528586387634277e-01
4.087528586387634277e-01
4.087528586387634277e-01
4.087528586387634277e-01
4.087528586387634277e-01
1.066420078277587891e+00
6.214483976364135742e-01
2.896316647529602051e-01
2.896316647529602051e-01
2.896316647529602051e-01
2.896316647529602051e-01
3.793548345565795898e-01
3.793548345565795898e-01
3.793548345565795898e-01
3.793548345565795898e-01
3.793548345565795898e-01
3.793548345565795898e-01
3.793548345565795898e-01
3.793548345565795898e-01
4.745091199874877930e-01
4.745091199874877930e-01
4.745091199874877930e-01
4.745091199874877930e-01
4.745091199874877930e-01
4.745091199874877930e-01
4.745091199874877930e-01
4.745091199874877930e-01
4.745091199874877930e-01
4.745091199874877930e-01
4.745091199874877930e-01
4.745091199874877930e-01
4.745091199874877930e-01
4.745091199874877930e-01
1.065432071685791016e+00
1.697542667388916016e+00
2.457886695861816406e+00
2.457886695861816406e+00
1.386182546615600586e+00
5.088418126106262207e-01
5.088418126106262207e-01
5.088418126106262207e-01
5.088418126106262207e-01
5.088418126106262207e-01
5.088418126106262207e-01
5.088418126106262207e-01
5.088418126106262207e-01
5.088418126106262207e-01
5.088418126106262207e-01
5.088418126106262207e-01
1.405858874320983887e+00
1.405858874320983887e+00
1.405858874320983887e+00
7.114052176475524902e-01
7.114052176475524902e-01
7.114052176475524902e-01
8.054962158203125000e-01
1.407302856445312500e+00
1.407302856445312500e+00
1.084176540374755859e+00
1.084176540374755859e+00
1.084176540374755859e+00
1.084176540374755859e+00
1.084176540374755859e+00
1.084176540374755859e+00
2.491588115692138672e+00
2.066391229629516602e+00
1.782407879829406738e+00
1.782407879829406738e+00
2.124178647994995117e+00
2.119746208190917969e+00
2.119746208190917969e+00
5.770132541656494141e-01
6.888046264648437500e-01
2.974054217338562012e-01
2.974054217338562012e-01
2.974054217338562012e-01
8.779010176658630371e-01
8.779010176658630371e-01
8.779010176658630371e-01
8.779010176658630371e-01
8.779010176658630371e-01
8.779010176658630371e-01
8.779010176658630371e-01
8.779010176658630371e-01
7.251306176185607910e-01
7.251306176185607910e-01
7.251306176185607910e-01
7.251306176185607910e-01
7.251306176185607910e-01
7.251306176185607910e-01
1.640330314636230469e+00
1.058664798736572266e+00
1.852747917175292969e+00
2.068078994750976562e+00
2.068078994750976562e+00
2.068078994750976562e+00
1.403084158897399902e+00
1.403084158897399902e+00
1.403084158897399902e+00
1.353640317916870117e+00
1.353640317916870117e+00
1.138773202896118164e+00
1.501706361770629883e+00
1.501706361770629883e+00
3.584893941879272461e-01
1.837303489446640015e-01
2.107200175523757935e-01
1.055761814117431641e+00
1.055761814117431641e+00
8.486357927322387695e-01
8.486357927322387695e-01
8.486357927322387695e-01
8.486357927322387695e-01
8.486357927322387695e-01
8.407973051071166992e-01
3.056045174598693848e-01
6.133376359939575195e-01
6.133376359939575195e-01
6.133376359939575195e-01
6.133376359939575195e-01
6.133376359939575195e-01
7.534661293029785156e-01
1.239156484603881836e+00
2.693734765052795410e-01
2.693734765052795410e-01
1.107935547828674316e+00
1.576003313064575195e+00
1.576003313064575195e+00
1.105828285217285156e+00
1.105828285217285156e+00
1.105828285217285156e+00
1.242693781852722168e+00
1.242693781852722168e+00
2.450358271598815918e-01
2.450358271598815918e-01
1.425080299377441406e+00
1.304917573928833008e+00
1.304917573928833008e+00
1.361575722694396973e+00
1.361575722694396973e+00
1.361575722694396973e+00
1.483785510063171387e+00
1.483785510063171387e+00
1.031691074371337891e+00
6.069715023040771484e-01
6.069715023040771484e-01
6.069715023040771484e-01
6.069715023040771484e-01
6.069715023040771484e-01
6.069715023040771484e-01
9.925761222839355469e-01
9.925761222839355469e-01
9.925761222839355469e-01
9.925761222839355469e-01
9.925761222839355469e-01
9.925761222839355469e-01
9.925761222839355469e-01
9.925761222839355469e-01
8.692265748977661133e-01
8.692265748977661133e-01
8.692265748977661133e-01
1.597829937934875488e+00
1.597829937934875488e+00
1.597829937934875488e+00
1.597829937934875488e+00
1.741322159767150879e+00
8.553503751754760742e-01
8.553503751754760742e-01
8.553503751754760742e-01
8.553503751754760742e-01
8.553503751754760742e-01
4.289365112781524658e-01
4.289365112781524658e-01
4.356522262096405029e-01
4.356522262096405029e-01
4.356522262096405029e-01
4.356522262096405029e-01
4.356522262096405029e-01
1.022276163101196289e+00
8.220158815383911133e-01
8.220158815383911133e-01
8.220158815383911133e-01
8.220158815383911133e-01
1.149135470390319824e+00
1.149135470390319824e+00
1.149135470390319824e+00
1.149135470390319824e+00
7.664814591407775879e-01
7.771491408348083496e-01
8.190677165985107422e-01
1.016938567161560059e+00
1.016938567161560059e+00
1.016938567161560059e+00
1.016938567161560059e+00
1.016938567161560059e+00
6.316676139831542969e-01
6.316676139831542969e-01
4.306305944919586182e-01
9.997401237487792969e-01
9.997401237487792969e-01
9.997401237487792969e-01
9.997401237487792969e-01
9.997401237487792969e-01
6.696224212646484375e-01
6.696224212646484375e-01
6.696224212646484375e-01
6.696224212646484375e-01
6.696224212646484375e-01
8.527134656906127930e-01
8.527134656906127930e-01
8.527134656906127930e-01
8.527134656906127930e-01
1.331039309501647949e+00
1.331039309501647949e+00
1.331039309501647949e+00
1.331039309501647949e+00
1.331039309501647949e+00
1.331039309501647949e+00
1.331039309501647949e+00
5.174352526664733887e-01
5.174352526664733887e-01
9.727128744125366211e-01
1.165020823478698730e+00
1.310583829879760742e+00
1.310583829879760742e+00
1.310583829879760742e+00
1.310583829879760742e+00
1.102962493896484375e-01
1.102962493896484375e-01
1.845513224601745605e+00
1.845513224601745605e+00
8.156498670578002930e-01
8.156498670578002930e-01
8.156498670578002930e-01
8.372390866279602051e-01
8.372390866279602051e-01
8.372390866279602051e-01
8.372390866279602051e-01
8.372390866279602051e-01
8.372390866279602051e-01
8.372390866279602051e-01
8.372390866279602051e-01
8.372390866279602051e-01
8.372390866279602051e-01
8.372390866279602051e-01
8.372390866279602051e-01
8.372390866279602051e-01
8.372390866279602051e-01
8.372390866279602051e-01
8.372390866279602051e-01
8.372390866279602051e-01
5.344960093498229980e-01
5.344960093498229980e-01
5.344960093498229980e-01
5.344960093498229980e-01
5.344960093498229980e-01
5.344960093498229980e-01
5.344960093498229980e-01
3.961120247840881348e-01
9.177652001380920410e-01
9.177652001380920410e-01
9.177652001380920410e-01
9.177652001380920410e-01
5.084282159805297852e-01
5.084282159805297852e-01
5.084282159805297852e-01
4.403292536735534668e-01
4.403292536735534668e-01
4.403292536735534668e-01
4.403292536735534668e-01
2.913328409194946289e-01
2.913328409194946289e-01
2.913328409194946289e-01
2.913328409194946289e-01
2.913328409194946289e-01
2.913328409194946289e-01
1.541216254234313965e+00
1.429348468780517578e+00
1.995040297508239746e+00
3.111783266067504883e-01
1.450371146202087402e+00
7.070944309234619141e-01
7.070944309234619141e-01
7.070944309234619141e-01
7.927775382995605469e-01
7.927775382995605469e-01
6.693215370178222656e-01
6.693215370178222656e-01
6.693215370178222656e-01
6.693215370178222656e-01
6.693215370178222656e-01
6.693215370178222656e-01
1.509852647781372070e+00
1.509852647781372070e+00
1.509852647781372070e+00
6.746147274971008301e-01
6.746147274971008301e-01
6.746147274971008301e-01
6.746147274971008301e-01
6.746147274971008301e-01
6.746147274971008301e-01
4.684102535247802734e-01
4.684102535247802734e-01
4.684102535247802734e-01
4.684102535247802734e-01
1.142589569091796875e+00
1.142589569091796875e+00
1.181603312492370605e+00
1.181603312492370605e+00
1.181603312492370605e+00
3.915374875068664551e-01
3.915374875068664551e-01
3.915374875068664551e-01
3.915374875068664551e-01
3.915374875068664551e-01
3.915374875068664551e-01
3.915374875068664551e-01
3.915374875068664551e-01
3.915374875068664551e-01
3.915374875068664551e-01
3.915374875068664551e-01
3.915374875068664551e-01
3.915374875068664551e-01
3.915374875068664551e-01
3.915374875068664551e-01
3.915374875068664551e-01
3.915374875068664551e-01
3.915374875068664551e-01
1.490492582321166992e+00
3.289965391159057617e-01
3.289965391159057617e-01
1.258554697036743164e+00
1.250627875328063965e+00
1.087473392486572266e+00
4.864284992218017578e-01
7.907069921493530273e-01
7.907069921493530273e-01
7.907069921493530273e-01
7.907069921493530273e-01
7.907069921493530273e-01
7.907069921493530273e-01
7.907069921493530273e-01
7.907069921493530273e-01
7.907069921493530273e-01
7.907069921493530273e-01
7.907069921493530273e-01
7.907069921493530273e-01
2.386269569396972656e+00
2.386269569396972656e+00
2.386269569396972656e+00
2.386269569396972656e+00
8.457002639770507812e-01
6.163729429244995117e-01
6.163729429244995117e-01
6.163729429244995117e-01
6.163729429244995117e-01
6.163729429244995117e-01
6.163729429244995117e-01
6.163729429244995117e-01
6.163729429244995117e-01
6.163729429244995117e-01
6.163729429244995117e-01
6.163729429244995117e-01
6.492230296134948730e-01
6.492230296134948730e-01
6.492230296134948730e-01
6.492230296134948730e-01
6.492230296134948730e-01
6.492230296134948730e-01
1.179743051528930664e+00
1.179743051528930664e+00
1.039675354957580566e+00
1.039675354957580566e+00
1.039675354957580566e+00
1.039675354957580566e+00
1.039675354957580566e+00
1.039675354957580566e+00
8.728373050689697266e-02
8.728373050689697266e-02
8.728373050689697266e-02
8.728373050689697266e-02
8.728373050689697266e-02
8.728373050689697266e-02
2.323623180389404297e+00
2.323623180389404297e+00
2.223050832748413086e+00
2.223050832748413086e+00
1.595877647399902344e+00
1.595877647399902344e+00
4.985772371292114258e-01
4.985772371292114258e-01
4.985772371292114258e-01
1.459756135940551758e+00
1.459756135940551758e+00
1.459756135940551758e+00
1.116954803466796875e+00
6.301782131195068359e-01
6.301782131195068359e-01
6.301782131195068359e-01
1.026968598365783691e+00
1.026968598365783691e+00
1.216404557228088379e+00
1.216404557228088379e+00
1.753270864486694336e+00
1.753270864486694336e+00
1.753270864486694336e+00
1.863090395927429199e+00
9.147017002105712891e-01
9.147017002105712891e-01
9.147017002105712891e-01
9.147017002105712891e-01
8.373399972915649414e-01
8.373399972915649414e-01
8.373399972915649414e-01
7.240735888481140137e-01
7.240735888481140137e-01
1.123026967048645020e+00
1.648353338241577148e+00
1.790820479393005371e+00
1.790820479393005371e+00
1.790820479393005371e+00
1.790820479393005371e+00
1.780944824218750000e+00
1.780944824218750000e+00
1.780944824218750000e+00
3.083384990692138672e+00
3.083384990692138672e+00
1.534786701202392578e+00
1.534786701202392578e+00
1.534786701202392578e+00
1.096498847007751465e+00
4.864607453346252441e-01
4.864607453346252441e-01
4.864607453346252441e-01
4.864607453346252441e-01
3.750359416007995605e-01
3.750359416007995605e-01
5.254658460617065430e-01
5.254658460617065430e-01
5.254658460617065430e-01
5.254658460617065430e-01
5.254658460617065430e-01
5.254658460617065430e-01
5.254658460617065430e-01
5.254658460617065430e-01
5.254658460617065430e-01
5.254658460617065430e-01
1.219101905822753906e+00
1.219101905822753906e+00
1.219101905822753906e+00
1.219101905822753906e+00
3.495991230010986328e-01
3.495991230010986328e-01
1.452797412872314453e+00
1.452797412872314453e+00
2.251347541809082031e+00
2.251347541809082031e+00
2.251347541809082031e+00
1.272557020187377930e+00
1.272557020187377930e+00
2.169152498245239258e-01
2.169152498245239258e-01
2.169152498245239258e-01
2.169152498245239258e-01
1.264820694923400879e+00
1.817954778671264648e-01
1.817954778671264648e-01
1.817954778671264648e-01
1.699458479881286621e+00
1.148522973060607910e+00
1.148522973060607910e+00
1.764678239822387695e+00
1.764678239822387695e+00
1.764678239822387695e+00
1.269644618034362793e+00
1.269644618034362793e+00
1.319074988365173340e+00
1.000979185104370117e+00
1.000979185104370117e+00
1.000979185104370117e+00
4.102222919464111328e-01
4.102222919464111328e-01
4.102222919464111328e-01
4.102222919464111328e-01
1.111661434173583984e+00
1.692804217338562012e+00
1.692804217338562012e+00
1.692804217338562012e+00
1.692804217338562012e+00
1.692804217338562012e+00
1.692804217338562012e+00
1.692804217338562012e+00
1.692804217338562012e+00
1.692804217338562012e+00
1.464945077896118164e-01
1.464945077896118164e-01
1.464945077896118164e-01
1.464945077896118164e-01
1.464945077896118164e-01
1.464945077896118164e-01
1.464945077896118164e-01
1.464945077896118164e-01
3.105692267417907715e-01
3.105692267417907715e-01
4.961161613464355469e-01
9.196580648422241211e-01
9.196580648422241211e-01
9.196580648422241211e-01
9.196580648422241211e-01
9.642805457115173340e-01
9.642805457115173340e-01
9.642805457115173340e-01
9.642805457115173340e-01
9.642805457115173340e-01
8.186582922935485840e-01
8.186582922935485840e-01
8.186582922935485840e-01
8.186582922935485840e-01
8.186582922935485840e-01
8.186582922935485840e-01
8.186582922935485840e-01
2.703977227210998535e-01
2.703977227210998535e-01
2.703977227210998535e-01
4.901196956634521484e-01
4.901196956634521484e-01
4.901196956634521484e-01
4.901196956634521484e-01
9.740593433380126953e-01
9.740593433380126953e-01
8.299511671066284180e-01
5.051000714302062988e-01
1.786315202713012695e+00
1.786315202713012695e+00
1.786315202713012695e+00
1.786315202713012695e+00
6.886091232299804688e-01
6.886091232299804688e-01
6.886091232299804688e-01
6.886091232299804688e-01
6.886091232299804688e-01
6.886091232299804688e-01
6.886091232299804688e-01
4.492409229278564453e-01
1.234915733337402344e+00
1.234915733337402344e+00
1.234915733337402344e+00
1.234915733337402344e+00
1.234915733337402344e+00
1.234915733337402344e+00
2.244051694869995117e-01
2.244051694869995117e-01
2.244051694869995117e-01
1.447234272956848145e+00
4.742720127105712891e-01
4.742720127105712891e-01
4.105984568595886230e-01
4.105984568595886230e-01
1.298389434814453125e+00
1.586492538452148438e+00
1.586492538452148438e+00
1.586492538452148438e+00
1.586492538452148438e+00
3.483463525772094727e-01
3.483463525772094727e-01
3.483463525772094727e-01
7.637910842895507812e-01
7.637910842895507812e-01
7.637910842895507812e-01
1.211640357971191406e+00
1.211640357971191406e+00
1.211640357971191406e+00
1.211640357971191406e+00
1.211640357971191406e+00
1.103000044822692871e+00
1.103000044822692871e+00
1.103000044822692871e+00
1.384221196174621582e+00
1.384221196174621582e+00
1.384221196174621582e+00
1.384221196174621582e+00
1.384221196174621582e+00
1.124857664108276367e+00
1.124857664108276367e+00
1.124857664108276367e+00
1.124857664108276367e+00
8.519628643989562988e-01
1.496898412704467773e+00
1.496898412704467773e+00
1.496898412704467773e+00
1.159286379814147949e+00
1.159286379814147949e+00
1.159286379814147949e+00
1.456356048583984375e+00
1.456356048583984375e+00
1.456356048583984375e+00
1.456356048583984375e+00
1.456356048583984375e+00
1.456356048583984375e+00
1.456356048583984375e+00
1.456356048583984375e+00
1.055266857147216797e+00
1.055266857147216797e+00
1.055266857147216797e+00
1.055266857147216797e+00
1.055266857147216797e+00
1.055266857147216797e+00
1.055266857147216797e+00
1.055266857147216797e+00
1.516975522041320801e+00
1.516975522041320801e+00
1.516975522041320801e+00
1.516975522041320801e+00
1.516975522041320801e+00
9.323931932449340820e-01
8.421377539634704590e-01
8.421377539634704590e-01
8.421377539634704590e-01
8.421377539634704590e-01
8.421377539634704590e-01
4.629841446876525879e-01
4.629841446876525879e-01
4.629841446876525879e-01
4.629841446876525879e-01
4.629841446876525879e-01
4.629841446876525879e-01
4.629841446876525879e-01
4.629841446876525879e-01
3.020410537719726562e-01
9.267218112945556641e-01
9.267218112945556641e-01
9.267218112945556641e-01
9.267218112945556641e-01
7.889084219932556152e-01
7.889084219932556152e-01
7.889084219932556152e-01
7.889084219932556152e-01
7.889084219932556152e-01
7.889084219932556152e-01
7.889084219932556152e-01
7.889084219932556152e-01
7.889084219932556152e-01
7.889084219932556152e-01
7.889084219932556152e-01
7.173324823379516602e-01
4.266549646854400635e-01
4.266549646854400635e-01
4.266549646854400635e-01
4.266549646854400635e-01
4.266549646854400635e-01
4.266549646854400635e-01
4.266549646854400635e-01
6.704868674278259277e-01
5.439164042472839355e-01
4.046672582626342773e-01
4.046672582626342773e-01
4.046672582626342773e-01
4.046672582626342773e-01
7.931772470474243164e-01
7.931772470474243164e-01
7.931772470474243164e-01
7.931772470474243164e-01
7.931772470474243164e-01
7.931772470474243164e-01
7.931772470474243164e-01
7.931772470474243164e-01
7.931772470474243164e-01
7.931772470474243164e-01
7.931772470474243164e-01
7.931772470474243164e-01
7.931772470474243164e-01
7.727926373481750488e-01
7.727926373481750488e-01
7.727926373481750488e-01
7.727926373481750488e-01
7.727926373481750488e-01
7.727926373481750488e-01
7.727926373481750488e-01
7.727926373481750488e-01
7.727926373481750488e-01
1.691337108612060547e+00
1.791750311851501465e+00
1.469100236892700195e+00
2.244721174240112305e+00
7.980170249938964844e-01
1.987851262092590332e-01
1.987851262092590332e-01
1.433666944503784180e+00
1.433666944503784180e+00
1.433666944503784180e+00
5.814171433448791504e-01
5.814171433448791504e-01
1.073777318000793457e+00
1.353726506233215332e+00
1.353726506233215332e+00
1.353726506233215332e+00
1.353726506233215332e+00
1.017036437988281250e+00
1.017036437988281250e+00
1.508242964744567871e+00
1.508242964744567871e+00
9.515038132667541504e-01
9.515038132667541504e-01
9.515038132667541504e-01
7.506672739982604980e-01
7.506672739982604980e-01
2.050456523895263672e+00
1.597072839736938477e+00
1.584046363830566406e+00
9.993698596954345703e-01
9.993698596954345703e-01
9.993698596954345703e-01
9.993698596954345703e-01
9.993698596954345703e-01
9.993698596954345703e-01
3.944056630134582520e-01
3.944056630134582520e-01
9.159993529319763184e-01
9.159993529319763184e-01
9.159993529319763184e-01
9.159993529319763184e-01
9.159993529319763184e-01
1.628615856170654297e+00
1.628615856170654297e+00
1.628615856170654297e+00
1.628615856170654297e+00
1.528927922248840332e+00
1.528927922248840332e+00
1.528927922248840332e+00
1.528927922248840332e+00
1.528927922248840332e+00
8.376634120941162109e-02
8.376634120941162109e-02
8.376634120941162109e-02
8.376634120941162109e-02
2.204840779304504395e-01
1.754793643951416016e+00
1.754793643951416016e+00
1.754793643951416016e+00
1.754793643951416016e+00
1.754793643951416016e+00
1.754793643951416016e+00
1.615859150886535645e+00
1.615859150886535645e+00
1.615859150886535645e+00
1.085673570632934570e+00
1.958575844764709473e+00
1.047213554382324219e+00
1.006970047950744629e+00
6.262252330780029297e-01
6.262252330780029297e-01
6.262252330780029297e-01
6.262252330780029297e-01
8.089297413825988770e-01
8.089297413825988770e-01
8.089297413825988770e-01
8.089297413825988770e-01
8.089297413825988770e-01
8.089297413825988770e-01
1.213984847068786621e+00
1.213984847068786621e+00
9.142096042633056641e-01
4.934975504875183105e-01
4.934975504875183105e-01
4.934975504875183105e-01
4.934975504875183105e-01
4.934975504875183105e-01
4.934975504875183105e-01
4.934975504875183105e-01
4.934975504875183105e-01
4.934975504875183105e-01
8.676365017890930176e-01
8.676365017890930176e-01
8.676365017890930176e-01
8.676365017890930176e-01
8.676365017890930176e-01
1.405272483825683594e-01
1.405272483825683594e-01
1.405272483825683594e-01
1.405272483825683594e-01
1.391278982162475586e+00
4.179779291152954102e-01
4.179779291152954102e-01
4.179779291152954102e-01
4.179779291152954102e-01
4.179779291152954102e-01
4.179779291152954102e-01
4.179779291152954102e-01
4.179779291152954102e-01
4.689536988735198975e-01
1.346071720123291016e+00
1.346071720123291016e+00
1.346071720123291016e+00
1.346071720123291016e+00
1.346071720123291016e+00
5.003302693367004395e-01
5.003302693367004395e-01
9.984096884727478027e-01
9.984096884727478027e-01
9.984096884727478027e-01
9.984096884727478027e-01
9.984096884727478027e-01
9.984096884727478027e-01
9.984096884727478027e-01
9.984096884727478027e-01
9.984096884727478027e-01
9.984096884727478027e-01
9.984096884727478027e-01
9.984096884727478027e-01
9.984096884727478027e-01
8.798907399177551270e-01
8.798907399177551270e-01
8.798907399177551270e-01
8.798907399177551270e-01
9.240581393241882324e-01
9.240581393241882324e-01
9.240581393241882324e-01
9.240581393241882324e-01
9.240581393241882324e-01
9.240581393241882324e-01
9.240581393241882324e-01
9.240581393241882324e-01
9.240581393241882324e-01
6.149244308471679688e-01
7.917985320091247559e-01
7.917985320091247559e-01
7.917985320091247559e-01
7.917985320091247559e-01
1.094684004783630371e-01
1.094684004783630371e-01
2.050467580556869507e-01
2.050467580556869507e-01
2.050467580556869507e-01
2.050467580556869507e-01
2.050467580556869507e-01
5.148432850837707520e-01
2.081834793090820312e+00
2.081834793090820312e+00
1.225965261459350586e+00
1.225965261459350586e+00
1.651223182678222656e+00
1.651223182678222656e+00
1.436627030372619629e+00
1.436627030372619629e+00
1.436627030372619629e+00
1.436627030372619629e+00
2.053380966186523438e+00
1.548957943916320801e+00
1.548957943916320801e+00
1.548957943916320801e+00
1.976127982139587402e+00
1.301856994628906250e+00
1.171957492828369141e+00
3.295103311538696289e-01
1.161245465278625488e+00
1.161245465278625488e+00
1.153398871421813965e+00
1.153398871421813965e+00
1.153398871421813965e+00
1.153398871421813965e+00
2.731420993804931641e-01
2.731420993804931641e-01
1.389256238937377930e+00
1.389256238937377930e+00
1.607033014297485352e+00
1.607033014297485352e+00
1.607033014297485352e+00
3.296456336975097656e-01
1.302986621856689453e+00
1.302986621856689453e+00
1.302986621856689453e+00
1.657975792884826660e+00
1.657975792884826660e+00
1.657975792884826660e+00
9.723811149597167969e-01
2.893480062484741211e-01
2.893480062484741211e-01
2.893480062484741211e-01
2.893480062484741211e-01
5.487424731254577637e-01
5.487424731254577637e-01
7.887911200523376465e-01
7.887911200523376465e-01
5.672646164894104004e-01
5.672646164894104004e-01
5.672646164894104004e-01
5.672646164894104004e-01
5.672646164894104004e-01
5.672646164894104004e-01
1.207195401191711426e+00
1.207195401191711426e+00
1.762563705444335938e+00
1.762563705444335938e+00
1.762563705444335938e+00
1.225342273712158203e+00
1.422218084335327148e+00
1.422218084335327148e+00
1.422218084335327148e+00
5.408970713615417480e-01
5.408970713615417480e-01
5.408970713615417480e-01
5.408970713615417480e-01
5.408970713615417480e-01
1.395935297012329102e+00
1.395935297012329102e+00
1.395935297012329102e+00
1.509344816207885742e+00
4.407073259353637695e-01
4.407073259353637695e-01
4.407073259353637695e-01
3.615301549434661865e-01
3.615301549434661865e-01
3.615301549434661865e-01
2.026313543319702148e+00
2.026313543319702148e+00
1.748832106590270996e+00
1.144378185272216797e-01
1.144378185272216797e-01
1.144378185272216797e-01
1.144378185272216797e-01
1.144378185272216797e-01
7.225394845008850098e-01
8.201187849044799805e-01
5.126978158950805664e-01
5.126978158950805664e-01
5.126978158950805664e-01
5.126978158950805664e-01
1.233030796051025391e+00
1.233030796051025391e+00
2.142853021621704102e+00
1.932309746742248535e+00
1.932309746742248535e+00
2.431196451187133789e+00
1.225272536277770996e+00
9.999755620956420898e-01
1.365056395530700684e+00
7.511946558952331543e-01
3.640304505825042725e-01
3.640304505825042725e-01
3.640304505825042725e-01
3.640304505825042725e-01
6.345181465148925781e-01
8.271023631095886230e-01
8.271023631095886230e-01
8.271023631095886230e-01
8.271023631095886230e-01
8.271023631095886230e-01
1.845819711685180664e+00
1.845819711685180664e+00
6.983458995819091797e-02
6.983458995819091797e-02
6.983458995819091797e-02
6.983458995819091797e-02
1.716621756553649902e+00
1.716621756553649902e+00
1.716621756553649902e+00
1.610439062118530273e+00
2.880843877792358398e-01
2.880843877792358398e-01
1.142332673072814941e+00
1.436497092247009277e+00
1.436497092247009277e+00
1.436497092247009277e+00
1.436497092247009277e+00
3.826090097427368164e-01
3.826090097427368164e-01
3.826090097427368164e-01
3.826090097427368164e-01
3.826090097427368164e-01
3.826090097427368164e-01
3.826090097427368164e-01
5.281239748001098633e-01
5.281239748001098633e-01
5.281239748001098633e-01
5.207744240760803223e-01
5.207744240760803223e-01
7.186071276664733887e-01
7.186071276664733887e-01
7.186071276664733887e-01
7.440409064292907715e-01
7.440409064292907715e-01
7.440409064292907715e-01
7.440409064292907715e-01
7.440409064292907715e-01
6.260342597961425781e-01
6.260342597961425781e-01
6.260342597961425781e-01
6.260342597961425781e-01
6.260342597961425781e-01
6.260342597961425781e-01
1.292266249656677246e+00
1.923249483108520508e+00
9.258366227149963379e-01
9.258366227149963379e-01
1.191670417785644531e+00
1.191670417785644531e+00
2.018156528472900391e+00
2.343754529953002930e+00
2.343754529953002930e+00
2.343754529953002930e+00
2.343754529953002930e+00
2.343754529953002930e+00
2.343754529953002930e+00
1.548245429992675781e+00
1.553883671760559082e+00
6.022075414657592773e-01
6.022075414657592773e-01
1.135113000869750977e+00
1.135113000869750977e+00
2.065618515014648438e+00
3.003290891647338867e-01
1.391011714935302734e+00
1.391011714935302734e+00
1.391011714935302734e+00
2.025961875915527344e-02
2.025961875915527344e-02
2.025961875915527344e-02
2.025961875915527344e-02
8.286151885986328125e-01
8.286151885986328125e-01
8.286151885986328125e-01
8.286151885986328125e-01
3.661205172538757324e-01
3.661205172538757324e-01
5.336838364601135254e-01
5.336838364601135254e-01
5.336838364601135254e-01
5.336838364601135254e-01
5.336838364601135254e-01
5.336838364601135254e-01
5.336838364601135254e-01
6.284742951393127441e-01
1.265075445175170898e+00
1.265075445175170898e+00
1.265075445175170898e+00
1.265075445175170898e+00
1.265075445175170898e+00
7.493374347686767578e-01
7.493374347686767578e-01
7.493374347686767578e-01
7.493374347686767578e-01
7.493374347686767578e-01
7.493374347686767578e-01
7.493374347686767578e-01
7.493374347686767578e-01
7.493374347686767578e-01
1.957521200180053711e+00
1.957521200180053711e+00
1.957521200180053711e+00
1.957521200180053711e+00
8.708240985870361328e-01
8.708240985870361328e-01
8.708240985870361328e-01
8.708240985870361328e-01
8.708240985870361328e-01
8.708240985870361328e-01
1.324137568473815918e+00
1.324137568473815918e+00
1.324137568473815918e+00
1.324137568473815918e+00
1.324137568473815918e+00
1.324137568473815918e+00
1.324137568473815918e+00
1.324137568473815918e+00
1.324137568473815918e+00
1.324137568473815918e+00
1.324137568473815918e+00
1.324137568473815918e+00
1.324137568473815918e+00
7.367073297500610352e-01
7.367073297500610352e-01
7.367073297500610352e-01
8.649410009384155273e-01
2.604988217353820801e-01
2.604988217353820801e-01
2.604988217353820801e-01
2.604988217353820801e-01
2.604988217353820801e-01
4.260665178298950195e-01
1.302278041839599609e+00
1.302278041839599609e+00
1.302278041839599609e+00
9.287077188491821289e-01
9.287077188491821289e-01
1.198829531669616699e+00
1.198829531669616699e+00
1.651890158653259277e+00
1.070473194122314453e+00
1.070473194122314453e+00
1.220751881599426270e+00
1.220751881599426270e+00
1.220751881599426270e+00
1.023554921150207520e+00
1.023554921150207520e+00
1.023554921150207520e+00
1.023554921150207520e+00
4.653159379959106445e-01
4.653159379959106445e-01
1.076731383800506592e-01
1.076731383800506592e-01
1.076731383800506592e-01
1.076731383800506592e-01
1.076731383800506592e-01
1.827952742576599121e+00
1.827952742576599121e+00
1.305719256401062012e+00
1.713429689407348633e-01
1.713429689407348633e-01
1.713429689407348633e-01
1.713429689407348633e-01
6.785723567008972168e-01
6.785723567008972168e-01
6.785723567008972168e-01
6.785723567008972168e-01
1.415722370147705078e-01
1.282778263092041016e+00
1.282778263092041016e+00
1.282778263092041016e+00
2.238564014434814453e+00
2.238564014434814453e+00
1.366273403167724609e+00
1.366273403167724609e+00
1.366273403167724609e+00
1.366273403167724609e+00
1.212199926376342773e+00
7.633301019668579102e-01
2.113529443740844727e-01
1.856221079826354980e+00
1.856221079826354980e+00
1.856221079826354980e+00
1.803943514823913574e+00
6.799015998840332031e-01
6.799015998840332031e-01
5.508183240890502930e-01
5.508183240890502930e-01
1.199744820594787598e+00
1.199744820594787598e+00
1.199744820594787598e+00
1.199744820594787598e+00
1.199744820594787598e+00
1.199744820594787598e+00
1.199744820594787598e+00
1.199744820594787598e+00
3.981491923332214355e-01
3.981491923332214355e-01
1.199351549148559570e+00
1.199351549148559570e+00
4.917919635772705078e-01
4.917919635772705078e-01
4.917919635772705078e-01
4.917919635772705078e-01
4.917919635772705078e-01
4.917919635772705078e-01
4.917919635772705078e-01
4.917919635772705078e-01
4.917919635772705078e-01
4.917919635772705078e-01
4.917919635772705078e-01
4.917919635772705078e-01
4.917919635772705078e-01
4.917919635772705078e-01
4.917919635772705078e-01
9.575010538101196289e-01
9.575010538101196289e-01
9.575010538101196289e-01
9.575010538101196289e-01
9.575010538101196289e-01
9.575010538101196289e-01
9.870468974113464355e-01
9.870468974113464355e-01
9.870468974113464355e-01
9.870468974113464355e-01
9.870468974113464355e-01
9.870468974113464355e-01
1.164641499519348145e+00
1.164641499519348145e+00
1.164641499519348145e+00
7.004212141036987305e-01
8.892618417739868164e-01
8.892618417739868164e-01
8.892618417739868164e-01
8.892618417739868164e-01
8.892618417739868164e-01
9.068962931632995605e-01
9.068962931632995605e-01
9.068962931632995605e-01
1.299761652946472168e+00
1.299761652946472168e+00
2.177983760833740234e+00
2.415473937988281250e+00
2.298287153244018555e+00
1.520953178405761719e-01
1.559608578681945801e+00
1.559608578681945801e+00
1.559608578681945801e+00
1.559608578681945801e+00
1.559608578681945801e+00
1.559608578681945801e+00
8.820906877517700195e-01
1.054837107658386230e+00
7.043104767799377441e-01
7.043104767799377441e-01
7.043104767799377441e-01
7.043104767799377441e-01
7.043104767799377441e-01
7.043104767799377441e-01
1.630766749382019043e+00
1.630766749382019043e+00
1.630766749382019043e+00
7.140827178955078125e-01
1.080821037292480469e+00
1.080821037292480469e+00
4.873766899108886719e-01
4.873766899108886719e-01
4.873766899108886719e-01
4.873766899108886719e-01
4.873766899108886719e-01
4.873766899108886719e-01
4.873766899108886719e-01
4.873766899108886719e-01
4.873766899108886719e-01
4.873766899108886719e-01
4.873766899108886719e-01
4.873766899108886719e-01
4.873766899108886719e-01
4.873766899108886719e-01
4.873766899108886719e-01
1.888060688972473145e+00
1.888060688972473145e+00
1.888060688972473145e+00
1.280169725418090820e+00
1.280169725418090820e+00
5.442363023757934570e-01
5.442363023757934570e-01
5.442363023757934570e-01
5.442363023757934570e-01
5.442363023757934570e-01
5.442363023757934570e-01
6.592293977737426758e-01
6.592293977737426758e-01
6.592293977737426758e-01
2.309046685695648193e-01
2.309046685695648193e-01
2.309046685695648193e-01
2.309046685695648193e-01
3.578071594238281250e-01
3.578071594238281250e-01
3.578071594238281250e-01
3.578071594238281250e-01
3.578071594238281250e-01
3.578071594238281250e-01
3.578071594238281250e-01
3.578071594238281250e-01
3.578071594238281250e-01
3.578071594238281250e-01
3.578071594238281250e-01
3.578071594238281250e-01
3.578071594238281250e-01
4.216671586036682129e-01
8.696320056915283203e-01
8.696320056915283203e-01
1.226553201675415039e+00
7.869839668273925781e-03
7.869839668273925781e-03
2.079005241394042969e+00
1.018653154373168945e+00
3.810934424400329590e-01
3.810934424400329590e-01
3.810934424400329590e-01
3.810934424400329590e-01
3.810934424400329590e-01
3.810934424400329590e-01
3.810934424400329590e-01
3.810934424400329590e-01
3.810934424400329590e-01
3.810934424400329590e-01
3.810934424400329590e-01
3.810934424400329590e-01
3.810934424400329590e-01
3.810934424400329590e-01
3.810934424400329590e-01
3.810934424400329590e-01
6.811096668243408203e-01
6.811096668243408203e-01
1.425734281539916992e+00
7.476990818977355957e-01
4.547587931156158447e-01
4.547587931156158447e-01
4.547587931156158447e-01
4.873928129673004150e-01
4.873928129673004150e-01
1.036199450492858887e+00
8.800235986709594727e-01
8.800235986709594727e-01
8.800235986709594727e-01
8.800235986709594727e-01
8.800235986709594727e-01
8.800235986709594727e-01
8.800235986709594727e-01
8.800235986709594727e-01
1.193596839904785156e+00
1.193596839904785156e+00
4.736501574516296387e-01
4.736501574516296387e-01
4.736501574516296387e-01
4.736501574516296387e-01
4.736501574516296387e-01
4.736501574516296387e-01
4.736501574516296387e-01
4.736501574516296387e-01
4.736501574516296387e-01
9.653816223144531250e-01
9.653816223144531250e-01
9.653816223144531250e-01
9.653816223144531250e-01
9.653816223144531250e-01
9.653816223144531250e-01
9.653816223144531250e-01
9.653816223144531250e-01
6.741678714752197266e-01
6.741678714752197266e-01
6.741678714752197266e-01
9.182320237159729004e-01
9.182320237159729004e-01
9.182320237159729004e-01
9.182320237159729004e-01
7.482870817184448242e-01
7.482870817184448242e-01
7.482870817184448242e-01
7.482870817184448242e-01
4.885187149047851562e-01
4.885187149047851562e-01
4.885187149047851562e-01
4.885187149047851562e-01
4.885187149047851562e-01
2.055030345916748047e+00
2.055030345916748047e+00
2.055030345916748047e+00
2.055030345916748047e+00
2.055030345916748047e+00
2.055030345916748047e+00
2.055030345916748047e+00
2.055030345916748047e+00
2.055030345916748047e+00
2.055030345916748047e+00
2.527847528457641602e+00
2.527847528457641602e+00
1.080976963043212891e+00
1.080976963043212891e+00
1.080976963043212891e+00
1.080976963043212891e+00
1.080976963043212891e+00
2.727300524711608887e-01
2.727300524711608887e-01
1.050347447395324707e+00
6.934553384780883789e-01
6.934553384780883789e-01
6.934553384780883789e-01
6.934553384780883789e-01
6.349709630012512207e-01
5.674697160720825195e-01
5.674697160720825195e-01
5.674697160720825195e-01
5.674697160720825195e-01
5.674697160720825195e-01
5.674697160720825195e-01
5.674697160720825195e-01
5.674697160720825195e-01
1.918179631233215332e+00
1.482331514358520508e+00
1.482331514358520508e+00
1.482331514358520508e+00
1.482331514358520508e+00
1.482331514358520508e+00
1.482331514358520508e+00
1.482331514358520508e+00
1.482331514358520508e+00
1.169128775596618652e+00
1.425461411476135254e+00
7.830043435096740723e-01
7.830043435096740723e-01
7.830043435096740723e-01
1.181106209754943848e+00
1.181106209754943848e+00
1.002880454063415527e+00
1.002880454063415527e+00
1.002880454063415527e+00
7.944638729095458984e-01
7.944638729095458984e-01
7.944638729095458984e-01
6.920596957206726074e-01
6.731041073799133301e-01
6.731041073799133301e-01
6.731041073799133301e-01
1.355319380760192871e+00
1.355319380760192871e+00
1.355319380760192871e+00
1.355319380760192871e+00
1.355319380760192871e+00
1.001670360565185547e-01
1.035673141479492188e+00
1.035673141479492188e+00
1.035673141479492188e+00
1.035673141479492188e+00
1.035673141479492188e+00
1.035673141479492188e+00
1.418433189392089844e+00
1.418433189392089844e+00
1.418433189392089844e+00
1.122920513153076172e+00
1.122920513153076172e+00
1.122920513153076172e+00
7.288148403167724609e-01
7.288148403167724609e-01
7.288148403167724609e-01
7.288148403167724609e-01
7.288148403167724609e-01
7.288148403167724609e-01
1.147614002227783203e+00
1.147614002227783203e+00
7.044391632080078125e-01
7.044391632080078125e-01
7.044391632080078125e-01
7.044391632080078125e-01
7.044391632080078125e-01
7.044391632080078125e-01
7.044391632080078125e-01
6.952707767486572266e-01
6.952707767486572266e-01
6.952707767486572266e-01
6.952707767486572266e-01
6.952707767486572266e-01
6.952707767486572266e-01
1.780554771423339844e+00
1.780554771423339844e+00
1.780554771423339844e+00
1.780554771423339844e+00
2.268058776855468750e+00
2.922173500061035156e+00
2.922173500061035156e+00
2.247781038284301758e+00
1.303772211074829102e+00
1.303772211074829102e+00
1.303772211074829102e+00
1.303772211074829102e+00
1.303772211074829102e+00
1.303772211074829102e+00
1.303772211074829102e+00
1.303772211074829102e+00
3.624791502952575684e-01
1.203892946243286133e+00
1.099293351173400879e+00
1.099293351173400879e+00
1.099293351173400879e+00
1.442874193191528320e+00
6.690859794616699219e-03
6.690859794616699219e-03
6.035650521516799927e-02
8.603156805038452148e-01
8.603156805038452148e-01
6.203923225402832031e-01
1.647501587867736816e+00
1.647501587867736816e+00
1.979200839996337891e+00
8.054546117782592773e-01
8.054546117782592773e-01
8.054546117782592773e-01
4.931712746620178223e-01
4.931712746620178223e-01
4.931712746620178223e-01
4.931712746620178223e-01
4.931712746620178223e-01
1.041851282119750977e+00
1.966214179992675781e-01
1.966214179992675781e-01
1.966214179992675781e-01
1.065807104110717773e+00
1.065807104110717773e+00
2.810837626457214355e-01
1.388070583343505859e+00
1.388070583343505859e+00
1.388070583343505859e+00
1.388070583343505859e+00
6.163688898086547852e-01
6.163688898086547852e-01
6.163688898086547852e-01
6.163688898086547852e-01
6.163688898086547852e-01
1.084923982620239258e+00
1.084923982620239258e+00
1.084923982620239258e+00
1.084923982620239258e+00
1.067216277122497559e+00
1.818848252296447754e-01
1.386017322540283203e+00
1.386017322540283203e+00
1.386017322540283203e+00
1.386017322540283203e+00
1.386017322540283203e+00
1.386017322540283203e+00
1.386017322540283203e+00
5.294203162193298340e-01
1.032910585403442383e+00
1.032910585403442383e+00
5.751967430114746094e-01
2.507106065750122070e-01
1.299439787864685059e+00
1.299439787864685059e+00
1.299439787864685059e+00
1.299439787864685059e+00
1.299439787864685059e+00
1.299439787864685059e+00
1.299439787864685059e+00
4.184737801551818848e-01
9.063627719879150391e-01
9.063627719879150391e-01
9.063627719879150391e-01
9.063627719879150391e-01
9.063627719879150391e-01
4.920725822448730469e-01
1.718064427375793457e+00
1.718064427375793457e+00
8.803653120994567871e-01
8.803653120994567871e-01
8.803653120994567871e-01
8.803653120994567871e-01
8.803653120994567871e-01
8.803653120994567871e-01
8.803653120994567871e-01
6.802057623863220215e-01
5.920416116714477539e-01
5.920416116714477539e-01
7.030586600303649902e-01
7.030586600303649902e-01
7.030586600303649902e-01
7.030586600303649902e-01
7.030586600303649902e-01
7.030586600303649902e-01
7.030586600303649902e-01
7.030586600303649902e-01
7.030586600303649902e-01
2.971866130828857422e-01
2.971866130828857422e-01
2.971866130828857422e-01
2.971866130828857422e-01
2.971866130828857422e-01
2.971866130828857422e-01
9.374169111251831055e-01
9.374169111251831055e-01
9.374169111251831055e-01
9.374169111251831055e-01
8.910250663757324219e-01
1.097281694412231445e+00
1.097281694412231445e+00
1.097281694412231445e+00
4.831035733222961426e-01
4.831035733222961426e-01
4.831035733222961426e-01
4.831035733222961426e-01
4.831035733222961426e-01
8.192682862281799316e-01
8.192682862281799316e-01
8.192682862281799316e-01
8.192682862281799316e-01
8.192682862281799316e-01
1.596525073051452637e+00
1.391085505485534668e+00
1.255810976028442383e+00
1.116986751556396484e+00
1.116986751556396484e+00
1.566416978836059570e+00
1.566416978836059570e+00
1.566416978836059570e+00
1.566416978836059570e+00
1.198516368865966797e+00
1.654722452163696289e+00
2.887905836105346680e-01
2.887905836105346680e-01
2.887905836105346680e-01
2.887905836105346680e-01
2.887905836105346680e-01
5.781362056732177734e-01
5.781362056732177734e-01
5.781362056732177734e-01
6.487600803375244141e-01
6.487600803375244141e-01
6.487600803375244141e-01
6.487600803375244141e-01
6.487600803375244141e-01
6.487600803375244141e-01
6.487600803375244141e-01
1.774496078491210938e+00
1.774496078491210938e+00
1.324474692344665527e+00
6.286587715148925781e-01
6.286587715148925781e-01
6.286587715148925781e-01
6.286587715148925781e-01
6.286587715148925781e-01
6.286587715148925781e-01
1.610484123229980469e+00
3.378272056579589844e-01
3.378272056579589844e-01
3.378272056579589844e-01
3.378272056579589844e-01
2.525322914123535156e+00
2.043675184249877930e+00
2.043675184249877930e+00
2.043675184249877930e+00
1.681144714355468750e+00
1.203338265419006348e+00
1.203338265419006348e+00
8.377173542976379395e-01
1.119965314865112305e+00
1.119965314865112305e+00
1.185071229934692383e+00
1.185071229934692383e+00
1.185071229934692383e+00
1.185071229934692383e+00
1.185071229934692383e+00
5.827405452728271484e-01
5.827405452728271484e-01
5.827405452728271484e-01
5.827405452728271484e-01
1.205227136611938477e+00
1.205227136611938477e+00
1.133698582649230957e+00
1.133698582649230957e+00
1.203389167785644531e+00
8.188009262084960938e-02
8.188009262084960938e-02
1.143341898918151855e+00
4.731231927871704102e-01
8.047658205032348633e-01
8.047658205032348633e-01
8.047658205032348633e-01
8.047658205032348633e-01
8.047658205032348633e-01
7.642620801925659180e-01
1.392714023590087891e+00
1.392714023590087891e+00
1.392714023590087891e+00
1.024573564529418945e+00
1.072603821754455566e+00
1.072603821754455566e+00
5.637863278388977051e-01
5.637863278388977051e-01
5.637863278388977051e-01
5.637863278388977051e-01
5.637863278388977051e-01
5.637863278388977051e-01
5.637863278388977051e-01
5.637863278388977051e-01
5.637863278388977051e-01
9.737325906753540039e-01
9.737325906753540039e-01
9.737325906753540039e-01
9.737325906753540039e-01
9.737325906753540039e-01
9.737325906753540039e-01
9.737325906753540039e-01
3.871736526489257812e-01
3.871736526489257812e-01
4.283883869647979736e-01
4.283883869647979736e-01
5.810624361038208008e-01
5.810624361038208008e-01
7.417322993278503418e-01
7.417322993278503418e-01
7.417322993278503418e-01
1.148284912109375000e+00
1.427061200141906738e+00
5.695787668228149414e-01
1.567986905574798584e-01
1.567986905574798584e-01
2.511808276176452637e-01
2.511808276176452637e-01
2.511808276176452637e-01
2.511808276176452637e-01
2.511808276176452637e-01
3.153499364852905273e-01
3.153499364852905273e-01
3.153499364852905273e-01
9.545364975929260254e-01
9.545364975929260254e-01
9.545364975929260254e-01
9.545364975929260254e-01
9.545364975929260254e-01
4.763102829456329346e-01
4.763102829456329346e-01
4.763102829456329346e-01
9.245748519897460938e-01
1.014929056167602539e+00
1.014929056167602539e+00
1.014929056167602539e+00
1.014929056167602539e+00
1.014929056167602539e+00
1.014929056167602539e+00
1.014929056167602539e+00
1.014929056167602539e+00
1.014929056167602539e+00
1.014929056167602539e+00
8.371734619140625000e-01
8.371734619140625000e-01
