1.000000000000000000e+00 2.155740586285138927e-01
1.000000000000000000e+00 7.886558374207206512e-01
1.000000000000000000e+00 7.699716041652651666e-02
1.000000000000000000e+00 4.217034560713325275e-01
1.000000000000000000e+00 1.112260680229275878e-01
1.000000000000000000e+00 7.744994954805519694e-01
1.000000000000000000e+00 2.497145066330569083e-02
1.000000000000000000e+00 5.423036381092461583e-02
1.000000000000000000e+00 2.220429469365671829e-02
1.000000000000000000e+00 2.967988186787628990e-01
1.000000000000000000e+00 7.626058286915284035e-02
-1.000000000000000000e+00 1.377576371830916205e-02
1.000000000000000000e+00 7.517535621828659587e-02
1.000000000000000000e+00 9.876645153112199038e-01
1.000000000000000000e+00 1.401665963624477984e-01
1.000000000000000000e+00 4.104907892081380849e-01
1.000000000000000000e+00 5.878549654169801242e-01
1.000000000000000000e+00 2.553915388934921774e-02
1.000000000000000000e+00 5.919720499171537281e-02
1.000000000000000000e+00 1.423408246391342225e-01
-1.000000000000000000e+00 5.032979535125875481e-01
1.000000000000000000e+00 1.052393368316675154e-01
1.000000000000000000e+00 9.730051808298960658e-01
1.000000000000000000e+00 1.729366120875142077e-02
1.000000000000000000e+00 9.978175665070514178e-02
1.000000000000000000e+00 2.272739251084993778e-02
1.000000000000000000e+00 9.996402433641490282e-01
1.000000000000000000e+00 2.947595061210802059e-01
-1.000000000000000000e+00 5.124797331446565574e-01
-1.000000000000000000e+00 4.335369316846197918e-02
1.000000000000000000e+00 3.823054567750246852e-02
1.000000000000000000e+00 6.258851449995649352e-01
-1.000000000000000000e+00 4.602514815449380847e-02
1.000000000000000000e+00 6.869708979305257923e-01
1.000000000000000000e+00 9.054957093319153383e-02
1.000000000000000000e+00 7.122748202849979449e-02
-1.000000000000000000e+00 1.035958320857235521e-01
1.000000000000000000e+00 8.864599767136644992e-01
-1.000000000000000000e+00 1.894542627794816303e-01
1.000000000000000000e+00 1.302460707283891461e-01
-1.000000000000000000e+00 5.284919479471297116e-02
-1.000000000000000000e+00 4.135202678116299546e-02
-1.000000000000000000e+00 6.589963285463695808e-02
-1.000000000000000000e+00 3.509496084077103062e-02
-1.000000000000000000e+00 1.386277859603912421e-01
-1.000000000000000000e+00 4.554881757758728611e-01
-1.000000000000000000e+00 1.434336288204073571e-02
-1.000000000000000000e+00 7.587660167152993074e-02
1.000000000000000000e+00 1.991611754219078934e-01
-1.000000000000000000e+00 2.557354130825275143e-02
-1.000000000000000000e+00 7.671820170773085978e-02
-1.000000000000000000e+00 1.288295238736051895e-01
-1.000000000000000000e+00 9.278418892422922448e-02
-1.000000000000000000e+00 7.284314810889186420e-02
-1.000000000000000000e+00 4.803088271525866593e-01
-1.000000000000000000e+00 1.293501842719556871e-01
-1.000000000000000000e+00 1.299028389018456187e-01
-1.000000000000000000e+00 3.655006237001030920e-03
-1.000000000000000000e+00 8.970777673698725196e-02
-1.000000000000000000e+00 1.262600113434509674e-01
-1.000000000000000000e+00 1.372948095756879872e-01
-1.000000000000000000e+00 1.051153009860281706e-01
1.000000000000000000e+00 5.297555534660467469e-01
-1.000000000000000000e+00 2.868466010396740762e-01
-1.000000000000000000e+00 1.398139224490158594e-01
-1.000000000000000000e+00 1.150057277847111453e-01
1.000000000000000000e+00 8.966617929907042539e-01
-1.000000000000000000e+00 9.130113175134205172e-02
-1.000000000000000000e+00 9.979487143424028428e-01
-1.000000000000000000e+00 9.318783130309980789e-02
-1.000000000000000000e+00 8.367918159715349580e-01
-1.000000000000000000e+00 2.270228856930139039e-01
-1.000000000000000000e+00 1.435653115616641051e-01
-1.000000000000000000e+00 1.183159154889038139e-01
-1.000000000000000000e+00 5.200254854811706823e-02
-1.000000000000000000e+00 8.072400094753731659e-02
1.000000000000000000e+00 3.074105937094164243e-01
-1.000000000000000000e+00 5.195476045550558725e-02
-1.000000000000000000e+00 2.857730514057916782e-01
1.000000000000000000e+00 6.787441012499172421e-01
-1.000000000000000000e+00 1.124885257239107428e-01
-1.000000000000000000e+00 6.852578209596561776e-02
-1.000000000000000000e+00 5.909789471760766577e-02
-1.000000000000000000e+00 5.682736479013744679e-02
1.000000000000000000e+00 3.577358254803851834e-01
1.000000000000000000e+00 1.740549209854291846e-01
1.000000000000000000e+00 6.996659721688319733e-01
-1.000000000000000000e+00 1.818818642111686423e-01
-1.000000000000000000e+00 4.176941006870271145e-01
-1.000000000000000000e+00 2.646102941710427592e-01
-1.000000000000000000e+00 1.248580305256812711e-01
-1.000000000000000000e+00 1.025861363086104094e-01
-1.000000000000000000e+00 5.202084687981645139e-01
-1.000000000000000000e+00 1.463921521451493346e-01
-1.000000000000000000e+00 1.681439463841568338e-01
-1.000000000000000000e+00 9.376865859065559861e-02
1.000000000000000000e+00 7.958287070279239650e-01
1.000000000000000000e+00 2.137439420370368104e-01
1.000000000000000000e+00 1.641034578190994353e-01
1.000000000000000000e+00 5.882507497105525784e-01
-1.000000000000000000e+00 2.236960136224371287e-01
-1.000000000000000000e+00 9.991868619075963687e-02
1.000000000000000000e+00 4.132082100930390411e-01
1.000000000000000000e+00 6.280562760752211870e-01
-1.000000000000000000e+00 5.498262332399556085e-01
-1.000000000000000000e+00 2.887859371854873958e-01
-1.000000000000000000e+00 9.201188809491900322e-01
-1.000000000000000000e+00 4.575404011949243954e-01
-1.000000000000000000e+00 1.850090883727400493e-01
-1.000000000000000000e+00 1.519810700143801319e-01
-1.000000000000000000e+00 2.393773155403864095e-01
-1.000000000000000000e+00 2.685187512616633021e-01
1.000000000000000000e+00 3.309358071987743566e-01
-1.000000000000000000e+00 4.320966959400042717e-01
1.000000000000000000e+00 6.635989599266622907e-01
-1.000000000000000000e+00 9.072361845296522675e-02
1.000000000000000000e+00 7.426463180952643794e-01
-1.000000000000000000e+00 3.062642802994305358e-01
-1.000000000000000000e+00 3.474308004920866333e-01
-1.000000000000000000e+00 3.690112961891862109e-01
-1.000000000000000000e+00 2.667261395207599639e-01
-1.000000000000000000e+00 1.528490043178376279e-01
-1.000000000000000000e+00 1.455980307389182216e-01
-1.000000000000000000e+00 4.955231943050660837e-01
-1.000000000000000000e+00 7.654418584283264604e-01
-1.000000000000000000e+00 3.448492528240071353e-01
-1.000000000000000000e+00 1.746368719366806765e-01
-1.000000000000000000e+00 2.107374758769136602e-01
-1.000000000000000000e+00 1.264374915009798817e-01
-1.000000000000000000e+00 2.619601061916985163e-01
-1.000000000000000000e+00 1.456344151901098338e-01
-1.000000000000000000e+00 1.453068552755588383e-01
-1.000000000000000000e+00 2.867280199702343380e-01
-1.000000000000000000e+00 4.506038667266278885e-01
-1.000000000000000000e+00 5.484042540401321553e-01
-1.000000000000000000e+00 1.359489303114257974e-01
-1.000000000000000000e+00 6.560751694663181643e-01
-1.000000000000000000e+00 4.822137108853204457e-01
-1.000000000000000000e+00 4.472704741643696025e-01
-1.000000000000000000e+00 7.525782323456594591e-01
-1.000000000000000000e+00 2.888907014737427947e-01
-1.000000000000000000e+00 1.981177578349337109e-01
-1.000000000000000000e+00 8.004905684662121379e-01
-1.000000000000000000e+00 1.631255329143645738e-01
-1.000000000000000000e+00 5.572338903566340651e-01
-1.000000000000000000e+00 1.119985511439625797e-01
-1.000000000000000000e+00 5.031258964765075170e-01
-1.000000000000000000e+00 6.547346799524459415e-01
-1.000000000000000000e+00 5.100672101286134463e-01
-1.000000000000000000e+00 8.311641144019658034e-01
